-9.085109976720217 0.
-9.15183650013223 0.029917884409485736
-9.198650268584581 0.0555596113256561
-9.311942649019121 0.11836101409368893
-9.380055715535782 0.15003085048697545
-9.470810738891494 0.2054894352321242
-9.485435443174545 0.21127603637687192
-9.490472704819307 0.2130634333908789
-9.499673402557685 0.21846215227676943
-9.608615284477066 0.2719262882666455
-9.626806726754106 0.2877733919000112
-9.65449581283399 0.3083132727975085
-9.711217758083496 0.32886004715419426
-9.746420983517329 0.35279291101845256
-9.850204831715406 0.3789299850784511
-9.850209576309584 0.4377478636980565
-9.94190730764674 0.4593543097026898
-10.024045833796393 0.4732539999021076
-10.024051904986539 0.5330946409452052
-10.098426224516407 0.5448526777740071
-10.166359337266822 0.5531320529871462
-10.166365568950717 0.6091061236471205
-10.228863715794013 0.6162560943206513
-10.28671027164781 0.6215979905555866
-10.286715638129168 0.672868264904065
-10.340533718203183 0.6775607536372197
-10.366095664921227 0.6814308851114692
-10.36609739754003 0.7015837099490423
-10.390829092842234 0.7052464397357411
-10.414788684998012 0.7084946670606512
-10.41478996668356 0.7281908172348558
-10.438015249924332 0.7312724731301653
-10.460549471542553 0.7340272982561712
-10.460550178907015 0.7532070817999098
-10.482427981983475 0.7558266302011295
-10.50369259948598 0.7581848384340681
-10.503692612484988 0.776819301333641
-10.52436385772314 0.7790665183344252
-10.544483801745855 0.7811021483285051
-10.54448300304644 0.7991820074060799
-10.56406538257289 0.8011257114997131
-10.583149638354389 0.8028961967306193
-10.583147912848888 0.8204247130579944
-10.601746494447323 0.8221184012391353
-10.619884872016016 0.8236688584422791
-10.619882106443201 0.8406571887980347
-10.63757605140615 0.8421429743021065
-10.654858176472995 0.8435092516310166
-10.65485425911948 0.8599733871123262
-10.671723663141933 0.861284801107532
-10.688216612369587 0.8624956798849156
-10.68821143283189 0.8784544171898911
-10.704322887620451 0.8796184351321782
-10.720089178077071 0.8806972437138977
-10.72008262707051 0.896170837370353
-10.735500882925374 0.8972093665241199
-10.75058965670315 0.8981751792151247
-10.750581625906904 0.9131844478697774
-10.76534646727709 0.9141154341509476
-10.779818920935767 0.9149839728912257
-10.7798093028666 0.9295497111157848
-10.79397304036043 0.9303879729335354
-10.82147139686948 0.93114811024531
-10.821445690352496 0.9605014605418997
-10.847881819691576 0.961210760138144
-10.87332439901323 0.9618391737787149
-10.873290876123619 0.9894012183835839
-10.897801772137791 0.9899902090452947
-10.92143720042781 0.990516670165567
-10.921395038477414 1.0164851071082381
-10.944205929590664 1.0169804764806392
-10.966238872932081 1.01742672322345
-10.966187253239795 1.0419697069791747
-10.987484662270985 1.0423910637172218
-11.00808556973947 1.0427732799365865
-11.008023677214853 1.0660346773918155
-11.027963762577613 1.066396701549592
-11.047276041397735 1.0667271449361482
-11.047203064287437 1.0888307769291063
-11.065917819939811 1.0891446429758034
-11.084063215342454 1.0894327409929194
-11.083978345096108 1.1104857976660003
-11.10158028741898 1.1107601388237174
-11.118662981080975 1.1110132426695523
-11.118565412307015 1.1311090381849997
-11.135151176733146 1.1313506139183365
-11.151260953588663 1.1315745274516285
-11.151149884079695 1.15079473025352
-11.166803022340849 1.151008897142207
-11.182017748808997 1.151208254526087
-11.181892379622113 1.169624701840762
-11.19668556163874 1.1698157514859393
-11.211073147282633 1.1699942911516519
-11.210932682864208 1.1876704732924919
-11.224929448910506 1.1878418785962304
-11.23854941530972 1.1880026448963241
-11.238422304065516 1.2049949368025392
-11.252408018451908 1.2051495235929999
-11.266567534724176 1.2052943430815604
-11.26650583615519 1.221654332366993
-11.280381727733133 1.2217937721516454
-11.293984082166569 1.2219246062131681
-11.29392835266308 1.2376974615225018
-11.307266655271134 1.2378236080550724
-11.32034993403341 1.2379422607557178
-11.320301131634443 1.253168235347793
-11.333137899183559 1.2532827824106805
-11.345736268310388 1.2533907721936177
-11.345695350570086 1.2681061570488819
-11.358062991680809 1.268210533399687
-11.364187491970723 1.2683105255280978
-11.364170526902944 1.2753879455915307
-11.370190017216062 1.275486302806383
-11.376205083537572 1.275581944305619
-11.37619041064477 1.2825480841145838
-11.3821273606913 1.2826421863784332
-11.388011857163594 1.2827337361434845
-11.387999596489978 1.2895919718706246
-11.393808389619073 1.2896820709730779
-11.399614389531695 1.2897697686196767
-11.399604661110692 1.2965233283521602
-11.40533649647789 1.2966096574333879
-11.408196042613914 1.2966942745911068
-11.408192263448575 1.2999484774901142
-11.41101507744834 1.300032447407475
-11.413850054833809 1.3001153117907627
-11.413846935547463 1.3033462371091473
-11.416657680877988 1.3034284722716232
-11.419456444274946 1.3035096340712111
-11.41945399997583 1.3067175974145608
-11.42222903843602 1.3067981473690797
-11.425015926376034 1.3068776549610848
-11.425014172171988 1.3100629659429432
-11.427777506393696 1.3101418784494825
-11.430529200698462 1.3102197784742715
-11.430528151696976 1.3133827408529966
-11.43326828887605 1.3134600619620638
-11.435996951405443 1.3135363993991218
-11.435996622713938 1.3166773112115377
-11.438702591359924 1.316753085337735
-11.441419847723209 1.3168279035767736
-11.441420254449284 1.3199470572686585
-11.444103860907228 1.3200213272605579
-11.446798544384857 1.3200946681690742
-11.44679970163643 1.323192350722536
-11.449461264390088 1.323265157929078
-11.452133682057529 1.3233370619165674
-11.452135604943079 1.3264135549743603
-11.454775435559217 1.3264849393079685
-11.457425887753892 1.3265554453869834
-11.457428591382731 1.3296110253738136
-11.460057533969307 1.3296810253704165
-11.462675775228535 1.3297501712146425
-11.462679274710997 1.332785109455527
-11.46527654908181 1.3328537623316545
-11.467883945359842 1.3329215843311724
-11.467888255807548 1.3359361471669016
-11.470474828598084 1.3360034888740218
-11.473050986518153 1.3360700221879136
-11.473056123044369 1.339064471087679
-11.475621937070104 1.339130536363926
-11.47817747492079 1.3391958149703647
-11.478183452640483 1.3421704066416102
-11.480719067640452 1.342235229061047
-11.48326397497415 1.3422992858050122
-11.48327080900446 1.3452542723005687
-11.48578642676824 1.3453178843201166
-11.48831103960413 1.345380750958862
-11.488318745064573 1.348316379781424
-11.490814633977733 1.3483788127855878
-11.495795451484208 1.3484401681224385
-11.495813916060625 1.3543761881290326
-11.500755727014035 1.3544366994827635
-11.505659027711795 1.3544958421143278
-11.505681225690346 1.3603529075980987
-11.510546510198436 1.3604112470801144
-11.515374254285915 1.3604682871886888
-11.515400306039616 1.3662484422630061
-11.520173834669242 1.3663047175078715
-11.524945054629685 1.3663597583744354
-11.52497508061649 1.372064969908816
-11.529676570220483 1.3721192818403256
-11.539006125259368 1.3721718548492565
-11.539079253401606 1.3834687423968255
-11.548269391677971 1.3835199507339864
-11.557323416237269 1.383569039448989
-11.55741401512373 1.3945811357694535
-11.566335123118026 1.3946289800660348
-11.575126373724375 1.3946749004427517
-11.575235408787954 1.4054161366269273
-11.583899768543366 1.4054609192376124
-11.592440076125971 1.4055039515400756
-11.592568515418085 1.4159872659134882
-11.60098752816468 1.4160292553275902
-11.609287884899121 1.4160696489014057
-11.609436699512392 1.4263070787274543
-11.617620967284997 1.426346514060441
-11.62569160336154 1.4263844913735266
-11.625861767876575 1.4363872542551108
-11.633821165776041 1.4364243490564506
-11.641671617470504 1.4364601091334848
-11.641864110427086 1.446238675465001
-11.649607850789543 1.446273620959165
-11.657247020998563 1.4463073423119135
-11.6574628253918 1.4558714999319164
-11.664999514934388 1.4559044677873207
-11.672435727158692 1.4559363109239796
-11.672675830960479 1.4652952229506884
-11.680013521809975 1.4653263676538444
-11.687254568421842 1.465356477235387
-11.687519965128498 1.4745187339264652
-11.694666200504914 1.4745481948246228
-11.701719386013334 1.474576701523997
-11.702011075219609 1.4835503668837895
-11.708972930434781 1.4835782699481417
-11.715845110359437 1.4836052920583849
-11.716164098360366 1.4923979458160819
-11.722948217697846 1.492424405168546
-11.729645833577168 1.4924500499979878
-11.729993133998114 1.501068825495828
-11.736605763961917 1.501093944735092
-11.743134874948115 1.5011183098213854
-11.74351150940409 1.5095699282803974
-11.749958528757388 1.5095938016369552
-11.756324840190313 1.5096169758064377
-11.756731838975696 1.5179077773762493
-11.763018785934314 1.51793049072127
-11.769227675234117 1.51795255501586
-11.769666078043988 1.5260885269630082
-11.775798174941755 1.526110158691888
-11.781854715116237 1.5261311871821917
-11.78232557180072 1.53411798952676
-11.788307747502973 1.5341386113349067
-11.794216728527832 1.534158671835286
-11.794721099880077 1.5420016607073554
-11.80055801018679 1.5420213382730326
-11.806323958484688 1.542040492971972
-11.806862917065628 1.5497447419263572
-11.812558963315691 1.549763535513146
-11.818186159532354 1.5497818415302405
-11.818760790531746 1.5573521610294538
-11.82432013659421 1.557370126019019
-11.829812631845869 1.557387635898224
-11.830424033983554 1.564828591148919
-11.835850621799453 1.5648457785131746
-11.841212252545255 1.5648625406605565
-11.841861539012731 1.5721784679672557
-11.84715910283185 1.5721949246877218
-11.852393504506988 1.5722109837607605
-11.853081803953007 1.5794060055420156
-11.858253883393278 1.5794217749830326
-11.863364502923055 1.5794371722375382
-11.864092960483994 1.5865152108333973
-11.869142912526735 1.5865303330749396
-11.874133019828141 1.5865451066747949
-11.87490279820718 1.5935098970602273
-11.87983380822865 1.5935244091952565
-11.884706506794315 1.5935385944894922
-11.885490956528226 1.6003936950959108
-11.890385104636215 1.600407632396586
-11.895813566631256 1.6004212393659507
-11.89618001187886 1.6071700765105614
-11.901566046272709 1.6071834618602503
-11.906910289904653 1.6071965175552556
-11.90727695962137 1.6138423512279112
-11.912579998472324 1.6138551973355604
-11.917842442674694 1.61386773181442
-11.918208940662364 1.6204136526754496
-11.923431348162447 1.6204259887892805
-11.92861430400739 1.6204380300745644
-11.928980232937754 1.6268869919377074
-11.934124268721876 1.6268988453359345
-11.939229945900237 1.6269104195794477
-11.939594907325397 1.6332652473628015
-11.944662732702119 1.6332766435123232
-11.949693245516467 1.633287775144477
-11.950056839882576 1.63955117225296
-11.955050523600303 1.6395621349532035
-11.960007896514652 1.6395728468185415
-11.960369723176553 1.6457474020058973
-11.965291246766554 1.6457579535194022
-11.970177419551977 1.645768266999732
-11.97053707679579 1.6518564607534485
-11.975388339529198 1.6518666219245721
-11.980205172040542 1.6518765570509966
-11.980562257104449 1.6578807675393494
-11.985345080596577 1.6578905579023255
-11.9900943572119 1.6579001334573076
-11.9904484663161 1.663822642074041
-11.995164598808106 1.6638320799514748
-11.999848032559335 1.6638413135619436
-12.000198760934126 1.6696843101007834
-12.00484988127908 1.669693412693546
-12.009469117699608 1.6697023209159396
-12.009816059621276 1.6754679084041741
-12.014403780999062 1.67547669187355
-12.018960401711471 1.675485290271587
-12.019303150540201 1.681175489489295
-12.023829023923334 1.6811839690321402
-12.028324549988316 1.6811922722480288
-12.028662698209526 1.6868090259571453
-12.033128215599882 1.686817215874735
-12.037564110645338 1.686825237694445
-12.037897249914735 1.6923704145997245
-12.04230384736935 1.6923783283608886
-12.04668152051698 1.6923860817740548
-12.047009241711782 1.6978614802360434
-12.051358302174153 1.697869130535133
-12.055679110779252 1.6978766277900883
-12.056001004049572 1.7032839793084993
-12.060293860001472 1.7032913781186616
-12.064559112220183 1.7032986307730498
-12.064874767046549 1.7086396032573505
-12.069112702993978 1.7086467618795471
-12.073323660191052 1.7086537808469218
-12.073632665446 1.7139299816895308
-12.077816920251703 1.7139369107976834
-12.081974799260626 1.7139437063904526
-12.082276743272166 1.7191566853566607
-12.086408512346065 1.7191633950392746
-12.090514487592428 1.7191699770083189
-12.09080895821464 1.7243212289558845
-12.094889395572581 1.7243277287544605
-12.098944601070574 1.7243341063257152
-12.099231185754055 1.7294250737660306
-12.103261405954326 1.7294313727105486
-12.10726693718548 1.729437554618818
-12.10754522305588 1.7344696301305853
-12.111526303022218 1.734475736772312
-12.11548321870471 1.7344817312925516
-12.115752792642212 1.7394562597980374
-12.11968577338129 1.7394621822398895
-12.123595097137441 1.739467997216171
-12.12385554586075 1.7443862781293156
-12.127741434081427 1.7443920240539845
-12.131604156010441 1.7443976669263432
-12.131855066165752 1.7492609561812784
-12.135694835806875 1.749266532877304
-12.139511913969262 1.7492720107066393
-12.139752872222212 1.7540815226745106
-12.143547465895116 1.7540869370604761
-12.147319827714735 1.7540922565516688
-12.147550420846892 1.7588491658530594
-12.15130075119833 1.7588544245000575
-12.155029294787564 1.7588595920234502
-12.155249109795067 1.7635650352431467
-12.15895606079584 1.7635701443956626
-12.162641656208912 1.7635751660070318
-12.162850280407131 1.7682302433173795
-12.166514708571247 1.7682352089127142
-12.1701581989904 1.7682400903718576
-12.170355220121891 1.772845867070484
-12.173977955660774 1.7728506947568339
-12.177580158519564 1.7728554415448805
-12.177765164863498 1.7774129495121502
-12.181347012779359 1.7774176446654517
-12.18490872082712 1.7774222620009952
-12.185081301315794 1.7819325010821658
-12.18862304243804 1.781937068821798
-12.192145024749166 1.7819415616759442
-12.192304769085547 1.786405500992644
-12.195807161053759 1.7864099461960787
-12.199290163985246 1.786414319306491
-12.199436662765859 1.790832898501807
-12.20290044096264 1.790837225818287
-12.206345189063066 1.7908414837023048
-12.206478033902783 1.7952156141234716
-12.20990391233957 1.7952198279867888
-12.21331110921246 1.795223974953689
-12.21342989287379 1.7995545407760927
-12.216818565032405 1.799558645416536
-12.22018889415673 1.7995626855790006
-12.22029321068211 1.8038505448749542
-12.223645350314763 1.8038545443304859
-12.226979475825088 1.8038584816153365
-12.22706892067307 1.8081044673708506
-12.230385182563234 1.8081083654975703
-12.23368374999193 1.8081122036558197
-12.233757920175243 1.8123171247383734
-12.237038940861686 1.8123209252203198
-12.238633173519363 1.812324682505727
-12.238664349216123 1.8144082416795668
-12.240333807722664 1.8144119806768806
-12.241919795975003 1.8144156912275662
-12.241947010161475 1.81648932366594
-12.243568288508364 1.816493016275049
-12.24518529609623 1.816496680934486
-12.245208498874042 1.8185604805258249
-12.246860029944251 1.818564127582796
-12.248429773445295 1.818567747175902
-12.248448915040289 1.8206218064847717
-12.250053218984744 1.8206254088073093
-12.250826559456131 1.8206289910775757
-12.250834563729262 1.8216488184407487
-12.251661357807873 1.8216523922123504
-12.252432761272779 1.821655952589318
-12.252439735350032 1.8226734008622518
-12.253237268005067 1.8226769528207059
-12.25403375966732 1.8226804915001922
-12.254039697357403 1.8236955716966272
-12.254862006772058 1.8236991020369044
-12.2556295663852 1.8237026192125922
-12.255634461505919 1.824715342270193
-12.256427843335846 1.82471885118514
-12.257220193060247 1.8247223470486038
-12.257224039438125 1.8257327238296563
-12.258015359180245 1.8257362115100229
-12.258805651215402 1.8257396862507582
-12.258808442686004 1.8267477275428583
-12.259624083978458 1.8267511941773247
-12.26038595226414 1.826754647982774
-12.260387682671753 1.8277603644995088
-12.261201116731375 1.8277638102747138
-12.26196110751124 1.827767243330294
-12.26196177070991 1.8287706457119148
-12.2627730051817 1.8287740708124811
-12.263531128154886 1.8287774833016093
-12.263530718007953 1.8297785821156982
-12.264339760482315 1.8297819867242595
-12.265096025287272 1.8297853788283795
-12.265094535667771 1.8307841845705064
-12.265875675858911 1.8307875688677329
-12.26665580989604 1.830790940766341
-12.266653234686265 1.8317874638607148
-12.267457915721044 1.8317908280253385
-12.268210492864888 1.831794179896008
-12.26820682595757 1.8327884306961209
-12.268983954333258 1.832791774904961
-12.269760084975767 1.832795106923367
-12.269755320273603 1.8337870957126297
-12.270530455373848 1.8337904201406168
-12.271304596909422 1.8337937324805615
-12.271298728325004 1.8347834694729326
-12.27209692279174 1.8347867742931336
-12.27284403924632 1.8347900671265698
-12.272837060702809 1.835777562467178
-12.273633107595419 1.8357808478508195
-12.27437842246832 1.835784121347874
-12.274370327899513 1.8367693851136333
-12.275164234439842 1.836772651230126
-12.27669956052789 1.836775899517228
-12.276679934525905 1.838746255055934
-12.278211355530813 1.838749488764041
-12.279738886464965 1.8387526993142869
-12.279714709432898 1.8407141725736207
-12.281238367672438 1.8407173688140517
-12.282758167757 1.8407205422775497
-12.282729391607164 1.8426732127733432
-12.28427879935419 1.8426763721907684
-12.285757483683803 1.842679509204068
-12.285724060511281 1.844623455390487
-12.287265350582762 1.8446265786161522
-12.290270199562693 1.8446296686564096
-12.290189092282647 1.8484978509721492
-12.293178892935037 1.8485009141738864
-12.29615375618981 1.8485039347403176
-12.296053462450026 1.8523379975167853
-12.299013520649492 1.8523409922189615
-12.301958879158894 1.8523439456395592
-12.301839023025574 1.856144484773962
-12.304769813746503 1.856147413266532
-12.307686136508021 1.8561503017755219
-12.307546345471783 1.8599178976978448
-12.310448331910486 1.8599207621788023
-12.313336076344255 1.8599235879211642
-12.313175981488357 1.8636588061245536
-12.316049615459209 1.863661608704353
-12.318909227795649 1.8636643737400909
-12.318728463966282 1.8673677652887086
-12.321574186281 1.8673705079944392
-12.324406101932004 1.8673732143026127
-12.324204307907745 1.8710453163180982
-12.327022548738636 1.8710480010974282
-12.329827192653168 1.8710506505799613
-12.329604011318356 1.8746919867075755
-12.332395190546363 1.8746946154324782
-12.335172977551204 1.8746972099177606
-12.334928056065428 1.878308290773218
-12.337692583613704 1.8783108652434959
-12.340443918740108 1.8783134064897882
-12.34017690871289 1.8818947300877316
-12.34291518486663 1.8818972520343484
-12.345640463663564 1.8818997417330052
-12.345351021325213 1.885451793898019
-12.348063437038391 1.8854542649862542
-12.350763045873016 1.885456704764774
-12.350450832248516 1.8889799595257832
-12.353137769438185 1.8889823813582183
-12.35581208578418 1.8889847727831317
-12.355476766863212 1.8924796927519858
-12.358138598691939 1.892482066871332
-12.360787991406275 1.8924844114509396
-12.360429238317485 1.8959514481859343
-12.363066329464502 1.8959537760777143
-12.365691159053162 1.8959560752646802
-12.365308648233084 1.899395669619734
-12.36792135515467 1.8993979527148206
-12.370521974027893 1.8994002079086327
-12.370115387391445 1.9028127903687875
-12.372704058571056 1.902815030045815
-12.375280811288551 1.9028172425951186
-12.374849836398639 1.9062032335990042
-12.377414812587253 1.9062054311866545
-12.379968036093848 1.9062076023914667
-12.37951236632702 1.9095674126413336
-12.382053980774147 1.9095695694205057
-12.384584004626335 1.9095717005343178
-12.384103339339996 1.9129057312942042
-12.386621918015779 1.9129078485000754
-12.389129064599546 1.9129099407318508
-12.388623109295008 1.91621858411443
-12.391118971103825 1.9162206629384126
-12.393603555844175 1.9162227174544832
-12.393072022328422 1.9195063566970985
-12.395545479314356 1.919508398288701
-12.398007810876889 1.9195104162145717
-12.397450417421307 1.9227694259449457
-12.399901774965851 1.92277143141354
-12.402342155450757 1.9227734138356034
-12.401758626948439 1.9260081603276833
-12.404188183960802 1.926010130744187
-12.406606909089591 1.9260120787113546
-12.405996977208584 1.9292229201317257
-12.408405026308884 1.9292248565302021
-12.410802385604201 1.929226771055457
-12.410165788938311 1.9324140577007423
-12.412552616633999 1.9324159610799228
-12.414928893592773 1.932417843141797
-12.414265377809178 1.9355819176674331
-12.416631264664959 1.935583788992167
-12.41898673692523 1.9355856395361493
-12.41829605490727 1.9387268371769122
-12.420641275708833 1.9387286773795471
-12.422976215210493 1.9387304973194233
-12.422258127199246 1.941849146102059
-12.424582951111034 1.9418509560837567
-12.426897624250746 1.9418527463028863
-12.426151897979269 1.944949167251184
-12.428456588696564 1.9449509478831728
-12.430751256477118 1.9449527092357082
-12.42997766730359 1.9480272165683308
-12.432262483199148 1.9480289686931025
-12.434537401373468 1.9480307020051488
-12.433735732407175 1.951083603326533
-12.436000926672639 1.9510853277589812
-12.438256345882698 1.9510870338297048
-12.43742638810823 1.954118630314314
-12.43967220889053 1.954120327842822
-12.44190837480134 1.9541220074455068
-12.441049927194632 1.9571325940157158
-12.443276617727602 1.9571342654031945
-12.445493771156526 1.957135919286251
-12.444606640799348 1.9601257847841227
-12.446814439530735 1.9601274307690004
-12.449012816572282 1.9601290596569292
-12.448096818758053 1.9630984870101347
-12.450285959472128 1.9631001083073043
-12.452465791618426 1.9631017129016155
-12.451520749955527 1.9660509792837348
-12.453691461891442 1.966052576585456
-12.455852976148588 1.966054157565549
-12.454878722656046 1.9689835345509794
-12.457031230622162 1.968985108527743
-12.459174649622566 1.9689866665517455
-12.458171024821516 1.9718964202654325
-12.460305549305822 1.9718979715667855
-12.462431091416759 1.9718995072723573
-12.461397944414209 1.9747898985345573
-12.463514701691011 1.9747914277898915
-12.465622581119497 1.9747929417949923
-12.464559769686998 1.9776642262612596
-12.466658971920015 1.9776657340805661
-12.46874939881417 1.9776672269841902
-12.467656789462252 1.980519655280779
-12.469738644804268 1.980521142255371
-12.471811825351308 1.9805226146382493
-12.470689293392425 1.9833564324931088
-12.472754006081647 1.9833578991963117
-12.47481014260263 1.9833593516215855
-12.473657572213485 1.9861747999911188
-12.47570534266671 1.9861762469789304
-12.477744633708165 1.9861776799927953
-12.476561917980964 1.988974995184545
-12.478592942883706 1.9889764229962703
-12.480615583306271 1.988977837128592
-12.479402624296174 1.9917572509200105
-12.481417096689853 1.9917586600788673
-12.483423277754051 1.9917600558437731
-12.482179986518645 1.994521795597223
-12.484178095884971 1.994523186610922
-12.485206897109267 1.9945245676565335
-12.484574488913413 1.9958974998508854
-12.485535004243104 1.9958988786025234
-12.486560690395953 1.9959002508605856
-12.486241645132331 1.996585093901318
-12.486762488284205 1.996586463336229
-12.486442172613561 1.997268858321528
-12.486910767606801 1.9972702266428017
-12.487430943285199 1.9972715917496333
-12.487108726590554 1.9979529162309293
-12.487602362376343 1.9979542802372294
-12.488095492656708 1.9979556410455628
-12.487771373915963 1.9986358983579513
-12.48826400953705 1.9986372580787675
-12.488756141033964 1.9986386146179662
-12.488430119260952 1.9993178080809886
-12.488894698260678 1.9993191635455942
-12.489412893062251 1.9993205158448064
-12.489084967306427 1.9999986487625465
-12.489575611042012 2.