-2.9999999999999996 -10.481228963422854
-2.8999999999999995 -10.190060727217947
-2.8 -9.903455937536163
-2.6999999999999997 -9.623353686052347
-2.5999999999999996 -9.352054676872662
-2.5 -9.091858095810656
-2.4 -8.84442909134269
-2.2999999999999994 -8.610193323741363
-2.1999999999999997 -8.38801829388138
-2.1 -8.175652961441418
-1.9999999999999996 -7.970437895989357
-1.8999999999999997 -7.7700027676444146
-1.7999999999999996 -7.5725550372878105
-1.6999999999999997 -7.37695645261815
-1.5999999999999999 -7.182505658885828
-1.4999999999999998 -6.98884921896181
-1.4 -6.795820335819695
-1.2999999999999996 -6.603408459112477
-1.2 -6.411631758248276
-1.0999999999999999 -6.2207017857253035
-0.9999999999999998 -6.030946765043342
-0.8999999999999998 -5.842811695229344
-0.7999999999999997 -5.656911318806913
-0.6999999999999996 -5.473931170326133
-0.5999999999999995 -5.2949339015545105
-0.4999999999999999 -5.12132824840297
-0.3999999999999999 -4.954394181613446
-0.2999999999999998 -4.796296646453391
-0.19999999999999976 -4.64950613421651
-0.09999999999999963 -4.517667757962863
0. -4.405105625645932
0.10000000000000009 -4.318111441964807
0.20000000000000015 -4.264133768004301
0.3000000000000002 -4.253099426600081
0.40000000000000036 -4.2965058658724455
0.5 -4.407989921132623
0.6000000000000001 -4.603306501576716
0.7000000000000001 -4.901359771418823
0.8000000000000002 -5.325663561140152
0.9000000000000002 -5.906180796027455
1. -6.680612815947684