-2.9999999999999996 -10.48337700209864
-2.8999999999999995 -10.183764415022779
-2.8 -9.884348680481365
-2.6999999999999997 -9.585229624749223
-2.5999999999999996 -9.286568302065888
-2.5 -8.988613514765659
-2.4 -8.691749701049773
-2.2999999999999994 -8.396547813446364
-2.1999999999999997 -8.103877811398895
-2.1 -7.814978678376055
-1.9999999999999996 -7.531553008413926
-1.8999999999999997 -7.255756163947318
-1.7999999999999996 -6.990011104748886
-1.6999999999999997 -6.736504785986805
-1.5999999999999999 -6.496530185363632
-1.4999999999999998 -6.269959765683337
-1.4 -6.055228174267347
-1.2999999999999996 -5.849966657547057
-1.2 -5.651748229855787
-1.0999999999999999 -5.458676343332832
-0.9999999999999998 -5.269555195121867
-0.8999999999999998 -5.083858004000478
-0.7999999999999997 -4.901612602770655
-0.6999999999999996 -4.723264344157146
-0.5999999999999995 -4.549675090212752
-0.4999999999999999 -4.382204931925597
-0.3999999999999999 -4.222662130153789
-0.2999999999999998 -4.073628651958836
-0.19999999999999976 -3.9385065855862638
-0.09999999999999963 -3.821754320398526
0. -3.729080332791827
0.10000000000000009 -3.667052761767314
0.20000000000000015 -3.6431553575526627
0.3000000000000002 -3.6657844671748365
0.40000000000000036 -3.743925917966229
0.5 -3.8886526560142505
0.6000000000000001 -4.113528545142637
0.7000000000000001 -4.437506687766174
0.8000000000000002 -4.885019630609483
0.9000000000000002 -5.489250467960588
1. -6.291229924454196