-2.9999999999999996 -9.22995029207173
-2.8999999999999995 -8.936952635653952
-2.8 -8.647629320716684
-2.6999999999999997 -8.363622163477705
-2.5999999999999996 -8.08694587482135
-2.5 -7.819756257001312
-2.4 -7.563835775873364
-2.2999999999999994 -7.3199543218649
-2.1999999999999997 -7.08746760741346
-2.1 -6.8644590227100375
-1.9999999999999996 -6.648361983356777
-1.8999999999999997 -6.436805183336745
-1.7999999999999996 -6.227894199250014
-1.6999999999999997 -6.020400261896252
-1.5999999999999999 -5.813509540636989
-1.4999999999999998 -5.606909187288156
-1.4 -5.400368233727002
-1.2999999999999996 -5.193870199556129
-1.2 -4.98752335581619
-1.0999999999999999 -4.781372430838592
-0.9999999999999998 -4.5758571899424485
-0.8999999999999998 -4.371275212467475
-0.7999999999999997 -4.168059583575247
-0.6999999999999996 -3.967191589952941
-0.5999999999999995 -3.7694804904835806
-0.4999999999999999 -3.576145315030907
-0.3999999999999999 -3.3889822027668695
-0.2999999999999998 -3.2103413794577564
-0.19999999999999976 -3.0431978026436144
-0.09999999999999963 -2.8916161207079836
0. -2.760805565361653
0.10000000000000009 -2.6569521367073965
0.20000000000000015 -2.588519647621823
0.3000000000000002 -2.564873232801629
0.40000000000000036 -2.5974687286947233
0.5 -2.6994544108407017
0.6000000000000001 -2.8862349370767117
0.7000000000000001 -3.176342607262865
0.8000000000000002 -3.5931068821495846
0.9000000000000002 -4.166140459876522
1. -4.9329696495919775