-12.564380138238725 2.
-12.559818965265675 1.997097598459276
-12.528899993373955 1.9749178587993699
-12.51096460826951 1.9642857142857153
-12.500000000000002 1.9574247395691575
-12.488865599865278 1.9492121714622543
-12.484130060801608 1.946428571428573
-12.473445024594483 1.9397898275771936
-12.459474881598027 1.9285714285714306
-12.449829526871918 1.9232569039963092
-12.42857142857143 1.910428807049473
-12.409988587305524 1.8975028531736227
-12.404109450943128 1.892857142857146
-12.383464149924588 1.8815803231954362
-12.36943533148091 1.871926881415491
-12.357142857142858 1.8649163107945572
-12.345579242137015 1.857142857142862
-12.330056918761729 1.8460571988810015
-12.29057268861799 1.8226431721545024
-12.288751945169846 1.8214285714285765
-12.287960660951752 1.8208669776192101
-12.285714285714286 1.8195996296127852
-12.26161218011199 1.8035714285714333
-12.24736807344277 1.7953008387821692
-12.243704263390732 1.7930689229905443
-12.233064841087547 1.78571428571429
-12.214285714285715 1.77445926147014
-12.206964322117996 1.7696874908990772
-12.204310213524359 1.7678571428571477
-12.196720731031702 1.7634658970436448
-12.186644038824829 1.7569104188652265
-12.17660433965371 1.7500000000000044
-12.166412659043006 1.744111120953538
-12.149337361155716 1.7337629117175046
-12.146980069097006 1.7321428571428612
-12.145734011750509 1.7314236399195195
-12.142857142857142 1.7296820472217522
-12.125728303555652 1.7185679241110918
-12.119490471345873 1.7142857142857189
-12.102626640201493 1.7042280886218064
-12.085701049913734 1.6928604518072854
-12.071428571428571 1.684894195925989
-12.061819450590125 1.6785714285714333
-12.045593371402937 1.667173085720699
-12.034018387885787 1.66071428571429
-12.006976271738473 1.644601210791766
-12.00432447239674 1.6428571428571477
-12.00318938610987 1.6420597963296801
-12. 1.6402801865650316
-11.976766510425357 1.6250000000000044
-11.964117665708812 1.616113440715658
-11.94804386741218 1.6071428571428612
-11.928571428571429 1.5946763861595086
-11.923205604024545 1.5906271704224393
-11.916387278123924 1.5862396766738431
-11.899514487494738 1.5714285714285756
-11.857142857142858 1.5453133458450266
-11.847395923574155 1.5381510191064658
-11.84336554884579 1.53571428571429
-11.834390818269124 1.5300262759958567
-11.809131533037403 1.5120028310263676
-11.78872263625111 1.5000000000000036
-11.785714285714286 1.4981375100401575
-11.769389797645763 1.486223979159992
-11.746287440163941 1.472286145755275
-11.736141841214193 1.464285714285718
-11.729256737141439 1.4605429585717866
-11.714285714285715 1.4516723339486743
-11.689528833430018 1.4347606487853568
-11.678564565529662 1.4285714285714324
-11.65289732964414 1.4132243324110396
-11.647453521985245 1.4095651909322644
-11.625351742871842 1.3928571428571468
-11.608090339746811 1.3836917007775869
-11.592354953358774 1.3750000000000036
-11.571428571428573 1.362715697280657
-11.565512368865289 1.3586219077836823
-11.56281880011622 1.3571428571428612
-11.556376159396457 1.3533797541348322
-11.525268386914124 1.3329686175571869
-11.509567674250828 1.3214285714285747
-11.483360415120199 1.3077313247913827
-11.457077070736773 1.2928406962556247
-11.447281665441967 1.2857142857142891
-11.44120427081565 1.2825560751532343
-11.42857142857143 1.275445014471
-11.390323850706274 1.2500000000000036
-11.356240375334199 1.2323684775950259
-11.354784872632461 1.2315533610152603
-11.330698412814492 1.214285714285717
-11.316146805953148 1.2066775842260027
-11.285714285714288 1.1886390870904604
-11.274691963178118 1.1813270092054742
-11.27122453075285 1.1785714285714315
-11.25890408703872 1.171868878902539
-11.234988811140761 1.1555385115005272
-11.214285714285715 1.1438961149273457
-11.212718412168687 1.142857142857146
-11.194323390777399 1.1299905808770827
-11.163873180412319 1.112396866531654
-11.155757687472187 1.1071428571428603
-11.152309929176797 1.1047796605629472
-11.142857142857144 1.099641515523138
-11.126695163398633 1.089285714285717
-11.113655251611217 1.0819852414742357
-11.109938179336588 1.0796583123087133
-11.097421945667318 1.0714285714285747
-11.071428571428573 1.0565689524788793
-11.067985773896085 1.0544321279545539
-11.06666466345502 1.0535714285714315
-11.062716651584632 1.0513934486104457
-11.047122082460831 1.0417909079562238
-11.037714849681203 1.0357142857142883
-11.025900649909941 1.0292391232368034
-11.01059487654775 1.0205058619940832
-11.006462020079072 1.017857142857146
-11. 1.0142385933610072
-10.983388751457344 1.0041528121356675
-10.976861145896855 1.0000000000000027
-10.957998668309344 0.9894996670773386
-10.941149940812323 0.9789982290826353
-10.928571428571429 0.9725105963333842
-10.915043051769208 0.9642857142857171
-10.898949537620055 0.9538340441664177
-10.884514577707177 0.9464285714285738
-10.857142857142858 0.9314172556907652
-10.853770670271109 0.9294144752893683
-10.852413682320476 0.9285714285714306
-10.84842086916755 0.926390931577604
-10.822251298896044 0.9107142857142883
-10.812002387268334 0.9041422603257763
-10.789703131285043 0.892857142857145
-10.785714285714286 0.8906949777204964
-10.768058565462416 0.8794139300629693
-10.759303034192385 0.8750000000000018
-10.736555881588519 0.8627103989685603
-10.728209544272472 0.8571428571428594
-10.714285714285715 0.8499682311577326
-10.68079618889641 0.8298009527759005
-10.664026400749265 0.8214285714285738
-10.642857142857144 0.8100858088722562
-10.63546784751899 0.805418752405969
-10.622006764002258 0.7983588338577094
-10.600408800468497 0.7857142857142883
-10.592164709683198 0.7805302511506325
-10.571428571428573 0.7696997822165157
-10.548146165053364 0.755820601593804
-10.536376163820488 0.7500000000000018
-10.505248189928313 0.7334549046249368
-10.502993204743792 0.7321428571428594
-10.5021385414302 0.7316082217853097
-10.47555454042328 0.7142857142857162
-10.459581381498024 0.7065332260540673
-10.42857142857143 0.6904367836274279
-10.414479684313324 0.6820943646359572
-10.409054232711249 0.6785714285714306
-10.388234166188957 0.6684871129758116
-10.369738750875053 0.657565312281239
-10.35714285714286 0.6513908415995298
-10.34237431197616 0.6428571428571441
-10.326129145653072 0.6327534278724487
-10.310296626329903 0.6250000000000018
-10.285714285714288 0.6120401953548686
-10.28009451452001 0.6085477999414275
-10.277223102048435 0.6071428571428585
-10.269554554385122 0.6031029243105666
-10.245579044935967 0.5892857142857153
-10.236592873371038 0.5837089245143856
-10.214285714285717 0.5728104459178605
-10.21188623490885 0.571428571428573
-10.192055783913109 0.5591289111645823
-10.150217078094004 0.5375542695235014
-10.147018367395658 0.5357142857142874
-10.14582210253291 0.534973045795347
-10.142857142857146 0.5335269134502614
-10.115602030451065 0.5178571428571441
-10.101125146511672 0.5104329990863699
-10.090438830137154 0.5047525646771467
-10.082408032345121 0.5000000000000018
-10.071428571428573 0.4942335064232841
-10.05751667138123 0.4856208321546944
-10.031242181398868 0.4720962596354319
-10.01763842463366 0.4642857142857153
-10.012561716307449 0.461145285208854
-10.000000000000002 0.45502946167354974
-9.985013523370862 0.44642857142857295
-9.970716155950212 0.43910761041612556
-9.966778117563644 0.4368768991805192
-9.952717491845046 0.4285714285714297
-9.92857142857143 0.41591047801531644
-9.922585666333521 0.41221072627376376
-9.919509331402752 0.4107142857142865
-9.911244205194272 0.40638247986999687
-9.887644285412824 0.3928571428571441
-9.878854047587662 0.38742934524594297
-9.857142857142858 0.3768794891474698
-9.85386163300617 0.3750000000000009
-9.83421424187791 0.3628750109590948
-9.822410449911947 0.35714285714285765
-9.790625105445434 0.3405134192185022
-9.78768096055247 0.33879404557616954
-9.785714285714286 0.337840497175792
-9.756998977489527 0.32142857142857206
-9.744663679651152 0.31383408008721236
-9.723476610301667 0.3035714285714288
-9.714285714285715 0.2987761209201345
-9.698224702104302 0.2897295387596399
-9.691382706297352 0.2857142857142865
-9.670261744169556 0.27470829318524714
-9.65378061709614 0.265126274297395
-9.642857142857144 0.2598563693517484
-9.625525250308103 0.2500000000000009
-9.609842680710884 0.2403964726794232
-9.592704319014866 0.23214285714285765
-9.571428571428573 0.2211109570458536
-9.563503441130871 0.21626699686014028
-9.559381011617996 0.2142857142857153
-9.54811741732979 0.20845792576101907
-9.51901881573318 0.19167386749527715
-9.500000000000002 0.1825789687517494
-9.492890547251182 0.17857142857142883
-9.474120356964589 0.16718419647313976
-9.46054937566753 0.16071428571428648
-9.42857142857143 0.14430931174624728
-9.426764057280266 0.14330898567993433
-9.425978376682206 0.14285714285714324
-9.423387319566684 0.14156111560595708
-9.404338696904672 0.13105818291669014
-9.393758573788634 0.125
-9.381526078895392 0.11890419456186674
-9.360099809763463 0.10788209529800863
-9.358802436147677 0.10714285714285765
-9.35714285714286 0.10630196158330563
-9.33705911866735 0.09430664890459184
-9.296045876553167 0.07401146913829137
-9.291807211134042 0.07142857142857117
-9.285714285714288 0.06850500639202028
-9.245066223244685 0.04587630133168652
-9.228121139083854 0.03571428571428559
-9.197995817435425 0.021929617069715412
-9.162835021410082 0.004994469638234023
-9.153468198531428 0.