-8.473338179961123 0.
-8.500000000000002 0.013834888102673304
-8.505827629181159 0.01640023556185266
-8.50841265370512 0.01785714285714235
-8.516014888217642 0.02186086491155237
-8.544596706632493 0.03571428571428559
-8.554141547816904 0.040036041617202756
-8.571428571428573 0.050035280642524604
-8.57863479314832 0.053571428571428825
-8.60130358323793 0.06395981847623222
-8.614073105900475 0.07142857142857117
-8.642857142857144 0.08714662168961329
-8.645856201877084 0.08853594953072896
-8.65066561295385 0.09123783180989076
-8.684756978793533 0.10714285714285765
-8.693258108889095 0.11239975849201223
-8.714285714285715 0.12441444560477155
-8.738850960602527 0.1367158312779404
-8.751845298177034 0.14285714285714324
-8.776588630965147 0.15843287202700118
-8.781002997009809 0.16071428571428648
-8.78261227342874 0.16148978878567366
-8.785714285714288 0.16339050060231486
-8.814919023292482 0.17857142857142883
-8.829289115999964 0.18553486385715257
-8.85714285714286 0.20184130498264086
-8.873454643275894 0.21020776775245675
-8.880045483195147 0.2142857142857153
-8.897579248081415 0.22439481202035427
-8.917776875232072 0.2348414954776974
-8.92857142857143 0.24157161999695909
-8.944506531896124 0.2500000000000009
-8.963186737682886 0.25920331557928034
-9.000000000000004 0.2810820582060245
-9.009096716994652 0.2857142857142865
-9.014697463564898 0.28938865160550975
-9.041286758024295 0.3035714285714288
-9.051379554769825 0.30858368273611614
-9.071428571428575 0.3212165121716435
-9.071825328449581 0.32142857142857206
-9.095580043938911 0.3332478461581312
-9.105145792330578 0.3392857142857153
-9.130120236749839 0.35395863061603094
-9.136057308164617 0.35714285714285765
-9.13804106341322 0.3583468770038394
-9.142857142857146 0.3611438605252548
-9.168657370246063 0.3750000000000009
-9.183871100283973 0.38260365350043735
-9.200048139400309 0.3928571428571441
-9.214285714285717 0.4012544833838847
-9.226893373176068 0.4075623709916991
-9.244771030574304 0.4183356147864332
-9.263770847120607 0.4285714285714297
-9.270151086246807 0.4324622284383004
-9.285714285714288 0.44153702718242105
-9.294786340898249 0.44642857142857295
-9.301081508652889 0.45027037716322305
-9.313859872422094 0.4572493176087633
-9.327243862337765 0.4642857142857153
-9.35714285714286 0.48197842499930665
-9.35734928825813 0.482091249364041
-9.35744739285454 0.48214285714285854
-9.357658164206507 0.4822716839087704
-9.379743805465717 0.49434976291928745
-9.390479047379355 0.5000000000000018
-9.401531700376136 0.5067599320488254
-9.414491195844018 0.514337084675291
-9.421175828878104 0.5178571428571441
-9.42857142857143 0.5222414999561789
-9.446465206467668 0.5312408412402281
-9.4534821497315 0.5357142857142874
-9.47162969181399 0.5464788515249275
-9.48980072725703 0.556121246757173
-9.500000000000002 0.5626304852040747
-9.516250298314587 0.571428571428573
-9.534549973263866 0.5806482209697492
-9.548076993510387 0.5892857142857153
-9.571428571428573 0.6031624428286415
-9.57670659343841 0.6058233516403995
-9.579374106527856 0.6071428571428585
-9.584097309360585 0.610310041625862
-9.621669064491027 0.6302970195915307
-9.641297645247509 0.6428571428571441
-9.642857142857144 0.6437862241695864
-9.665265773093141 0.6551121281552881
-9.674012683176437 0.6607142857142874
-9.696497410619212 0.6741243526548049
-9.704674099223796 0.6785714285714306
-9.707850202148721 0.6801803066056786
-9.714285714285715 0.6843106596335629
-9.73654089369373 0.696428571428573
-9.752774950337557 0.7046634052727558
-9.767747824622774 0.7142857142857162
-9.785714285714286 0.725044886155704
-9.795078069162951 0.7298019112806928
-9.798715595891453 0.7321428571428594
-9.808005945707755 0.7377157721412271
-9.830471813543888 0.7500000000000018
-9.83924714937368 0.7544739269422962
-9.857142857142858 0.7654708771414533
-9.88285296258473 0.7792867593538206
-9.8957138272148 0.7857142857142883
-9.917989514536876 0.8009259500627914
-9.924689828678874 0.8045418285445702
-9.92857142857143 0.8070643338901053
-9.954627127523153 0.8214285714285738
-9.969458122726287 0.8290640407470029
-10.000000000000002 0.8480291792923929
-10.011500993944749 0.8542676086566727
-10.01590141278904 0.8571428571428594
-10.02691908319232 0.863872627940939
-10.054881689227889 0.8791367205501723
-10.08195019128625 0.892857142857145
-10.097984763630519 0.9040752376638013
-10.132869445272007 0.9260745041751459
-10.137307122626764 0.9285714285714306
-10.138860041309218 0.9295707039584125
-10.142857142857146 0.9320216434856841
-10.16834212596493 0.9464285714285738
-10.183062252409176 0.9542344368977087
-10.198069117355482 0.9642857142857171
-10.214285714285717 0.9744832255461802
-10.224061632150732 0.9796988776766051
-10.23643897498847 0.9876811723185481
-10.257865665434881 1.0000000000000027
-10.265509169850136 1.0050512789660413
-10.285714285714288 1.0177547766061021
-10.285891166924118 1.017857142857146
-10.308295922909164 1.0300688764155694
-10.316511360135365 1.0357142857142883
-10.335857032847093 1.0482499724974899
-10.34871151282307 1.0556792646513795
-10.35714285714286 1.0615706340243642
-10.373774453152032 1.0714285714285747
-10.390676226538758 1.0809023719367428
-10.402560501656215 1.089285714285717
-10.42857142857143 1.106665924696646
-10.42915530410139 1.1069968882603707
-10.42942481408501 1.1071428571428603
-10.429822342074738 1.1074555855186867
-10.470973066637502 1.1322567333406282
-10.485485061070952 1.142857142857146
-10.500000000000002 1.152961342708572
-10.50922403174247 1.1584082777786717
-10.512336512663676 1.1607142857142883
-10.51907262829853 1.16548244278892
-10.539576793521626 1.1785714285714315
-10.54881901422693 1.1842238178718425
-10.571428571428573 1.1998346307797396
-10.588039163041836 1.2101330663824017
-10.593931589910763 1.214285714285717
-10.608168393947285 1.223470669915395
-10.629212321445165 1.2355540624958552
-10.642857142857144 1.2449775934588097
-10.651429798809044 1.2500000000000036
-10.671103028700594 1.2607956713962833
-10.705472281475254 1.2835109275116734
-10.709221905830864 1.2857142857142891
-10.710802685823015 1.286585042829964
-10.714285714285715 1.2890022672419317
-10.739031944447083 1.3035714285714324
-10.753581021630623 1.3116047445923478
-10.772089028533763 1.3214285714285747
-10.79330930104146 1.3373869604539248
-10.80240654664876 1.3434587795193362
-10.825470222651782 1.3571428571428612
-10.833949497119136 1.3629411971487917
-10.849708757076048 1.373141474983301
-10.852934338378375 1.3750000000000036
-10.857142857142858 1.3777765133305229
-10.87576810707995 1.388200830372874
-10.88237821116395 1.3928571428571468
-10.897661731633217 1.4029868614797367
-10.916067503647641 1.413840266945237
-10.928571428571429 1.4227295719887891
-10.938257444434873 1.4285714285714324
-10.957115908072529 1.4392924515532997
-10.967098895658033 1.4464285714285747
-10.989789027498249 1.4617329711602798
-10.993973066275798 1.464285714285718
-10.995796425667542 1.4653366078688324
-11. 1.4682664349883146
-11.037152854203683 1.4907117864490838
-11.053974930197592 1.5000000000000036
-11.074976473998912 1.516970167214562
-11.078834057591973 1.5197085143979967
-11.10423614637486 1.53571428571429
-11.115611665283556 1.5425256551076876
-11.142857142857144 1.5623055431933608
-11.1532571764776 1.5688285630234615
-11.15668158639886 1.5714285714285756
-11.16396627105008 1.5767058534768097
-11.192435144685232 1.5947483566858391
-11.214496422590688 1.6071428571428612
-11.232174395057323 1.620527829807103
-11.253531506530749 1.6348114480612628
-11.26708297636076 1.6428571428571477
-11.27208249584978 1.6462650903232747
-11.285714285714288 1.6550467569333893
-11.29527254308845 1.66071428571429
-11.314502181880778 1.6713744545298104
-11.324810977049724 1.6785714285714333
-11.349078317663743 1.694412436558797
-11.353935080891462 1.6972305154914258
-11.35714285714286 1.6994660126018895
-11.382208680134733 1.7142857142857189
-11.394689918900333 1.7227560917034932
-11.397028163983792 1.7242570409959521
-11.410822166756864 1.7321428571428612
-11.42857142857143 1.7437068519848404
-11.43641115802463 1.7480400676367047
-11.439226266643951 1.7500000000000044
-11.44586229769048 1.7543227172797673
-11.478505066358913 1.7732308762674194
-11.496437702332067 1.78571428571429
-11.500000000000002 1.788035672834278
-11.51935131749495 1.7987335991976963
-11.5426521897232 1.814234476002233
-11.556185816911754 1.8214285714285765
-11.559988625660832 1.8242885578705117
-11.571428571428573 1.8319142453835813
-11.601805485508212 1.8495486286229523
-11.616066747892525 1.857142857142862
-11.63817420745224 1.8738292661487774
-11.640147713628254 1.8750000000000036
-11.64098764921364 1.8754673734108795
-11.642857142857144 1.8767771295893239
-11.669911343469392 1.892857142857146
-11.68364426078242 1.9005175062329691
-11.714285714285715 1.9211176739955436
-11.723213809534691 1.9263394047591866
-11.72638368016105 1.9285714285714306
-11.733730527075645 1.9334326317689126
-11.764728355702935 1.9516750539314103
-11.782516209170877 1.9642857142857153
-11.785714285714286 1.9664195362135972
-11.804982262370434 1.9773258629788213
-11.827222298111806 1.9925198602422372
-11.8395490097417 2.