-7.932777057557859 0.
-7.936323771625078 0.001938085763411479
-7.955066034561203 0.011233491359699421
-7.968799373312448 0.01785714285714235
-8.000000000000004 0.03465004815016659
-8.001506140774515 0.03533775052065735
-8.002152096744352 0.03571428571428559
-8.00399715078149 0.03671357340965731
-8.04966609479675 0.05901204772938495
-8.070735962117336 0.07142857142857117
-8.071428571428575 0.07180761975382044
-8.095897999652585 0.08316835722971128
-8.106231803431067 0.08928571428571441
-8.135270218966008 0.10524612617007367
-8.139032159718214 0.10714285714285765
-8.140363941678935 0.10776615743741047
-8.142857142857146 0.10917431836549163
-8.18798483139767 0.131575220722012
-8.21209520912869 0.14285714285714324
-8.23332895982218 0.15595347433017093
-8.241267147432126 0.16071428571428648
-8.26328471348494 0.17296403551409156
-8.274281795150168 0.17857142857142883
-8.278235314716293 0.18044117132092818
-8.285714285714288 0.18470450937127936
-8.32510285971533 0.20443857078545502
-8.341430282224534 0.2142857142857153
-8.35714285714286 0.22307180494817924
-8.369665677822331 0.22901215197298974
-8.38914066532144 0.2401423091875028
-8.408364081124727 0.2500000000000009
-8.415329386617984 0.2533105104883626
-8.42857142857143 0.26089053993447475
-8.478964112984912 0.2857142857142865
-8.505395714528468 0.3022224999393117
-8.513752001984042 0.30700942906743833
-8.541814757275159 0.32142857142857206
-8.552012975417396 0.3262824704313667
-8.571428571428573 0.3380430710869353
-8.57384676361044 0.3392857142857153
-8.59761243538507 0.3505968911537334
-8.608419344708512 0.35714285714285765
-8.638159722824952 0.37382564499195237
-8.640445391505827 0.3750000000000009
-8.641276160447811 0.37539524560233417
-8.678211777624485 0.3928571428571441
-8.688527370092096 0.3992967289055489
-8.714285714285715 0.4140396969848821
-8.733574839366197 0.42374914730130886
-8.743780886629835 0.4285714285714297
-8.763517655017584 0.44087941375439677
-8.774332618675857 0.44642857142857295
-8.77825766683095 0.4482927261494076
-8.785714285714288 0.4528005056900506
-8.808108962871225 0.4642857142857153
-8.825024814462106 0.4723152249559037
-8.85714285714286 0.4906599644917238
-8.86955603926866 0.4968967044685515
-8.874694823867912 0.5000000000000018
-8.888901743169649 0.5079397215066992
-8.915282575035002 0.5211793562412517
-8.92857142857143 0.5291953036228794
-8.94131057942947 0.5357142857142874
-8.961589788784476 0.5453168385181693
-9.000000000000004 0.5672016939290838
-9.008613768467647 0.571428571428573
-9.014432694500606 0.5750367450537235
-9.042325033268682 0.5892857142857153
-9.052393234937773 0.5940445484084158
-9.071428571428575 0.6055010555707288
-9.074644207043228 0.6071428571428585
-9.098251099693842 0.618294367933685
-9.109398822102948 0.6250000000000018
-9.140366624256888 0.6422345132070797
-9.141587365952573 0.6428571428571441
-9.141973746143728 0.6430779920354981
-9.142857142857146 0.6435634524798042
-9.17649965541762 0.6607142857142874
-9.189589626880638 0.6668883075655572
-9.209039784934879 0.6785714285714306
-9.214285714285717 0.6814868044181566
-9.234996375729157 0.6912509060677134
-9.267623079259875 0.7097629126721126
-9.27650547111026 0.7142857142857162
-9.27931111573982 0.7158865067793334
-9.285714285714288 0.7193997263073308
-9.310748275239511 0.7321428571428594
-9.324886578427567 0.7402069268216822
-9.330678223620849 0.7433838416194991
-9.343972550359823 0.7500000000000018
-9.35714285714286 0.7573104640227735
-9.370939283583393 0.7644080362470111
-9.377870953469333 0.767857142857145
-9.393325773507366 0.7766685566231626
-9.394111128933568 0.7770992108048231
-9.41142678940758 0.7857142857142883
-9.41665329375821 0.7886938194175928
-9.42857142857143 0.7952287503879347
-9.444971167926635 0.8035714285714306
-9.464057439984797 0.8125570685752317
-9.478852039459085 0.8214285714285738
-9.500000000000002 0.8331654938094735
-9.508490557600144 0.8371630748856811
-9.52188839101141 0.8447578120385693
-9.546229579645352 0.8571428571428594
-9.553909248234847 0.8615226879412914
-9.571428571428573 0.8711334517647824
-9.579026175535763 0.8750000000000018
-9.584952688324915 0.8783810292240872
-9.599462057268411 0.8858487713971845
-9.613538604131573 0.892857142857145
-9.642857142857144 0.9091466283352467
-9.64503039406319 0.9101709729127769
-9.645935468440891 0.9107142857142883
-9.648451413675625 0.9121128534189085
-9.680755298336257 0.9285714285714306
-9.69096095481923 0.9344026184380514
-9.711638887314484 0.9457668646857655
-9.712966133129108 0.9464285714285738
-9.714285714285715 0.947163054922628
-9.737995106040646 0.9583583663469843
-9.747852712404406 0.9642857142857171
-9.775182623629261 0.9795099416216031
-9.78219850778244 0.9830218016258216
-9.785714285714286 0.9851392141773401
-9.81480044495362 1.0000000000000027
-9.827655934078312 1.00737173076614
-9.837983797267754 1.0130673778883699
-9.847561314804258 1.017857142857146
-9.857142857142858 1.023211242031251
-9.873430800955514 1.031642299761124
-9.881564702235355 1.0357142857142883
-9.895810948286936 1.0439044057854119
-9.900688156213784 1.0466006104820194
-9.914596720889161 1.0535714285714315
-9.918827633764558 1.0560073772731497
-9.92857142857143 1.0614014655373554
-9.948108361478045 1.0714285714285747
-9.963059296983786 1.0800505385316637
-9.963855999304187 1.080464571602528
-9.981410333296333 1.089285714285717
-10.000000000000002 1.0997353158344545
-10.010191041633375 1.104595096734517
-10.014389725511895 1.1071428571428603
-10.025877647097476 1.1136122689172288
-10.056012332120003 1.1288540598271464
-10.071428571428573 1.1382420471273589
-10.080361870180043 1.142857142857146
-10.101771743833346 1.153128492613095
-10.11420347422959 1.1607142857142883
-10.142857142857146 1.1769563290655798
-10.14506694826006 1.1780189772207024
-10.146225774506547 1.1785714285714315
-10.148415618262023 1.1799610474226512
-10.191845182704398 1.202038704323904
-10.212024368726809 1.214285714285717
-10.214285714285717 1.215554214699102
-10.237138890197038 1.2264295631650297
-10.246572348530892 1.2321428571428603
-10.272483759030955 1.2466923683291702
-10.278915490106707 1.2500000000000036
-10.28125381168182 1.2511151185081202
-10.285714285714288 1.253821874629895
-10.312977465973074 1.267857142857146
-10.328154784665777 1.2751041609764169
-10.34561879395505 1.2857142857142891
-10.35714285714286 1.29220962479668
-10.372746317857892 1.2996705633926737
-10.379158704305075 1.3035714285714324
-10.39665909638855 1.3134504883828546
-10.412096336011938 1.3214285714285747
-10.41774080718987 1.3241362267739651
-10.42857142857143 1.3303989439718826
-10.4638680457293 1.348318702853394
-10.482385801047071 1.3571428571428612
-10.507576028824536 1.37310599279387
-10.510669028811565 1.3750000000000036
-10.519032875307737 1.3797582188269377
-10.544197095633434 1.3928571428571468
-10.553475020515755 1.3973455305853513
-10.571428571428573 1.407820457732976
-10.598668683937973 1.4217614004440824
-10.609716629393802 1.4285714285714324
-10.639323074421565 1.4455450543196804
-10.641634742186191 1.4467341715963133
-10.678040939578798 1.464285714285718
-10.688151095925075 1.470819368875878
-10.714285714285715 1.486254746131312
-10.732195958604398 1.4955224389203323
-10.741434737260159 1.5000000000000036
-10.758321775411009 1.511009015281327
-10.771221441621533 1.5178571428571468
-10.776085038327093 1.5202644547039457
-10.785714285714286 1.5263129512326303
-10.80335665802654 1.53571428571429
-10.815825588700218 1.5432421114607724
-10.819366074082339 1.5451584814794197
-10.83548136922867 1.5535714285714324
-10.857142857142858 1.5663248703707708
-10.863952457005723 1.5697261714628592
-10.866639850546791 1.5714285714285756
-10.87358691277649 1.5755395853369834
-10.908895790410536 1.5942046238259415
-10.928571428571429 1.6066664947188931
-10.929457986155104 1.6071428571428612
-10.953187119645298 1.6188460772315372
-10.988887444843446 1.640079004068009
-10.994105828788635 1.6428571428571477
-10.996081520163209 1.6438367628163455
-11. 1.646302169274663
-11.0270002688345 1.66071428571429
-11.041861962043397 1.6681059380605845
-11.058447989598426 1.6785714285714333
-11.071428571428573 1.6862068450505863
-11.084314459084299 1.6932070995146447
-11.090467309068893 1.6964285714285765
-11.103738249230686 1.7045059908791051
-11.105879302229228 1.7056730315855555
-11.122277318372666 1.7142857142857189
-11.12825178938994 1.7179370526525197
-11.142857142857144 1.7264807823610422
-11.153330844471324 1.7321428571428612
-11.173519892713378 1.742334312535946
-11.185502625123682 1.7500000000000044
-11.214285714285715 1.7672050728191753
-11.215147010187815 1.7676418188816232
-11.21633521667086 1.7683695184534338
-11.248015797790726 1.78571428571429
-11.25880471915938 1.7924416773530165
-11.271529202901926 1.800025157868343
-11.278147101659599 1.8035714285714333
-11.285714285714288 1.8081673915276495
-11.303043349517633 1.8170963054777403
-11.309687539832861 1.8214285714285765
-11.32628244633133 1.831570611582837
-11.345652070925386 1.8421584108400877
-11.35714285714286 1.8497420994827154
-11.370360166053791 1.857142857142862
-11.378810256948121 1.862559707094177
-11.387367334391147 1.867443880687932
-11.401145898181992 1.8750000000000036
-11.42857142857143 1.8921355924255092
-11.429496409194495 1.8926258977013797
-11.429841788758505 1.892857142857146
-11.430676987114676 1.8933835324929573
-11.473308704648092 1.9173871095522657
-11.489734676405453 1.9285714285714306
-11.500000000000002 1.9351691118920762
-11.514158260550204 1.942889006291023
-11.531375008811652 1.9542723236314856
-11.550259266565602 1.9642857142857153
-11.555501999056435 1.9682673573787497
-11.571428571428573 1.9790596460977508
-11.608015532233983 2.