-12.549882733019407 2.
-12.535789369741549 1.9910901995782444
-12.484938430850342 1.9501939637159875
-12.445160068907553 1.9285714285714306
-12.42857142857143 1.9186337286000255
-12.401774294717155 1.8995564263207143
-12.393500387193713 1.892857142857146
-12.364476979658697 1.8768335306289634
-12.360603208861802 1.874134912070267
-12.357142857142858 1.8721437644122485
-12.335025429375738 1.857142857142862
-12.322277341514695 1.8480020931927594
-12.285714285714286 1.8262935497993489
-12.2805073838116 1.8227302969042487
-12.278206962334858 1.8214285714285765
-12.272840918892152 1.818210229723043
-12.250737441426013 1.8035714285714333
-12.241172367663768 1.79684976522692
-12.221225188066882 1.78571428571429
-12.214285714285715 1.7815996150531488
-12.199804369991208 1.7714774789307741
-12.177842256402394 1.758746278386317
-12.166173480247158 1.7500000000000044
-12.158689504375692 1.7460419096203674
-12.142857142857142 1.737340382409732
-12.134834613085076 1.7321428571428612
-12.117968615850783 1.7205078460373082
-12.10660018950784 1.7142857142857189
-12.079395579554294 1.6984203234600077
-12.074995549087909 1.6955368270137425
-12.071428571428571 1.6935983105484018
-12.047972471787837 1.6785714285714333
-12.035124239393335 1.669790368723099
-12.018374804209108 1.66071428571429
-12. 1.6500866598229234
-11.991764804344495 1.644915941771024
-11.988652007331737 1.6428571428571477
-11.979979806796788 1.6378520945563446
-11.95136742331548 1.6193010013139917
-11.934619343610937 1.6071428571428612
-11.910249406075168 1.593866219909784
-11.884693626672396 1.5783162638109607
-11.876195634135936 1.5714285714285756
-11.857142857142858 1.5603039110966943
-11.83105804216115 1.542235489459717
-11.819621725665625 1.53571428571429
-11.792877959406441 1.5196480612801855
-11.789004140571024 1.517034679142962
-11.785714285714286 1.5152049586913483
-11.762521658526223 1.5000000000000036
-11.749736444681057 1.4911373174011686
-11.714285714285715 1.470821211717757
-11.707103110844596 1.4660813651459979
-11.703806455258025 1.464285714285718
-11.695810867148529 1.459667002501421
-11.675003332842753 1.4464285714285747
-11.666321002498755 1.4405626065181725
-11.643917837212868 1.4285714285714324
-11.642857142857144 1.427967829329007
-11.6241193961967 1.4153987223794013
-11.593451927726287 1.3983629819315748
-11.585676155835564 1.3928571428571468
-11.580987766019641 1.3904673442093802
-11.571428571428573 1.3854583090041235
-11.554497262042075 1.3750000000000036
-11.539504170610929 1.3651239573472722
-11.524182465980381 1.3571428571428612
-11.500000000000002 1.3436982711169687
-11.495126108246755 1.3405041872240293
-11.486819002765898 1.3359904649771916
-11.462852034854373 1.3214285714285747
-11.453323954500327 1.3152404399463506
-11.430579816535865 1.3035714285714324
-11.42857142857143 1.3024692462577505
-11.408726612670442 1.2906754896895372
-11.400749038649446 1.2857142857142891
-11.377314025335691 1.2728999349053538
-11.365611717528724 1.2657399277606798
-11.35714285714286 1.2614456239006824
-11.33799426079407 1.2500000000000036
-11.323316507016528 1.2405994446744435
-11.306584460117573 1.2321428571428603
-11.285714285714288 1.220835090618972
-11.277882643093891 1.216243624940816
-11.27468816300038 1.214285714285717
-11.265323776486293 1.2091880869787186
-11.235777645592924 1.1910555886017722
-11.217827525376125 1.1785714285714315
-11.192958386386836 1.1660461176890085
-11.156274863740334 1.1462115730779434
-11.150722058611334 1.142857142857146
-11.148525150063609 1.1414401410555302
-11.142857142857144 1.138410906561302
-11.106580235551263 1.116212083969331
-11.088667181617616 1.1071428571428603
-11.071428571428573 1.0978086527249573
-11.061833812853129 1.0916844039295786
-11.044647995054781 1.0825905701922691
-11.027862312228233 1.0714285714285747
-11.01845524107647 1.0668147611594572
-11. 1.0571327818800613
-10.974788168384352 1.0420172436182007
-10.962094365841715 1.0357142857142883
-10.928571428571429 1.0178646398759623
-10.928562886455044 1.0178592783862426
-10.928547111595178 1.017851063613083
-10.897811426663536 1.0000000000000027
-10.886171643827193 0.9927428033289187
-10.86458367031822 0.9821428571428594
-10.857142857142858 0.9782188892384562
-10.841157967179607 0.9682819367765303
-10.832993360655784 0.9642857142857171
-10.811112851238663 0.952778212809668
-10.8000748212564 0.9464285714285738
-10.795940504518875 0.9438720167274264
-10.772103331778949 0.9285714285714306
-10.752310225126982 0.9190653008611145
-10.714285714285715 0.8995851203851215
-10.706218379712325 0.8948739765004925
-10.703057268599048 0.892857142857145
-10.690777969496681 0.886980206659886
-10.661960143286093 0.8702242498927646
-10.642857142857144 0.8610103282853601
-10.636054432238458 0.8571428571428594
-10.617315621698697 0.8456710945753283
-10.571428571428573 0.8223330170949321
-10.570337863378596 0.8217012484410677
-10.569770510928084 0.8214285714285738
-10.568222736381985 0.8206271126669273
-10.53807209765681 0.8035714285714306
-10.52699965274443 0.7968215153853242
-10.503824176198986 0.7857142857142883
-10.500000000000002 0.7837387048851028
-10.4803312663424 0.7727743262715459
-10.471856902967748 0.767857142857145
-10.457512793293626 0.7606218016765958
-10.445060344222957 0.754122228912883
-10.437948114717829 0.7500000000000018
-10.43483908066017 0.7484330869778173
-10.42857142857143 0.745164553440306
-10.405450541740358 0.7321428571428594
-10.389425340823514 0.7240722362226961
-10.383096116792567 0.7207740291981439
-10.371881505126137 0.7142857142857162
-10.35714285714286 0.7066958465060589
-10.345163181811643 0.6994234902613776
-10.321641506477128 0.6875532337621406
-10.30566007080006 0.6785714285714306
-10.299837622260066 0.6750405944349867
-10.285714285714288 0.668310428778077
-10.27219149335511 0.6607142857142874
-10.258810848880918 0.6539884265059444
-10.253336184849537 0.6509516680733318
-10.239311708048934 0.6428571428571441
-10.214285714285717 0.6299918033191663
-10.208080461398172 0.6265513132218876
-10.205391810736309 0.6250000000000018
-10.196579572446499 0.6205734645401977
-10.185384654772264 0.6143681220212223
-10.172858949091564 0.6071428571428585
-10.162887947036692 0.6021351560979715
-10.142857142857146 0.5917267048526886
-10.138505969389405 0.5892857142857153
-10.134192094603529 0.5871194522223115
-10.11737279039588 0.5777996595438895
-10.106324329350246 0.571428571428573
-10.07169575307295 0.5536382239825253
-10.07153339303474 0.5535452231698894
-10.071428571428573 0.5534953456112248
-10.039726564570213 0.5357142857142874
-10.02811869925378 0.528684610900843
-10.005364738500496 0.5178571428571441
-10.000000000000002 0.5151007214358794
-9.981221348412141 0.5046946628969664
-9.973081413767993 0.5000000000000018
-9.95828853464889 0.4925707234806369
-9.947169294647447 0.486792323661863
-9.939108838469204 0.48214285714285854
-9.935607023618344 0.4803839583811307
-9.92857142857143 0.4767272081709564
-9.906399467863933 0.4642857142857153
-9.890032029841146 0.4560634211111436
-9.884797205506713 0.4533421585195363
-9.872815972504426 0.44642857142857295
-9.857142857142858 0.43837080176627996
-9.844961944686005 0.43161665668564275
-9.839685673584448 0.4285714285714297
-9.82316697829879 0.4200774588604128
-9.800423817753831 0.40703690270440074
-9.785714285714286 0.4000297393666248
-9.772941006333904 0.3928571428571441
-9.75581661648539 0.3824744173072254
-9.740128528365961 0.3750000000000009
-9.714285714285715 0.3617060625247621
-9.708615897910146 0.3585603112367499
-9.70616149498109 0.35714285714285765
-9.698481256450007 0.35319174268393105
-9.67372549567232 0.3392857142857153
-9.664714872139523 0.33382128196512006
-9.642857142857144 0.32340486940575985
-9.639339012343113 0.32142857142857206
-9.619515195252971 0.3094069154724721
-9.607269695743172 0.3035714285714288
-9.573621302645938 0.28626246851862813
-9.572745157112227 0.2857142857142865
-9.571428571428573 0.28506463364404766
-9.528845709898272 0.2606457153825765
-9.506492832803119 0.2500000000000009
-9.500000000000002 0.24666290702044158
-9.483034278226235 0.2363842875862998
-9.449592869767828 0.2195410745848143
-9.440222197720006 0.2142857142857153
-9.436815959852836 0.21222458146536383
-9.42857142857143 0.20807818096695474
-9.392683341002687 0.18754345046361465
-9.373794270793447 0.17857142857142883
-9.35714285714286 0.1700399845998648
-9.346222282361563 0.16344442940961112
-9.340467912076281 0.16071428571428648
-9.32453879529332 0.15256327025190153
-9.308919321066456 0.14285714285714324
-9.300868893288197 0.13906849096366614
-9.285714285714288 0.13148787833902986
-9.255994319794272 0.11457284862286166
-9.243985514036241 0.10714285714285765
-9.208826001106148 0.09065064258060662
-9.205928120338589 0.08928571428571441
-9.197819592621524 0.08516918386966577
-9.173005626272657 0.07142857142857117
-9.164104403349228 0.0661167563055507
-9.142857142857146 0.05616597003447055
-9.138157338265179 0.053571428571428825
-9.118410833757919 0.041825862989092855
-9.105315358447465 0.03571428571428559
-9.071428571428575 0.018677741519953273
-9.070454704471418 0.01810060959643156
-9.069930932065079 0.01785714285714235
-9.068437141524207 0.017109285381049943
-9.03706984443658 0.