-12.04851240775516 2.
-12.035498013909274 1.991125496522682
-12.018881863820422 1.9821428571428577
-12. 1.9713216396587558
-11.992398472856252 1.9661860960716524
-11.98884789045237 1.9642857142857153
-11.980086337712505 1.959307298713842
-11.959483447541286 1.946428571428573
-11.951032631189799 1.9408132707739805
-11.928571428571429 1.9290033570257643
-11.927874527702032 1.9285714285714306
-11.90843434369617 1.915748556933103
-11.874431044196681 1.8971791896206014
-11.868188524828934 1.892857142857146
-11.8645186466337 1.891013195484435
-11.857142857142858 1.887219116177067
-11.8369912409354 1.8750000000000036
-11.82270439496422 1.8657524726875216
-11.805862458756849 1.857142857142862
-11.785714285714286 1.846138600778624
-11.778047219048862 1.8412024809520746
-11.764531439430165 1.833990002714689
-11.743452198638353 1.8214285714285765
-11.7352377211475 1.8161905697131306
-11.714285714285715 1.8056509290849876
-11.710778753632134 1.8035714285714333
-11.707593940377926 1.801898485094486
-11.690168235257943 1.7917436554712332
-11.680259287366285 1.78571428571429
-11.668167832150194 1.7793866133910274
-11.650403159282359 1.7697436469634509
-11.647288761335663 1.7678571428571477
-11.645852721056318 1.7671082483073537
-11.642857142857144 1.7654882223341746
-11.616400800951451 1.7500000000000044
-11.601796124463938 1.7424081117411623
-11.59254437878615 1.7374218089822548
-11.583759231849838 1.7321428571428612
-11.571428571428573 1.7255943292753484
-11.5577054778374 1.7177164876835125
-11.551975744343789 1.7142857142857189
-11.534579017345843 1.7050733257650368
-11.514028548465745 1.692921434312141
-11.500000000000002 1.6860443837093575
-11.487067826341676 1.6785714285714333
-11.470278234970802 1.6681447269715903
-11.455080614888852 1.66071428571429
-11.42857142857143 1.6467798206052695
-11.423774836560437 1.6440562908598961
-11.421748588979519 1.6428571428571477
-11.415536145825053 1.6395983221705528
-11.390087970250134 1.6250000000000044
-11.380590089738018 1.6191381918512153
-11.35714285714286 1.6077509872104647
-11.356080600152286 1.6071428571428612
-11.335912661280872 1.5945932632512152
-11.325080035426078 1.5892857142857189
-11.296417630365395 1.574104407591352
-11.292300940417897 1.5714285714285756
-11.285714285714288 1.568101118549471
-11.247120038257616 1.545362847578457
-11.227356547530007 1.53571428571429
-11.214285714285715 1.5288580445544477
-11.201616181013058 1.521024526175311
-11.177548957575617 1.5086729536796222
-11.16238351152131 1.5000000000000036
-11.156740033493877 1.4965292773408203
-11.142857142857144 1.4894405324800397
-11.112622354381793 1.4718444114045557
-11.096958755168512 1.464285714285718
-11.071428571428573 1.4510270204539841
-11.066094832100864 1.4477620062605014
-11.063324991211879 1.4464285714285747
-11.055773320238584 1.442514758631078
-11.033703204016936 1.4285714285714324
-11.022091039464017 1.4230486687054285
-11. 1.4118591622988852
-10.977018282109958 1.398602572329657
-10.967882945660817 1.3928571428571468
-10.93208325491181 1.3758779565850983
-10.92995448441118 1.3746542360400662
-10.928571428571429 1.3739945354315406
-10.898600440539372 1.3571428571428612
-10.886494936397414 1.3498048373292217
-10.864411204509807 1.339285714285718
-10.857142857142858 1.3355523884414042
-10.840633076549183 1.3255560165769937
-10.831957195075189 1.3214285714285747
-10.808026778730977 1.3091495518256044
-10.794453140342753 1.3013867149143152
-10.769292048259777 1.2857142857142891
-10.714285714285715 1.2586846942352468
-10.703705480704812 1.2526450583952293
-10.698124172915294 1.2500000000000036
-10.682673953530028 1.2420970598110816
-10.658396720312016 1.228257962779142
-10.642857142857144 1.2209026978194446
-10.630997297138837 1.214285714285717
-10.61356563644557 1.2037514480314684
-10.571428571428573 1.1823982628406595
-10.566780286742773 1.1797334997428814
-10.564362814501619 1.1785714285714315
-10.55775847693807 1.1751539049488056
-10.532214148009642 1.1607142857142883
-10.522835655524649 1.1550053718331261
-10.500000000000002 1.1440784791604797
-10.49783469176224 1.142857142857146
-10.47764350507018 1.1305891237324586
-10.465939422387791 1.1250000000000036
-10.433752900536545 1.1084382251341394
-10.431447356725606 1.1071428571428603
-10.430607007156917 1.1066339624964883
-10.42857142857143 1.1056653859014052
-10.399368241350336 1.089285714285717
-10.387017234803608 1.0818171198705304
-10.365150167763899 1.0714285714285747
-10.35714285714286 1.067326353763998
-10.341034412928474 1.0575985396250278
-10.30904730000458 1.0415475392868618
-10.29860233724278 1.0357142857142883
-10.29482289206627 1.0334371341262933
-10.285714285714288 1.0291267441680558
-10.26551133324297 1.017857142857146
-10.248422109732555 1.0093230439954368
-10.245459147642121 1.0077933583391037
-10.231844695339056 1.0000000000000027
-10.214285714285717 0.9910415661044061
-10.203833798261922 0.9847558361488087
-10.182919126034106 0.9743012100799566
-10.164913405926342 0.9642857142857171
-10.158430296683983 0.9603924258290082
-10.142857142857146 0.9530490714661157
-10.130946150418822 0.9464285714285738
-10.113444599189046 0.935924564488456
-10.097840813913141 0.9285714285714306
-10.071428571428573 0.9151300744297854
-10.066232745043681 0.9120132423105112
-10.055788272672755 0.9068042110253343
-10.030655658424712 0.892857142857145
-10.021633334423232 0.887448809251338
-10.000000000000002 0.877267788908104
-9.995912096692464 0.8750000000000018
-9.991778989094664 0.8729447472736673
-9.974552727395723 0.863504675293929
-9.963385188635147 0.8571428571428594
-9.92857142857143 0.8394458554735245
-9.928382851821402 0.8393328584732247
-9.928282634836663 0.8392857142857171
-9.92800310965257 0.8391436345560024
-9.896053192317638 0.8214285714285738
-9.884597425918763 0.8145649292345976
-9.861225138424617 0.8035714285714306
-9.857142857142858 0.8014963974864449
-9.838557642723352 0.7903605893191648
-9.828680110216773 0.7857142857142883
-9.801138382546334 0.7717131670651574
-9.79169162005292 0.7663628092724863
-9.785714285714286 0.763550293131738
-9.761283886674107 0.7500000000000018
-9.747452345110657 0.7417083422937667
-9.727128090661104 0.7321428571428594
-9.714285714285715 0.725609969107234
-9.700100043461312 0.717832131991818
-9.693879514290822 0.7142857142857162
-9.674171661718617 0.7042572011439416
-9.655007288665846 0.693391034976397
-9.642857142857144 0.6876667287173079
-9.626479672535988 0.6785714285714306
-9.610293712843315 0.668855143217745
-9.593021885119981 0.6607142857142874
-9.571428571428573 0.649712980331457
-9.563368155896816 0.6448722467400838
-9.55909490692423 0.6428571428571441
-9.547222770461362 0.6368056926153418
-9.51835980542048 0.6204100486448816
-9.500000000000002 0.6117431248243568
-9.491732819212121 0.6071428571428585
-9.473187712850265 0.5959887860731499
-9.458996101783065 0.5892857142857153
-9.42857142857143 0.5737534284360519
-9.425666624519192 0.5721547724416327
-9.42439820593843 0.571428571428573
-9.420214233939355 0.569339272770554
-9.403130340463491 0.5599317005984155
-9.392028291854261 0.5535714285714306
-9.380393868894794 0.5477586756334478
-9.35714285714286 0.5357421301986518
-9.357092934959116 0.5357142857142874
-9.33616772800412 0.5231009251418293
-9.294467902291798 0.5021884041443787
-9.29094568043233 0.5000000000000018
-9.289132719987501 0.4991453914316981
-9.285714285714288 0.4974292564982621
-9.245329286603685 0.4743819640633662
-9.224040846843886 0.4642857142857153
-9.214285714285717 0.45928706009375464
-9.199229136337681 0.4501927159155823
-9.169411810258504 0.4352100954217697
-9.157548019805148 0.4285714285714297
-9.153249863777393 0.42597324834136785
-9.142857142857146 0.42103776165814555
-9.124415496903017 0.4107142857142865
-9.106785518974728 0.4018750488277485
-9.106120681600606 0.40153017040015193
-9.091054324844293 0.3928571428571441
-9.071428571428575 0.38278763580793385
-9.062317973693439 0.3772776494337853
-9.057524486318414 0.3750000000000009
-9.044314431445278 0.36822146500417663
-9.026550444030214 0.35714285714285765
-9.01736167169938 0.3528024392180136
-9.000000000000004 0.3440692623755206
-8.972459197299846 0.3283137721036118
-8.961418321115024 0.32142857142857206
-8.925322861219337 0.30438357040945174
-8.918896233645437 0.3011526298399305
-8.891315448261524 0.2857142857142865
-8.881312880594184 0.27967177985145586
-8.85714285714286 0.2675355618505586
-8.835788502788917 0.25533858858848646
-8.824529724983842 0.2500000000000009
-8.79336001464884 0.23405428937649564
-8.789936588977515 0.23214285714285765
-8.788698062944784 0.23139691283523334
-8.761108450190099 0.2142857142857153
-8.744851330806572 0.2066443101555011
-8.714285714285715 0.19137755066703477
-8.698634886803397 0.18248413544200837
-8.690333481920876 0.17857142857142883
-8.667137457766469 0.16678436444161804
-8.656186557736653 0.16071428571428648
-8.652254497289729 0.1583649471061399
-8.642857142857144 0.15395800492717626
-8.622775732144987 0.14285714285714324
-8.607597506032244 0.13381490920622507
-8.588741031318827 0.125
-8.571428571428573 0.1162800035776419
-8.560599116402544 0.10985022089936525
-8.554786457149174 0.10714285714285765
-8.53825920290589 0.09885051501218634
-8.520765012035179 0.08928571428571441
-8.514576314835915 0.08564163557673599
-8.490976946776613 0.07142857142857117
-8.468995558135104 0.06132253903765328
-8.42857142857143 0.04170794166699654
-8.421097127732532 0.03758286092401075
-8.417002031107339 0.03571428571428559
-8.405003730135103 0.029822361105203754
-8.374885504555408 0.013421481004005642
-8.35714285714286 0.005443735146691608
-8.346871949980288 0.