-8.781124837536984 0.
-8.785714285714288 0.0024982349275264326
-8.807292121484812 0.012462683914511885
-8.816450285100025 0.01785714285714235
-8.842322834444964 0.032009280039811294
-8.849703998083122 0.03571428571428559
-8.852301228893614 0.036924692776596935
-8.85714285714286 0.03980080891068294
-8.884468095841338 0.053571428571428825
-8.89982860608845 0.060757134192173545
-8.917729985089187 0.07142857142857117
-8.92857142857143 0.0774267396077839
-8.945056913110037 0.08516434315106292
-8.971119829068979 0.09992281441010142
-8.985314830099497 0.10714285714285765
-8.990400410190457 0.10954275459524432
-9.000000000000004 0.11500503886185154
-9.056861086470112 0.14285714285714324
-9.081531988713275 0.15818843139311145
-9.097267027770126 0.16717389979967479
-9.119507458867274 0.17857142857142883
-9.127557000299124 0.18239646421093436
-9.142857142857146 0.19165039341785395
-9.15216952618911 0.19642857142857206
-9.17356786627794 0.20660803343051626
-9.186248892562684 0.2142857142857153
-9.214285714285717 0.23002184158676897
-9.21720661781678 0.23141263126009193
-9.2217210769451 0.2340016978077033
-9.255519724566353 0.2500000000000009
-9.264135669827292 0.25539465397175043
-9.285714285714288 0.26778383743925804
-9.309474817206134 0.2797741528413251
-9.32201423682054 0.2857142857142865
-9.346102759321468 0.3008114041160814
-9.35146126976023 0.3035714285714288
-9.353414307999818 0.3045035658571891
-9.35714285714286 0.3067678729220962
-9.385600000268322 0.32142857142857206
-9.40036987331955 0.3284789602415419
-9.42857142857143 0.34468554698344445
-9.445068032774893 0.3530187060919925
-9.45185751878628 0.35714285714285765
-9.470470556846012 0.36761763921150337
-9.490021304135537 0.37749467396611713
-9.500000000000002 0.3835563575278469
-9.518048260739763 0.3928571428571441
-9.536394409185986 0.4016156834177904
-9.571428571428573 0.4217491637480659
-9.585226549885265 0.4285714285714297
-9.594374460440523 0.4343079008244173
-9.617896246165062 0.44642857142857295
-9.626475497180476 0.45052398284774053
-9.642857142857144 0.4604741058065027
-9.65025426329474 0.4642857142857153
-9.67226256443579 0.4747915017481965
-9.684365835600937 0.48214285714285854
-9.714285714285715 0.4989785051273419
-9.71569010630292 0.4996489019957
-9.716268153703695 0.5000000000000018
-9.717853048567372 0.5008918335704156
-9.750777243341913 0.5178571428571441
-9.76278474094601 0.5235895290492136
-9.782745273740346 0.5357142857142874
-9.785714285714286 0.5373852659220804
-9.807964795197398 0.5480088012006528
-9.842215296790222 0.5676966813404141
-9.849455441507258 0.571428571428573
-9.851773870331986 0.5727708181312909
-9.857142857142858 0.5757567702022985
-9.874681420556556 0.5849010734322908
-9.883384628207073 0.5892857142857153
-9.897009620168602 0.5971761663864221
-9.903787800777557 0.6009469501943903
-9.916082911062535 0.6071428571428585
-9.92857142857143 0.6141788410362095
-9.942593900864184 0.621494381926813
-9.949548080700508 0.6250000000000018
-9.96475174650647 0.6338120633733846
-9.965511324262524 0.6342349739227755
-9.982608319660018 0.6428571428571441
-9.987847261474872 0.645895327488426
-10.000000000000002 0.6526652695152704
-10.015588536331974 0.6607142857142874
-10.034745130872658 0.6698851458532662
-10.049008119297369 0.6785714285714306
-10.071428571428573 0.6912329702278344
-10.078554777378594 0.6946470199410681
-10.089448678048067 0.7009335980834468
-10.115254657547624 0.7142857142857162
-10.12355023902529 0.7191124402436806
-10.142857142857146 0.7299018726819266
-10.147184503409292 0.7321428571428594
-10.150438158926313 0.7340381111601513
-10.168606012796868 0.7435627825150712
-10.181315678557933 0.7500000000000018
-10.191207797855547 0.7557694791075438
-10.211581617921441 0.767181118766076
-10.212914921154935 0.767857142857145
-10.213325797660307 0.768097122013498
-10.214285714285717 0.7686355050843918
-10.247153346255823 0.7857142857142883
-10.258698897188806 0.7924681328456584
-10.2726523886565 0.8003059543069835
-10.279076309934142 0.8035714285714306
-10.285714285714288 0.8073525282433236
-10.304911732669849 0.8166292096896841
-10.31272441557534 0.8214285714285738
-10.333783535822453 0.8334458839556156
-10.34911042958663 0.8412938211747747
-10.35714285714286 0.8462456146728332
-10.377979966025663 0.8571428571428594
-10.393042527527685 0.8660250824037963
-10.393335909107105 0.8661911201339203
-10.410549125628242 0.8750000000000018
-10.42857142857143 0.8853514939800906
-10.438179317585737 0.8904551706035679
-10.442863165998034 0.892857142857145
-10.453287259888771 0.8990361006864811
-10.46031520262546 0.9027783422007802
-10.475755171096036 0.9107142857142883
-10.482932390191221 0.9149811881664833
-10.500000000000002 0.9247145391375984
-10.50730790525469 0.9285714285714306
-10.528931088380151 0.939195799333536
-10.54052476402637 0.9464285714285738
-10.571126583276513 0.9642102172477021
-10.571268799284452 0.9642857142857171
-10.571322435897622 0.9643122481684543
-10.571428571428573 0.9643756205301743
-10.617529769436267 0.9884747004980792
-10.635821541528715 1.0000000000000027
-10.642857142857144 1.0041355864999888
-10.661184785049503 1.0132752323090557
-10.687206228492284 1.028944414265931
-10.700961205155673 1.0357142857142883
-10.704587628085454 1.0381388072643531
-10.714285714285715 1.0440356938518116
-10.749340217819157 1.0626649455452144
-10.76700824219422 1.0714285714285747
-10.791302569012045 1.0878886434612776
-10.793470473485943 1.089285714285717
-10.798957949052264 1.0925966301202115
-10.82541693365469 1.1071428571428603
-10.835782395942296 1.1124829724430008
-10.854980667928082 1.1250000000000036
-10.857142857142858 1.1263223204066604
-10.878650510481403 1.1374802295225095
-10.886844170074601 1.142857142857146
-10.907121560048713 1.1553518185836094
-10.920510145442819 1.1627296064964403
-10.928571428571429 1.1680980551440534
-10.947110312349798 1.1785714285714315
-10.964024711443848 1.1875652507104695
-11. 1.2100207529315385
-11.00530979799921 1.2129582647859145
-11.007953151091996 1.214285714285717
-11.01257623499657 1.2174297730348602
-11.049916414689973 1.2375208963275108
-11.069169962063802 1.2500000000000036
-11.071428571428573 1.2513675583880843
-11.0918260376126 1.2627577763111395
-11.101323745259997 1.267857142857146
-11.113148552821311 1.2752842903661037
-11.121737415039219 1.2804343537598077
-11.131539434025642 1.2857142857142891
-11.134751795503078 1.287740622552806
-11.142857142857144 1.2926202136097116
-11.162569011408912 1.3035714285714324
-11.179361411498403 1.31230250426826
-11.193239740176239 1.3214285714285747
-11.214285714285715 1.3343897446222126
-11.220624016162443 1.337701138816536
-11.228941385299263 1.3429496320391054
-11.254146458921397 1.3571428571428612
-11.262968881064271 1.3628292083053646
-11.280775829011231 1.3737653858242398
-11.283019436395406 1.3750000000000036
-11.285714285714288 1.376688480843944
-11.30640218060171 1.387685169135291
-11.314107162490728 1.3928571428571468
-11.332744311385552 1.4046146492749632
-11.347744712962212 1.4130638217594518
-11.35714285714286 1.4194571428375804
-11.37293498161256 1.4285714285714324
-11.382459282071638 1.4349005348036261
-11.388654990012602 1.438550538211139
-11.402611359009427 1.4464285714285747
-11.42857142857143 1.4632131347007267
-11.429914645038926 1.4639499101688438
-11.430400424911294 1.464285714285718
-11.431535316917513 1.465026686372239
-11.472664857315895 1.4889766428138875
-11.488309949156012 1.5000000000000036
-11.500000000000002 1.507804854351816
-11.512312636630728 1.5147789836994647
-11.526388374591525 1.5244542365050275
-11.546982392485967 1.53571428571429
-11.552801002982267 1.5403711778258664
-11.571428571428573 1.5535460240255592
-11.592198258971091 1.566236149542946
-11.601481177172486 1.5714285714285756
-11.61433740843973 1.582155780681365
-11.625492329234032 1.5892857142857189
-11.630709867970785 1.5923225330073087
-11.642857142857144 1.60119981050779
-11.65244318007242 1.6071428571428612
-11.658189921211163 1.6109760517313658
-11.670315565883683 1.6181353942433692
-11.682478674682928 1.6250000000000044
-11.691140145864738 1.6307863921052492
-11.70753189962816 1.6411686891927584
-11.710519580521145 1.6428571428571477
-11.711543768661425 1.6435426292632203
-11.714285714285715 1.6452823956164826
-11.74069949277313 1.66071428571429
-11.754811697985486 1.66843993264649
-11.769494405353335 1.6785714285714333
-11.785714285714286 1.6890635898241424
-11.794935056592568 1.6941233787090058
-11.806141918618762 1.7015354796546953
-11.827820032957177 1.7142857142857189
-11.836960962875425 1.7193311878525765
-11.855385802732984 1.7321428571428612
-11.857142857142858 1.733290140809129
-11.877929225748195 1.7448034078486696
-11.887695839424378 1.7500000000000044
-11.902785445450057 1.7614106470768043
-11.918254855843685 1.7704362860390832
-11.928571428571429 1.777690567611896
-11.94202272615864 1.78571428571429
-11.95988590276087 1.7957428100240724
-11.970967328711398 1.8035714285714333
-11.996475889913228 1.8205475439068834
-11.997938197489491 1.8214285714285765
-11.998568231957496 1.8217865134392026
-12. 1.8228093546199515
-12.027185965040715 1.8392857142857189
-12.040639638593648 1.8469829474944497
-12.05476765217103 1.857142857142862
-12.071428571428571 1.8684672685943617
-12.079331910388246 1.8730241652600848
-12.08816182551159 1.879183313520758
-12.110234472936934 1.892857142857146
-12.11997631847375 1.898577348952994
-12.142857142857142 1.9148508452964652
-12.165778585809885 1.9285714285714306
-12.175606151575163 1.9367586807509358
-12.197606364963578 1.9505984087591068
-12.221542372489479 1.9642857142857153
-12.235953580720148 1.97672589053425
-12.257614299354357 1.9929750034100175
-12.268172355666902 2.