-8.944222000972013 0.
-8.958744184300278 0.008251163139945561
-8.962851066347834 0.010427356126707643
-8.977936550391977 0.01785714285714235
-8.984469553217313 0.020963232213681238
-9.000000000000005 0.02927755951358524
-9.009991097353602 0.03371606624356627
-9.013370186088197 0.03571428571428559
-9.020990043864986 0.03991229448728184
-9.061428344942971 0.05914290243997833
-9.081858707809566 0.07142857142857117
-9.089285714285719 0.07558746684171957
-9.110171621347986 0.08510853287326103
-9.132345878754352 0.09789774717944155
-9.1509790787102 0.10714285714285765
-9.15931742381564 0.11099365809401629
-9.178571428571434 0.12223110528494985
-9.22234230805462 0.14285714285714324
-9.239561896119973 0.15505523636685137
-9.250796281289615 0.16071428571428648
-9.25499824986956 0.16328606431180415
-9.267857142857148 0.17053302614656562
-9.283752030971666 0.17857142857142883
-9.305648239328349 0.18887035213433112
-9.317773701649148 0.19642857142857206
-9.344070261212051 0.21167119509955334
-9.34920582602098 0.2142857142857153
-9.35114359882415 0.21548556594945723
-9.357142857142861 0.21890004029528587
-9.383080844157899 0.23214285714285765
-9.401860973900513 0.24105637664847013
-9.416088803413041 0.2500000000000009
-9.446428571428577 0.2677269701503171
-9.446621211519053 0.2678186148390491
-9.446814053804445 0.26793423933231786
-9.48141636246533 0.2857142857142865
-9.49456877540927 0.2939433877752906
-9.49830972460061 0.2960905163486922
-9.51358659975758 0.3035714285714288
-9.53571428571429 0.3165683074015817
-9.542412317788678 0.320088965013694
-9.545144703834824 0.32142857142857206
-9.549553979117585 0.324196510109231
-9.566518862623619 0.3331247989038495
-9.579072294974722 0.3392857142857153
-9.590158121846713 0.3462540899163731
-9.6005814239097 0.35225914192479735
-9.61052356738013 0.35714285714285765
-9.625000000000004 0.3656745954741316
-9.63871715771993 0.37225656845601574
-9.643037543111205 0.3750000000000009
-9.652291176154682 0.3804582352309369
-9.676254795736925 0.3928571428571441
-9.68743054404369 0.39822817690555024
-9.714285714285719 0.414477888778066
-9.734247298377827 0.4245791117530082
-9.740521390742009 0.4285714285714297
-9.752684569859102 0.43625119968610715
-9.756111704932852 0.4380633732991468
-9.77308969608667 0.44642857142857295
-9.780418846637973 0.45105908781526516
-9.803127505522625 0.4641969296759534
-9.803307622357293 0.4642857142857153
-9.803571428571434 0.4644417950988373
-9.829537159774823 0.47694971090218097
-9.855092974239401 0.49244716627645246
-9.86964231476353 0.5000000000000018
-9.875216750667882 0.5035280784378546
-9.892857142857148 0.5137491380491728
-9.898485851230527 0.5167314011824686
-9.900766678248603 0.5178571428571441
-9.924614576870336 0.5293627989116496
-9.93456615303352 0.5357142857142874
-9.955796544424267 0.5483021660277121
-9.970678628477607 0.555864274304481
-9.982142857142861 0.5631890884740791
-9.997981643459537 0.571428571428573
-10.019477508838964 0.5818187839464954
-10.03115631012076 0.5892857142857153
-10.056027595928835 0.6040626620429101
-10.061940990517435 0.6071428571428585
-10.0647146968113 0.6084856320663139
-10.071428571428577 0.6127843849201566
-10.094861043117543 0.6250000000000018
-10.114100064265788 0.6343228442897022
-10.127416692840164 0.6428571428571441
-10.155706199955258 0.6597126685624808
-10.157624087848955 0.6607142857142874
-10.15852550600786 0.6611520416555736
-10.16071428571429 0.662557600189035
-10.182548610508455 0.6742045636125971
-10.191342362469186 0.6785714285714306
-10.20843648214246 0.6868841321429393
-10.250000000000004 0.7123441138803539
-10.25272757847385 0.7137401985909468
-10.253940871725616 0.7142857142857162
-10.25536569166459 0.7153588526186336
-10.287336121914961 0.7321428571428594
-10.302423309990687 0.7395153380018655
-10.318655319451823 0.7500000000000018
-10.339285714285719 0.7624074248480657
-10.346674457298453 0.7663793942545984
-10.349629607870444 0.767857142857145
-10.354274097485066 0.7708548194970142
-10.370332729512294 0.7795048826689737
-10.38272770166842 0.7857142857142883
-10.393551093169526 0.7927183527946697
-10.403396478019161 0.7985364384609763
-10.41342721720198 0.8035714285714306
-10.428571428571432 0.8127453068859989
-10.441097600626204 0.8189233370176199
-10.444942581517795 0.8214285714285738
-10.452975844104811 0.8263094545352496
-10.489006742959521 0.8450557942652415
-10.507456223646695 0.8571428571428594
-10.517857142857146 0.8635032068743982
-10.534330796883305 0.87170526919477
-10.549725995416471 0.8813737705118667
-10.571113720329821 0.892857142857145
-10.581382391951925 0.8980092358953327
-10.607142857142861 0.9143177290453375
-10.626732242277765 0.9246535515444503
-10.635235522175922 0.9285714285714306
-10.644701104550945 0.9360830780530476
-10.663733529618739 0.9464285714285738
-10.672956458403553 0.9511229940335779
-10.69257536568372 0.9642857142857171
-10.696428571428575 0.9667083530516338
-10.7181092230009 0.977806726828395
-10.737533276023129 0.9903637980617708
-10.754984210703027 1.0000000000000027
-10.761916535859857 1.0047595499708892
-10.781663258014651 1.0170469373172182
-10.783207700603532 1.017857142857146
-10.785714285714288 1.0194646281284765
-10.808216503629623 1.0312138421312218
-10.814767699997557 1.0357142857142883
-10.827788551087748 1.0441291387889802
-10.852884818374239 1.0579944648965842
-10.872150475966578 1.0714285714285747
-10.875000000000004 1.0733025625600048
-10.896732708215117 1.0849391726426942
-10.902914609045038 1.089285714285717
-10.914946294897018 1.0972749732651206
-10.932021541110213 1.1071428571428603
-10.940663429167511 1.1118673141665019
-10.964285714285717 1.128215152274489
-10.983222022427437 1.139069881228802
-10.990926942545109 1.142857142857146
-10.99836744701833 1.1496734894036686
-11.016856414789828 1.1607142857142883
-11.026416188353185 1.166145333757938
-11.043151110434223 1.1785714285714315
-11.05357142857143 1.185948469484451
-11.066236119338832 1.193895633275094
-11.07065880637737 1.1964285714285747
-11.077083340562847 1.2011309538268575
-11.087784348402229 1.2074431303195574
-11.100689948620149 1.214285714285717
-11.11005467842232 1.2208462071726816
-11.121023395446008 1.227776107660632
-11.12924593829836 1.2321428571428603
-11.142857142857146 1.2409697789769325
-11.155261438004358 1.247519140970561
-11.158837011665698 1.2500000000000036
-11.16593977241757 1.2546165259120885
-11.201033629956244 1.2740789882944696
-11.217715558423453 1.2857142857142891
-11.232142857142861 1.2951511180659079
-11.243637474014344 1.3012725051971357
-11.253400197603321 1.3078228966635246
-11.277198391448112 1.3214285714285747
-11.28920337065259 1.3278736115837724
-11.321428571428575 1.3496873594574552
-11.331207923482504 1.3551869867320754
-11.335254128564324 1.3571428571428612
-11.339348298468133 1.360726802550773
-11.363974423607887 1.3750000000000036
-11.376510001940336 1.3818408567547946
-11.391891252044179 1.3928571428571468
-11.410714285714288 1.4055657488950484
-11.41758178525106 1.4093407858069353
-11.423133129826397 1.4131980545367115
-11.449134132593807 1.4285714285714324
-11.45985218302787 1.436600991965859
-11.46367420467456 1.4391634123634862
-11.476684817093142 1.4464285714285747
-11.500000000000004 1.462604446392266
-11.502198128618655 1.4638460885619873
-11.50279132048573 1.464285714285718
-11.50390135108241 1.4650659845021998
-11.546699217174444 1.4906601565651156
-11.559019209276903 1.5000000000000036
-11.581642020150198 1.5163284040300429
-11.584094144113319 1.5178571428571468
-11.585401002460802 1.5186340852221294
-11.589285714285717 1.52166266216783
-11.61142338828744 1.53571428571429
-11.62806130561681 1.5458163103052138
-11.654955594282336 1.5667054045707571
-11.662142615107784 1.5714285714285756
-11.665219072665556 1.5740990426097508
-11.67857142857143 1.584287735741749
-11.684175145651293 1.5881649708697463
-11.685965178397952 1.5892857142857189
-11.6880649029532 1.5911844091620733
-11.70414604757526 1.6020279333420957
-11.71311087681205 1.6071428571428612
-11.724662825087027 1.6157817206968845
-11.725901164595266 1.6166088043476279
-11.741009841173426 1.6250000000000044
-11.746683744594316 1.629234679652571
-11.766798517264304 1.6426454177385796
-11.767180275191997 1.6428571428571477
-11.767857142857146 1.6433189780186677
-11.790881490416242 1.6561094162024714
-11.797179392933426 1.66071428571429
-11.80931582372632 1.6690060218881255
-11.82546838107798 1.6785714285714333
-11.833875392073596 1.6832249215852864
-11.85714285714286 1.6994312280586499
-11.876201485182948 1.710473988677701
-11.88143395021497 1.7142857142857189
-11.891551159472877 1.7211673747517224
-11.919807899204274 1.7374669915877208
-11.94530485933631 1.7500000000000044
-11.9618298210985 1.7647768929231624
-11.974387990435616 1.7734490266585565
-11.995320263791855 1.78571428571429
-12.003982972852306 1.7920605482866865
-12.01534955897847 1.7994984832242693
-12.0228004230298 1.8035714285714333
-12.035714285714288 1.8121996535797917
-12.048119143369364 1.8189475998975615
-12.051607460306444 1.8214285714285765
-12.058486165407995 1.8259829473673177
-12.093280508194642 1.8456296126467908
-12.109683610743685 1.857142857142862
-12.125000000000002 1.8671471955869814
-12.135730841283713 1.872853831743262
-12.13884042643947 1.8750000000000036
-12.145122416418353 1.8790244832836738
-12.169687323740282 1.892857142857146
-12.182009728845161 1.899312339945257
-12.198872101337667 1.9107142857142883
-12.214285714285715 1.9203824073601519
-12.225808451141624 1.9262668812002488
-12.229327700623701 1.9285714285714306
-12.23675238700695 1.9330647631156772
-12.26159145733014 1.946428571428573
-12.2736067196256 1.9524215132177396
-12.292301873778314 1.9642857142857153
-12.30357142857143 1.9708886627613982
-12.3201943253284 1.978818277791464
-12.338321479454153 1.9890928673194024
-12.360185700228373 2.