-12.44019019684721 2.
-12.428849577547057 1.992801513062017
-12.421950027882184 1.9879614341478655
-12.415497706047068 1.9821428571428577
-12.392857142857144 1.966741148240855
-12.39031428910389 1.9647942850363664
-12.389560096411753 1.9642857142857153
-12.38822323149749 1.9633589320137839
-12.371553965169861 1.9506892069660298
-12.366611000309716 1.946428571428573
-12.353867886205826 1.9386307200983088
-12.351500087506782 1.9368428396415025
-12.341828255494427 1.9285714285714306
-12.319375401493405 1.9138750802986833
-12.31526727333062 1.9107142857142883
-12.312964415775895 1.9088356882733954
-12.30357142857143 1.9030979295245043
-12.289922165269497 1.892857142857146
-12.283006910036018 1.8887442391500633
-12.272633268027814 1.8811876321087269
-12.265098868361946 1.8750000000000036
-12.252277000786604 1.8674017426998262
-12.246363656865244 1.863558445658767
-12.238512089027951 1.857142857142862
-12.233617893773507 1.8532764212453037
-12.214285714285715 1.8418036519294976
-12.21083131931166 1.8392857142857189
-12.193228112352768 1.825640091815166
-12.18601694927442 1.8214285714285765
-12.172603347359486 1.81309209804333
-12.159457481554329 1.8035714285714333
-12.152360644394278 1.798099299692578
-12.131036561659956 1.78571428571429
-12.125000000000002 1.7819795310010624
-12.109212364317646 1.771014669993619
-12.105159158985204 1.7678571428571477
-12.094485778928416 1.7617542986428303
-12.088158710024391 1.757368257995127
-12.078680410235515 1.7500000000000044
-12.067535150403172 1.743635827062227
-12.05545178369642 1.736090356739287
-12.05036494844199 1.7321428571428612
-12.035714285714288 1.7232078027193527
-12.025626392263261 1.7163032929759243
-12.022995215996586 1.7142857142857189
-12.016707012590421 1.7104842596609453
-11.986053120649203 1.6885036615844502
-11.968496281195398 1.6785714285714333
-11.946428571428573 1.6652450752700547
-11.941265936504662 1.6617468126990724
-11.939905058283102 1.66071428571429
-11.936296465463279 1.658687864521231
-11.920563886040375 1.6480300799347871
-11.913744567163825 1.6428571428571477
-11.901720530531769 1.6339416081793656
-11.85714285714286 1.6077780136991429
-11.856441968790264 1.6072830348133804
-11.856191291671589 1.6071428571428612
-11.855763619987727 1.6068670097118352
-11.83232327985028 1.5892857142857189
-11.819790410398806 1.5788990607773865
-11.807965719629477 1.5714285714285756
-11.786459041424605 1.5572918082849245
-11.781597548442186 1.5535714285714324
-11.778844551112003 1.551373946920461
-11.767857142857146 1.544693448459089
-11.755833478962698 1.53571428571429
-11.749668035376713 1.5320764642182034
-11.738123393100881 1.5238038928084006
-11.730765285734181 1.5178571428571468
-11.717432552272102 1.5100849181170117
-11.712169515215177 1.506719617328752
-11.703714758949182 1.5000000000000036
-11.698482782324518 1.4960177292493864
-11.67857142857143 1.4844758004021097
-11.675294694500282 1.4821428571428612
-11.67352080758618 1.4811327329458113
-11.655658837246937 1.4688682325506166
-11.64970428047662 1.464285714285718
-11.633898064406294 1.4553632442616022
-11.63386878582636 1.4553451857367037
-11.622143020765458 1.4464285714285747
-11.61349691829582 1.4415863306265546
-11.59362727424636 1.429439740563561
-11.592473008937235 1.4285714285714324
-11.589285714285717 1.426681066604032
-11.572088729490503 1.4141536826733327
-11.553820662881261 1.403621275433398
-11.53792527807476 1.3928571428571468
-11.529667904725155 1.3869235619121163
-11.507857247428399 1.3750000000000036
-11.500000000000004 1.370436839035845
-11.484387705302483 1.3602653160823657
-11.48007984332484 1.3571428571428612
-11.469514469781371 1.351045751099135
-11.451795280362118 1.339285714285718
-11.4427298464914 1.3328826021302955
-11.421403609420436 1.3214285714285747
-11.410714285714288 1.3153136104461494
-11.396756781835359 1.3063629293472179
-11.392835709147946 1.3035714285714324
-11.383158117935 1.2980601950155748
-11.36867603279003 1.2857142857142891
-11.321428571428575 1.2605962506254746
-11.309193490165764 1.2524470162525656
-11.304562179572681 1.2500000000000036
-11.295299739586385 1.2447742336315653
-11.266004869276218 1.225370454716189
-11.244917642760683 1.214285714285717
-11.232142857142861 1.2069842044308752
-11.220440522762948 1.1987690383045573
-11.2081847485952 1.1916369497190429
-11.189562801217175 1.1785714285714315
-11.17959426022347 1.1712240050981668
-11.160927556071563 1.1607142857142883
-11.142857142857146 1.1500045270639596
-11.134603881272788 1.1445077951740172
-11.132381503742751 1.142857142857146
-11.126397736613564 1.1395652616084293
-11.11325891212869 1.1309196461456947
-11.105175818488695 1.1250000000000036
-11.09132200693398 1.1174498843274936
-11.084296474125026 1.1132878662535797
-11.075797054087662 1.1071428571428603
-11.05357142857143 1.094383104660932
-11.04753231392806 1.0904935372143907
-11.045841357940809 1.089285714285717
-11.041649940345545 1.08690141664054
-11.02345963152824 1.0714285714285747
-11.005943357901229 1.063097042705472
-10.964285714285717 1.040225010229312
-10.959045775824567 1.0367622734065183
-10.957040283673503 1.0357142857142883
-10.952968600914891 1.0334508630401231
-10.928499771408916 1.017857142857146
-10.916322543639296 1.0095926341292873
-10.897699942707655 1.0000000000000027
-10.875000000000004 0.9875357748131091
-10.868832491727725 0.9833763587973152
-10.861461711571486 0.9794351994571562
-10.83722274947381 0.9642857142857171
-10.825346094212883 0.9563593525859977
-10.80571715260593 0.9464285714285738
-10.785714285714288 0.9356141909223945
-10.776960597443466 0.9303221662255945
-10.774323839584914 0.9285714285714306
-10.767586870930618 0.9249459456146969
-10.744463627788198 0.9107142857142883
-10.733274545173394 0.903345090965324
-10.712248425544841 0.892857142857145
-10.696428571428575 0.8844079684899695
-10.68462151963942 0.8773614103578327
-10.681012306171912 0.8750000000000018
-10.671729458750063 0.8700601774642998
-10.65492611000865 0.8571428571428594
-10.607142857142861 0.8333449188994537
-10.592611945103243 0.8243347538364976
-10.586701264341736 0.8214285714285738
-10.574218841829337 0.8148437683658685
-10.546611363441217 0.7978205844546169
-10.521858027387877 0.7857142857142883
-10.517857142857146 0.7836132143340659
-10.499211048459058 0.7715863617367624
-10.47533887420066 0.7593534891258473
-10.459698809873823 0.7500000000000018
-10.452310377955438 0.7452522101232004
-10.428571428571432 0.7337178138801566
-10.425932326596842 0.7321428571428594
-10.424149476192268 0.7312584666670263
-10.403597576240662 0.719280484751871
-10.395755330621379 0.7142857142857162
-10.379514312287634 0.7062399946853324
-10.374194132668299 0.7034102551050889
-10.363213096016587 0.696428571428573
-10.35632554357727 0.693020605570263
-10.339285714285719 0.6839693978555923
-10.330196239514486 0.6785714285714306
-10.324017243069376 0.675517734328162
-10.308958856476762 0.6667796572760789
-10.299388910586798 0.6607142857142874
-10.274412612473055 0.6477396653517546
-10.26782760755708 0.6428571428571441
-10.262309492121535 0.6403952444328382
-10.250000000000004 0.6341562372330971
-10.216491037050364 0.6138446497327861
-10.202567243251057 0.6071428571428585
-10.172745392522105 0.5916919356472778
-10.168672188298665 0.5892857142857153
-10.166768339519756 0.588074903524622
-10.16071428571429 0.585165451743392
-10.137441858277393 0.571428571428573
-10.121640535589638 0.5613861785963605
-10.105367831906486 0.5535714285714306
-10.071428571428577 0.5360204743291286
-10.071061946861244 0.5357876106277537
-10.070909166036346 0.5357142857142874
-10.070581310083137 0.5355448334451989
-10.040560545006436 0.5178571428571441
-10.026560638487004 0.5089735865883158
-10.007843804239096 0.5000000000000018
-9.982142857142861 0.4867284734065356
-9.97623284163192 0.4833248602450464
-9.974352018252057 0.48214285714285854
-9.968994365755522 0.4795131588653909
-9.952752746986961 0.4701637363168949
-9.943394655222663 0.4642857142857153
-9.928759723576256 0.45710519814189343
-9.91804330682402 0.4514658042219475
-9.910019540603717 0.44642857142857295
-9.892857142857148 0.4375779267611355
-9.881237521604318 0.4308953528219961
-9.877533707133223 0.4285714285714297
-9.867818573248936 0.42356371464978704
-9.835769064614766 0.4042747585056201
-9.811883782302075 0.3928571428571441
-9.803571428571434 0.388577239169285
-9.786033593164143 0.37850756708145905
-9.780432287636081 0.3750000000000009
-9.764446528174602 0.3671750199206345
-9.761594035229482 0.36553833581124806
-9.748175875245513 0.35714285714285765
-9.740024455844843 0.3519951088310327
-9.714285714285719 0.33907213920815327
-9.692236144686133 0.32583848534848947
-9.682982356437087 0.32142857142857206
-9.662992779549647 0.31116998448135735
-9.649996760049934 0.3035714285714288
-9.643970483653586 0.299777331840712
-9.625000000000004 0.29075826217028844
-9.616362335729544 0.2857142857142865
-9.610350068441013 0.28278429940248895
-9.594783699441882 0.27390040296876794
-9.585061336734205 0.2678571428571441
-9.570688601694995 0.26086227966100317
-9.558645621042041 0.25458626706555165
-9.551252502327431 0.2500000000000009
-9.546721865741251 0.24779848399460835
-9.53571428571429 0.24207282046182232
-9.518622227482865 0.23214285714285765
-9.501127488801211 0.22120307366833103
-9.486470314965482 0.2142857142857153
-9.454483333627046 0.19803952386826573
-9.450415431922966 0.19563119932969375
-9.446428571428577 0.19375994912427075
-9.42008091466612 0.17857142857142883
-9.404733864216428 0.16905322715671556
-9.386907129335862 0.16071428571428648
-9.357142857142861 0.14573751933046264
-9.353355736455649 0.14361456699458586
-9.35211014669393 0.14285714285714324
-9.348767965484058 0.14118216452538235
-9.307450728272888 0.11708128291685238
-9.285928500530243 0.10714285714285765
-9.267857142857148 0.09817141531482143
-9.256883930829927 0.09148035669115817
-9.241378739241075 0.08399003356249946
-9.223114626949997 0.07142857142857117
-9.208906718766661 0.06536151338952578
-9.178571428571434 0.050895935002952086
-9.158848097193015 0.039658951989969715
-9.150082100839658 0.03571428571428559
-9.129973582722151 0.025994716544428975
-9.10857100481969 0.014000084750348307
-9.089285714285719 0.005476334661995708
-9.079197667744355 0.