-10.299135220587518 2.
-10.294968949405304 1.9976863340772466
-10.285714285714288 1.9920765776345144
-10.247272544222037 1.9642857142857153
-10.214594941339238 1.946505878191953
-10.214429298927563 1.946392675268111
-10.191266308672542 1.9285714285714306
-10.175851237456376 1.9203229049216235
-10.142857142857146 1.901152615477291
-10.133834724634662 1.8951127474127665
-10.130830111273722 1.892857142857146
-10.120005423652087 1.8871442130558815
-10.09325205984375 1.8695441278962095
-10.071428571428573 1.8576765466235265
-10.070596038278442 1.857142857142862
-10.051642452538381 1.8442322440082668
-10.020165888822978 1.8264700436343206
-10.012192776231805 1.8214285714285765
-10.008891181868577 1.819205775961433
-10.000000000000002 1.814464991618288
-9.98266849578859 1.8035714285714333
-9.968326277635157 1.7956529979802216
-9.965994806381218 1.7942155841189855
-9.952864227337383 1.78571428571429
-9.92857142857143 1.771973623643289
-9.923804438377172 1.7690488904057124
-9.921954193853432 1.7678571428571477
-9.916394023053316 1.7648127914776195
-9.902722751558642 1.7564621692532016
-9.892642011119138 1.7500000000000044
-9.881486530671209 1.7439140816179162
-9.863624477222459 1.7337632621627614
-9.861085753253773 1.7321428571428612
-9.857142857142858 1.7299379386845812
-9.838861370506814 1.7188560859447302
-9.831673896789306 1.7142857142857189
-9.810969060418318 1.7027422651045843
-9.796533832762002 1.6937236846666472
-9.785714285714286 1.6881187421422874
-9.770080460833642 1.6785714285714333
-9.754645861022553 1.6684813918872239
-9.739612217844645 1.66071428571429
-9.714285714285715 1.6467008214050658
-9.709759854412345 1.6439886078254906
-9.707958284369326 1.6428571428571477
-9.702722561397305 1.6399663546350451
-9.678031421169 1.6250000000000044
-9.668257169169596 1.618649993421891
-9.64583559930938 1.6071428571428612
-9.642857142857144 1.605439286812989
-9.6253779427219 1.5936555143195292
-9.617194891623758 1.5892857142857189
-9.597883562259941 1.5780423191364177
-9.588899743816 1.5714285714285756
-9.571428571428573 1.5618462821429135
-9.542265815646376 1.5430049746598389
-9.528594201059942 1.53571428571429
-9.500000000000002 1.5195185199910926
-9.498189643089827 1.518309732084691
-9.495197106332691 1.5166564194403191
-9.468238894868374 1.5000000000000036
-9.457315092765775 1.4928140839514175
-9.42857142857143 1.4771578339137754
-9.413855588740272 1.4679646742435075
-9.406732408835513 1.464285714285718
-9.388593881897744 1.4542913276172964
-9.375593517700615 1.4464285714285747
-9.370444450378939 1.443103173119555
-9.34905807482723 1.4285714285714324
-9.327855628440613 1.4180360928898512
-9.285714285714288 1.3955934587611356
-9.282530564075726 1.393653073266787
-9.281343471237026 1.3928571428571468
-9.276847334299987 1.3906404050035714
-9.240197326642097 1.368522096910909
-9.217428505969664 1.3571428571428612
-9.214285714285717 1.3554595645889318
-9.195934419518146 1.3438735379776112
-9.16241928731643 1.3263191075433962
-9.15405063549781 1.3214285714285747
-9.15085974015666 1.3194279221036957
-9.142857142857146 1.315474752442137
-9.122415425025567 1.3035714285714324
-9.105808145136233 1.2949765351445182
-9.103478158909093 1.2937266825844187
-9.090072950895163 1.2857142857142891
-9.071428571428575 1.2758559040401218
-9.06226935832846 1.270146946132174
-9.045144802765067 1.261286200691269
-9.02558353697514 1.2500000000000036
-9.01823320416818 1.2454416989579595
-9.000000000000004 1.2365406123115665
-8.99235759741149 1.2321428571428603
-8.985080824676013 1.2284130633118622
-8.972353597020378 1.221197315030623
-8.960655302673304 1.214285714285717
-8.92857142857143 1.1974109431107252
-8.927442235538718 1.1967108696867523
-8.925354318073612 1.1956242938041202
-8.896123064989558 1.1785714285714315
-8.88499086677018 1.1716094261646015
-8.862874630385752 1.1607142857142883
-8.85714285714286 1.1576854156132583
-8.839083550205846 1.1473719695913989
-8.831497123910433 1.142857142857146
-8.816518943210127 1.1351559784831862
-8.807827630288772 1.130528336143624
-8.798498671776093 1.1250000000000036
-8.79430689009482 1.1228518489048707
-8.785714285714288 1.1182928230087912
-8.766280092726618 1.1071428571428603
-8.751277456223226 1.097894921658483
-8.733527460792791 1.089285714285717
-8.714285714285715 1.079253801112963
-8.705234754111492 1.07369131147213
-8.700554420799135 1.0714285714285747
-8.687835761857238 1.064816083321455
-8.660732931983944 1.0491024812897312
-8.642857142857144 1.040510879903267
-8.634390880352525 1.0357142857142883
-8.616082648740981 1.0245507663861861
-8.602119176624633 1.017857142857146
-8.571428571428573 1.0020175300698542
-8.568928304424222 1.0006250667510903
-8.567849411299948 1.0000000000000027
-8.56447316917313 0.998261149436142
-8.525352873294963 0.9758046388191186
-8.501158631699974 0.9642857142857171
-8.500000000000002 0.9636912388188383
-8.479805060494071 0.9514773063050566
-8.439795562530762 0.9313774620612634
-8.435285778098502 0.9285714285714306
-8.432957698968348 0.9274748609722012
-8.42857142857143 0.9252780193797454
-8.389024136182991 0.9027439659542553
-8.373072531064983 0.892857142857145
-8.3427365563281 0.8786015752036915
-8.313872235583656 0.8641823446102013
-8.301206421323709 0.8571428571428594
-8.2966489685489 0.8544091864342063
-8.285714285714288 0.8489584260057415
-8.252009125828462 0.8298548614000305
-8.23409747802814 0.8214285714285738
-8.214285714285717 0.8113662235373011
-8.20510121844629 0.8058675525312875
-8.186554879232087 0.7966387198080236
-8.168784588099639 0.7857142857142883
-8.159752730826227 0.7814903887220179
-8.142857142857146 0.7730946329496904
-8.11451197641186 0.7570862916113237
-8.099399191054962 0.7500000000000018
-8.071428571428575 0.7358320163819165
-8.066793179165336 0.7333017052086692
-8.064749903717603 0.7321428571428594
-8.057944549618988 0.7287718516904631
-8.043973644116681 0.7211494461136905
-8.031865221167989 0.7142857142857162
-8.022454937954492 0.708671979797094
-8.000000000000004 0.6981592091170894
-7.996864072270818 0.696428571428573
-7.976691858200916 0.6843984640212017
-7.964241327259817 0.6785714285714306
-7.929292920913327 0.6608946587997613
-7.928965875644833 0.6607142857142874
-7.928849326398485 0.6606448112575238
-7.899782163520602 0.6428571428571441
-7.884904223444161 0.6359168012818195
-7.85714285714286 0.6221571414666851
-7.838676560719647 0.6117594312486618
-7.831130597680841 0.6071428571428585
-7.801086089597457 0.5931286652565078
-7.79163238161249 0.5878061903111647
-7.785714285714288 0.585038493610595
-7.761026287190461 0.571428571428573
-7.747214093403581 0.5631964766491073
-7.714285714285717 0.5468742890513845
-7.700559604711744 0.5391458131077806
-7.69322314257078 0.5357142857142874
-7.672631282782622 0.5253006778385139
-7.659132654131273 0.5178571428571441
-7.654324329956608 0.5149903460822784
-7.629833810307837 0.5000000000000018
-7.609460677978629 0.49049197336248795
-7.571428571428575 0.47162824796591263
-7.562401535616048 0.4665424732388468
-7.5575800979383265 0.4642857142857153
-7.544061095925092 0.45744384540984484
-7.524101306641532 0.44642857142857295
-7.516985074189871 0.4421823028811058
-7.5000000000000036 0.4342282679802576
-7.489752437081171 0.4285714285714297
-7.471691081687777 0.41779151529234326
-7.456582299524472 0.4107142857142865
-7.4285714285714315 0.39652819047179655
-7.424237194850993 0.3939407012872538
-7.42192454386376 0.3928571428571441
-7.4154476630237935 0.3895762014702351
-7.389061952368418 0.3750000000000009
-7.379643428537575 0.369374857151322
-7.357142857142859 0.3588276977275271
-7.354093650318005 0.35714285714285765
-7.35099111117584 0.3556049206511025
-7.332423680372671 0.3454655084782621
-7.321535626373391 0.3392857142857153
-7.309527530184102 0.33333240316826185
-7.286850600288841 0.32171265007221006
-7.286350166347584 0.32142857142857206
-7.286137020592659 0.32132288770897954
-7.285714285714288 0.3211062550693944
-7.253994475719871 0.3035714285714288
-7.240684699859753 0.29697168217792047
-7.222939704466751 0.28787778325954516
-7.2191290288400465 0.2857142857142865
-7.214285714285717 0.28325921009312705
-7.196112601517629 0.2724004210491664
-7.159308499098329 0.2541128390602969
-7.151868164962609 0.2500000000000009
-7.149209622113223 0.24841188018598181
-7.142857142857146 0.24543348195734804
-7.118809475958202 0.23214285714285765
-7.102923643986622 0.22426908900334563
-7.094877234394469 0.22014788002718877
-7.084544572014727 0.2142857142857153
-7.071428571428575 0.2076432539734423
-7.057335792728164 0.19995176610367515
-7.051122976692727 0.19642857142857206
-7.033973633179193 0.18793516313377445
-7.030647973241599 0.1862334218818278
-7.01712807214278 0.17857142857142883
-7.011380151739506 0.17572639063655338
-7.0000000000000036 0.1699072652476019
-6.983333244195156 0.16071428571428648
-6.966298488732753 0.15228890789747407
-6.965032004540124 0.15159914172211408
-6.949577283245949 0.14285714285714324
-6.928571428571432 0.13225145648422032
-6.91999135049183 0.12714501951990087
-6.902445201131062 0.1184684431399079
-6.881842625339658 0.10714285714285765
-6.874522277176237 0.10279800213451296
-6.85714285714286 0.09470613941445283
-6.847266542904355 0.08928571428571441
-6.83707055198321 0.08426763799580161
-6.827189663029548 0.07891686995689895
-6.813862654783018 0.07142857142857117
-6.785714285714288 0.057309021761888346
-6.780985391743363 0.05475365206415983
-6.778876248332636 0.053571428571428825
-6.771759330445514 0.05008268975423569
-6.757971035726378 0.04265009821126409
-6.74556218269026 0.03571428571428559
-6.7362347608334305 0.030227024077357
-6.714285714285717 0.020105008532657287
-6.710150598817464 0.01785714285714235
-6.690038375090616 0.006061834798774868
-6.676849503540249 0.