-7.063109537888018 0.
-7.071428571428575 0.004171718551785553
-7.091689912856871 0.012791807500068586
-7.100963756704815 0.01785714285714235
-7.1293470905748535 0.032336772643712486
-7.1365227250073735 0.03571428571428559
-7.1388195289097816 0.036723689201126675
-7.142857142857146 0.03899582429088433
-7.1733866233758095 0.053571428571428825
-7.188085231776672 0.06012154919868973
-7.207921814517417 0.07142857142857117
-7.214285714285717 0.0748133863302547
-7.2349231484328325 0.08412635574893557
-7.269555486368449 0.10310315730639807
-7.2777287424546415 0.10714285714285765
-7.280536918841991 0.10843719886093162
-7.285714285714288 0.1113297052711566
-7.351248911380372 0.14285714285714324
-7.3736326805336745 0.15659182986658315
-7.399619598933362 0.1713334711619119
-7.413812535040829 0.17857142857142883
-7.418901488719691 0.18098891353436386
-7.4285714285714315 0.18683603312301234
-7.447273139569997 0.19642857142857206
-7.465387927979465 0.20508158943370702
-7.480532207836216 0.2142857142857153
-7.5000000000000036 0.2253018179301618
-7.5093715948114985 0.22979995843998413
-7.523586285435775 0.23803942850180082
-7.548627903432553 0.2500000000000009
-7.555049711524165 0.2540947149761035
-7.571428571428575 0.2636589755198573
-7.6003688129200215 0.27847922534142455
-7.615428452832975 0.2857142857142865
-7.6431245804740335 0.3035045691672069
-7.643232630673601 0.3035714285714288
-7.643521016026706 0.30373739686381906
-7.677145298326343 0.32142857142857206
-7.689705324583967 0.3275736688540096
-7.714285714285717 0.3420683651616647
-7.733936579734899 0.3522301407805619
-7.74182867940864 0.35714285714285765
-7.762780250764639 0.3692664912625885
-7.7776993865569946 0.37700372478932476
-7.785714285714288 0.3820054293363748
-7.806212655219824 0.3928571428571441
-7.823373166818604 0.4012995654382081
-7.85714285714286 0.42130805746560984
-7.871440427540812 0.4285714285714297
-7.88034542755518 0.4343720711745096
-7.903070471601164 0.44642857142857295
-7.911652601664522 0.45065827815530035
-7.928571428571432 0.4612433774820941
-7.934303592017911 0.4642857142857153
-7.956408812724828 0.4751835111045093
-7.967529325875429 0.48214285714285854
-7.996931837711874 0.4992329594279692
-7.998376321822066 0.5000000000000018
-7.998854294512105 0.500286426371976
-8.000000000000004 0.5009438707952709
-8.031850192382418 0.5178571428571441
-8.045164768179085 0.5244230936695162
-8.063202765161826 0.5357142857142874
-8.071428571428575 0.5404957559875765
-8.08902267773481 0.5491729019948721
-8.114625923325512 0.5643707665456645
-8.127915610097482 0.571428571428573
-8.13231433171465 0.574064274214197
-8.142857142857146 0.5801137282571691
-8.160127915846486 0.5892857142857153
-8.172492212495849 0.5966944816953914
-8.176352637782287 0.5987689834115724
-8.192522274417238 0.6071428571428585
-8.214285714285717 0.6197922341137918
-8.220899968475655 0.6233464364525174
-8.224092719595111 0.6250000000000018
-8.231115656114431 0.6292074854571803
-8.243108462953789 0.6356514556901267
-8.257022185940905 0.6428571428571441
-8.265470223032032 0.6479181585277081
-8.285714285714288 0.6595332160546263
-8.287938662071605 0.6607142857142874
-8.311222533842063 0.6721943665394869
-8.321411192907437 0.6785714285714306
-8.348353845008424 0.694231318394964
-8.354056524859923 0.6972001544993072
-8.35714285714286 0.6991321795553285
-8.38567946449793 0.7142857142857162
-8.398305101793927 0.721852295980093
-8.406715310337162 0.7266788275842924
-8.41726434519598 0.7321428571428594
-8.42857142857143 0.7387182381527868
-8.442896176537582 0.7464188130084644
-8.449808542970407 0.7500000000000018
-8.464576795579164 0.7588558011052102
-8.465025663985717 0.7591135588535733
-8.481896747855213 0.767857142857145
-8.487221629235579 0.7710517355482507
-8.500000000000002 0.778393036126908
-8.51377003855452 0.7857142857142883
-8.523594204889138 0.7916128369365723
-8.531281321700854 0.7957510981462184
-8.54635650410111 0.8035714285714306
-8.571428571428573 0.8181833730746053
-8.575788398342247 0.8203386147001552
-8.57752566138606 0.8214285714285738
-8.58210031519322 0.8240965073697355
-8.621431316783035 0.844642170804244
-8.641322127168792 0.8571428571428594
-8.642857142857144 0.8580399872655251
-8.665598473512786 0.8693146673360914
-8.674635972426294 0.8750000000000018
-8.698339931925466 0.8888706972670821
-8.705800442192482 0.892857142857145
-8.708639579009748 0.8942686766761367
-8.714285714285715 0.8976513828306603
-8.754194572811747 0.9185942139399232
-8.77455857252265 0.9285714285714306
-8.797213178587473 0.9435538482102777
-8.801756257720331 0.9464285714285738
-8.813575088764953 0.95339377219124
-8.833824992161095 0.9642857142857171
-8.841585804904444 0.9681749773453205
-8.85714285714286 0.9775758248189996
-8.885929035608637 0.9928034553835579
-8.897225354570372 1.0000000000000027
-8.926348898924395 1.017301510445387
-8.927770373763533 1.0180574065591204
-8.963384127082406 1.0357142857142883
-8.973279723797102 1.0423943547650136
-9.000000000000004 1.0587541469055841
-9.016140815093735 1.067393367655142
-9.024235358721251 1.0714285714285747
-9.03826674048426 1.080995256549639
-9.053359169996428 1.089285714285717
-9.05927431186092 1.0923242791776309
-9.071428571428575 1.100226711084046
-9.083968261835693 1.1071428571428603
-9.092247159787135 1.1123475042325008
-9.101431992744468 1.1174991446710312
-9.115340477229772 1.1250000000000036
-9.142857142857146 1.1418301120653904
-9.144192928999862 1.1425231963214664
-9.144701746795148 1.142857142857146
-9.145964582437836 1.143634002752318
-9.188670603571579 1.1671180633928229
-9.205926102735614 1.1785714285714315
-9.214285714285717 1.1837820541044044
-9.23052397902006 1.1923690052449887
-9.25277154672071 1.206050029537323
-9.267948699827437 1.214285714285717
-9.273886093705032 1.2172427622880315
-9.285714285714288 1.2247157865004414
-9.299572236076914 1.2321428571428603
-9.318825342658 1.2417222357640751
-9.33193936742115 1.2500000000000036
-9.35714285714286 1.2647695931657585
-9.361043617456353 1.266881952778772
-9.36291409738283 1.267857142857146
-9.36698910550404 1.2703187049474405
-9.383337810731375 1.2791655473171604
-9.395906601690763 1.2857142857142891
-9.4054730688066 1.2914888756554967
-9.424736324729006 1.3026126526108257
-9.426577446118625 1.3035714285714324
-9.42857142857143 1.304737549421417
-9.450942613925942 1.3158357750899468
-9.459827569792939 1.3214285714285747
-9.483184634664784 1.3350818729519132
-9.494056758814587 1.3407715245820722
-9.500000000000002 1.3445103279963702
-9.523672991104018 1.3571428571428612
-9.537677708370579 1.3655805729073593
-9.540682759600216 1.3673135470429143
-9.55545847965673 1.3750000000000036
-9.571428571428573 1.3843308636072358
-9.58286227429328 1.38999871714097
-9.587406519987807 1.3928571428571468
-9.599350461990051 1.3998376154975167
-9.627480363082812 1.414558480657873
-9.642857142857144 1.4242355292101267
-9.650978106944699 1.4285714285714324
-9.656726020599665 1.4320386480070626
-9.67054204799512 1.4395073451440812
-9.683831571878574 1.4464285714285747
-9.714285714285715 1.4642555061102094
-9.714326174001243 1.464275599356836
-9.71434222692485 1.464285714285718
-9.714384285842575 1.4643103571749325
-9.760424354609611 1.4884653399190295
-9.778697728543078 1.5000000000000036
-9.785714285714286 1.5041206679380785
-9.804073499259825 1.5132673394707616
-9.830279791884156 1.5289985193996145
-9.8439670032252 1.53571428571429
-9.847575054041384 1.538106236489658
-9.857142857142858 1.5438697906340648
-9.892590100389185 1.5625667606169937
-9.910600267083101 1.5714285714285756
-9.934992694632758 1.587680397770387
-9.937515731479388 1.5892857142857189
-9.944192754038996 1.5931910456526106
-9.970314796539862 1.6071428571428612
-9.980398247103468 1.6120432953669948
-10.000000000000002 1.6234969830616937
-10.025360260588348 1.636517077710061
-10.035641295593518 1.6428571428571477
-10.063387012701764 1.6587038960325877
-10.068663695480188 1.6614055047013858
-10.071428571428573 1.6631060258047095
-10.101068903377469 1.6785714285714333
-10.11531705188839 1.6854564513136223
-10.142857142857146 1.7014613084090993
-10.168530087242372 1.7142857142857189
-10.185220222056419 1.724876484085537
-10.199193949684942 1.7321428571428612
-10.204351145570405 1.7346264993216893
-10.214285714285717 1.740710157047146
-10.232167908264374 1.7500000000000044
-10.250477267004806 1.7588092546773755
-10.265265350746839 1.7678571428571477
-10.285714285714288 1.779444839299824
-10.294294047635676 1.7835693452339427
-10.297802557185793 1.78571428571429
-10.307358804480662 1.791125415405883
-10.33137285138481 1.8035714285714333
-10.340197491290741 1.8078077700344632
-10.368806755533166 1.8214285714285765
-10.385767632901628 1.8321295203460268
-10.42857142857143 1.8568436635874637
-10.428966413970166 1.8570441107931783
-10.429173982753955 1.857142857142862
-10.42957002720933 1.857392506802337
-10.463603587616513 1.8750000000000036
-10.476079275176073 1.8809801812059854
-10.495558326259879 1.892857142857146
-10.500000000000002 1.8953666520353583
-10.519851777066798 1.9057513414475897
-10.529673681229374 1.9107142857142883
-10.542233056832796 1.9180131643632325
-10.552813394450114 1.9239176343268154
-10.562022917967832 1.9285714285714306
-10.564851739911544 1.9302156364506873
-10.571428571428573 1.9338865545174944
-10.595672679046663 1.946428571428573
-10.61184174764451 1.9541824202317315
-10.628405407508588 1.9642857142857153
-10.642857142857144 1.9724583966447558
-10.656127976537448 1.9788251487227821
-10.676373179406772 1.9905218662802646
-10.69467294121847 2.