1.e-10,1.e-6,0.0002524875264462718
1.e-10,2.5118864315095823e-6,0.001424701823761939
1.e-10,6.30957344480193e-6,0.007599592994967644
1.e-10,0.00001584893192461114,0.03648749511235865
1.e-10,0.000039810717055349695,0.16306967452879464
1.e-10,0.0001,0.7412347628703239
1.778279410038923e-10,1.e-6,0.000448993133845807
1.778279410038923e-10,2.5118864315095823e-6,0.002533473107080704
1.778279410038923e-10,6.30957344480193e-6,0.01351423155587757
1.778279410038923e-10,0.00001584893192461114,0.06488488595791425
1.778279410038923e-10,0.000039810717055349695,0.28998428409522203
1.778279410038923e-10,0.0001,1.3181259689501854
3.1622776601683795e-10,1.e-6,0.0007984328764502251
3.1622776601683795e-10,2.5118864315095823e-6,0.00450525573931753
3.1622776601683795e-10,6.30957344480193e-6,0.02403131271243656
3.1622776601683795e-10,0.00001584893192461114,0.1153868010442473
3.1622776601683795e-10,0.000039810717055349695,0.51567661236636
3.1622776601683795e-10,0.0001,2.343974607599396
5.623413251903491e-10,1.e-6,0.001419835686700125
5.623413251903491e-10,2.5118864315095823e-6,0.008011559777111916
5.623413251903491e-10,6.30957344480193e-6,0.04273382148355506
5.623413251903491e-10,0.00001584893192461114,0.2051757861073647
5.623413251903491e-10,0.000039810717055349695,0.9169743460443999
5.623413251903491e-10,0.0001,4.168304167466551
1.e-9,1.e-6,0.002524877711500381
1.e-9,2.5118864315095823e-6,0.014246801160746479
1.e-9,6.30957344480193e-6,0.07599331919513214
1.e-9,0.00001584893192461114,0.364880002289689
1.e-9,0.000039810717055349695,1.6306075574548564
1.e-9,0.0001,7.412435988627878
1.7782794100389228e-9,1.e-6,0.0044899308498441955
1.7782794100389228e-9,2.5118864315095823e-6,0.02533482564655692
1.7782794100389228e-9,6.30957344480193e-6,0.13514065094607333
1.7782794100389228e-9,0.00001584893192461114,0.6488204842289823
1.7782794100389228e-9,0.000039810717055349695,2.899794931369832
1.7782794100389228e-9,0.0001,13.181325988986899
3.1622776601683795e-9,1.e-6,0.007984381314445023
3.1622776601683795e-9,2.5118864315095823e-6,0.04505263566411184
3.1622776601683795e-9,6.30957344480193e-6,0.24031501852366763
3.1622776601683795e-9,0.00001584893192461114,1.1538926974097614
3.1622776601683795e-9,0.000039810717055349695,5.1565021249383935
3.1622776601683795e-9,0.0001,23.439669823667113
5.623413251903491e-9,1.e-6,0.014198396388998983
5.623413251903491e-9,2.5118864315095823e-6,0.08011598855806489
5.623413251903491e-9,6.30957344480193e-6,0.42733655882698507
5.623413251903491e-9,0.00001584893192461114,2.0517963442591083
5.623413251903491e-9,0.000039810717055349695,9.169780482637751
5.623413251903491e-9,0.0001,41.68227145423137
1.e-8,1.e-6,0.025248545679709584
1.e-8,2.5118864315095823e-6,0.14246872250077147
1.e-8,6.30957344480193e-6,0.7599229469147307
1.e-8,0.00001584893192461114,3.6487126665849177
1.e-8,0.000039810717055349695,16.306428381527006
1.e-8,0.0001,74.12508714962811
1.7782794100389228e-8,1.e-6,0.044899329971966384
1.7782794100389228e-8,2.5118864315095823e-6,0.25335115044514855
1.7782794100389228e-8,6.30957344480193e-6,1.35135596969706
1.7782794100389228e-8,0.00001584893192461114,6.488601957641948
1.7782794100389228e-8,0.000039810717055349695,28.99754315438942
1.7782794100389228e-8,0.0001,131.81358667747392
3.162277660168379e-8,1.e-6,0.07984386433618634
3.162277660168379e-8,2.5118864315095823e-6,0.4505240030668768
3.162277660168379e-8,6.30957344480193e-6,2.4031719155058315
3.162277660168379e-8,0.00001584893192461114,11.538056138137252
3.162277660168379e-8,0.000039810717055349695,51.56464973002755
3.162277660168379e-8,0.0001,234.40560115218761
5.6234132519034905e-8,1.e-6,0.1419848663368302
5.6234132519034905e-8,2.5118864315095823e-6,0.8011626804670458
5.6234132519034905e-8,6.30957344480193e-6,4.273545056067545
5.6234132519034905e-8,0.00001584893192461114,20.51810961378537
5.6234132519034905e-8,0.000039810717055349695,91.7027296360928
5.6234132519034905e-8,0.0001,416.8252540177269
1.e-7,1.e-6,0.25248689496771753
1.e-7,2.5118864315095823e-6,1.4247076896701036
1.e-7,6.30957344480193e-6,7.599275679023042
1.e-7,0.00001584893192461114,36.48608543853208
1.e-7,0.000039810717055349695,163.06149220670022
1.e-7,0.0001,741.2411994338495
1.7782794100389227e-7,1.e-6,0.44899354072453523
1.7782794100389227e-7,2.5118864315095823e-6,2.5334429031295373
1.7782794100389227e-7,6.30957344480193e-6,13.513564664164003
1.7782794100389227e-7,0.00001584893192461114,64.88682258803834
1.7782794100389227e-7,0.000039810717055349695,289.96985749460237
1.7782794100389227e-7,0.0001,1318.12143126614
3.162277660168379e-7,1.e-6,0.7984400770775024
3.162277660168379e-7,2.5118864315095823e-6,4.505176185317703
3.162277660168379e-7,6.30957344480193e-6,24.03080578938883
3.162277660168379e-7,0.00001584893192461114,115.38165889442784
3.162277660168379e-7,0.000039810717055349695,515.6566280869272
3.162277660168379e-7,0.0001,2344.0187765971004
5.62341325190349e-7,1.e-6,1.4198444682981435
5.62341325190349e-7,2.5118864315095823e-6,8.011692653682504
5.62341325190349e-7,6.30957344480193e-6,42.73375538858998
5.62341325190349e-7,0.00001584893192461114,205.18654890351192
5.62341325190349e-7,0.000039810717055349695,916.9869660653492
5.62341325190349e-7,0.0001,4168.234705240872
1.e-6,1.e-6,2.5248778399105656
1.e-6,2.5118864315095823e-6,14.246929663364531
1.e-6,6.30957344480193e-6,75.99315650446697
1.e-6,0.00001584893192461114,364.8730623671235
1.e-6,0.000039810717055349695,1630.718335740007
1.e-6,0.0001,7412.401721487114
1.778279410038923e-6,1.e-6,4.489933284700624
1.778279410038923e-6,2.5118864315095823e-6,25.335033161771484
1.778279410038923e-6,6.30957344480193e-6,135.13481903865375
1.778279410038923e-6,0.00001584893192461114,648.8640946056756
1.778279410038923e-6,0.000039810717055349695,2899.7352760312174
1.778279410038923e-6,0.0001,13181.357253092105
3.162277660168379e-6,1.e-6,7.984310621480945
3.162277660168379e-6,2.5118864315095823e-6,45.05269018651169
3.162277660168379e-6,6.30957344480193e-6,240.31174640463786
3.162277660168379e-6,0.00001584893192461114,1153.8416105787776
3.162277660168379e-6,0.000039810717055349695,5156.604791489013
3.162277660168379e-6,0.0001,23439.80783488864
5.623413251903491e-6,1.e-6,14.198329331875398
5.623413251903491e-6,2.5118864315095823e-6,80.11534305096451
5.623413251903491e-6,6.30957344480193e-6,427.33602503341314
5.623413251903491e-6,0.00001584893192461114,2051.9649144377418
5.623413251903491e-6,0.000039810717055349695,9170.12203496947
5.623413251903491e-6,0.0001,41683.20233404144
0.00001,1.e-6,25.248516156702973
0.00001,2.5118864315095823e-6,142.46799570832104
0.00001,6.30957344480193e-6,759.9469993521637
0.00001,0.00001584893192461114,3648.7144154122097
0.00001,0.000039810717055349695,16306.181559387463
0.00001,0.0001,74125.12441955952
0.00001778279410038923,1.e-6,44.89871374680454
0.00001778279410038923,2.5118864315095823e-6,253.34660980024682
0.00001778279410038923,6.30957344480193e-6,1351.3474271832474
0.00001778279410038923,0.00001584893192461114,6488.427403782554
0.00001778279410038923,0.000039810717055349695,28997.21718312467
0.00001778279410038923,0.0001,131808.5839332957
0.000031622776601683795,1.e-6,79.84147267349562
0.000031622776601683795,2.5118864315095823e-6,450.5215400543467
0.000031622776601683795,6.30957344480193e-6,2403.202189016121
0.000031622776601683795,0.00001584893192461114,11537.890317723462
0.000031622776601683795,0.000039810717055349695,51562.340269150605
0.000031622776601683795,0.0001,234398.03819120943
0.00005623413251903491,1.e-6,141.9792354895319
0.00005623413251903491,2.5118864315095823e-6,801.1283774950407
0.00005623413251903491,6.30957344480193e-6,4273.22753061394
0.00005623413251903491,0.00001584893192461114,20517.69646873057
0.00005623413251903491,0.000039810717055349695,91695.50842451981
0.00005623413251903491,0.0001,416812.2530033525
0.0001,1.e-6,252.47018882856418
0.0001,2.5118864315095823e-6,1424.603993553705
0.0001,6.30957344480193e-6,7598.779996515967
0.0001,0.00001584893192461114,36485.01339111933
0.0001,0.000039810717055349695,163051.2364763948
0.0001,0.0001,741186.8543641629
