1.e-10,1.e-6,0.0015777330128725257
1.e-10,2.5118864315095823e-6,0.00906350186529721
1.e-10,6.30957344480193e-6,0.05116504710651076
1.e-10,0.00001584893192461114,0.28747483082854275
1.e-10,0.000039810717055349695,1.590928672533699
1.e-10,0.0001,8.22660668072497
1.778279410038923e-10,1.e-6,0.002805641181155385
1.778279410038923e-10,2.5118864315095823e-6,0.016117384056231105
1.778279410038923e-10,6.30957344480193e-6,0.09098606787675523
1.778279410038923e-10,0.00001584893192461114,0.5112098918365057
1.778279410038923e-10,0.000039810717055349695,2.8291072182426578
1.778279410038923e-10,0.0001,14.629153390492133
3.1622776601683795e-10,1.e-6,0.0049892415112744734
3.1622776601683795e-10,2.5118864315095823e-6,0.028661428706862755
3.1622776601683795e-10,6.30957344480193e-6,0.16179854084685666
3.1622776601683795e-10,0.00001584893192461114,0.9090766653324892
3.1622776601683795e-10,0.000039810717055349695,5.030894333637074
3.1622776601683795e-10,0.0001,26.01441287653368
5.623413251903491e-10,1.e-6,0.008872251835960781
5.623413251903491e-10,2.5118864315095823e-6,0.05096752632855965
5.623413251903491e-10,6.30957344480193e-6,0.2877226403600366
5.623413251903491e-10,0.00001584893192461114,1.6165972441472025
5.623413251903491e-10,0.000039810717055349695,8.946469366418844
5.623413251903491e-10,0.0001,46.26168081010637
1.e-9,1.e-6,0.015777279010266293
1.e-9,2.5118864315095823e-6,0.09063535640675942
1.e-9,6.30957344480193e-6,0.5116511323381154
1.e-9,0.00001584893192461114,2.874746389982639
1.e-9,0.000039810717055349695,15.909249469035528
1.e-9,0.0001,82.26582988860137
1.7782794100389228e-9,1.e-6,0.028056508689668615
1.7782794100389228e-9,2.5118864315095823e-6,0.1611747578878987
1.7782794100389228e-9,6.30957344480193e-6,0.9098564939261375
1.7782794100389228e-9,0.00001584893192461114,5.112130842032958
1.7782794100389228e-9,0.000039810717055349695,28.29092151014549
1.7782794100389228e-9,0.0001,146.2912502084792
3.1622776601683795e-9,1.e-6,0.04989232174048727
3.1622776601683795e-9,2.5118864315095823e-6,0.28661377872314414
3.1622776601683795e-9,6.30957344480193e-6,1.6179821145159081
3.1622776601683795e-9,0.00001584893192461114,9.090751768865912
3.1622776601683795e-9,0.000039810717055349695,50.30986424980115
3.1622776601683795e-9,0.0001,260.14025492001093
5.623413251903491e-9,1.e-6,0.0887225164802742
5.623413251903491e-9,2.5118864315095823e-6,0.5096782871107634
5.623413251903491e-9,6.30957344480193e-6,2.8772055409428776
5.623413251903491e-9,0.00001584893192461114,16.1658369647429
5.623413251903491e-9,0.000039810717055349695,89.46405395451633
5.623413251903491e-9,0.0001,462.6087470920604
1.e-8,1.e-6,0.1577731650805793
1.e-8,2.5118864315095823e-6,0.9063527878247392
1.e-8,6.30957344480193e-6,5.116470075219756
1.e-8,0.00001584893192461114,28.747372939088795
1.e-8,0.000039810717055349695,159.09265091425837
1.e-8,0.0001,822.63528711965
1.7782794100389228e-8,1.e-6,0.2805653719349428
1.7782794100389228e-8,2.5118864315095823e-6,1.6117473042934725
1.7782794100389228e-8,6.30957344480193e-6,9.098608908290453
1.7782794100389228e-8,0.00001584893192461114,51.121275305488936
1.7782794100389228e-8,0.000039810717055349695,282.9126833864653
1.7782794100389228e-8,0.0001,1462.899863752718
3.162277660168379e-8,1.e-6,0.49892259817537743
3.162277660168379e-8,2.5118864315095823e-6,2.866135449179079
3.162277660168379e-8,6.30957344480193e-6,16.17976881947086
3.162277660168379e-8,0.00001584893192461114,90.90781958537055
3.162277660168379e-8,0.000039810717055349695,503.09145984447656
3.162277660168379e-8,0.0001,2601.5051413787833
5.6234132519034905e-8,1.e-6,0.8872238736908883
5.6234132519034905e-8,2.5118864315095823e-6,5.096788842413242
5.6234132519034905e-8,6.30957344480193e-6,28.77222489919491
5.6234132519034905e-8,0.00001584893192461114,161.65861101771222
5.6234132519034905e-8,0.000039810717055349695,894.6532690016688
5.6234132519034905e-8,0.0001,4626.0746154915
1.e-7,1.e-6,1.577733250376477
1.e-7,2.5118864315095823e-6,9.063528462635803
1.e-7,6.30957344480193e-6,51.16501405664354
1.e-7,0.00001584893192461114,287.475135365062
1.e-7,0.000039810717055349695,1590.9191801825907
1.e-7,0.0001,8226.606967964275
1.7782794100389227e-7,1.e-6,2.8056522368539247
1.7782794100389227e-7,2.5118864315095823e-6,16.11740665683558
1.7782794100389227e-7,6.30957344480193e-6,90.98565067756905
1.7782794100389227e-7,0.00001584893192461114,511.2128035747272
1.7782794100389227e-7,0.000039810717055349695,2829.1524227481773
1.7782794100389227e-7,0.0001,14628.959773184353
3.162277660168379e-7,1.e-6,4.9892469252377145
3.162277660168379e-7,2.5118864315095823e-6,28.661378231268323
3.162277660168379e-7,6.30957344480193e-6,161.79825956651374
3.162277660168379e-7,0.00001584893192461114,909.0775801110896
3.162277660168379e-7,0.000039810717055349695,5030.94296573426
3.162277660168379e-7,0.0001,26015.512247723243
5.62341325190349e-7,1.e-6,8.872254505061557
5.62341325190349e-7,2.5118864315095823e-6,50.967829102071626
5.62341325190349e-7,6.30957344480193e-6,287.72252865331717
5.62341325190349e-7,0.00001584893192461114,1616.5963095013003
5.62341325190349e-7,0.000039810717055349695,8946.446406200637
5.62341325190349e-7,0.0001,46261.67107559202
1.e-6,1.e-6,15.777388754225925
1.e-6,2.5118864315095823e-6,90.63500561858721
1.e-6,6.30957344480193e-6,511.65041370692677
1.e-6,0.00001584893192461114,2874.7502976061387
1.e-6,0.000039810717055349695,15909.2373700639
1.e-6,0.0001,82265.36825934831
1.778279410038923e-6,1.e-6,28.056480535849026
1.778279410038923e-6,2.5118864315095823e-6,161.17469573343914
1.778279410038923e-6,6.30957344480193e-6,909.857023992423
1.778279410038923e-6,0.00001584893192461114,5112.094103078849
1.778279410038923e-6,0.000039810717055349695,28291.055919891147
1.778279410038923e-6,0.0001,146294.33663919094
3.162277660168379e-6,1.e-6,49.89213661840959
3.162277660168379e-6,2.5118864315095823e-6,286.61258242470194
3.162277660168379e-6,6.30957344480193e-6,1617.9784981496066
3.162277660168379e-6,0.00001584893192461114,9090.753244151976
3.162277660168379e-6,0.000039810717055349695,50309.262749502304
3.162277660168379e-6,0.0001,260147.347567378
5.623413251903491e-6,1.e-6,88.72238488790492
5.623413251903491e-6,2.5118864315095823e-6,509.6792272427837
5.623413251903491e-6,6.30957344480193e-6,2877.2185746831597
5.623413251903491e-6,0.00001584893192461114,16165.920000154803
5.623413251903491e-6,0.000039810717055349695,89462.86366000398
5.623413251903491e-6,0.0001,462608.0754455425
0.00001,1.e-6,157.77248616945107
0.00001,2.5118864315095823e-6,906.3468052654018
0.00001,6.30957344480193e-6,5116.485927899105
0.00001,0.00001584893192461114,28747.261977338487
0.00001,0.000039810717055349695,159092.16342151744
0.00001,0.0001,822635.3844073822
0.00001778279410038923,1.e-6,280.5617335749984
0.00001778279410038923,2.5118864315095823e-6,1611.7180884857885
0.00001778279410038923,6.30957344480193e-6,9098.49901996591
0.00001778279410038923,0.00001584893192461114,51120.1327303538
0.00001778279410038923,0.000039810717055349695,282910.28291988105
0.00001778279410038923,0.0001,1.4628742449066704e6
0.000031622776601683795,1.e-6,498.9123986125313
0.000031622776601683795,2.5118864315095823e-6,2866.0759074005614
0.000031622776601683795,6.30957344480193e-6,16179.492196637375
0.000031622776601683795,0.00001584893192461114,90905.57420979916
0.000031622776601683795,0.000039810717055349695,503085.88351987855
0.000031622776601683795,0.0001,2.6014221643657032e6
0.00005623413251903491,1.e-6,887.1876059554501
0.00005623413251903491,2.5118864315095823e-6,5096.568803225788
0.00005623413251903491,6.30957344480193e-6,28770.97011082345
0.00005623413251903491,0.00001584893192461114,161653.977186946
0.00005623413251903491,0.000039810717055349695,894612.2182632721
0.00005623413251903491,0.0001,4.626028444319738e6
0.0001,1.e-6,1577.629319537618
0.0001,2.5118864315095823e-6,9062.885385395164
0.0001,6.30957344480193e-6,51161.597250629035
0.0001,0.00001584893192461114,287456.919589005
0.0001,0.000039810717055349695,1.5908239346667968e6
0.0001,0.0001,8.22584342035271e6
