1.e-14,1.e-6,2.0435868760461206e-6
1.e-14,2.5118864315095823e-6,0.000011462758524789977
1.e-14,6.30957344480193e-6,0.00006263933981983051
1.e-14,0.00001584893192461114,0.00031367257120759314
1.e-14,0.000039810717055349695,0.0013958150030564372
1.e-14,0.0001,0.0058921768855009085
1.7782794100389227e-14,1.e-6,3.634061627469909e-6
1.7782794100389227e-14,2.5118864315095823e-6,0.00002038373193059401
1.7782794100389227e-14,6.30957344480193e-6,0.00011139253362720394
1.7782794100389227e-14,0.00001584893192461114,0.0005577897488328472
1.7782794100389227e-14,0.000039810717055349695,0.0024821006920698234
1.7782794100389227e-14,0.0001,0.0104781402801395
3.1622776601683796e-14,1.e-6,6.462346594314137e-6
3.1622776601683796e-14,2.5118864315095823e-6,0.00003624811937895392
3.1622776601683796e-14,6.30957344480193e-6,0.00019808362520820784
3.1622776601683796e-14,0.00001584893192461114,0.0009919176091001082
3.1622776601683796e-14,0.000039810717055349695,0.0044141049625719304
3.1622776601683796e-14,0.0001,0.01863330200139054
5.6234132519034906e-14,1.e-6,0.000011491898270371674
5.6234132519034906e-14,2.5118864315095823e-6,0.00006445933908328649
5.6234132519034906e-14,6.30957344480193e-6,0.00035224800734682643
5.6234132519034906e-14,0.00001584893192461114,0.0017639015663682299
5.6234132519034906e-14,0.000039810717055349695,0.007848842005602407
5.6234132519034906e-14,0.0001,0.03313118844863569
1.e-13,1.e-6,0.00002043583448681398
1.e-13,2.5118864315095823e-6,0.00011462668334368052
1.e-13,6.30957344480193e-6,0.0006264058849347853
1.e-13,0.00001584893192461114,0.0031365996626712103
1.e-13,0.000039810717055349695,0.013958370871548581
1.e-13,0.0001,0.05892080192876299
1.7782794100389227e-13,1.e-6,0.00003634073248275887
1.7782794100389227e-13,2.5118864315095823e-6,0.0002038397621009054
1.7782794100389227e-13,6.30957344480193e-6,0.0011139141307388305
1.7782794100389227e-13,0.00001584893192461114,0.005577881176438368
1.7782794100389227e-13,0.000039810717055349695,0.024821031990780004
1.7782794100389227e-13,0.0001,0.1047808835258471
3.162277660168379e-13,1.e-6,0.00006462372527409368
3.162277660168379e-13,2.5118864315095823e-6,0.00036247996057705293
3.162277660168379e-13,6.30957344480193e-6,0.0019808121267705023
3.162277660168379e-13,0.00001584893192461114,0.009919148067157707
3.162277660168379e-13,0.000039810717055349695,0.04413866062267411
3.162277660168379e-13,0.0001,0.1863216074125688
5.62341325190349e-13,1.e-6,0.00011491907675787157
5.62341325190349e-13,2.5118864315095823e-6,0.0006445925732800164
5.62341325190349e-13,6.30957344480193e-6,0.0035224885631447034
5.62341325190349e-13,0.00001584893192461114,0.017638618975392494
5.62341325190349e-13,0.000039810717055349695,0.07849231473879531
5.62341325190349e-13,0.0001,0.3313265346575066
1.e-12,1.e-6,0.00020435783095697213
1.e-12,2.5118864315095823e-6,0.0011462624086746025
1.e-12,6.30957344480193e-6,0.006263937943132713
1.e-12,0.00001584893192461114,0.03136757438430672
1.e-12,0.000039810717055349695,0.1395768456923301
1.e-12,0.0001,0.5892149831805732
1.7782794100389228e-12,1.e-6,0.000363406861077894
1.7782794100389228e-12,2.5118864315095823e-6,0.0020383821346599816
1.7782794100389228e-12,6.30957344480193e-6,0.011139472798856099
1.7782794100389228e-12,0.00001584893192461114,0.05577827604264599
1.7782794100389228e-12,0.000039810717055349695,0.2482156454682498
1.7782794100389228e-12,0.0001,1.0477770029163498
3.1622776601683794e-12,1.e-6,0.00064623460210504
3.1622776601683794e-12,2.5118864315095823e-6,0.0036247939902396996
3.1622776601683794e-12,6.30957344480193e-6,0.01980832528882144
3.1622776601683794e-12,0.00001584893192461114,0.09918855957703802
3.1622776601683794e-12,0.000039810717055349695,0.4413896637131557
3.1622776601683794e-12,0.0001,1.8632596523611225
5.6234132519034904e-12,1.e-6,0.0011491923735470312
5.6234132519034904e-12,2.5118864315095823e-6,0.006445931417136003
5.6234132519034904e-12,6.30957344480193e-6,0.035224705517892495
5.6234132519034904e-12,0.00001584893192461114,0.17638341365228175
5.6234132519034904e-12,0.000039810717055349695,0.7849153890278848
5.6234132519034904e-12,0.0001,3.313207310821353
1.e-11,1.e-6,0.0020435841041003726
1.e-11,2.5118864315095823e-6,0.01146257284781417
1.e-11,6.30957344480193e-6,0.06263984499034052
1.e-11,0.00001584893192461114,0.3136770552454582
1.e-11,0.000039810717055349695,1.3957996375782695
1.e-11,0.0001,5.891773301908364
1.7782794100389227e-11,1.e-6,0.0036340646195264364
1.7782794100389227e-11,2.5118864315095823e-6,0.020383881129357028
1.7782794100389227e-11,6.30957344480193e-6,0.11139024973178971
1.7782794100389227e-11,0.00001584893192461114,0.5577828009307709
1.7782794100389227e-11,0.000039810717055349695,2.482081093836386
1.7782794100389227e-11,0.0001,10.477858997369067
3.1622776601683794e-11,1.e-6,0.00646234194522452
3.1622776601683794e-11,2.5118864315095823e-6,0.03624816080100206
3.1622776601683794e-11,6.30957344480193e-6,0.19808320057250053
3.1622776601683794e-11,0.00001584893192461114,0.9918743385628555
3.1622776601683794e-11,0.000039810717055349695,4.413814455111199
3.1622776601683794e-11,0.0001,18.632482206836453
5.6234132519034906e-11,1.e-6,0.011491877603856481
5.6234132519034906e-11,2.5118864315095823e-6,0.06445952640063338
5.6234132519034906e-11,6.30957344480193e-6,0.3522474730327242
5.6234132519034906e-11,0.00001584893192461114,1.7639569110869886
5.6234132519034906e-11,0.000039810717055349695,7.849187132887481
5.6234132519034906e-11,0.0001,33.13296037145993
1.e-10,1.e-6,0.0204358236682165
1.e-10,2.5118864315095823e-6,0.11462582819541325
1.e-10,6.30957344480193e-6,0.626390541764442
1.e-10,0.00001584893192461114,3.136697523788229
1.e-10,0.000039810717055349695,13.957972121902237
1.e-10,0.0001,58.92009999070255
1.778279410038923e-10,1.e-6,0.036340417733131576
1.778279410038923e-10,2.5118864315095823e-6,0.20383750440639026
1.778279410038923e-10,6.30957344480193e-6,1.1139487742620624
1.778279410038923e-10,0.00001584893192461114,5.5781005000481985
1.778279410038923e-10,0.000039810717055349695,24.82222409189891
1.778279410038923e-10,0.0001,104.77458209000494
3.1622776601683795e-10,1.e-6,0.06462377428143559
3.1622776601683795e-10,2.5118864315095823e-6,0.3624829711392092
3.1622776601683795e-10,6.30957344480193e-6,1.980875389460985
3.1622776601683795e-10,0.00001584893192461114,9.918946302250998
3.1622776601683795e-10,0.000039810717055349695,44.13704234053352
3.1622776601683795e-10,0.0001,186.3242075377773
5.623413251903491e-10,1.e-6,0.11491916188481145
5.623413251903491e-10,2.5118864315095823e-6,0.6445894953353307
5.623413251903491e-10,6.30957344480193e-6,3.522524943106222
5.623413251903491e-10,0.00001584893192461114,17.639444377504482
5.623413251903491e-10,0.000039810717055349695,78.48814615343363
5.623413251903491e-10,0.0001,331.3288061030475
1.e-9,1.e-6,0.20435883089937437
1.e-9,2.5118864315095823e-6,1.1462638090102222
1.e-9,6.30957344480193e-6,6.263972504966692
1.e-9,0.00001584893192461114,31.366178245613398
1.e-9,0.000039810717055349695,139.58009508097166
1.e-9,0.0001,589.2056051513085
1.7782794100389228e-9,1.e-6,0.36340711394689756
1.7782794100389228e-9,2.5118864315095823e-6,2.0383808291371883
1.7782794100389228e-9,6.30957344480193e-6,11.139203255278808
1.7782794100389228e-9,0.00001584893192461114,55.779081256123234
1.7782794100389228e-9,0.000039810717055349695,248.20312035618312
1.7782794100389228e-9,0.0001,1047.8232035070903
3.1622776601683795e-9,1.e-6,0.6462353613527071
3.1622776601683795e-9,2.5118864315095823e-6,3.6248165242387556
3.1622776601683795e-9,6.30957344480193e-6,19.80863486574946
3.1622776601683795e-9,0.00001584893192461114,99.19299412853228
3.1622776601683795e-9,0.000039810717055349695,441.3872874533153
3.1622776601683795e-9,0.0001,1863.156952171117
5.623413251903491e-9,1.e-6,1.1491871094618662
5.623413251903491e-9,2.5118864315095823e-6,6.445903341068637
5.623413251903491e-9,6.30957344480193e-6,35.22494898380433
5.623413251903491e-9,0.00001584893192461114,176.38679213151605
5.623413251903491e-9,0.000039810717055349695,784.893527412931
5.623413251903491e-9,0.0001,3313.339846283332
1.e-8,1.e-6,2.043583389438764
1.e-8,2.5118864315095823e-6,11.462659837435528
1.e-8,6.30957344480193e-6,62.63798174417075
1.e-8,0.00001584893192461114,313.6695829346507
1.e-8,0.000039810717055349695,1395.8180232444104
1.e-8,0.0001,5891.738713120656
1.7782794100389228e-8,1.e-6,3.6340499197494305
1.7782794100389228e-8,2.5118864315095823e-6,20.383617599806122
1.7782794100389228e-8,6.30957344480193e-6,111.39214927125612
1.7782794100389228e-8,0.00001584893192461114,557.7829583665281
1.7782794100389228e-8,0.000039810717055349695,2482.0932067282724
1.7782794100389228e-8,0.0001,10477.50462488957
3.162277660168379e-8,1.e-6,6.462379204391033
3.162277660168379e-8,2.5118864315095823e-6,36.24793907560931
3.162277660168379e-8,6.30957344480193e-6,198.08705794742323
3.162277660168379e-8,0.00001584893192461114,991.8996526057043
3.162277660168379e-8,0.000039810717055349695,4413.736133242938
3.162277660168379e-8,0.0001,18632.635099289368
5.6234132519034905e-8,1.e-6,11.491931046918436
5.6234132519034905e-8,2.5118864315095823e-6,64.45903466325363
5.6234132519034905e-8,6.30957344480193e-6,352.24844380384366
5.6234132519034905e-8,0.00001584893192461114,1763.8760943506504
5.6234132519034905e-8,0.000039810717055349695,7849.145023836305
5.6234132519034905e-8,0.0001,33133.00906070395
1.e-7,1.e-6,20.435805394436265
1.e-7,2.5118864315095823e-6,114.6257644907715
1.e-7,6.30957344480193e-6,626.3910290748432
1.e-7,0.00001584893192461114,3136.715132720152
1.e-7,0.000039810717055349695,13957.576178907339
1.e-7,0.0001,58921.03467079637
1.7782794100389227e-7,1.e-6,36.340601222556955
1.7782794100389227e-7,2.5118864315095823e-6,203.8395758060036
1.7782794100389227e-7,6.30957344480193e-6,1113.9157783764751
1.7782794100389227e-7,0.00001584893192461114,5577.789030675263
1.7782794100389227e-7,0.000039810717055349695,24821.112052013385
1.7782794100389227e-7,0.0001,104778.8395435023
3.162277660168379e-7,1.e-6,64.62378182396999
3.162277660168379e-7,2.5118864315095823e-6,362.4800616097045
3.162277660168379e-7,6.30957344480193e-6,1980.8367771290932
3.162277660168379e-7,0.00001584893192461114,9919.063163549565
3.162277660168379e-7,0.000039810717055349695,44140.69189906168
3.162277660168379e-7,0.0001,186325.111207201
5.62341325190349e-7,1.e-6,114.91875426751486
5.62341325190349e-7,2.5118864315095823e-6,644.5936310676152
5.62341325190349e-7,6.30957344480193e-6,3522.5324464766613
5.62341325190349e-7,0.00001584893192461114,17638.760513642465
5.62341325190349e-7,0.000039810717055349695,78490.46087009668
5.62341325190349e-7,0.0001,331320.28130807995
1.e-6,1.e-6,204.35691637230292
1.e-6,2.5118864315095823e-6,1146.2670352955795
1.e-6,6.30957344480193e-6,6264.004567906216
1.e-6,0.00001584893192461114,31365.941070681576
1.e-6,0.000039810717055349695,139584.07066110568
1.e-6,0.0001,589211.1423594364
