1.e-14,1.e-6,1.6073115347407546e-7
1.e-14,2.5118864315095823e-6,9.03045205376741e-7
1.e-14,6.30957344480193e-6,4.95783956325301e-6
1.e-14,0.00001584893192461114,0.00002506568241999106
1.e-14,0.000039810717055349695,0.0001126761165354498
1.e-14,0.0001,0.00047820805650072054
1.7782794100389227e-14,1.e-6,2.8582560967992914e-7
1.7782794100389227e-14,2.5118864315095823e-6,1.6058695363386825e-6
1.7782794100389227e-14,6.30957344480193e-6,8.816547749066803e-6
1.7782794100389227e-14,0.00001584893192461114,0.000044573965012338554
1.7782794100389227e-14,0.000039810717055349695,0.00020036976827755127
1.7782794100389227e-14,0.0001,0.0008504388502854976
3.1622776601683796e-14,1.e-6,5.082751574637434e-7
3.1622776601683796e-14,2.5118864315095823e-6,2.8556902725158633e-6
3.1622776601683796e-14,6.30957344480193e-6,0.000015677809093212705
3.1622776601683796e-14,0.00001584893192461114,0.00007926761101509289
3.1622776601683796e-14,0.000039810717055349695,0.0003563065089201938
3.1622776601683796e-14,0.0001,0.0015122646466944577
5.6234132519034906e-14,1.e-6,9.038576483603319e-7
5.6234132519034906e-14,2.5118864315095823e-6,5.078197174135223e-6
5.6234132519034906e-14,6.30957344480193e-6,0.000027880126488110368
5.6234132519034906e-14,0.00001584893192461114,0.00014096046615524934
5.6234132519034906e-14,0.000039810717055349695,0.0006336362126430015
5.6234132519034906e-14,0.0001,0.002689195967696388
1.e-13,1.e-6,1.607317637581208e-6
1.e-13,2.5118864315095823e-6,9.030494577652836e-6
1.e-13,6.30957344480193e-6,0.00004957776848604386
1.e-13,0.00001584893192461114,0.00025066255979216766
1.e-13,0.000039810717055349695,0.00112678877038457
1.e-13,0.0001,0.004782317756515419
1.7782794100389227e-13,1.e-6,2.8582525165784853e-6
1.7782794100389227e-13,2.5118864315095823e-6,0.00001605882430990303
1.7782794100389227e-13,6.30957344480193e-6,0.00008816640558868947
1.7782794100389227e-13,0.00001584893192461114,0.00044575083342739727
1.7782794100389227e-13,0.000039810717055349695,0.0020036449113357132
1.7782794100389227e-13,0.0001,0.008504263679718679
3.162277660168379e-13,1.e-6,5.0827622761939975e-6
3.162277660168379e-13,2.5118864315095823e-6,0.000028556977003201122
3.162277660168379e-13,6.30957344480193e-6,0.00015678110572905208
3.162277660168379e-13,0.00001584893192461114,0.0007927013517579665
3.162277660168379e-13,0.000039810717055349695,0.003563038497435745
3.162277660168379e-13,0.0001,0.015122742861178906
5.62341325190349e-13,1.e-6,9.038600153243358e-6
5.62341325190349e-13,2.5118864315095823e-6,0.000050782256842443516
5.62341325190349e-13,6.30957344480193e-6,0.0002788067750797576
5.62341325190349e-13,0.00001584893192461114,0.0014095540292242703
5.62341325190349e-13,0.000039810717055349695,0.006336470071396672
5.62341325190349e-13,0.0001,0.02689135310596775
1.e-12,1.e-6,0.000016073102968236358
1.e-12,2.5118864315095823e-6,0.00009030550041391932
1.e-12,6.30957344480193e-6,0.0004957821457705564
1.e-12,0.00001584893192461114,0.0025065721376735565
1.e-12,0.000039810717055349695,0.01126726211512694
1.e-12,0.0001,0.04782245401570589
1.7782794100389228e-12,1.e-6,0.000028582457163440173
1.7782794100389228e-12,2.5118864315095823e-6,0.0001605867353273929
1.7782794100389228e-12,6.30957344480193e-6,0.0008816602167377043
1.7782794100389228e-12,0.00001584893192461114,0.004457478831287292
1.7782794100389228e-12,0.000039810717055349695,0.02003673896871912
1.7782794100389228e-12,0.0001,0.08504322111922281
3.1622776601683794e-12,1.e-6,0.000050827795543970326
3.1622776601683794e-12,2.5118864315095823e-6,0.0002855691702426995
3.1622776601683794e-12,6.30957344480193e-6,0.001567796198043045
3.1622776601683794e-12,0.00001584893192461114,0.007926499066712223
3.1622776601683794e-12,0.000039810717055349695,0.03563190724483825
3.1622776601683794e-12,0.0001,0.15122497644778676
5.6234132519034904e-12,1.e-6,0.00009038574972037508
5.6234132519034904e-12,2.5118864315095823e-6,0.0005078256044803493
5.6234132519034904e-12,6.30957344480193e-6,0.0027879926971849578
5.6234132519034904e-12,0.00001584893192461114,0.0140962661101527
5.6234132519034904e-12,0.000039810717055349695,0.0633650222422093
5.6234132519034904e-12,0.0001,0.2689156907771275
1.e-11,1.e-6,0.00016073045362592425
1.e-11,2.5118864315095823e-6,0.0009030491013128278
1.e-11,6.30957344480193e-6,0.004957864140960025
1.e-11,0.00001584893192461114,0.025066448098843043
1.e-11,0.000039810717055349695,0.11267473137767875
1.e-11,0.0001,0.47822401989598146
1.7782794100389227e-11,1.e-6,0.00028582545863510577
1.7782794100389227e-11,2.5118864315095823e-6,0.001605876082201226
1.7782794100389227e-11,6.30957344480193e-6,0.00881663714283082
1.7782794100389227e-11,0.00001584893192461114,0.04457353538464891
1.7782794100389227e-11,0.000039810717055349695,0.20037742708482914
1.7782794100389227e-11,0.0001,0.8504106247251011
3.1622776601683794e-11,1.e-6,0.0005082762188653187
3.1622776601683794e-11,2.5118864315095823e-6,0.0028557047321499584
3.1622776601683794e-11,6.30957344480193e-6,0.01567797711862704
3.1622776601683794e-11,0.00001584893192461114,0.07926920875238937
3.1622776601683794e-11,0.000039810717055349695,0.3563073770307918
3.1622776601683794e-11,0.0001,1.5122203585230858
5.6234132519034906e-11,1.e-6,0.0009038547765571759
5.6234132519034906e-11,2.5118864315095823e-6,0.005078203566951193
5.6234132519034906e-11,6.30957344480193e-6,0.02788029395109748
5.6234132519034906e-11,0.00001584893192461114,0.14095545794140218
5.6234132519034906e-11,0.000039810717055349695,0.6336455391163668
5.6234132519034906e-11,0.0001,2.6891582006867707
1.e-10,1.e-6,0.0016073049161775396
1.e-10,2.5118864315095823e-6,0.009030483729445815
1.e-10,6.30957344480193e-6,0.04957853958520233
1.e-10,0.00001584893192461114,0.25066239687122993
1.e-10,0.000039810717055349695,1.1267676426583229
1.e-10,0.0001,4.782471195873079
1.778279410038923e-10,1.e-6,0.002858233374327538
1.778279410038923e-10,2.5118864315095823e-6,0.016058699892726923
1.778279410038923e-10,6.30957344480193e-6,0.08816470414731181
1.778279410038923e-10,0.00001584893192461114,0.4457376838965804
1.778279410038923e-10,0.000039810717055349695,2.0037006982673478
1.778279410038923e-10,0.0001,8.503938968420703
3.1622776601683795e-10,1.e-6,0.005082769966964678
3.1622776601683795e-10,2.5118864315095823e-6,0.028556981514380606
3.1622776601683795e-10,6.30957344480193e-6,0.1567799939444903
3.1622776601683795e-10,0.00001584893192461114,0.7926536094063602
3.1622776601683795e-10,0.000039810717055349695,3.5630470173079334
3.1622776601683795e-10,0.0001,15.122622307504797
5.623413251903491e-10,1.e-6,0.009038620894713939
5.623413251903491e-10,2.5118864315095823e-6,0.05078247069545793
5.623413251903491e-10,6.30957344480193e-6,0.2788034659659227
5.623413251903491e-10,0.00001584893192461114,1.4095197093021186
5.623413251903491e-10,0.000039810717055349695,6.33612809953011
5.623413251903491e-10,0.0001,26.89171450477458
1.e-9,1.e-6,0.016073126976700564
1.e-9,2.5118864315095823e-6,0.09030553751117652
1.e-9,6.30957344480193e-6,0.49579260585173907
1.e-9,0.00001584893192461114,2.5066828395211296
1.e-9,0.000039810717055349695,11.267816368269042
1.e-9,0.0001,47.8211966333133
1.7782794100389228e-9,1.e-6,0.028582446058736822
1.7782794100389228e-9,2.5118864315095823e-6,0.16058731559873077
1.7782794100389228e-9,6.30957344480193e-6,0.8816464505537476
1.7782794100389228e-9,0.00001584893192461114,4.45748345415187
1.7782794100389228e-9,0.000039810717055349695,20.03697239963533
1.7782794100389228e-9,0.0001,85.04235269877118
3.1622776601683795e-9,1.e-6,0.0508274295287156
3.1622776601683795e-9,2.5118864315095823e-6,0.2855715909398128
3.1622776601683795e-9,6.30957344480193e-6,1.567835352633878
3.1622776601683795e-9,0.00001584893192461114,7.926615553757694
3.1622776601683795e-9,0.000039810717055349695,35.63112622029312
3.1622776601683795e-9,0.0001,151.2269399077932
5.623413251903491e-9,1.e-6,0.09038585458108536
5.623413251903491e-9,2.5118864315095823e-6,0.5078210786142362
5.623413251903491e-9,6.30957344480193e-6,2.7880765130052025
5.623413251903491e-9,0.00001584893192461114,14.095553899490513
5.623413251903491e-9,0.000039810717055349695,63.363245615182656
5.623413251903491e-9,0.0001,268.9213228259894
1.e-8,1.e-6,0.16073074764865072
1.e-8,2.5118864315095823e-6,0.9030444482293281
1.e-8,6.30957344480193e-6,4.957899948176082
1.e-8,0.00001584893192461114,25.065840444219432
1.e-8,0.000039810717055349695,112.68038004188814
1.e-8,0.0001,478.22104777031484
1.7782794100389228e-8,1.e-6,0.285824274646658
1.7782794100389228e-8,2.5118864315095823e-6,1.6058767772650806
1.7782794100389228e-8,6.30957344480193e-6,8.81666350782903
1.7782794100389228e-8,0.00001584893192461114,44.5734429153448
1.7782794100389228e-8,0.000039810717055349695,200.36618311738144
1.7782794100389228e-8,0.0001,850.3847814539569
3.162277660168379e-8,1.e-6,0.5082756134665576
3.162277660168379e-8,2.5118864315095823e-6,2.8557040418024573
3.162277660168379e-8,6.30957344480193e-6,15.677889669808332
3.162277660168379e-8,0.00001584893192461114,79.26525262418359
3.162277660168379e-8,0.000039810717055349695,356.31474988853455
3.162277660168379e-8,0.0001,1512.2143399405645
5.6234132519034905e-8,1.e-6,0.903857334484471
5.6234132519034905e-8,2.5118864315095823e-6,5.078190113117561
5.6234132519034905e-8,6.30957344480193e-6,27.879933691801718
5.6234132519034905e-8,0.00001584893192461114,140.9602767617566
5.6234132519034905e-8,0.000039810717055349695,633.5999626174167
5.6234132519034905e-8,0.0001,2689.2810879358117
1.e-7,1.e-6,1.6073173350942032
1.e-7,2.5118864315095823e-6,9.030497361696378
1.e-7,6.30957344480193e-6,49.57890050122266
1.e-7,0.00001584893192461114,250.6535450783884
1.e-7,0.000039810717055349695,1126.7315786482975
1.e-7,0.0001,4782.2614194683
1.7782794100389227e-7,1.e-6,2.8582480814012867
1.7782794100389227e-7,2.5118864315095823e-6,16.058689346064565
1.7782794100389227e-7,6.30957344480193e-6,88.16440010010929
1.7782794100389227e-7,0.00001584893192461114,445.74333978339064
1.7782794100389227e-7,0.000039810717055349695,2003.698259110516
1.7782794100389227e-7,0.0001,8504.126539086234
3.162277660168379e-7,1.e-6,5.082741191264545
3.162277660168379e-7,2.5118864315095823e-6,28.556931357254758
3.162277660168379e-7,6.30957344480193e-6,156.7801647746641
3.162277660168379e-7,0.00001584893192461114,792.6627083610798
3.162277660168379e-7,0.000039810717055349695,3563.068492709985
3.162277660168379e-7,0.0001,15122.491487543177
5.62341325190349e-7,1.e-6,9.0385116200536
5.62341325190349e-7,2.5118864315095823e-6,50.782497203585066
5.62341325190349e-7,6.30957344480193e-6,278.8037853653712
5.62341325190349e-7,0.00001584893192461114,1409.5360096458658
5.62341325190349e-7,0.000039810717055349695,6336.279149999255
5.62341325190349e-7,0.0001,26891.400305050804
1.e-6,1.e-6,16.07316067815671
1.e-6,2.5118864315095823e-6,90.30486291695658
1.e-6,6.30957344480193e-6,495.7850822204653
1.e-6,0.00001584893192461114,2506.577580898576
1.e-6,0.000039810717055349695,11268.345743059532
1.e-6,0.0001,47822.04226252355
