1.e-14,1.e-6,1.5826358678665823e-8
1.e-14,2.5118864315095823e-6,8.906346769022904e-8
1.e-14,6.30957344480193e-6,4.6274500250771447e-7
1.e-14,0.00001584893192461114,2.3302551659277326e-6
1.e-14,0.000039810717055349695,0.00001214489593482145
1.e-14,0.0001,0.0000666819505207035
1.7782794100389227e-14,1.e-6,2.8143148401502038e-8
1.7782794100389227e-14,2.5118864315095823e-6,1.5837859849699924e-7
1.7782794100389227e-14,6.30957344480193e-6,8.229390257538956e-7
1.7782794100389227e-14,0.00001584893192461114,4.143847215708133e-6
1.7782794100389227e-14,0.000039810717055349695,0.000021597293453216737
1.7782794100389227e-14,0.0001,0.00011857946302830328
3.1622776601683796e-14,1.e-6,5.004706927955005e-8
3.1622776601683796e-14,2.5118864315095823e-6,2.8162789502384885e-7
3.1622776601683796e-14,6.30957344480193e-6,1.4634072701106834e-6
3.1622776601683796e-14,0.00001584893192461114,7.368933443143839e-6
3.1622776601683796e-14,0.000039810717055349695,0.00003840475911105124
3.1622776601683796e-14,0.0001,0.00021086856387631095
5.6234132519034906e-14,1.e-6,8.899946714977263e-8
5.6234132519034906e-14,2.5118864315095823e-6,5.008247313897494e-7
5.6234132519034906e-14,6.30957344480193e-6,2.602224308883802e-6
5.6234132519034906e-14,0.00001584893192461114,0.00001310455459124847
5.6234132519034906e-14,0.000039810717055349695,0.00006829593865317706
5.6234132519034906e-14,0.0001,0.000374980807737166
1.e-13,1.e-6,1.5825926431780816e-7
1.e-13,2.5118864315095823e-6,8.906073055152277e-7
1.e-13,6.30957344480193e-6,4.62746052443109e-6
1.e-13,0.00001584893192461114,0.00002330335937272775
1.e-13,0.000039810717055349695,0.00012145176401183057
1.e-13,0.0001,0.0006668174018364398
1.7782794100389227e-13,1.e-6,2.814322167552294e-7
1.7782794100389227e-13,2.5118864315095823e-6,1.5836983111484937e-6
1.7782794100389227e-13,6.30957344480193e-6,8.22893172401711e-6
1.7782794100389227e-13,0.00001584893192461114,0.00004143855430372397
1.7782794100389227e-13,0.000039810717055349695,0.00021597308407722495
1.7782794100389227e-13,0.0001,0.0011857906561467215
3.162277660168379e-13,1.e-6,5.004803523984861e-7
3.162277660168379e-13,2.5118864315095823e-6,2.8163260124804904e-6
3.162277660168379e-13,6.30957344480193e-6,0.000014632975139715813
3.162277660168379e-13,0.00001584893192461114,0.00007369004323815808
3.162277660168379e-13,0.000039810717055349695,0.00038404922701167044
3.162277660168379e-13,0.0001,0.002108662969985078
5.62341325190349e-13,1.e-6,8.899737952658665e-7
5.62341325190349e-13,2.5118864315095823e-6,5.008271005565541e-6
5.62341325190349e-13,6.30957344480193e-6,0.000026022082839350003
5.62341325190349e-13,0.00001584893192461114,0.00013104412957335308
5.62341325190349e-13,0.000039810717055349695,0.0006829358755844882
5.62341325190349e-13,0.0001,0.0037497697090904877
1.e-12,1.e-6,1.5826539896797858e-6
1.e-12,2.5118864315095823e-6,8.905774220208604e-6
1.e-12,6.30957344480193e-6,0.000046273500367290416
1.e-12,0.00001584893192461114,0.00023302954587544816
1.e-12,0.000039810717055349695,0.001214483969564412
1.e-12,0.0001,0.006668163270342357
1.7782794100389228e-12,1.e-6,2.8143228190545538e-6
1.7782794100389228e-12,2.5118864315095823e-6,0.00001583738062573077
1.7782794100389228e-12,6.30957344480193e-6,0.00008229029324179922
1.7782794100389228e-12,0.00001584893192461114,0.0004143841028670581
1.7782794100389228e-12,0.000039810717055349695,0.002159720769560816
1.7782794100389228e-12,0.0001,0.011857868407321417
3.1622776601683794e-12,1.e-6,5.004665704299018e-6
3.1622776601683794e-12,2.5118864315095823e-6,0.00002816358074210717
3.1622776601683794e-12,6.30957344480193e-6,0.00014633809993938628
3.1622776601683794e-12,0.00001584893192461114,0.0007368860467710617
3.1622776601683794e-12,0.000039810717055349695,0.0038404668667160954
3.1622776601683794e-12,0.0001,0.021086617954206507
5.6234132519034904e-12,1.e-6,8.899759653329574e-6
5.6234132519034904e-12,2.5118864315095823e-6,0.00005008157375451535
5.6234132519034904e-12,6.30957344480193e-6,0.00026022467372009385
5.6234132519034904e-12,0.00001584893192461114,0.0013104501005862343
5.6234132519034904e-12,0.000039810717055349695,0.00682954700548267
5.6234132519034904e-12,0.0001,0.03749781261004503
1.e-11,1.e-6,0.000015826199345994702
1.e-11,2.5118864315095823e-6,0.00008905860695824743
1.e-11,6.30957344480193e-6,0.00046274226044444025
1.e-11,0.00001584893192461114,0.0023303013402279985
1.e-11,0.000039810717055349695,0.012144680440420911
1.e-11,0.0001,0.06668216369641063
1.7782794100389227e-11,1.e-6,0.000028143133938613426
1.7782794100389227e-11,2.5118864315095823e-6,0.00015837635997644332
1.7782794100389227e-11,6.30957344480193e-6,0.0008229441276779922
1.7782794100389227e-11,0.00001584893192461114,0.0041438103009357454
1.7782794100389227e-11,0.000039810717055349695,0.021597379620566612
1.7782794100389227e-11,0.0001,0.11858072875367286
3.1622776601683794e-11,1.e-6,0.00005004677422007463
3.1622776601683794e-11,2.5118864315095823e-6,0.0002816353879663167
3.1622776601683794e-11,6.30957344480193e-6,0.001463348915085671
3.1622776601683794e-11,0.00001584893192461114,0.007369241350408625
3.1622776601683794e-11,0.000039810717055349695,0.03840564709738398
3.1622776601683794e-11,0.0001,0.21086467341972273
5.6234132519034906e-11,1.e-6,0.00008899799757784291
5.6234132519034906e-11,2.5118864315095823e-6,0.0005008209715218565
5.6234132519034906e-11,6.30957344480193e-6,0.002602338971142921
5.6234132519034906e-11,0.00001584893192461114,0.013104043101443802
5.6234132519034906e-11,0.000039810717055349695,0.06829689054084603
5.6234132519034906e-11,0.0001,0.374980836778715
1.e-10,1.e-6,0.00015826186355765077
1.e-10,2.5118864315095823e-6,0.0008906121643620767
1.e-10,6.30957344480193e-6,0.004627469920460272
1.e-10,0.00001584893192461114,0.023302934278742696
1.e-10,0.000039810717055349695,0.12145005138180952
1.e-10,0.0001,0.6668178528994811
1.778279410038923e-10,1.e-6,0.0002814334394597514
1.778279410038923e-10,2.5118864315095823e-6,0.001583737243183542
1.778279410038923e-10,6.30957344480193e-6,0.008229165153004323
1.778279410038923e-10,0.00001584893192461114,0.04143952873532893
1.778279410038923e-10,0.000039810717055349695,0.21596961547890375
1.778279410038923e-10,0.0001,1.185783318280937
3.1622776601683795e-10,1.e-6,0.0005004657569421124
3.1622776601683795e-10,2.5118864315095823e-6,0.0028163378235718296
3.1622776601683795e-10,6.30957344480193e-6,0.01463332946770328
3.1622776601683795e-10,0.00001584893192461114,0.07368745075591854
3.1622776601683795e-10,0.000039810717055349695,0.38405570945758233
3.1622776601683795e-10,0.0001,2.108654861590004
5.623413251903491e-10,1.e-6,0.000889999873683315
5.623413251903491e-10,2.5118864315095823e-6,0.0050082507942483066
5.623413251903491e-10,6.30957344480193e-6,0.026022336903454363
5.623413251903491e-10,0.00001584893192461114,0.13104698272675144
5.623413251903491e-10,0.000039810717055349695,0.6829713310749647
5.623413251903491e-10,0.0001,3.749785328246902
1.e-9,1.e-6,0.0015826574581928362
1.e-9,2.5118864315095823e-6,0.00890593929584709
1.e-9,6.30957344480193e-6,0.046274688290107904
1.e-9,0.00001584893192461114,0.23303042688914216
1.e-9,0.000039810717055349695,1.2144771132528787
1.e-9,0.0001,6.668194504017369
1.7782794100389228e-9,1.e-6,0.002814418532214422
1.7782794100389228e-9,2.5118864315095823e-6,0.015837544445514367
1.7782794100389228e-9,6.30957344480193e-6,0.08229103295304999
1.7782794100389228e-9,0.00001584893192461114,0.41439705773737023
1.7782794100389228e-9,0.000039810717055349695,2.159674926348361
1.7782794100389228e-9,0.0001,11.857927740952391
3.1622776601683795e-9,1.e-6,0.00500479331705187
3.1622776601683795e-9,2.5118864315095823e-6,0.028163189941055718
3.1622776601683795e-9,6.30957344480193e-6,0.14633584057738777
3.1622776601683795e-9,0.00001584893192461114,0.7369004658175323
3.1622776601683795e-9,0.000039810717055349695,3.840618982051746
3.1622776601683795e-9,0.0001,21.086431489952925
5.623413251903491e-9,1.e-6,0.008899834909515519
5.623413251903491e-9,2.5118864315095823e-6,0.050083003089827396
5.623413251903491e-9,6.30957344480193e-6,0.2602250293044144
5.623413251903491e-9,0.00001584893192461114,1.3103880841504298
5.623413251903491e-9,0.000039810717055349695,6.829418848315238
5.623413251903491e-9,0.0001,37.49839547381038
1.e-8,1.e-6,0.015826304730861343
1.e-8,2.5118864315095823e-6,0.08906073622893458
1.e-8,6.30957344480193e-6,0.4627513138232944
1.e-8,0.00001584893192461114,2.3303092587838288
1.e-8,0.000039810717055349695,12.144957669891228
1.e-8,0.0001,66.68113091303742
1.7782794100389228e-8,1.e-6,0.02814337622616681
1.7782794100389228e-8,2.5118864315095823e-6,0.15836804675208957
1.7782794100389228e-8,6.30957344480193e-6,0.8229138244129902
1.7782794100389228e-8,0.00001584893192461114,4.143780545927765
1.7782794100389228e-8,0.000039810717055349695,21.59668940101159
1.7782794100389228e-8,0.0001,118.57934159521754
3.162277660168379e-8,1.e-6,0.05004731106365977
3.162277660168379e-8,2.5118864315095823e-6,0.28162485861548847
3.162277660168379e-8,6.30957344480193e-6,1.4633316697016807
3.162277660168379e-8,0.00001584893192461114,7.369022730023437
3.162277660168379e-8,0.000039810717055349695,38.40522326598612
3.162277660168379e-8,0.0001,210.86554465251456
5.6234132519034905e-8,1.e-6,0.0889987444675746
5.6234132519034905e-8,2.5118864315095823e-6,0.5008155728919407
5.6234132519034905e-8,6.30957344480193e-6,2.6022886253571955
5.6234132519034905e-8,0.00001584893192461114,13.104151163627135
5.6234132519034905e-8,0.000039810717055349695,68.29522726161407
5.6234132519034905e-8,0.0001,374.9778745694603
1.e-7,1.e-6,0.15826152554458742
1.e-7,2.5118864315095823e-6,0.8906122351028051
1.e-7,6.30957344480193e-6,4.627579341456819
1.e-7,0.00001584893192461114,23.303125540223895
1.e-7,0.000039810717055349695,121.44943817357824
1.e-7,0.0001,666.8181058115289
1.7782794100389227e-7,1.e-6,0.28144397122732584
1.7782794100389227e-7,2.5118864315095823e-6,1.5837358607046554
1.7782794100389227e-7,6.30957344480193e-6,8.22917004182976
1.7782794100389227e-7,0.00001584893192461114,41.43800647180074
1.7782794100389227e-7,0.000039810717055349695,215.9745357974376
1.7782794100389227e-7,0.0001,1185.7817561936536
3.162277660168379e-7,1.e-6,0.5004708024198898
3.162277660168379e-7,2.5118864315095823e-6,2.816308261562619
3.162277660168379e-7,6.30957344480193e-6,14.633767003300465
3.162277660168379e-7,0.00001584893192461114,73.68888596788193
3.162277660168379e-7,0.000039810717055349695,384.05110507183
3.162277660168379e-7,0.0001,2108.648940934545
5.62341325190349e-7,1.e-6,0.8899807441567378
5.62341325190349e-7,2.5118864315095823e-6,5.00816925570483
5.62341325190349e-7,6.30957344480193e-6,26.022874401282472
5.62341325190349e-7,0.00001584893192461114,131.04526237351052
5.62341325190349e-7,0.000039810717055349695,682.9509170363124
5.62341325190349e-7,0.0001,3749.8014986951107
1.e-6,1.e-6,1.5826626518724136
1.e-6,2.5118864315095823e-6,8.905992655554671
1.e-6,6.30957344480193e-6,46.2749412696441
1.e-6,0.00001584893192461114,233.02887338139104
1.e-6,0.000039810717055349695,1214.4917361855871
1.e-6,0.0001,6668.1693155181565
