1.e-14,1.e-6,5.636824939123975e-7
1.e-14,2.5118864315095823e-6,3.1444423237717133e-6
1.e-14,6.30957344480193e-6,0.000016689191831997928
1.e-14,0.00001584893192461114,0.00007931502949819566
1.e-14,0.000039810717055349695,0.0003413618816281367
1.e-14,0.0001,0.0014541520320705127
1.7782794100389227e-14,1.e-6,1.0023804014388049e-6
1.7782794100389227e-14,2.5118864315095823e-6,5.591668790041751e-6
1.7782794100389227e-14,6.30957344480193e-6,0.000029678140449694456
1.7782794100389227e-14,0.00001584893192461114,0.00014104878789921566
1.7782794100389227e-14,0.000039810717055349695,0.0006070389117866364
1.7782794100389227e-14,0.0001,0.0025859536049427853
3.1622776601683796e-14,1.e-6,1.7825067655689202e-6
3.1622776601683796e-14,2.5118864315095823e-6,9.943504968293537e-6
3.1622776601683796e-14,6.30957344480193e-6,0.00005277734859452777
3.1622776601683796e-14,0.00001584893192461114,0.0002508288898861587
3.1622776601683796e-14,0.000039810717055349695,0.0010795333074473494
3.1622776601683796e-14,0.0001,0.004598550275597198
5.6234132519034906e-14,1.e-6,3.1698033118902066e-6
5.6234132519034906e-14,2.5118864315095823e-6,0.000017682368878109012
5.6234132519034906e-14,6.30957344480193e-6,0.00009385401051759348
5.6234132519034906e-14,0.00001584893192461114,0.00044603766070789517
5.6234132519034906e-14,0.000039810717055349695,0.0019197094438082167
5.6234132519034906e-14,0.0001,0.008177214465793163
1.e-13,1.e-6,5.63680183121275e-6
1.e-13,2.5118864315095823e-6,0.00003144443029977491
1.e-13,6.30957344480193e-6,0.0001668936139931604
1.e-13,0.00001584893192461114,0.0007931564950901598
1.e-13,0.000039810717055349695,0.0034135755556268838
1.e-13,0.0001,0.014541505878079545
1.7782794100389227e-13,1.e-6,0.000010023816130418797
1.7782794100389227e-13,2.5118864315095823e-6,0.00005591661964060029
1.7782794100389227e-13,6.30957344480193e-6,0.00029678650812783294
1.7782794100389227e-13,0.00001584893192461114,0.0014104536311760115
1.7782794100389227e-13,0.000039810717055349695,0.006070719909456344
1.7782794100389227e-13,0.0001,0.02585853809985129
3.162277660168379e-13,1.e-6,0.00001782515003020162
3.162277660168379e-13,2.5118864315095823e-6,0.00009943451222699958
3.162277660168379e-13,6.30957344480193e-6,0.0005277706408563237
3.162277660168379e-13,0.00001584893192461114,0.0025082255902001836
3.162277660168379e-13,0.000039810717055349695,0.010794976756780785
3.162277660168379e-13,0.0001,0.045983260301754404
5.62341325190349e-13,1.e-6,0.00003169792715176422
5.62341325190349e-13,2.5118864315095823e-6,0.00017682373016016014
5.62341325190349e-13,6.30957344480193e-6,0.0009385299243549552
5.62341325190349e-13,0.00001584893192461114,0.004460354058899756
5.62341325190349e-13,0.000039810717055349695,0.019197058594133457
5.62341325190349e-13,0.0001,0.08177543637715731
1.e-12,1.e-6,0.00005636825020845931
1.e-12,2.5118864315095823e-6,0.0003144415393538795
1.e-12,6.30957344480193e-6,0.0016689819636110511
1.e-12,0.00001584893192461114,0.007931596635119558
1.e-12,0.000039810717055349695,0.034138308464788984
1.e-12,0.0001,0.14541785053493633
1.7782794100389228e-12,1.e-6,0.00010023831961825765
1.7782794100389228e-12,2.5118864315095823e-6,0.0005591733035730994
1.7782794100389228e-12,6.30957344480193e-6,0.0029679003380109364
1.7782794100389228e-12,0.00001584893192461114,0.01410455745342245
1.7782794100389228e-12,0.000039810717055349695,0.06070913195903577
1.7782794100389228e-12,0.0001,0.2585906376860413
3.1622776601683794e-12,1.e-6,0.0001782511224901593
3.1622776601683794e-12,2.5118864315095823e-6,0.0009943471268903795
3.1622776601683794e-12,6.30957344480193e-6,0.005277732151987456
3.1622776601683794e-12,0.00001584893192461114,0.025082306210558698
3.1622776601683794e-12,0.000039810717055349695,0.10795518134754231
3.1622776601683794e-12,0.0001,0.4598595857025894
5.6234132519034904e-12,1.e-6,0.0003169787605329305
5.6234132519034904e-12,2.5118864315095823e-6,0.0017682567673785515
5.6234132519034904e-12,6.30957344480193e-6,0.00938525425625339
5.6234132519034904e-12,0.00001584893192461114,0.044602731259023205
5.6234132519034904e-12,0.000039810717055349695,0.19197189117892668
5.6234132519034904e-12,0.0001,0.8177330939483972
1.e-11,1.e-6,0.0005636802154348739
1.e-11,2.5118864315095823e-6,0.0031444231687144113
1.e-11,6.30957344480193e-6,0.016689141769813516
1.e-11,0.00001584893192461114,0.07931775661081149
1.e-11,0.000039810717055349695,0.34137220615777214
1.e-11,0.0001,1.454118234216153
1.7782794100389227e-11,1.e-6,0.001002374745294664
1.7782794100389227e-11,2.5118864315095823e-6,0.005591755962035852
1.7782794100389227e-11,6.30957344480193e-6,0.029678551453607052
1.7782794100389227e-11,0.00001584893192461114,0.14104475431561872
1.7782794100389227e-11,0.000039810717055349695,0.6070505052350713
1.7782794100389227e-11,0.0001,2.585885924963654
3.1622776601683794e-11,1.e-6,0.0017825088366426368
3.1622776601683794e-11,2.5118864315095823e-6,0.009943512296209862
3.1622776601683794e-11,6.30957344480193e-6,0.05277620808151561
3.1622776601683794e-11,0.00001584893192461114,0.2508235755265062
3.1622776601683794e-11,0.000039810717055349695,1.0795303859867957
3.1622776601683794e-11,0.0001,4.598393867200205
5.6234132519034906e-11,1.e-6,0.0031698231216827372
5.6234132519034906e-11,2.5118864315095823e-6,0.017682648106820725
5.6234132519034906e-11,6.30957344480193e-6,0.09385186692095145
5.6234132519034906e-11,0.00001584893192461114,0.44602219701251666
5.6234132519034906e-11,0.000039810717055349695,1.9197346991815776
5.6234132519034906e-11,0.0001,8.177539664217933
1.e-10,1.e-6,0.005636794336434797
1.e-10,2.5118864315095823e-6,0.03144420799274795
1.e-10,6.30957344480193e-6,0.16689859797193154
1.e-10,0.00001584893192461114,0.7931945541547724
1.e-10,0.000039810717055349695,3.4139674827565467
1.e-10,0.0001,14.541643704016284
1.778279410038923e-10,1.e-6,0.010023826841914446
1.778279410038923e-10,2.5118864315095823e-6,0.05591592936863725
1.778279410038923e-10,6.30957344480193e-6,0.2967909301667987
1.778279410038923e-10,0.00001584893192461114,1.4105169711577228
1.778279410038923e-10,0.000039810717055349695,6.070534681147311
1.778279410038923e-10,0.0001,25.85966088744344
3.1622776601683795e-10,1.e-6,0.017825085676371342
3.1622776601683795e-10,2.5118864315095823e-6,0.09943599703417447
3.1622776601683795e-10,6.30957344480193e-6,0.5277752735770306
3.1622776601683795e-10,0.00001584893192461114,2.5082425828537556
3.1622776601683795e-10,0.000039810717055349695,10.795352263404833
3.1622776601683795e-10,0.0001,45.98519225327145
5.623413251903491e-10,1.e-6,0.03169809663093588
5.623413251903491e-10,2.5118864315095823e-6,0.17682312962540767
5.623413251903491e-10,6.30957344480193e-6,0.9385038018435095
5.623413251903491e-10,0.00001584893192461114,4.460264868612783
5.623413251903491e-10,0.000039810717055349695,19.197494746541054
5.623413251903491e-10,0.0001,81.7740480824451
1.e-9,1.e-6,0.056367978264054104
1.e-9,2.5118864315095823e-6,0.3144413793677939
1.e-9,6.30957344480193e-6,1.6689507087850806
1.e-9,0.00001584893192461114,7.931850108044465
1.e-9,0.000039810717055349695,34.1379954186517
1.e-9,0.0001,145.4177016478196
1.7782794100389228e-9,1.e-6,0.10023821904435133
1.7782794100389228e-9,2.5118864315095823e-6,0.5591688022052136
1.7782794100389228e-9,6.30957344480193e-6,2.967871659479892
1.7782794100389228e-9,0.00001584893192461114,14.105152793993472
1.7782794100389228e-9,0.000039810717055349695,60.7064541315554
1.7782794100389228e-9,0.0001,258.5896740662914
3.1622776601683795e-9,1.e-6,0.17825139424964226
3.1622776601683795e-9,2.5118864315095823e-6,0.9943474442742507
3.1622776601683795e-9,6.30957344480193e-6,5.277646218156562
3.1622776601683795e-9,0.00001584893192461114,25.082075473074852
3.1622776601683795e-9,0.000039810717055349695,107.95161075124506
3.1622776601683795e-9,0.0001,459.85965784291267
5.623413251903491e-9,1.e-6,0.31698078424119136
5.623413251903491e-9,2.5118864315095823e-6,1.7682334056121882
5.623413251903491e-9,6.30957344480193e-6,9.38516025694664
5.623413251903491e-9,0.00001584893192461114,44.60321845684572
5.623413251903491e-9,0.000039810717055349695,191.97366684653855
5.623413251903491e-9,0.0001,817.7218495006512
1.e-8,1.e-6,0.5636792706530714
1.e-8,2.5118864315095823e-6,3.1444773521790865
1.e-8,6.30957344480193e-6,16.689593551804833
1.e-8,0.00001584893192461114,79.31607392512728
1.e-8,0.000039810717055349695,341.37284395449586
1.e-8,0.0001,1454.143802910176
1.7782794100389228e-8,1.e-6,1.0023802122285992
1.7782794100389228e-8,2.5118864315095823e-6,5.591743462335316
1.7782794100389228e-8,6.30957344480193e-6,29.678880085632276
1.7782794100389228e-8,0.00001584893192461114,141.04968798882226
1.7782794100389228e-8,0.000039810717055349695,607.0616278494392
1.7782794100389228e-8,0.0001,2585.9401784161732
3.162277660168379e-8,1.e-6,1.7825028897451616
3.162277660168379e-8,2.5118864315095823e-6,9.943659270265833
3.162277660168379e-8,6.30957344480193e-6,52.775684082146874
3.162277660168379e-8,0.00001584893192461114,250.8239129199194
3.162277660168379e-8,0.000039810717055349695,1079.5383108822125
3.162277660168379e-8,0.0001,4598.395100921467
5.6234132519034905e-8,1.e-6,3.1698061937439634
5.6234132519034905e-8,2.5118864315095823e-6,17.682266706076067
5.6234132519034905e-8,6.30957344480193e-6,93.85318674836964
5.6234132519034905e-8,0.00001584893192461114,446.0306346490206
5.6234132519034905e-8,0.000039810717055349695,1919.7430443898754
5.6234132519034905e-8,0.0001,8177.296142098517
1.e-7,1.e-6,5.636803947328051
1.e-7,2.5118864315095823e-6,31.443826369001055
1.e-7,6.30957344480193e-6,166.89399363574813
1.e-7,0.00001584893192461114,793.1810596695474
1.e-7,0.000039810717055349695,3413.699754385922
1.e-7,0.0001,14541.78728555623
1.7782794100389227e-7,1.e-6,10.023828454418036
1.7782794100389227e-7,2.5118864315095823e-6,55.91668434156983
1.7782794100389227e-7,6.30957344480193e-6,296.7811726885419
1.7782794100389227e-7,0.00001584893192461114,1410.5104664733533
1.7782794100389227e-7,0.000039810717055349695,6070.681667037598
1.7782794100389227e-7,0.0001,25858.84491062709
3.162277660168379e-7,1.e-6,17.825126761768416
3.162277660168379e-7,2.5118864315095823e-6,99.43566549378755
3.162277660168379e-7,6.30957344480193e-6,527.7778028783088
3.162277660168379e-7,0.00001584893192461114,2508.3055810959213
3.162277660168379e-7,0.000039810717055349695,10794.89268477198
3.162277660168379e-7,0.0001,45983.23580223582
5.62341325190349e-7,1.e-6,31.69801050613688
5.62341325190349e-7,2.5118864315095823e-6,176.8244924437424
5.62341325190349e-7,6.30957344480193e-6,938.5207892235968
5.62341325190349e-7,0.00001584893192461114,4460.390434961151
5.62341325190349e-7,0.000039810717055349695,19197.371959178257
5.62341325190349e-7,0.0001,81771.64550428886
1.e-6,1.e-6,56.36796607359929
1.e-6,2.5118864315095823e-6,314.4385340053692
1.e-6,6.30957344480193e-6,1668.9168339495536
1.e-6,0.00001584893192461114,7931.674815724787
1.e-6,0.000039810717055349695,34136.35707401044
1.e-6,0.0001,145417.00541354791
