1.e-14,1.e-6,1.8033029991556545e-6
1.e-14,2.5118864315095823e-6,0.00001011141443508712
1.e-14,6.30957344480193e-6,0.000055126231752495694
1.e-14,0.00001584893192461114,0.00027465014307012116
1.e-14,0.000039810717055349695,0.0012171062721000629
1.e-14,0.0001,0.005137924185311818
1.7782794100389227e-14,1.e-6,3.20675067284701e-6
1.7782794100389227e-14,2.5118864315095823e-6,0.000017980997202708674
1.7782794100389227e-14,6.30957344480193e-6,0.00009803174959120246
1.7782794100389227e-14,0.00001584893192461114,0.0004884031391567248
1.7782794100389227e-14,0.000039810717055349695,0.002164435948817071
1.7782794100389227e-14,0.0001,0.009136951061633623
3.1622776601683796e-14,1.e-6,5.702535447335996e-6
3.1622776601683796e-14,2.5118864315095823e-6,0.0000319751268098148
3.1622776601683796e-14,6.30957344480193e-6,0.00017432402375710504
3.1622776601683796e-14,0.00001584893192461114,0.0008685092875600843
3.1622776601683796e-14,0.000039810717055349695,0.0038486858542780174
3.1622776601683796e-14,0.0001,0.016247122051343713
5.6234132519034906e-14,1.e-6,0.000010140681303389293
5.6234132519034906e-14,2.5118864315095823e-6,0.000056860835431853865
5.6234132519034906e-14,6.30957344480193e-6,0.0003100017208474768
5.6234132519034906e-14,0.00001584893192461114,0.001544421928310157
5.6234132519034906e-14,0.000039810717055349695,0.006844093624938976
5.6234132519034906e-14,0.0001,0.02889235419378946
1.e-13,1.e-6,0.00001803293768774654
1.e-13,2.5118864315095823e-6,0.0001011139713580083
1.e-13,6.30957344480193e-6,0.0005512733487221238
1.e-13,0.00001584893192461114,0.002746368781187539
1.e-13,0.000039810717055349695,0.012171075903759567
1.e-13,0.0001,0.05137892854241357
1.7782794100389227e-13,1.e-6,0.000032067547463443146
1.7782794100389227e-13,2.5118864315095823e-6,0.00017980849040052834
1.7782794100389227e-13,6.30957344480193e-6,0.0009803146015675062
1.7782794100389227e-13,0.00001584893192461114,0.004883917615508742
1.7782794100389227e-13,0.000039810717055349695,0.021643791563490538
1.7782794100389227e-13,0.0001,0.09136545332692071
3.162277660168379e-13,1.e-6,0.00005702532943338872
3.162277660168379e-13,2.5118864315095823e-6,0.00031975249066970395
3.162277660168379e-13,6.30957344480193e-6,0.0017432238963977656
3.162277660168379e-13,0.00001584893192461114,0.0086850353474953
3.162277660168379e-13,0.000039810717055349695,0.03848589737961908
3.162277660168379e-13,0.0001,0.16247518952327955
5.62341325190349e-13,1.e-6,0.00010140681666586537
5.62341325190349e-13,2.5118864315095823e-6,0.0005686039770824291
5.62341325190349e-13,6.30957344480193e-6,0.0030999895433090332
5.62341325190349e-13,0.00001584893192461114,0.015444622443636305
5.62341325190349e-13,0.000039810717055349695,0.06844357804224242
5.62341325190349e-13,0.0001,0.28892146637848404
1.e-12,1.e-6,0.00018032914469455686
1.e-12,2.5118864315095823e-6,0.001011146662476423
1.e-12,6.30957344480193e-6,0.005512563809650063
1.e-12,0.00001584893192461114,0.027464750272822032
1.e-12,0.000039810717055349695,0.12171059902103107
1.e-12,0.0001,0.5137895346598871
1.7782794100389228e-12,1.e-6,0.00032067746748141144
1.7782794100389228e-12,2.5118864315095823e-6,0.0017981020706330812
1.7782794100389228e-12,6.30957344480193e-6,0.00980315186885502
1.7782794100389228e-12,0.00001584893192461114,0.048839253090222016
1.7782794100389228e-12,0.000039810717055349695,0.2164268491385833
1.7782794100389228e-12,0.0001,0.913667316405217
3.1622776601683794e-12,1.e-6,0.0005702529882606177
3.1622776601683794e-12,2.5118864315095823e-6,0.0031975235677401304
3.1622776601683794e-12,6.30957344480193e-6,0.017432413353914166
3.1622776601683794e-12,0.00001584893192461114,0.0868496452461442
3.1622776601683794e-12,0.000039810717055349695,0.38486635395384494
3.1622776601683794e-12,0.0001,1.6247188383846765
5.6234132519034904e-12,1.e-6,0.001014065606263223
5.6234132519034904e-12,2.5118864315095823e-6,0.005686053110567166
5.6234132519034904e-12,6.30957344480193e-6,0.03099951606922093
5.6234132519034904e-12,0.00001584893192461114,0.15444638198918786
5.6234132519034904e-12,0.000039810717055349695,0.6844523372514442
5.6234132519034904e-12,0.0001,2.8891943246020393
1.e-11,1.e-6,0.00180329508425608
1.e-11,2.5118864315095823e-6,0.010111418765786202
1.e-11,6.30957344480193e-6,0.055125881020404575
1.e-11,0.00001584893192461114,0.2746465247866649
1.e-11,0.000039810717055349695,1.2170933345599226
1.e-11,0.0001,5.1378932469943495
1.7782794100389227e-11,1.e-6,0.003206735502675627
1.7782794100389227e-11,2.5118864315095823e-6,0.017980971598224916
1.7782794100389227e-11,6.30957344480193e-6,0.09803224439802612
1.7782794100389227e-11,0.00001584893192461114,0.4883887337661175
1.7782794100389227e-11,0.000039810717055349695,2.1643518391590666
1.7782794100389227e-11,0.0001,9.136884644270626
3.1622776601683794e-11,1.e-6,0.005702496990642829
3.1622776601683794e-11,2.5118864315095823e-6,0.03197515740782984
3.1622776601683794e-11,6.30957344480193e-6,0.17432873514407193
3.1622776601683794e-11,0.00001584893192461114,0.8685035002316253
3.1622776601683794e-11,0.000039810717055349695,3.8488003987605994
3.1622776601683794e-11,0.0001,16.247357175166503
5.6234132519034906e-11,1.e-6,0.01014067865187945
5.6234132519034906e-11,2.5118864315095823e-6,0.05686048979900167
5.6234132519034906e-11,6.30957344480193e-6,0.3099973682231226
5.6234132519034906e-11,0.00001584893192461114,1.5444370113133965
5.6234132519034906e-11,0.000039810717055349695,6.844067270845836
5.6234132519034906e-11,0.0001,28.892592048381715
1.e-10,1.e-6,0.01803294171736062
1.e-10,2.5118864315095823e-6,0.10111494460896431
1.e-10,6.30957344480193e-6,0.5512552273836597
1.e-10,0.00001584893192461114,2.746419608705504
1.e-10,0.000039810717055349695,12.171295953139218
1.e-10,0.0001,51.38009371991024
1.778279410038923e-10,1.e-6,0.0320677394587041
1.778279410038923e-10,2.5118864315095823e-6,0.17981053406366634
1.778279410038923e-10,6.30957344480193e-6,0.9802697631714504
1.778279410038923e-10,0.00001584893192461114,4.883871457065606
1.778279410038923e-10,0.000039810717055349695,21.642133761296147
1.778279410038923e-10,0.0001,91.3668337404148
3.1622776601683795e-10,1.e-6,0.05702538265205309
3.1622776601683795e-10,2.5118864315095823e-6,0.31975096891555344
3.1622776601683795e-10,6.30957344480193e-6,1.7432214457852495
3.1622776601683795e-10,0.00001584893192461114,8.684915466914418
3.1622776601683795e-10,0.000039810717055349695,38.48723540659317
3.1622776601683795e-10,0.0001,162.47029534870052
5.623413251903491e-10,1.e-6,0.10140701428350611
5.623413251903491e-10,2.5118864315095823e-6,0.568608034577368
5.623413251903491e-10,6.30957344480193e-6,3.0999350694835686
5.623413251903491e-10,0.00001584893192461114,15.44422003877385
5.623413251903491e-10,0.000039810717055349695,68.44162049525589
5.623413251903491e-10,0.0001,288.9300535139873
1.e-9,1.e-6,0.18033013656081937
1.e-9,2.5118864315095823e-6,1.0111426022045213
1.e-9,6.30957344480193e-6,5.512655674054775
1.e-9,0.00001584893192461114,27.464943536197957
1.e-9,0.000039810717055349695,121.70780164072552
1.e-9,0.0001,513.7847316618614
1.7782794100389228e-9,1.e-6,0.32067700403624255
1.7782794100389228e-9,2.5118864315095823e-6,1.7980974779328909
1.7782794100389228e-9,6.30957344480193e-6,9.802803917528683
1.7782794100389228e-9,0.00001584893192461114,48.83938684306195
1.7782794100389228e-9,0.000039810717055349695,216.4237613128355
1.7782794100389228e-9,0.0001,913.7180003332991
3.1622776601683795e-9,1.e-6,0.5702529420824248
3.1622776601683795e-9,2.5118864315095823e-6,3.1975145936081186
3.1622776601683795e-9,6.30957344480193e-6,17.43206929059353
3.1622776601683795e-9,0.00001584893192461114,86.84758152849687
3.1622776601683795e-9,0.000039810717055349695,384.86939003187945
3.1622776601683795e-9,0.0001,1624.7072080532682
5.623413251903491e-9,1.e-6,1.014070773884519
5.623413251903491e-9,2.5118864315095823e-6,5.686097081769024
5.623413251903491e-9,6.30957344480193e-6,30.99949882762004
5.623413251903491e-9,0.00001584893192461114,154.4441445178757
5.623413251903491e-9,0.000039810717055349695,684.4027756547957
5.623413251903491e-9,0.0001,2889.260086679368
1.e-8,1.e-6,1.8032936578635788
1.e-8,2.5118864315095823e-6,10.111421205150318
1.e-8,6.30957344480193e-6,55.125925564140154
1.e-8,0.00001584893192461114,274.63691755964516
1.e-8,0.000039810717055349695,1217.1149843084856
1.e-8,0.0001,5137.9745550598245
1.7782794100389228e-8,1.e-6,3.2067610364610886
1.7782794100389228e-8,2.5118864315095823e-6,17.98091245782775
1.7782794100389228e-8,6.30957344480193e-6,98.02987009247744
1.7782794100389228e-8,0.00001584893192461114,488.3919290206019
1.7782794100389228e-8,0.000039810717055349695,2164.2753361096557
1.7782794100389228e-8,0.0001,9136.431924976481
3.162277660168379e-8,1.e-6,5.7025207253607
3.162277660168379e-8,2.5118864315095823e-6,31.97486141972819
3.162277660168379e-8,6.30957344480193e-6,174.33031088284665
3.162277660168379e-8,0.00001584893192461114,868.4852834850102
3.162277660168379e-8,0.000039810717055349695,3848.6982970952267
3.162277660168379e-8,0.0001,16247.390747355004
5.6234132519034905e-8,1.e-6,10.140643244622842
5.6234132519034905e-8,2.5118864315095823e-6,56.86075915648159
5.6234132519034905e-8,6.30957344480193e-6,309.99084646931055
5.6234132519034905e-8,0.00001584893192461114,1544.4109046701083
5.6234132519034905e-8,0.000039810717055349695,6844.212656816266
5.6234132519034905e-8,0.0001,28893.38800545049
1.e-7,1.e-6,18.032969629512294
1.e-7,2.5118864315095823e-6,101.11383133609483
1.e-7,6.30957344480193e-6,551.2717554809421
1.e-7,0.00001584893192461114,2746.5317648839145
1.e-7,0.000039810717055349695,12170.524436308026
1.e-7,0.0001,51378.47369592084
1.7782794100389227e-7,1.e-6,32.067496439841136
1.7782794100389227e-7,2.5118864315095823e-6,179.81001189534408
1.7782794100389227e-7,6.30957344480193e-6,980.3067619711875
1.7782794100389227e-7,0.00001584893192461114,4883.9566186827315
1.7782794100389227e-7,0.000039810717055349695,21642.697053330052
1.7782794100389227e-7,0.0001,91363.43631671209
3.162277660168379e-7,1.e-6,57.02547815397997
3.162277660168379e-7,2.5118864315095823e-6,319.7538669819749
3.162277660168379e-7,6.30957344480193e-6,1743.257527797445
3.162277660168379e-7,0.00001584893192461114,8685.319298951053
3.162277660168379e-7,0.000039810717055349695,38487.37714236614
3.162277660168379e-7,0.0001,162478.69383877752
5.62341325190349e-7,1.e-6,101.40649570029345
5.62341325190349e-7,2.5118864315095823e-6,568.6061552918701
5.62341325190349e-7,6.30957344480193e-6,3099.9424924191835
5.62341325190349e-7,0.00001584893192461114,15444.521368772554
5.62341325190349e-7,0.000039810717055349695,68441.19718370638
5.62341325190349e-7,0.0001,288929.4858069465
1.e-6,1.e-6,180.32867293928356
1.e-6,2.5118864315095823e-6,1011.1454142295896
1.e-6,6.30957344480193e-6,5512.64338114051
1.e-6,0.00001584893192461114,27464.052434133384
1.e-6,0.000039810717055349695,121705.55958129627
1.e-6,0.0001,513787.4669517766
