1.e-14,1.e-6,2.7217610789514157e-7
1.e-14,2.5118864315095823e-6,1.5714655474522582e-6
1.e-14,6.30957344480193e-6,8.888790193201537e-6
1.e-14,0.00001584893192461114,0.00004996717434339182
1.e-14,0.000039810717055349695,0.00027809630952466293
1.e-14,0.0001,0.0014652017221585868
1.7782794100389227e-14,1.e-6,4.840049696853646e-7
1.7782794100389227e-14,2.5118864315095823e-6,2.794514838883383e-6
1.7782794100389227e-14,6.30957344480193e-6,0.000015806685671611507
1.7782794100389227e-14,0.00001584893192461114,0.00008885548870386228
1.7782794100389227e-14,0.000039810717055349695,0.0004945425165625531
1.7782794100389227e-14,0.0001,0.002605579527807517
3.1622776601683796e-14,1.e-6,8.60697108828499e-7
3.1622776601683796e-14,2.5118864315095823e-6,4.969442594123076e-6
3.1622776601683796e-14,6.30957344480193e-6,0.00002810870058061089
3.1622776601683796e-14,0.00001584893192461114,0.00015800970237234222
3.1622776601683796e-14,0.000039810717055349695,0.0008794275063792459
3.1622776601683796e-14,0.0001,0.004633384989161557
5.6234132519034906e-14,1.e-6,1.5305592678897812e-6
5.6234132519034906e-14,2.5118864315095823e-6,8.837026910143285e-6
5.6234132519034906e-14,6.30957344480193e-6,0.000049985269982498675
5.6234132519034906e-14,0.00001584893192461114,0.0002809857705193176
5.6234132519034906e-14,0.000039810717055349695,0.001563876915113927
5.6234132519034906e-14,0.0001,0.00823924176696283
1.e-13,1.e-6,2.7217594371154854e-6
1.e-13,2.5118864315095823e-6,0.000015714651685294737
1.e-13,6.30957344480193e-6,0.00008888787748725142
1.e-13,0.00001584893192461114,0.000499672950242597
1.e-13,0.000039810717055349695,0.002781009984068344
1.e-13,0.0001,0.014652088165220496
1.7782794100389227e-13,1.e-6,4.8400662319082985e-6
1.7782794100389227e-13,2.5118864315095823e-6,0.000027945220838020838
1.7782794100389227e-13,6.30957344480193e-6,0.00015806696026878983
1.7782794100389227e-13,0.00001584893192461114,0.0008885594663073026
1.7782794100389227e-13,0.000039810717055349695,0.004945409559609851
1.7782794100389227e-13,0.0001,0.026055830152735663
3.162277660168379e-13,1.e-6,8.606962999036845e-6
3.162277660168379e-13,2.5118864315095823e-6,0.00004969434654782426
3.162277660168379e-13,6.30957344480193e-6,0.0002810881801936519
3.162277660168379e-13,0.00001584893192461114,0.001580092929524679
3.162277660168379e-13,0.000039810717055349695,0.008794157608808981
3.162277660168379e-13,0.0001,0.046333795246377374
5.62341325190349e-13,1.e-6,0.0000153055992348529
5.62341325190349e-13,2.5118864315095823e-6,0.00008837039770652946
5.62341325190349e-13,6.30957344480193e-6,0.0004998531280789928
5.62341325190349e-13,0.00001584893192461114,0.0028098711864277836
5.62341325190349e-13,0.000039810717055349695,0.015638613232710905
5.62341325190349e-13,0.0001,0.08239464347804178
1.e-12,1.e-6,0.000027217676411099685
1.e-12,2.5118864315095823e-6,0.00015714721952398135
1.e-12,6.30957344480193e-6,0.0008888733433863491
1.e-12,0.00001584893192461114,0.004996716421907917
1.e-12,0.000039810717055349695,0.02781006938318701
1.e-12,0.0001,0.1465179505510142
1.7782794100389228e-12,1.e-6,0.00004840020915265438
1.7782794100389228e-12,2.5118864315095823e-6,0.00027945265204656195
1.7782794100389228e-12,6.30957344480193e-6,0.0015806742090043438
1.7782794100389228e-12,0.00001584893192461114,0.00888559723229248
1.7782794100389228e-12,0.000039810717055349695,0.04945351693586443
1.7782794100389228e-12,0.0001,0.2605542977659341
3.1622776601683794e-12,1.e-6,0.00008606958356294157
3.1622776601683794e-12,2.5118864315095823e-6,0.0004969432716469823
3.1622776601683794e-12,6.30957344480193e-6,0.0028108845155989264
3.1622776601683794e-12,0.00001584893192461114,0.01580103376268795
3.1622776601683794e-12,0.000039810717055349695,0.08794364084926562
3.1622776601683794e-12,0.0001,0.4633360403978637
5.6234132519034904e-12,1.e-6,0.00015305587060253224
5.6234132519034904e-12,2.5118864315095823e-6,0.0008837050646140248
5.6234132519034904e-12,6.30957344480193e-6,0.00499854346133257
5.6234132519034904e-12,0.00001584893192461114,0.02809844896969472
5.6234132519034904e-12,0.000039810717055349695,0.15638618443645003
5.6234132519034904e-12,0.0001,0.8239213831325921
1.e-11,1.e-6,0.00027217641151134475
1.e-11,2.5118864315095823e-6,0.0015714627348755632
1.e-11,6.30957344480193e-6,0.008888789463209801
1.e-11,0.00001584893192461114,0.04996699346002446
1.e-11,0.000039810717055349695,0.27810306324067563
1.e-11,0.0001,1.4651943463869395
1.7782794100389227e-11,1.e-6,0.00048400509095318083
1.7782794100389227e-11,2.5118864315095823e-6,0.0027945131879143874
1.7782794100389227e-11,6.30957344480193e-6,0.01580675565603085
1.7782794100389227e-11,0.00001584893192461114,0.08885612666915278
1.7782794100389227e-11,0.000039810717055349695,0.4945369722950801
1.7782794100389227e-11,0.0001,2.605609958004675
3.1622776601683794e-11,1.e-6,0.0008606980343777233
3.1622776601683794e-11,2.5118864315095823e-6,0.0049694316856491345
3.1622776601683794e-11,6.30957344480193e-6,0.02810886700417344
3.1622776601683794e-11,0.00001584893192461114,0.1580103759568115
3.1622776601683794e-11,0.000039810717055349695,0.8794233975571335
3.1622776601683794e-11,0.0001,4.633420781902828
5.6234132519034906e-11,1.e-6,0.0015305637383141663
5.6234132519034906e-11,2.5118864315095823e-6,0.00883703073799435
5.6234132519034906e-11,6.30957344480193e-6,0.04998533581982677
5.6234132519034906e-11,0.00001584893192461114,0.2809851699493566
5.6234132519034906e-11,0.000039810717055349695,1.5638732339381256
5.6234132519034906e-11,0.0001,8.239764019316423
1.e-10,1.e-6,0.002721764655973404
1.e-10,2.5118864315095823e-6,0.015714734777075554
1.e-10,6.30957344480193e-6,0.08888776345243983
1.e-10,0.00001584893192461114,0.4996718457151623
1.e-10,0.000039810717055349695,2.7809483656243326
1.e-10,0.0001,14.652078564287118
1.778279410038923e-10,1.e-6,0.0048400650772666845
1.778279410038923e-10,2.5118864315095823e-6,0.027945212956022425
1.778279410038923e-10,6.30957344480193e-6,0.15806778623675216
1.778279410038923e-10,0.00001584893192461114,0.8885566538094374
1.778279410038923e-10,0.000039810717055349695,4.945451838755217
1.778279410038923e-10,0.0001,26.054689007834487
3.1622776601683795e-10,1.e-6,0.008606937532815266
3.1622776601683795e-10,2.5118864315095823e-6,0.04969449992706051
3.1622776601683795e-10,6.30957344480193e-6,0.28108689901937106
3.1622776601683795e-10,0.00001584893192461114,1.5801034480310372
3.1622776601683795e-10,0.000039810717055349695,8.794281970968822
3.1622776601683795e-10,0.0001,46.332957810839474
5.623413251903491e-10,1.e-6,0.015305602717895566
5.623413251903491e-10,2.5118864315095823e-6,0.08837059363642577
5.623413251903491e-10,6.30957344480193e-6,0.4998536547805402
5.623413251903491e-10,0.00001584893192461114,2.809837662132485
5.623413251903491e-10,0.000039810717055349695,15.638477577271535
5.623413251903491e-10,0.0001,82.39750996852266
1.e-9,1.e-6,0.027217620796987543
1.e-9,2.5118864315095823e-6,0.1571465535655449
1.e-9,6.30957344480193e-6,0.8888789076106224
1.e-9,0.00001584893192461114,4.996686803220144
1.e-9,0.000039810717055349695,27.80978133133954
1.e-9,0.0001,146.51911597528525
1.7782794100389228e-9,1.e-6,0.048400666531140765
1.7782794100389228e-9,2.5118864315095823e-6,0.27945184000773693
1.7782794100389228e-9,6.30957344480193e-6,1.58066923320395
1.7782794100389228e-9,0.00001584893192461114,8.885514893301904
1.7782794100389228e-9,0.000039810717055349695,49.45373267781717
1.7782794100389228e-9,0.0001,260.5572453751669
3.1622776601683795e-9,1.e-6,0.08606967450075936
3.1622776601683795e-9,2.5118864315095823e-6,0.49694354637761345
3.1622776601683795e-9,6.30957344480193e-6,2.810868945996611
3.1622776601683795e-9,0.00001584893192461114,15.800960172896747
3.1622776601683795e-9,0.000039810717055349695,87.94056151023554
3.1622776601683795e-9,0.0001,463.3449363004891
5.623413251903491e-9,1.e-6,0.15305609661926586
5.623413251903491e-9,2.5118864315095823e-6,0.8836992704346581
5.623413251903491e-9,6.30957344480193e-6,4.99853210337466
5.623413251903491e-9,0.00001584893192461114,28.098612365912487
5.623413251903491e-9,0.000039810717055349695,156.38617600469436
5.623413251903491e-9,0.0001,823.965379187826
1.e-8,1.e-6,0.2721765954427376
1.e-8,2.5118864315095823e-6,1.5714628059706364
1.e-8,6.30957344480193e-6,8.888793770637651
1.e-8,0.00001584893192461114,49.967145911390666
1.e-8,0.000039810717055349695,278.10027426599316
1.e-8,0.0001,1465.1934899767102
1.7782794100389228e-8,1.e-6,0.4840050521709445
1.7782794100389228e-8,2.5118864315095823e-6,2.794511662636063
1.7782794100389228e-8,6.30957344480193e-6,15.806763161349698
1.7782794100389228e-8,0.00001584893192461114,88.85595009599311
1.7782794100389228e-8,0.000039810717055349695,494.5371022264594
1.7782794100389228e-8,0.0001,2605.55561750449
3.162277660168379e-8,1.e-6,0.8606981464262738
3.162277660168379e-8,2.5118864315095823e-6,4.969410338819642
3.162277660168379e-8,6.30957344480193e-6,28.1087144256889
3.162277660168379e-8,0.00001584893192461114,158.01033559591474
3.162277660168379e-8,0.000039810717055349695,879.4354249337875
3.162277660168379e-8,0.0001,4633.496728169735
5.6234132519034905e-8,1.e-6,1.5305529969785046
5.6234132519034905e-8,2.5118864315095823e-6,8.837019492971637
5.6234132519034905e-8,6.30957344480193e-6,49.98519758803481
5.6234132519034905e-8,0.00001584893192461114,280.984294775236
5.6234132519034905e-8,0.000039810717055349695,1563.8614595137196
5.6234132519034905e-8,0.0001,8239.46697470128
1.e-7,1.e-6,2.72174899391882
1.e-7,2.5118864315095823e-6,15.714731981190631
1.e-7,6.30957344480193e-6,88.88722332016289
1.e-7,0.00001584893192461114,499.6729732470795
1.e-7,0.000039810717055349695,2780.998583696086
1.e-7,0.0001,14652.138395008942
1.7782794100389227e-7,1.e-6,4.840057458878764
1.7782794100389227e-7,2.5118864315095823e-6,27.945023495641802
1.7782794100389227e-7,6.30957344480193e-6,158.06767197008142
1.7782794100389227e-7,0.00001584893192461114,888.5550490204828
1.7782794100389227e-7,0.000039810717055349695,4945.377899876273
1.7782794100389227e-7,0.0001,26055.465788477024
3.162277660168379e-7,1.e-6,8.606994694101962
3.162277660168379e-7,2.5118864315095823e-6,49.69439601923421
3.162277660168379e-7,6.30957344480193e-6,281.087844001548
3.162277660168379e-7,0.00001584893192461114,1580.1000777651066
3.162277660168379e-7,0.000039810717055349695,8794.330779584436
3.162277660168379e-7,0.0001,46333.212255799815
5.62341325190349e-7,1.e-6,15.305478472256667
5.62341325190349e-7,2.5118864315095823e-6,88.37031699178695
5.62341325190349e-7,6.30957344480193e-6,499.8542109084701
5.62341325190349e-7,0.00001584893192461114,2809.860311415541
5.62341325190349e-7,0.000039810717055349695,15638.659755496588
5.62341325190349e-7,0.0001,82393.09068732228
1.e-6,1.e-6,27.217480760713244
1.e-6,2.5118864315095823e-6,157.14729952432154
1.e-6,6.30957344480193e-6,888.877563842529
1.e-6,0.00001584893192461114,4996.721102131667
1.e-6,0.000039810717055349695,27809.68641678521
1.e-6,0.0001,146520.4784729905
