1.e-14,1.e-6,1.2458318899509444e-8
1.e-14,2.5118864315095823e-6,7.07264178409239e-8
1.e-14,6.30957344480193e-6,3.996660045760761e-7
1.e-14,0.00001584893192461114,2.23252320797538e-6
1.e-14,0.000039810717055349695,0.000011750411155092648
1.e-14,0.0001,0.00005530264845155975
1.7782794100389227e-14,1.e-6,2.2154404718123838e-8
1.7782794100389227e-14,2.5118864315095823e-6,1.257709759315896e-7
1.7782794100389227e-14,6.30957344480193e-6,7.107194352442046e-7
1.7782794100389227e-14,0.00001584893192461114,3.969944334767338e-6
1.7782794100389227e-14,0.000039810717055349695,0.000020895623137762587
1.7782794100389227e-14,0.0001,0.00009834795499731983
3.1622776601683796e-14,1.e-6,3.939671063546255e-8
3.1622776601683796e-14,2.5118864315095823e-6,2.2365419197725802e-7
3.1622776601683796e-14,6.30957344480193e-6,1.2638428025447886e-6
3.1622776601683796e-14,0.00001584893192461114,7.059736348591602e-6
3.1622776601683796e-14,0.000039810717055349695,0.000037158389483310206
3.1622776601683796e-14,0.0001,0.00017488742466668223
5.6234132519034906e-14,1.e-6,7.005848851981423e-8
5.6234132519034906e-14,2.5118864315095823e-6,3.9772189544981154e-7
5.6234132519034906e-14,6.30957344480193e-6,2.2474769851420833e-6
5.6234132519034906e-14,0.00001584893192461114,0.000012554441222736382
5.6234132519034906e-14,0.000039810717055349695,0.00006607886495497863
5.6234132519034906e-14,0.0001,0.0003109880660922783
1.e-13,1.e-6,1.2458307346633955e-7
1.e-13,2.5118864315095823e-6,7.072636719734014e-7
1.e-13,6.30957344480193e-6,3.996640610729715e-6
1.e-13,0.00001584893192461114,0.000022325062977189694
1.e-13,0.000039810717055349695,0.00011750657662967429
1.e-13,0.0001,0.00055302860282692
1.7782794100389227e-13,1.e-6,2.2154379112480453e-7
1.7782794100389227e-13,2.5118864315095823e-6,1.257711033586699e-6
1.7782794100389227e-13,6.30957344480193e-6,7.107162974365904e-6
1.7782794100389227e-13,0.00001584893192461114,0.00003969930505107259
1.7782794100389227e-13,0.000039810717055349695,0.00020895907882172336
1.7782794100389227e-13,0.0001,0.000983404491152006
3.162277660168379e-13,1.e-6,3.9396672694201817e-7
3.162277660168379e-13,2.5118864315095823e-6,2.236547689435866e-6
3.162277660168379e-13,6.30957344480193e-6,0.000012638495765122277
3.162277660168379e-13,0.00001584893192461114,0.00007059700768285278
3.162277660168379e-13,0.000039810717055349695,0.0003715853172253468
3.162277660168379e-13,0.0001,0.0017488075239072696
5.62341325190349e-13,1.e-6,7.005807354818546e-7
5.62341325190349e-13,2.5118864315095823e-6,3.9772059713621154e-6
5.62341325190349e-13,6.30957344480193e-6,0.000022474796423376316
5.62341325190349e-13,0.00001584893192461114,0.00012554441082088057
5.62341325190349e-13,0.000039810717055349695,0.000660789201815867
5.62341325190349e-13,0.0001,0.0031099705363492065
1.e-12,1.e-6,1.2458356244020453e-6
1.e-12,2.5118864315095823e-6,7.0726141361664414e-6
1.e-12,6.30957344480193e-6,0.000039966482268809736
1.e-12,0.00001584893192461114,0.00022325191385273198
1.e-12,0.000039810717055349695,0.0011750819425899988
1.e-12,0.0001,0.005530208288832988
1.7782794100389228e-12,1.e-6,2.215436378704979e-6
1.7782794100389228e-12,2.5118864315095823e-6,0.000012577008052274857
1.7782794100389228e-12,6.30957344480193e-6,0.0000710714742548975
1.7782794100389228e-12,0.00001584893192461114,0.00039699996521953634
1.7782794100389228e-12,0.000039810717055349695,0.002089622323591011
1.7782794100389228e-12,0.0001,0.009834602610669534
3.1622776601683794e-12,1.e-6,3.939674108144873e-6
3.1622776601683794e-12,2.5118864315095823e-6,0.00002236554935298471
3.1622776601683794e-12,6.30957344480193e-6,0.00012638454121965
3.1622776601683794e-12,0.00001584893192461114,0.0007059687664380862
3.1622776601683794e-12,0.000039810717055349695,0.0037159201048176512
3.1622776601683794e-12,0.0001,0.017488149519512122
5.6234132519034904e-12,1.e-6,7.005822545568105e-6
5.6234132519034904e-12,2.5118864315095823e-6,0.000039772162029709384
5.6234132519034904e-12,6.30957344480193e-6,0.00022474624335747
5.6234132519034904e-12,0.00001584893192461114,0.0012554271596361356
5.6234132519034904e-12,0.000039810717055349695,0.006607825908585355
5.6234132519034904e-12,0.0001,0.031100599629763723
1.e-11,1.e-6,0.00001245832725126509
1.e-11,2.5118864315095823e-6,0.00007072610326750883
1.e-11,6.30957344480193e-6,0.00039966523797820567
1.e-11,0.00001584893192461114,0.0022325156578784466
1.e-11,0.000039810717055349695,0.011750681953164106
1.e-11,0.0001,0.055301452086041765
1.7782794100389227e-11,1.e-6,0.000022154420117160144
1.7782794100389227e-11,2.5118864315095823e-6,0.00012577008558573098
1.7782794100389227e-11,6.30957344480193e-6,0.0007107151579512786
1.7782794100389227e-11,0.00001584893192461114,0.003969973516726812
1.7782794100389227e-11,0.000039810717055349695,0.020896023092699525
1.7782794100389227e-11,0.0001,0.09834501457409034
3.1622776601683794e-11,1.e-6,0.000039396760532774785
3.1622776601683794e-11,2.5118864315095823e-6,0.0002236566747501713
3.1622776601683794e-11,6.30957344480193e-6,0.0012638522895209255
3.1622776601683794e-11,0.00001584893192461114,0.007059690158761924
3.1622776601683794e-11,0.000039810717055349695,0.037159036939286696
3.1622776601683794e-11,0.0001,0.17487886077585799
5.6234132519034906e-11,1.e-6,0.00007005827845411145
5.6234132519034906e-11,2.5118864315095823e-6,0.0003977230072839481
5.6234132519034906e-11,6.30957344480193e-6,0.0022474860843351326
5.6234132519034906e-11,0.00001584893192461114,0.01255421112201522
5.6234132519034906e-11,0.000039810717055349695,0.06607894330100769
5.6234132519034906e-11,0.0001,0.3109961107733657
1.e-10,1.e-6,0.00012458326068287654
1.e-10,2.5118864315095823e-6,0.0007072605831118291
1.e-10,6.30957344480193e-6,0.003996650892566708
1.e-10,0.00001584893192461114,0.0223250438213049
1.e-10,0.000039810717055349695,0.11750831886355481
1.e-10,0.0001,0.5530319799957939
1.778279410038923e-10,1.e-6,0.0002215435486811148
1.778279410038923e-10,2.5118864315095823e-6,0.0012576999594350775
1.778279410038923e-10,6.30957344480193e-6,0.0071071636406549715
1.778279410038923e-10,0.00001584893192461114,0.03969965522090116
1.778279410038923e-10,0.000039810717055349695,0.20895791231053384
1.778279410038923e-10,0.0001,0.9833965909693378
3.1622776601683795e-10,1.e-6,0.0003939640399994678
3.1622776601683795e-10,2.5118864315095823e-6,0.002236541608914674
3.1622776601683795e-10,6.30957344480193e-6,0.01263853034886936
3.1622776601683795e-10,0.00001584893192461114,0.07059777340989312
3.1622776601683795e-10,0.000039810717055349695,0.3715856827222962
3.1622776601683795e-10,0.0001,1.7487800409595715
5.623413251903491e-10,1.e-6,0.0007005780988143556
5.623413251903491e-10,2.5118864315095823e-6,0.003977205098426417
5.623413251903491e-10,6.30957344480193e-6,0.02247494079522999
5.623413251903491e-10,0.00001584893192461114,0.125542793116402
5.623413251903491e-10,0.000039810717055349695,0.6607639323519356
5.623413251903491e-10,0.0001,3.109962012160272
1.e-9,1.e-6,0.001245830355552165
1.e-9,2.5118864315095823e-6,0.0070726300776287445
1.e-9,6.30957344480193e-6,0.039966713594231644
1.e-9,0.00001584893192461114,0.22324856650690755
1.e-9,0.000039810717055349695,1.175083794385484
1.e-9,0.0001,5.530126995602892
1.7782794100389228e-9,1.e-6,0.002215439398409266
1.7782794100389228e-9,2.5118864315095823e-6,0.012577067273844873
1.7782794100389228e-9,6.30957344480193e-6,0.0710716383836658
1.7782794100389228e-9,0.00001584893192461114,0.3969950876984001
1.7782794100389228e-9,0.000039810717055349695,2.0896187511314475
1.7782794100389228e-9,0.0001,9.83414146429902
3.1622776601683795e-9,1.e-6,0.003939674279516027
3.1622776601683795e-9,2.5118864315095823e-6,0.022365576176860694
3.1622776601683795e-9,6.30957344480193e-6,0.12638506289987614
3.1622776601683795e-9,0.00001584893192461114,0.7059813451087577
3.1622776601683795e-9,0.000039810717055349695,3.7158747484791954
3.1622776601683795e-9,0.0001,17.489279064621588
5.623413251903491e-9,1.e-6,0.007005791938518057
5.623413251903491e-9,2.5118864315095823e-6,0.039772206280664184
5.623413251903491e-9,6.30957344480193e-6,0.2247483567665374
5.623413251903491e-9,0.00001584893192461114,1.2554290892075444
5.623413251903491e-9,0.000039810717055349695,6.607785349076992
5.623413251903491e-9,0.0001,31.099126016227334
1.e-8,1.e-6,0.01245839098522449
1.e-8,2.5118864315095823e-6,0.07072626030342938
1.e-8,6.30957344480193e-6,0.3996645215762013
1.e-8,0.00001584893192461114,2.232468795213999
1.e-8,0.000039810717055349695,11.750832053235213
1.e-8,0.0001,55.3045738184438
1.7782794100389228e-8,1.e-6,0.022154383798496095
1.7782794100389228e-8,2.5118864315095823e-6,0.12577103134320217
1.7782794100389228e-8,6.30957344480193e-6,0.7107117980463509
1.7782794100389228e-8,0.00001584893192461114,3.970059532916735
1.7782794100389228e-8,0.000039810717055349695,20.895747962377545
1.7782794100389228e-8,0.0001,98.3424616598029
3.162277660168379e-8,1.e-6,0.03939659448054189
3.162277660168379e-8,2.5118864315095823e-6,0.22365578224920316
3.162277660168379e-8,6.30957344480193e-6,1.2638498308030874
3.162277660168379e-8,0.00001584893192461114,7.059757588845275
3.162277660168379e-8,0.000039810717055349695,37.15858630346851
3.162277660168379e-8,0.0001,174.8823665070122
5.6234132519034905e-8,1.e-6,0.07005825093862864
5.6234132519034905e-8,2.5118864315095823e-6,0.39772200849575495
5.6234132519034905e-8,6.30957344480193e-6,2.2474815766769978
5.6234132519034905e-8,0.00001584893192461114,12.554219167295074
5.6234132519034905e-8,0.000039810717055349695,66.0787286128987
5.6234132519034905e-8,0.0001,310.98925131252713
1.e-7,1.e-6,0.12458322575903079
1.e-7,2.5118864315095823e-6,0.7072611952930427
1.e-7,6.30957344480193e-6,3.9966515793682618
1.e-7,0.00001584893192461114,22.324808407611084
1.e-7,0.000039810717055349695,117.51066989135785
1.e-7,0.0001,553.0165944799407
1.7782794100389227e-7,1.e-6,0.22154304130186453
1.7782794100389227e-7,2.5118864315095823e-6,1.257702256059906
1.7782794100389227e-7,6.30957344480193e-6,7.107169794678604
1.7782794100389227e-7,0.00001584893192461114,39.700680254050155
1.7782794100389227e-7,0.000039810717055349695,208.95715651791278
1.7782794100389227e-7,0.0001,983.4373517970035
3.162277660168379e-7,1.e-6,0.39396694707331187
3.162277660168379e-7,2.5118864315095823e-6,2.236545173779069
3.162277660168379e-7,6.30957344480193e-6,12.638525007258208
3.162277660168379e-7,0.00001584893192461114,70.59755129050184
3.162277660168379e-7,0.000039810717055349695,371.5864354980633
3.162277660168379e-7,0.0001,1748.8890135907739
5.62341325190349e-7,1.e-6,0.7005822272256733
5.62341325190349e-7,2.5118864315095823e-6,3.977218964280263
5.62341325190349e-7,6.30957344480193e-6,22.474788070428712
5.62341325190349e-7,0.00001584893192461114,125.54251649038284
5.62341325190349e-7,0.000039810717055349695,660.7854159020566
5.62341325190349e-7,0.0001,3110.0032714713693
1.e-6,1.e-6,1.245831552512701
1.e-6,2.5118864315095823e-6,7.072595448517157
1.e-6,6.30957344480193e-6,39.96654749927114
1.e-6,0.00001584893192461114,223.24832363338362
1.e-6,0.000039810717055349695,1175.0551730608183
1.e-6,0.0001,5530.248779024698
