1.e-14,1.e-6,9.371757328778858e-8
1.e-14,2.5118864315095823e-6,5.360678913669602e-7
1.e-14,6.30957344480193e-6,3.022152221987987e-6
1.e-14,0.00001584893192461114,0.000016969146859283753
1.e-14,0.000039810717055349695,0.0000932632330710056
1.e-14,0.0001,0.0004732478552372204
1.7782794100389227e-14,1.e-6,1.6665699991972625e-7
1.7782794100389227e-14,2.5118864315095823e-6,9.532728757841653e-7
1.7782794100389227e-14,6.30957344480193e-6,5.374252492667179e-6
1.7782794100389227e-14,0.00001584893192461114,0.000030175554207178293
1.7782794100389227e-14,0.000039810717055349695,0.00016584169760724382
1.7782794100389227e-14,0.0001,0.0008415612006093835
3.1622776601683796e-14,1.e-6,2.963631392417929e-7
3.1622776601683796e-14,2.5118864315095823e-6,1.695177087703817e-6
3.1622776601683796e-14,6.30957344480193e-6,9.55686147653887e-6
3.1622776601683796e-14,0.00001584893192461114,0.00005366088483312392
3.1622776601683796e-14,0.000039810717055349695,0.0002949170335962068
3.1622776601683796e-14,0.0001,0.001496482666305516
5.6234132519034906e-14,1.e-6,5.270139505049914e-7
5.6234132519034906e-14,2.5118864315095823e-6,3.0145199793871566e-6
5.6234132519034906e-14,6.30957344480193e-6,0.00001699484403745198
5.6234132519034906e-14,0.00001584893192461114,0.00009542425738982347
5.6234132519034906e-14,0.000039810717055349695,0.000524458341713356
5.6234132519034906e-14,0.0001,0.0026612822847669683
1.e-13,1.e-6,9.37181711690253e-7
1.e-13,2.5118864315095823e-6,5.360645275067132e-6
1.e-13,6.30957344480193e-6,0.000030221585302641563
1.e-13,0.00001584893192461114,0.0001696928866897573
1.e-13,0.000039810717055349695,0.0009326143163223937
1.e-13,0.0001,0.004732394875047846
1.7782794100389227e-13,1.e-6,1.6665739475688983e-6
1.7782794100389227e-13,2.5118864315095823e-6,9.532748730483644e-6
1.7782794100389227e-13,6.30957344480193e-6,0.000053742160424177694
1.7782794100389227e-13,0.00001584893192461114,0.0003017590448264099
1.7782794100389227e-13,0.000039810717055349695,0.0016584892094770908
1.7782794100389227e-13,0.0001,0.0084156224152541
3.162277660168379e-13,1.e-6,2.9636073076435403e-6
3.162277660168379e-13,2.5118864315095823e-6,0.000016951860038249856
3.162277660168379e-13,6.30957344480193e-6,0.00009556888925417127
3.162277660168379e-13,0.00001584893192461114,0.0005366110907174939
3.162277660168379e-13,0.000039810717055349695,0.0029492618866776205
3.162277660168379e-13,0.0001,0.014964719828142117
5.62341325190349e-13,1.e-6,5.270163581138427e-6
5.62341325190349e-13,2.5118864315095823e-6,0.000030145047022557147
5.62341325190349e-13,6.30957344480193e-6,0.00016994802397941893
5.62341325190349e-13,0.00001584893192461114,0.0009542501781205353
5.62341325190349e-13,0.000039810717055349695,0.005244539836357564
5.62341325190349e-13,0.0001,0.026612543962236803
1.e-12,1.e-6,9.371820192800977e-6
1.e-12,2.5118864315095823e-6,0.00005360655850029588
1.e-12,6.30957344480193e-6,0.00030221586217887684
1.e-12,0.00001584893192461114,0.0016969171683277483
1.e-12,0.000039810717055349695,0.009326296967128974
1.e-12,0.0001,0.04732434291465137
1.7782794100389228e-12,1.e-6,0.000016665659816356616
1.7782794100389228e-12,2.5118864315095823e-6,0.0000953267726052778
1.7782794100389228e-12,6.30957344480193e-6,0.0005374243215854392
1.7782794100389228e-12,0.00001584893192461114,0.003017578733302196
1.7782794100389228e-12,0.000039810717055349695,0.016584237843790893
1.7782794100389228e-12,0.0001,0.08415609345141555
3.1622776601683794e-12,1.e-6,0.000029636263955123613
3.1622776601683794e-12,2.5118864315095823e-6,0.0001695180581180399
3.1622776601683794e-12,6.30957344480193e-6,0.0009556925743496041
3.1622776601683794e-12,0.00001584893192461114,0.0053661185744674315
3.1622776601683794e-12,0.000039810717055349695,0.029492451364575633
3.1622776601683794e-12,0.0001,0.14965176288310153
5.6234132519034904e-12,1.e-6,0.00005270166428063128
5.6234132519034904e-12,2.5118864315095823e-6,0.00030145210089739885
5.6234132519034904e-12,6.30957344480193e-6,0.00169948102275137
5.6234132519034904e-12,0.00001584893192461114,0.009542473884336582
5.6234132519034904e-12,0.000039810717055349695,0.052445112695288856
5.6234132519034904e-12,0.0001,0.26612319819786007
1.e-11,1.e-6,0.00009371796649260102
1.e-11,2.5118864315095823e-6,0.0005360635905729494
1.e-11,6.30957344480193e-6,0.0030221438310387943
1.e-11,0.00001584893192461114,0.01696928053936256
1.e-11,0.000039810717055349695,0.09326380420084149
1.e-11,0.0001,0.47323989978090353
1.7782794100389227e-11,1.e-6,0.00016665626315571832
1.7782794100389227e-11,2.5118864315095823e-6,0.0009532747646473223
1.7782794100389227e-11,6.30957344480193e-6,0.0053742108269972935
1.7782794100389227e-11,0.00001584893192461114,0.03017560062839289
1.7782794100389227e-11,0.000039810717055349695,0.16584999817171214
1.7782794100389227e-11,0.0001,0.8415671368837149
3.1622776601683794e-11,1.e-6,0.0002963631103793597
3.1622776601683794e-11,2.5118864315095823e-6,0.0016951903262991414
3.1622776601683794e-11,6.30957344480193e-6,0.009556936919615368
3.1622776601683794e-11,0.00001584893192461114,0.0536610224948571
3.1622776601683794e-11,0.000039810717055349695,0.2949190254185349
3.1622776601683794e-11,0.0001,1.496536408702098
5.6234132519034906e-11,1.e-6,0.0005270155080927059
5.6234132519034906e-11,2.5118864315095823e-6,0.0030145194706694255
5.6234132519034906e-11,6.30957344480193e-6,0.016994842502593584
5.6234132519034906e-11,0.00001584893192461114,0.09542459202873076
5.6234132519034906e-11,0.000039810717055349695,0.5244489711247023
5.6234132519034906e-11,0.0001,2.6611980951744947
1.e-10,1.e-6,0.0009371816274523619
1.e-10,2.5118864315095823e-6,0.00536064941164689
1.e-10,6.30957344480193e-6,0.030221541434044537
1.e-10,0.00001584893192461114,0.1696916862507267
1.e-10,0.000039810717055349695,0.9326323540722867
1.e-10,0.0001,4.732421776694011
1.778279410038923e-10,1.e-6,0.001666562571468331
1.778279410038923e-10,2.5118864315095823e-6,0.009532782013830945
1.778279410038923e-10,6.30957344480193e-6,0.05374248147368086
1.778279410038923e-10,0.00001584893192461114,0.301756878431203
1.778279410038923e-10,0.000039810717055349695,1.6584345218083039
1.778279410038923e-10,0.0001,8.415355703083508
3.1622776601683795e-10,1.e-6,0.002963633612253799
3.1622776601683795e-10,2.5118864315095823e-6,0.01695189639218328
3.1622776601683795e-10,6.30957344480193e-6,0.09556891766921193
3.1622776601683795e-10,0.00001584893192461114,0.5366085569687685
3.1622776601683795e-10,0.000039810717055349695,2.949199736696058
3.1622776601683795e-10,0.0001,14.965067355713238
5.623413251903491e-10,1.e-6,0.005270164875685868
5.623413251903491e-10,2.5118864315095823e-6,0.030145010504111888
5.623413251903491e-10,6.30957344480193e-6,0.16994799121419163
5.623413251903491e-10,0.00001584893192461114,0.954239806909795
5.623413251903491e-10,0.000039810717055349695,5.244512352523587
5.623413251903491e-10,0.0001,26.612142847951663
1.e-9,1.e-6,0.009371776722842128
1.e-9,2.5118864315095823e-6,0.05360655460688983
1.e-9,6.30957344480193e-6,0.30221423760410804
1.e-9,0.00001584893192461114,1.6968911512862472
1.e-9,0.000039810717055349695,9.326128818150952
1.e-9,0.0001,47.32500873426709
1.7782794100389228e-9,1.e-6,0.01666570259109224
1.7782794100389228e-9,2.5118864315095823e-6,0.09532737860441494
1.7782794100389228e-9,6.30957344480193e-6,0.5374262291085637
1.7782794100389228e-9,0.00001584893192461114,3.0175981304904647
1.7782794100389228e-9,0.000039810717055349695,16.58479713023223
1.7782794100389228e-9,0.0001,84.15593539090314
3.1622776601683795e-9,1.e-6,0.02963612521275838
3.1622776601683795e-9,2.5118864315095823e-6,0.16951883820740996
3.1622776601683795e-9,6.30957344480193e-6,0.9556895391357024
3.1622776601683795e-9,0.00001584893192461114,5.366124648395935
3.1622776601683795e-9,0.000039810717055349695,29.492451527555975
3.1622776601683795e-9,0.0001,149.65332087637793
5.623413251903491e-9,1.e-6,0.05270142744207639
5.623413251903491e-9,2.5118864315095823e-6,0.3014501576615908
5.623413251903491e-9,6.30957344480193e-6,1.6994831206509038
5.623413251903491e-9,0.00001584893192461114,9.54242187469641
5.623413251903491e-9,0.000039810717055349695,52.44337326720679
5.623413251903491e-9,0.0001,266.12469557359094
1.e-8,1.e-6,0.0937182190096005
1.e-8,2.5118864315095823e-6,0.5360650704905029
1.e-8,6.30957344480193e-6,3.02214377657203
1.e-8,0.00001584893192461114,16.969174544953766
1.e-8,0.000039810717055349695,93.26393589251677
1.e-8,0.0001,473.2388350436138
1.7782794100389228e-8,1.e-6,0.16665733837626553
1.7782794100389228e-8,2.5118864315095823e-6,0.9532735319104908
1.7782794100389228e-8,6.30957344480193e-6,5.3742263225385845
1.7782794100389228e-8,0.00001584893192461114,30.175798895209198
1.7782794100389228e-8,0.000039810717055349695,165.84640623346652
1.7782794100389228e-8,0.0001,841.5513435982065
3.162277660168379e-8,1.e-6,0.2963616915004513
3.162277660168379e-8,2.5118864315095823e-6,1.6951880858768789
3.162277660168379e-8,6.30957344480193e-6,9.55692113996326
3.162277660168379e-8,0.00001584893192461114,53.660765024004576
3.162277660168379e-8,0.000039810717055349695,294.924717855072
3.162277660168379e-8,0.0001,1496.5244093515482
5.6234132519034905e-8,1.e-6,0.5270152480420673
5.6234132519034905e-8,2.5118864315095823e-6,3.0145196901031004
5.6234132519034905e-8,6.30957344480193e-6,16.994787164695182
5.6234132519034905e-8,0.00001584893192461114,95.42520763540846
5.6234132519034905e-8,0.000039810717055349695,524.4553101074457
5.6234132519034905e-8,0.0001,2661.2193115550554
1.e-7,1.e-6,0.9371791035922924
1.e-7,2.5118864315095823e-6,5.360658891636476
1.e-7,6.30957344480193e-6,30.221561194402362
1.e-7,0.00001584893192461114,169.69145320292444
1.e-7,0.000039810717055349695,932.6240721447248
1.e-7,0.0001,4732.338883279092
1.7782794100389227e-7,1.e-6,1.6665725117477665
1.7782794100389227e-7,2.5118864315095823e-6,9.532714826136406
1.7782794100389227e-7,6.30957344480193e-6,53.742525109247715
1.7782794100389227e-7,0.00001584893192461114,301.75642479577556
1.7782794100389227e-7,0.000039810717055349695,1658.450811177317
1.7782794100389227e-7,0.0001,8415.802587807175
3.162277660168379e-7,1.e-6,2.963634443111527
3.162277660168379e-7,2.5118864315095823e-6,16.951880361746593
3.162277660168379e-7,6.30957344480193e-6,95.56916897724183
3.162277660168379e-7,0.00001584893192461114,536.6125906092556
3.162277660168379e-7,0.000039810717055349695,2949.268011149914
3.162277660168379e-7,0.0001,14965.119222332096
5.62341325190349e-7,1.e-6,5.270168688273277
5.62341325190349e-7,2.5118864315095823e-6,30.14519143195267
5.62341325190349e-7,6.30957344480193e-6,169.94834372010666
5.62341325190349e-7,0.00001584893192461114,954.2441831721674
5.62341325190349e-7,0.000039810717055349695,5244.529822341667
5.62341325190349e-7,0.0001,26612.183808834252
1.e-6,1.e-6,9.371789402152753
1.e-6,2.5118864315095823e-6,53.606094124323704
1.e-6,6.30957344480193e-6,302.21573544906676
1.e-6,0.00001584893192461114,1696.920959133228
1.e-6,0.000039810717055349695,9325.999391965248
1.e-6,0.0001,47323.76766492403
