1.e-14,1.e-6,3.022398661099519e-9
1.e-14,2.5118864315095823e-6,1.7706020409777215e-8
1.e-14,6.30957344480193e-6,1.0341853338330402e-7
1.e-14,0.00001584893192461114,5.83343328237137e-7
1.e-14,0.000039810717055349695,3.0248699360544293e-6
1.e-14,0.0001,0.000014596527553014928
1.7782794100389227e-14,1.e-6,5.3746698613857035e-9
1.7782794100389227e-14,2.5118864315095823e-6,3.14864836745055e-8
1.7782794100389227e-14,6.30957344480193e-6,1.8391109438166117e-7
1.7782794100389227e-14,0.00001584893192461114,1.037335149527436e-6
1.7782794100389227e-14,0.000039810717055349695,5.378990940788178e-6
1.7782794100389227e-14,0.0001,0.00002595766241351523
3.1622776601683796e-14,1.e-6,9.557631361005416e-9
3.1622776601683796e-14,2.5118864315095823e-6,5.5991671649409745e-8
3.1622776601683796e-14,6.30957344480193e-6,3.270445721695062e-7
3.1622776601683796e-14,0.00001584893192461114,1.8447146599052582e-6
3.1622776601683796e-14,0.000039810717055349695,9.56514030064637e-6
3.1622776601683796e-14,0.0001,0.00004616052298705729
5.6234132519034906e-14,1.e-6,1.6996203624727215e-8
5.6234132519034906e-14,2.5118864315095823e-6,9.95681827332172e-8
5.6234132519034906e-14,6.30957344480193e-6,5.81574966130435e-7
5.6234132519034906e-14,0.00001584893192461114,3.2803877058195257e-6
5.6234132519034906e-14,0.000039810717055349695,0.000017009841285266842
5.6234132519034906e-14,0.0001,0.000082083744107506
1.e-13,1.e-6,3.0223976990568304e-8
1.e-13,2.5118864315095823e-6,1.7706073325175236e-7
1.e-13,6.30957344480193e-6,1.034208705739281e-6
1.e-13,0.00001584893192461114,5.833561899978122e-6
1.e-13,0.000039810717055349695,0.000030248148330156564
1.e-13,0.0001,0.00014596990286987527
1.7782794100389227e-13,1.e-6,5.3746608963617515e-8
1.7782794100389227e-13,2.5118864315095823e-6,3.1486327736619297e-7
1.7782794100389227e-13,6.30957344480193e-6,1.8390976538549474e-6
1.7782794100389227e-13,0.00001584893192461114,0.000010373409708679445
1.7782794100389227e-13,0.000039810717055349695,0.000053790656828045294
1.7782794100389227e-13,0.0001,0.000259577062377895
3.162277660168379e-13,1.e-6,9.557620902888204e-8
3.162277660168379e-13,2.5118864315095823e-6,5.599167993598024e-7
3.162277660168379e-13,6.30957344480193e-6,3.2704114475269894e-6
3.162277660168379e-13,0.00001584893192461114,0.000018447131619280143
3.162277660168379e-13,0.000039810717055349695,0.00009565351333025717
3.162277660168379e-13,0.0001,0.0004615946702578931
5.62341325190349e-13,1.e-6,1.699619367343393e-7
5.62341325190349e-13,2.5118864315095823e-6,9.956846748262435e-7
5.62341325190349e-13,6.30957344480193e-6,5.815755760716796e-6
5.62341325190349e-13,0.00001584893192461114,0.000032803933144274976
5.62341325190349e-13,0.000039810717055349695,0.00017009814911896876
5.62341325190349e-13,0.0001,0.0008208729230207432
1.e-12,1.e-6,3.022401796261491e-7
1.e-12,2.5118864315095823e-6,1.770606957004274e-6
1.e-12,6.30957344480193e-6,0.00001034194837365127
1.e-12,0.00001584893192461114,0.00005833627998949655
1.e-12,0.000039810717055349695,0.00030248053268831
1.e-12,0.0001,0.001459686931772456
1.7782794100389228e-12,1.e-6,5.374673168048287e-7
1.7782794100389228e-12,2.5118864315095823e-6,3.1486440507749828e-6
1.7782794100389228e-12,6.30957344480193e-6,0.00001839074413198184
1.7782794100389228e-12,0.00001584893192461114,0.00010373546431804047
1.7782794100389228e-12,0.000039810717055349695,0.0005379239110655881
1.7782794100389228e-12,0.0001,0.002595737881180688
3.1622776601683794e-12,1.e-6,9.55758948770592e-7
3.1622776601683794e-12,2.5118864315095823e-6,5.599150160997914e-6
3.1622776601683794e-12,6.30957344480193e-6,0.00003270410496138073
3.1622776601683794e-12,0.00001584893192461114,0.00018446941275065108
3.1622776601683794e-12,0.000039810717055349695,0.0009565385810663049
3.1622776601683794e-12,0.0001,0.004615941332334274
5.6234132519034904e-12,1.e-6,1.699620977672012e-6
5.6234132519034904e-12,2.5118864315095823e-6,9.956857481499623e-6
5.6234132519034904e-12,6.30957344480193e-6,0.000058155937513561034
5.6234132519034904e-12,0.00001584893192461114,0.00032805024720626824
5.6234132519034904e-12,0.000039810717055349695,0.0017010155880762868
5.6234132519034904e-12,0.0001,0.008208510553678617
1.e-11,1.e-6,3.0223859069786326e-6
1.e-11,2.5118864315095823e-6,0.00001770610259544197
1.e-11,6.30957344480193e-6,0.00010341990910028937
1.e-11,0.00001584893192461114,0.0005833689048264574
1.e-11,0.000039810717055349695,0.003024812777569627
1.e-11,0.0001,0.014596928852340776
1.7782794100389227e-11,1.e-6,5.374655651518874e-6
1.7782794100389227e-11,2.5118864315095823e-6,0.00003148637981388683
1.7782794100389227e-11,6.30957344480193e-6,0.0001839087656077083
1.7782794100389227e-11,0.00001584893192461114,0.001037379558489925
1.7782794100389227e-11,0.000039810717055349695,0.005378744504595921
1.7782794100389227e-11,0.0001,0.02595706089947867
3.1622776601683794e-11,1.e-6,9.557653938490889e-6
3.1622776601683794e-11,2.5118864315095823e-6,0.000055991333012831876
3.1622776601683794e-11,6.30957344480193e-6,0.0003270416754211439
3.1622776601683794e-11,0.00001584893192461114,0.0018447322635173334
3.1622776601683794e-11,0.000039810717055349695,0.009565236598232758
3.1622776601683794e-11,0.0001,0.04615822986170494
5.6234132519034906e-11,1.e-6,0.000016996179112935714
5.6234132519034906e-11,2.5118864315095823e-6,0.0000995684139775193
5.6234132519034906e-11,6.30957344480193e-6,0.000581581947548787
5.6234132519034906e-11,0.00001584893192461114,0.0032804565181247954
5.6234132519034906e-11,0.000039810717055349695,0.017009871103732598
5.6234132519034906e-11,0.0001,0.08208345019342717
1.e-10,1.e-6,0.000030223879732236618
1.e-10,2.5118864315095823e-6,0.000177060265698524
1.e-10,6.30957344480193e-6,0.0010341911861256486
1.e-10,0.00001584893192461114,0.005833510652910784
1.e-10,0.000039810717055349695,0.030248717322056216
1.e-10,0.0001,0.14597443581753558
1.778279410038923e-10,1.e-6,0.00005374668334458604
1.778279410038923e-10,2.5118864315095823e-6,0.00031486201877181815
1.778279410038923e-10,6.30957344480193e-6,0.0018391016617762112
1.778279410038923e-10,0.00001584893192461114,0.0103737142657111
1.778279410038923e-10,0.000039810717055349695,0.0537917391612629
1.778279410038923e-10,0.0001,0.2595691128802534
3.1622776601683795e-10,1.e-6,0.00009557658375335647
3.1622776601683795e-10,2.5118864315095823e-6,0.0005599158633032269
3.1622776601683795e-10,6.30957344480193e-6,0.0032704282130270185
3.1622776601683795e-10,0.00001584893192461114,0.018447650075451995
3.1622776601683795e-10,0.000039810717055349695,0.09565555388446555
3.1622776601683795e-10,0.0001,0.46159634612362627
5.623413251903491e-10,1.e-6,0.0001699621517204586
5.623413251903491e-10,2.5118864315095823e-6,0.0009956870320864404
5.623413251903491e-10,6.30957344480193e-6,0.00581570345592896
5.623413251903491e-10,0.00001584893192461114,0.03280467851117948
5.623413251903491e-10,0.000039810717055349695,0.17009878062635764
5.623413251903491e-10,0.0001,0.8208382634196465
1.e-9,1.e-6,0.0003022404664287284
1.e-9,2.5118864315095823e-6,0.0017706112608082186
1.e-9,6.30957344480193e-6,0.01034208858061208
1.e-9,0.00001584893192461114,0.05833463921897225
1.e-9,0.000039810717055349695,0.30249132643656357
1.e-9,0.0001,1.459645633816937
1.7782794100389228e-9,1.e-6,0.0005374678114299588
1.7782794100389228e-9,2.5118864315095823e-6,0.003148627306383966
1.7782794100389228e-9,6.30957344480193e-6,0.018390874279376197
1.7782794100389228e-9,0.00001584893192461114,0.10373559651924333
1.7782794100389228e-9,0.000039810717055349695,0.5378862343907728
1.7782794100389228e-9,0.0001,2.595648607082439
3.1622776601683795e-9,1.e-6,0.0009557652003726423
3.1622776601683795e-9,2.5118864315095823e-6,0.005599154328083136
3.1622776601683795e-9,6.30957344480193e-6,0.03270471234675918
3.1622776601683795e-9,0.00001584893192461114,0.18446796182549052
3.1622776601683795e-9,0.000039810717055349695,0.9565302541561627
3.1622776601683795e-9,0.0001,4.615830996388069
5.623413251903491e-9,1.e-6,0.0016996186152302942
5.623413251903491e-9,2.5118864315095823e-6,0.009956899616959988
5.623413251903491e-9,6.30957344480193e-6,0.05815771938116127
5.623413251903491e-9,0.00001584893192461114,0.3280428102467886
5.623413251903491e-9,0.000039810717055349695,1.7009720692598531
5.623413251903491e-9,0.0001,8.208470660052011
1.e-8,1.e-6,0.003022397602987595
1.e-8,2.5118864315095823e-6,0.017706139536905616
1.e-8,6.30957344480193e-6,0.1034206930924042
1.e-8,0.00001584893192461114,0.5833424999120927
1.e-8,0.000039810717055349695,3.024864950529452
1.e-8,0.0001,14.597041557217976
1.7782794100389228e-8,1.e-6,0.005374636064800372
1.7782794100389228e-8,2.5118864315095823e-6,0.03148631189962365
1.7782794100389228e-8,6.30957344480193e-6,0.1839090013101616
1.7782794100389228e-8,0.00001584893192461114,1.0373684370087124
1.7782794100389228e-8,0.000039810717055349695,5.379110647893492
1.7782794100389228e-8,0.0001,25.957495333503026
3.162277660168379e-8,1.e-6,0.009557656889587285
3.162277660168379e-8,2.5118864315095823e-6,0.05599154925621114
3.162277660168379e-8,6.30957344480193e-6,0.32704415490747785
3.162277660168379e-8,0.00001584893192461114,1.8447203414568443
3.162277660168379e-8,0.000039810717055349695,9.565655361277281
3.162277660168379e-8,0.0001,46.15802910798152
5.6234132519034905e-8,1.e-6,0.016996092907987946
5.6234132519034905e-8,2.5118864315095823e-6,0.09956852123355218
5.6234132519034905e-8,6.30957344480193e-6,0.5815810271174835
5.6234132519034905e-8,0.00001584893192461114,3.280468867397981
5.6234132519034905e-8,0.000039810717055349695,17.009786879431946
5.6234132519034905e-8,0.0001,82.08301561137466
1.e-7,1.e-6,0.030224014278776076
1.e-7,2.5118864315095823e-6,0.17706090196900637
1.e-7,6.30957344480193e-6,1.0341964020884737
1.e-7,0.00001584893192461114,5.833628904467722
1.e-7,0.000039810717055349695,30.24858311778415
1.e-7,0.0001,145.96849663399337
1.7782794100389227e-7,1.e-6,0.053746803540129805
1.7782794100389227e-7,2.5118864315095823e-6,0.31486291148619355
1.7782794100389227e-7,6.30957344480193e-6,1.8390826075219175
1.7782794100389227e-7,0.00001584893192461114,10.37353498259886
1.7782794100389227e-7,0.000039810717055349695,53.79056307458427
1.7782794100389227e-7,0.0001,259.5692814514695
3.162277660168379e-7,1.e-6,0.09557631338743962
3.162277660168379e-7,2.5118864315095823e-6,0.559914519700846
3.162277660168379e-7,6.30957344480193e-6,3.2704374673152437
3.162277660168379e-7,0.00001584893192461114,18.44699725037365
3.162277660168379e-7,0.000039810717055349695,95.6551160554455
3.162277660168379e-7,0.0001,461.6026292364908
5.62341325190349e-7,1.e-6,0.1699618579263564
5.62341325190349e-7,2.5118864315095823e-6,0.9956858833418496
5.62341325190349e-7,6.30957344480193e-6,5.815740454832962
5.62341325190349e-7,0.00001584893192461114,32.80441938190425
5.62341325190349e-7,0.000039810717055349695,170.1045841806251
5.62341325190349e-7,0.0001,820.8453533982274
1.e-6,1.e-6,0.30224012174450277
1.e-6,2.5118864315095823e-6,1.7706093426624818
1.e-6,6.30957344480193e-6,10.342187836752338
1.e-6,0.00001584893192461114,58.33564040552742
1.e-6,0.000039810717055349695,302.4833298102462
1.e-6,0.0001,1459.6914427167092
