1.e-14,1.e-6,4.0202655923685727e-7
1.e-14,2.5118864315095823e-6,2.2598858073943637e-6
1.e-14,6.30957344480193e-6,0.000012545885341614434
1.e-14,0.00001584893192461114,0.00006548133966991525
1.e-14,0.000039810717055349695,0.0003042482265189436
1.e-14,0.0001,0.0012967929657159382
1.7782794100389227e-14,1.e-6,7.149109979664191e-7
1.7782794100389227e-14,2.5118864315095823e-6,4.018707133252004e-6
1.7782794100389227e-14,6.30957344480193e-6,0.00002231020948126516
1.7782794100389227e-14,0.00001584893192461114,0.00011644529862769205
1.7782794100389227e-14,0.000039810717055349695,0.0005410358198893897
1.7782794100389227e-14,0.0001,0.002306048064135468
3.1622776601683796e-14,1.e-6,1.271310418349683e-6
3.1622776601683796e-14,2.5118864315095823e-6,7.146384274328678e-6
3.1622776601683796e-14,6.30957344480193e-6,0.0000396738594044204
3.1622776601683796e-14,0.00001584893192461114,0.00020707604745833768
3.1622776601683796e-14,0.000039810717055349695,0.00096207179341725
3.1622776601683796e-14,0.0001,0.004100658760294012
5.6234132519034906e-14,1.e-6,2.2607482381400028e-6
5.6234132519034906e-14,2.5118864315095823e-6,0.000012708143421420381
5.6234132519034906e-14,6.30957344480193e-6,0.00007055032086020278
5.6234132519034906e-14,0.00001584893192461114,0.00036824949690717065
5.6234132519034906e-14,0.000039810717055349695,0.00171090970872054
5.6234132519034906e-14,0.0001,0.007292574825169775
1.e-13,1.e-6,4.020240074949923e-6
1.e-13,2.5118864315095823e-6,0.00002259882246210216
1.e-13,6.30957344480193e-6,0.00012546126783103447
1.e-13,0.00001584893192461114,0.0006548379925745218
1.e-13,0.000039810717055349695,0.003042494612061019
1.e-13,0.0001,0.012967505997422971
1.7782794100389227e-13,1.e-6,7.149150413531011e-6
1.7782794100389227e-13,2.5118864315095823e-6,0.00004018685745412694
1.7782794100389227e-13,6.30957344480193e-6,0.00022310188129689044
1.7782794100389227e-13,0.00001584893192461114,0.0011644853867449462
1.7782794100389227e-13,0.000039810717055349695,0.005410287189708471
1.7782794100389227e-13,0.0001,0.023060566520069155
3.162277660168379e-13,1.e-6,0.000012713162662265393
3.162277660168379e-13,2.5118864315095823e-6,0.0000714633367067243
3.162277660168379e-13,6.30957344480193e-6,0.00039673792256657113
3.162277660168379e-13,0.00001584893192461114,0.0020707906015736024
3.162277660168379e-13,0.000039810717055349695,0.009621583637616055
3.162277660168379e-13,0.0001,0.041007908918784655
5.62341325190349e-13,1.e-6,0.00002260758018545539
5.62341325190349e-13,2.5118864315095823e-6,0.00012708198657421303
5.62341325190349e-13,6.30957344480193e-6,0.00070551263234219
5.62341325190349e-13,0.00001584893192461114,0.0036823407748448208
5.62341325190349e-13,0.000039810717055349695,0.01710913168564707
5.62341325190349e-13,0.0001,0.0729222686225879
1.e-12,1.e-6,0.000040202603948750933
1.e-12,2.5118864315095823e-6,0.0002259880338754208
1.e-12,6.30957344480193e-6,0.0012545905573835075
1.e-12,0.00001584893192461114,0.006548327255915606
1.e-12,0.000039810717055349695,0.030424090648324426
1.e-12,0.0001,0.12967720728836882
1.7782794100389228e-12,1.e-6,0.00007149130949080469
1.7782794100389228e-12,2.5118864315095823e-6,0.00040186757842948793
1.7782794100389228e-12,6.30957344480193e-6,0.002231040407785756
1.7782794100389228e-12,0.00001584893192461114,0.01164471427748542
1.7782794100389228e-12,0.000039810717055349695,0.054103638855987145
1.7782794100389228e-12,0.0001,0.23061030190597576
3.1622776601683794e-12,1.e-6,0.00012713150315892647
3.1622776601683794e-12,2.5118864315095823e-6,0.0007146407858912898
3.1622776601683794e-12,6.30957344480193e-6,0.00396742157204382
3.1622776601683794e-12,0.00001584893192461114,0.020707619119267957
3.1622776601683794e-12,0.000039810717055349695,0.09621024663741684
3.1622776601683794e-12,0.0001,0.4100944626931031
5.6234132519034904e-12,1.e-6,0.00022607587297080207
5.6234132519034904e-12,2.5118864315095823e-6,0.0012708324219088134
5.6234132519034904e-12,6.30957344480193e-6,0.007055034381233296
5.6234132519034904e-12,0.00001584893192461114,0.03682403974711301
5.6234132519034904e-12,0.000039810717055349695,0.1710860214684411
5.6234132519034904e-12,0.0001,0.7292511208160836
1.e-11,1.e-6,0.0004020236010165821
1.e-11,2.5118864315095823e-6,0.0022598874272205314
1.e-11,6.30957344480193e-6,0.012546064569484714
1.e-11,0.00001584893192461114,0.06548255093193302
1.e-11,0.000039810717055349695,0.304247271283258
1.e-11,0.0001,1.2968023980415848
1.7782794100389227e-11,1.e-6,0.0007149114253538788
1.7782794100389227e-11,2.5118864315095823e-6,0.004018685842222392
1.7782794100389227e-11,6.30957344480193e-6,0.02231010908283826
1.7782794100389227e-11,0.00001584893192461114,0.11644809717531537
1.7782794100389227e-11,0.000039810717055349695,0.541031692258634
1.7782794100389227e-11,0.0001,2.306078222007779
3.1622776601683794e-11,1.e-6,0.0012713150719612946
3.1622776601683794e-11,2.5118864315095823e-6,0.007146367503942926
3.1622776601683794e-11,6.30957344480193e-6,0.03967373616141231
3.1622776601683794e-11,0.00001584893192461114,0.20706939760692342
3.1622776601683794e-11,0.000039810717055349695,0.9621146638928596
3.1622776601683794e-11,0.0001,4.100714710091606
5.6234132519034906e-11,1.e-6,0.0022607540418797087
5.6234132519034906e-11,2.5118864315095823e-6,0.012708277152451805
5.6234132519034906e-11,6.30957344480193e-6,0.0705508440157944
5.6234132519034906e-11,0.00001584893192461114,0.36824118906667636
5.6234132519034906e-11,0.000039810717055349695,1.710945844050427
5.6234132519034906e-11,0.0001,7.292292215662273
1.e-10,1.e-6,0.0040202475732019904
1.e-10,2.5118864315095823e-6,0.022598780082046056
1.e-10,6.30957344480193e-6,0.1254599962653714
1.e-10,0.00001584893192461114,0.6548416348598463
1.e-10,0.000039810717055349695,3.042490839283808
1.e-10,0.0001,12.967923634645423
1.778279410038923e-10,1.e-6,0.007149161567665948
1.778279410038923e-10,2.5118864315095823e-6,0.04018686422619458
1.778279410038923e-10,6.30957344480193e-6,0.22309853656316822
1.778279410038923e-10,0.00001584893192461114,1.1644542174011372
1.778279410038923e-10,0.000039810717055349695,5.41041869724534
1.778279410038923e-10,0.0001,23.060826077208226
3.1622776601683795e-10,1.e-6,0.012713157265591461
3.1622776601683795e-10,2.5118864315095823e-6,0.07146360603552394
3.1622776601683795e-10,6.30957344480193e-6,0.39673510503947446
3.1622776601683795e-10,0.00001584893192461114,2.070771941203327
3.1622776601683795e-10,0.000039810717055349695,9.620824296954698
3.1622776601683795e-10,0.0001,41.007600210793214
5.623413251903491e-10,1.e-6,0.022607563534312224
5.623413251903491e-10,2.5118864315095823e-6,0.12708313474870378
5.623413251903491e-10,6.30957344480193e-6,0.7055082211642969
5.623413251903491e-10,0.00001584893192461114,3.6824545528314263
5.623413251903491e-10,0.000039810717055349695,17.108912325208646
5.623413251903491e-10,0.0001,72.924450779363
1.e-9,1.e-6,0.040202608353225484
1.e-9,2.5118864315095823e-6,0.22598835626798375
1.e-9,6.30957344480193e-6,1.2545931378771316
1.e-9,0.00001584893192461114,6.5482449449696585
1.e-9,0.000039810717055349695,30.423476313812973
1.e-9,0.0001,129.6803913503374
1.7782794100389228e-9,1.e-6,0.07149138763002352
1.7782794100389228e-9,2.5118864315095823e-6,0.40187148319368765
1.7782794100389228e-9,6.30957344480193e-6,2.231026095862327
1.7782794100389228e-9,0.00001584893192461114,11.645106595172109
1.7782794100389228e-9,0.000039810717055349695,54.10559100682213
1.7782794100389228e-9,0.0001,230.5967728297753
3.1622776601683795e-9,1.e-6,0.12713177933035014
3.1622776601683795e-9,2.5118864315095823e-6,0.7146366704756082
3.1622776601683795e-9,6.30957344480193e-6,3.9673395770557076
3.1622776601683795e-9,0.00001584893192461114,20.707373528578927
3.1622776601683795e-9,0.000039810717055349695,96.21216790219113
3.1622776601683795e-9,0.0001,410.0806093977006
5.623413251903491e-9,1.e-6,0.22607566380878177
5.623413251903491e-9,2.5118864315095823e-6,1.2708229218332086
5.623413251903491e-9,6.30957344480193e-6,7.055061947449086
5.623413251903491e-9,0.00001584893192461114,36.823791800174945
5.623413251903491e-9,0.000039810717055349695,171.09216285679886
5.623413251903491e-9,0.0001,729.2178262971275
1.e-8,1.e-6,0.4020261019382757
1.e-8,2.5118864315095823e-6,2.2598832032885467
1.e-8,6.30957344480193e-6,12.545824195947004
1.e-8,0.00001584893192461114,65.48203044727244
1.e-8,0.000039810717055349695,304.2464793229332
1.e-8,0.0001,1296.8059155190783
1.7782794100389228e-8,1.e-6,0.7149151206055321
1.7782794100389228e-8,2.5118864315095823e-6,4.018715129800177
1.7782794100389228e-8,6.30957344480193e-6,22.31011319605109
1.7782794100389228e-8,0.00001584893192461114,116.45032464269119
1.7782794100389228e-8,0.000039810717055349695,541.0253728192483
1.7782794100389228e-8,0.0001,2306.0543837781897
3.162277660168379e-8,1.e-6,1.2713190490916997
3.162277660168379e-8,2.5118864315095823e-6,7.146375377757818
3.162277660168379e-8,6.30957344480193e-6,39.67378228210931
3.162277660168379e-8,0.00001584893192461114,207.07838739696805
3.162277660168379e-8,0.000039810717055349695,962.0827304487525
3.162277660168379e-8,0.0001,4100.681029147961
5.6234132519034905e-8,1.e-6,2.260761581332663
5.6234132519034905e-8,2.5118864315095823e-6,12.708228636333267
5.6234132519034905e-8,6.30957344480193e-6,70.55097160977459
5.6234132519034905e-8,0.00001584893192461114,368.2273944949035
5.6234132519034905e-8,0.000039810717055349695,1710.8588028633187
5.6234132519034905e-8,0.0001,7292.473234715046
1.e-7,1.e-6,4.020257874942531
1.e-7,2.5118864315095823e-6,22.598895658021405
1.e-7,6.30957344480193e-6,125.45847124281084
1.e-7,0.00001584893192461114,654.833644114617
1.e-7,0.000039810717055349695,3042.4504159070475
1.e-7,0.0001,12967.64669146084
1.7782794100389227e-7,1.e-6,7.149135133788959
1.7782794100389227e-7,2.5118864315095823e-6,40.186820848267246
1.7782794100389227e-7,6.30957344480193e-6,223.1007596722574
1.7782794100389227e-7,0.00001584893192461114,1164.4871481050088
1.7782794100389227e-7,0.000039810717055349695,5410.375678420108
1.7782794100389227e-7,0.0001,23060.626712853995
3.162277660168379e-7,1.e-6,12.713117732756773
3.162277660168379e-7,2.5118864315095823e-6,71.46362407118355
3.162277660168379e-7,6.30957344480193e-6,396.73020669772853
3.162277660168379e-7,0.00001584893192461114,2070.729820765007
3.162277660168379e-7,0.000039810717055349695,9621.20613421441
3.162277660168379e-7,0.0001,41008.25722146358
5.62341325190349e-7,1.e-6,22.607638975043567
5.62341325190349e-7,2.5118864315095823e-6,127.08311227694561
5.62341325190349e-7,6.30957344480193e-6,705.5089338717721
5.62341325190349e-7,0.00001584893192461114,3682.408177428099
5.62341325190349e-7,0.000039810717055349695,17108.694860388605
5.62341325190349e-7,0.0001,72923.45486433418
1.e-6,1.e-6,40.20258134582409
1.e-6,2.5118864315095823e-6,225.98920204348047
1.e-6,6.30957344480193e-6,1254.5991329830576
1.e-6,0.00001584893192461114,6548.182311080995
1.e-6,0.000039810717055349695,30423.950602035246
1.e-6,0.0001,129679.5202220672
