-9.143679728581734 0.
-9.154531101941341 0.004808065326018074
-9.176653024005214 0.01785714285714235
-9.178571428571434 0.018910571739009008
-9.202825986827339 0.030863374063104132
-9.213272404694749 0.03571428571428559
-9.227179012805708 0.04384991172457475
-9.23180540277585 0.046361080555168854
-9.247232600424063 0.053571428571428825
-9.25245456354223 0.056651944434412016
-9.267857142857148 0.06507047932782761
-9.28080377842931 0.07142857142857117
-9.304047563936896 0.08204763006976457
-9.315976123524088 0.08928571428571441
-9.342389288273342 0.10419214336895344
-9.348330574114632 0.10714285714285765
-9.350993599611813 0.10837270864906756
-9.357142857142861 0.11214151509466852
-9.38291191525512 0.125
-9.402045881534676 0.13387653797878052
-9.416637717244205 0.14285714285714324
-9.446428571428577 0.15990018244759074
-9.44765136319072 0.16046972736185783
-9.448047257286412 0.16071428571428648
-9.448912603181117 0.16121109206479467
-9.483317406760968 0.17857142857142883
-9.4989844254433 0.18591740062562678
-9.53571428571429 0.20763775989432887
-9.54528248406284 0.21237207461600516
-9.54964820946189 0.2142857142857153
-9.555025752968412 0.21814800773653964
-9.582550002826181 0.23214285714285765
-9.592930929302524 0.23855667128235325
-9.606604053331294 0.24632081066625844
-9.614185617297915 0.2500000000000009
-9.625000000000004 0.2562844630638281
-9.641066453563898 0.26464385214436525
-9.647678391767482 0.2678571428571441
-9.658469590804247 0.2745510610179922
-9.664667598211555 0.27778076607197644
-9.680971844230461 0.2857142857142865
-9.689084246637211 0.2907545792439876
-9.71007716716158 0.3027297191466012
-9.711805101616863 0.3035714285714288
-9.714285714285719 0.30501888473144767
-9.73859375750379 0.31656696278495833
-9.74632093524432 0.32142857142857206
-9.763001764696876 0.33117178151080306
-9.786148267286645 0.3427703465426726
-9.803571428571434 0.35375137187249894
-9.810180808177462 0.35714285714285765
-9.834629553262557 0.36878837506177575
-9.865705235828429 0.3874267614514002
-9.876274243828595 0.3928571428571441
-9.881173827816333 0.39519380586530684
-9.892857142857148 0.4022090173320203
-9.947334985067837 0.4285714285714297
-9.967854477696735 0.4435708955393478
-9.973408241083831 0.44642857142857295
-9.975523051410311 0.4477525325750831
-9.982142857142861 0.4515523192023432
-10.006879489639035 0.4642857142857153
-10.025926215726962 0.4733861854260386
-10.039770685329271 0.48214285714285854
-10.069544369049243 0.49962315952413494
-10.07027585808244 0.5000000000000018
-10.070554638713064 0.5001747865431048
-10.071428571428577 0.5006770651554069
-10.104763321904334 0.5178571428571441
-10.121257344664365 0.5257485310671299
-10.136993794389618 0.5357142857142874
-10.16071428571429 0.5496605492802367
-10.166476744741338 0.5524189367660206
-10.172200982105066 0.5558687678495859
-10.202348782377406 0.571428571428573
-10.21385209071852 0.5786581532848691
-10.222890262460343 0.5838637667777835
-10.233931326315183 0.5892857142857153
-10.250000000000004 0.5987509486152058
-10.261541873143658 0.6048344825141276
-10.266239791788442 0.6071428571428585
-10.273801827853196 0.6119032227134973
-10.28526123864542 0.6179477522709185
-10.299604142855399 0.6250000000000018
-10.309164549884818 0.6310242328801818
-10.324559871623622 0.6399119743247246
-10.330545287387828 0.6428571428571441
-10.339285714285719 0.6480193384564386
-10.357931281253558 0.6569851723207192
-10.363792317867366 0.6607142857142874
-10.37631930076109 0.6681210030093618
-10.396472301758749 0.6785714285714306
-10.40588574010741 0.6831085662642353
-10.428571428571432 0.6968815382159397
-10.45317034700521 0.7093659305989606
-10.460876172562116 0.7142857142857162
-10.474532598217264 0.7229506232136931
-10.475917176553567 0.723754863882144
-10.492874127896775 0.7321428571428594
-10.49885312505046 0.7359436607041969
-10.517857142857146 0.7470007280915008
-10.523609879078856 0.7500000000000018
-10.547995204930897 0.7618295304423945
-10.577305721698034 0.7797468586253222
-10.588709724455335 0.7857142857142883
-10.593098057611996 0.7885232456204614
-10.607142857142861 0.7967448641762278
-10.616431036039472 0.8017137927921087
-10.620161493110153 0.8035714285714306
-10.64231864675444 0.8143934135062576
-10.6532169385782 0.8214285714285738
-10.6761668023939 0.8352333604787816
-10.687494943966088 0.8410724397782143
-10.696428571428575 0.8468699402621285
-10.715871749251622 0.8571428571428594
-10.736034420816756 0.8670788301223658
-10.748204253450053 0.8750000000000018
-10.77362278430336 0.8904388425749596
-10.778171079738703 0.892857142857145
-10.780337304038712 0.8939325391922601
-10.785714285714288 0.8974564019985385
-10.81056163816818 0.9107142857142883
-10.829012344211517 0.9199118168719851
-10.842175426056944 0.9285714285714306
-10.869384609102688 0.9453054932491112
-10.871472451089332 0.9464285714285738
-10.872475696015709 0.9469334322254328
-10.875000000000004 0.9486087620868195
-10.904012772522897 0.9642857142857171
-10.921090018806249 0.9729248533816106
-10.963111891029206 0.9997652353487005
-10.963541883088956 1.0000000000000027
-10.963711546752693 1.0001148335066077
-10.964285714285717 1.0004677476323343
-10.987146317433783 1.0132850222275325
-10.995953259211957 1.017857142857146
-11.009019065582626 1.0267676154549061
-11.00910551796685 1.026821103593372
-11.026138262098677 1.0357142857142883
-11.05357142857143 1.0532095247748323
-11.054074612499736 1.0534707917857702
-11.054221907653254 1.0535714285714315
-11.054515740084295 1.0537602908740045
-11.086035498657234 1.0714285714285747
-11.101645875149236 1.0796708249701563
-11.11550062311758 1.089285714285717
-11.142748770354265 1.1071211826422838
-11.142786784585498 1.1071428571428603
-11.142805836749773 1.1071531183643346
-11.142857142857146 1.1071881010507978
-11.189472478563598 1.1335340757158558
-11.202525928810896 1.142857142857146
-11.208853877107629 1.1475149388641919
-11.227387434852982 1.1597632012563128
-11.229109467023392 1.1607142857142883
-11.229749737052108 1.1611929097324385
-11.232142857142861 1.162795597713715
-11.25862479777798 1.1785714285714315
-11.275001875250542 1.1878567678070384
-11.310688848795655 1.2121377697591331
-11.31447433410575 1.214285714285717
-11.316032982220104 1.2153648321274115
-11.321428571428575 1.2187398993122738
-11.338818102926577 1.2286649508432594
-11.345424416046328 1.2321428571428603
-11.363492762389882 1.2415871618077423
-11.375735707099018 1.2500000000000036
-11.400235003862038 1.265761286486696
-11.405828706355763 1.2688342587288508
-11.410714285714288 1.2722089640759124
-11.434728653475817 1.2857142857142891
-11.452682714809898 1.2951777427523101
-11.464806078895426 1.3035714285714324
-11.488884834010674 1.319205538230709
-11.49281179485169 1.3214285714285747
-11.494777759783448 1.322473019471886
-11.500000000000004 1.3261150773925303
-11.523195449005687 1.339285714285718
-11.541222005675188 1.3488984560078237
-11.553005808455277 1.3571428571428612
-11.576174531180781 1.3723777633790162
-11.580751194630313 1.3750000000000036
-11.583060905323594 1.3762449617924286
-11.589285714285717 1.380643457277543
-11.610515940559916 1.3928571428571468
-11.62886683706046 1.4027980611593414
-11.661665629578122 1.4251902687727709
-11.667471795307819 1.4285714285714324
-11.669849192602756 1.4303158757651673
-11.67857142857143 1.4360512300028674
-11.69156297515462 1.4438302621119368
-11.696295995603961 1.4464285714285747
-11.702872303364359 1.45128874638716
-11.712998995902826 1.4574002008194382
-11.725455569241737 1.464285714285718
-11.734412855133455 1.4709745718304568
-11.743997129122118 1.477370854395856
-11.752564853670151 1.4821428571428612
-11.75576614938168 1.484561055837954
-11.767857142857146 1.4927098851759188
-11.78002207543743 1.5000000000000036
-11.800083661240505 1.5114118391804743
-11.808777667291542 1.5178571428571468
-11.82498664360537 1.5292830430067923
-11.83548729617364 1.53571428571429
-11.841013745188443 1.538940108105173
-11.85714285714286 1.5508294309735007
-11.882621521239185 1.56633283860931
-11.88927189129998 1.5714285714285756
-11.901316121416182 1.5802632242832404
-11.923430189847439 1.5938853906019457
-11.949628187686253 1.6071428571428612
-11.965794475073524 1.621126819271014
-11.982149959763866 1.632144277667063
-12.00078705876219 1.6428571428571477
-12.008402117459408 1.6483195765081238
-12.024048325351712 1.6583810936417747
-12.028372833020738 1.66071428571429
-12.035714285714288 1.665560012902069
-12.05335947342457 1.6750423910293772
-12.05838590936224 1.6785714285714333
-12.068272051652928 1.6850829817591615
-12.09801674862901 1.7018252217027747
-12.115691155113883 1.7142857142857189
-12.125000000000002 1.7204483909580146
-12.140824746493793 1.7289779078441025
-12.145318253684394 1.7321428571428612
-12.154112047639593 1.7379652666707797
-12.174953897088038 1.7500000000000044
-12.185542904885786 1.7557485618799902
-12.202596300853221 1.7678571428571477
-12.214285714285715 1.7756706633182988
-12.227781360034655 1.7830151565645025
-12.231573275122809 1.78571428571429
-12.238910770397817 1.7906392969367104
-12.261044216604493 1.8035714285714333
-12.272369613384571 1.809811791608805
-12.288465047632238 1.8214285714285765
-12.30357142857143 1.8317315538747803
-12.313573150651699 1.8372853698696652
-12.321527402907286 1.8428769091528903
-12.34538168216135 1.857142857142862
-12.355252081086793 1.8646638694969315
-12.361098767047498 1.868648324838074
-12.372323060778314 1.8750000000000036
-12.392857142857144 1.8895344543080395
-12.396869379151758 1.8920546955982234
-12.398264678590628 1.892857142857146
-12.400088623837203 1.8943034390531572
-12.417955574162043 1.9056945994533088
-12.426561484716803 1.9107142857142883
-12.437567102966602 1.9196294365495392
-12.437618536570419 1.9196665644569428
-12.45264708816289 1.9285714285714306
-12.458376188947446 1.9333247622105123
-12.47389731523094 1.9447794630461894
-12.476632119958982 1.946428571428573
-12.47767948830416 1.9473212451963127
-12.482142857142858 1.9506978494807656
-12.502377904167814 1.9642857142857153
-12.518654095730453 1.974840609425339
-12.527037975653522 1.9821428571428577
-12.54086394780027 1.9938870752743396
-12.549455390878693 2.