-7.822426422249387 0.
-7.826811392452577 0.002494864366628491
-7.83928571428572 0.009110989202353537
-7.852951990911862 0.015123887531913738
-7.857615824453336 0.01785714285714235
-7.868217746740216 0.02364354934804158
-7.893285186028842 0.03571428571428559
-7.90417035184162 0.040594501060248867
-7.925932193972372 0.053571428571428825
-7.928571428571434 0.0550364065475728
-7.953716277142823 0.06639960171429315
-7.962088381299804 0.07142857142857117
-7.980760010036864 0.08186628772165694
-7.995830754434129 0.08928571428571441
-8.002525137601395 0.09235211533686538
-8.01785714285715 0.1016775746416041
-8.028893608294423 0.10714285714285765
-8.052582001166046 0.11805502833822068
-8.08894155369555 0.13921688216768047
-8.096219804647117 0.14285714285714324
-8.098927789021436 0.14450015648142855
-8.107142857142863 0.14909663234598636
-8.123464391032131 0.15744997893643298
-8.130273364344283 0.16071428571428648
-8.141567091526184 0.16759913259095072
-8.147293713148489 0.1705412573703038
-8.16399014492817 0.17857142857142883
-8.171978530277906 0.18346143680156324
-8.19419184492834 0.19598122612852453
-8.195119342974873 0.19642857142857206
-8.195440872618953 0.196626111190497
-8.196428571428577 0.1971844659265578
-8.23014229864744 0.2142857142857153
-8.243756437713591 0.22267728388585528
-8.246684377355614 0.22433687547112235
-8.262793209280435 0.23214285714285765
-8.285714285714292 0.24544498124390035
-8.292487472510807 0.2486453626406977
-8.294651408619385 0.2500000000000009
-8.299335792565067 0.2527243013701561
-8.342621143358823 0.27433291418538097
-8.360736265461068 0.2857142857142865
-8.375000000000007 0.29403792633497794
-8.389121301875765 0.30074716819627767
-8.403293478230099 0.30923012421744733
-8.427075233370314 0.32142857142857206
-8.438078856106241 0.32666994306446817
-8.46428571428572 0.34239241140591936
-8.48530099242221 0.3529398015155598
-8.494793481938704 0.35714285714285765
-8.506290301559561 0.36554377459762577
-8.52467274116959 0.3750000000000009
-8.533202198084412 0.37907384609740546
-8.553571428571434 0.3919530014022401
-8.555327788533956 0.3928571428571441
-8.581149880278446 0.4051985953728847
-8.60860696368846 0.42172139273769194
-8.62189771312479 0.4285714285714297
-8.626964180396664 0.431750021063527
-8.64285714285715 0.44088952277722715
-8.653598836307474 0.44642857142857295
-8.676742978602944 0.4575085471365563
-8.687438286004273 0.4642857142857153
-8.710400740901886 0.4777944338946627
-8.71882566102068 0.48214285714285854
-8.72274708632498 0.4840220113064353
-8.732142857142863 0.4899810714742223
-8.751545687247836 0.5000000000000018
-8.772116689434458 0.509862376398825
-8.784716528522862 0.5178571428571441
-8.811735460660632 0.5337756635606983
-8.81548636356802 0.5357142857142874
-8.817234243111406 0.5365531513777215
-8.821428571428577 0.539087546571718
-8.867278002829469 0.5622586851483948
-8.887882747641758 0.571428571428573
-8.911798121365202 0.5890689471555337
-8.912139033334022 0.5892857142857153
-8.912868521241052 0.5897165613910671
-8.94650813691254 0.6071428571428585
-8.9622122979474 0.6147003975533796
-9.000000000000005 0.6375994804162071
-9.007439569923758 0.641369228872394
-9.009774448438545 0.6428571428571441
-9.014291721961264 0.6457154872493955
-9.030928087743709 0.654528668165546
-9.043460914532783 0.6607142857142874
-9.054456235506056 0.6676801814702209
-9.064785994168819 0.6736714845480511
-9.074704549062778 0.6785714285714306
-9.089285714285719 0.6872265118547523
-9.102753434224907 0.6937350274407352
-9.115933845358573 0.7017581976431435
-9.139974398341492 0.7142857142857162
-9.1492034336791 0.7201593132641833
-9.165182468807426 0.729465065190058
-9.170583899463058 0.7321428571428594
-9.178571428571434 0.7369058828197055
-9.196429913980877 0.7464283029181136
-9.203624325418312 0.7500000000000018
-9.215038558978238 0.757293426081362
-9.219493028086962 0.7596728229540393
-9.235952367139811 0.767857142857145
-9.24354467090241 0.7727196372480938
-9.264633566272504 0.7850695703973596
-9.26592787187156 0.7857142857142883
-9.267857142857148 0.7868718995037147
-9.292111169336907 0.7987206232754787
-9.299623815186544 0.8035714285714306
-9.315446400072606 0.8130892800145224
-9.331273027083782 0.8214285714285738
-9.338759711321567 0.8251052005928328
-9.357142857142861 0.8370328488726484
-9.361407440834824 0.8392857142857171
-9.385959591759129 0.8513795102196067
-9.394817402540319 0.8571428571428594
-9.406955521591017 0.8650374671103709
-9.412209059118442 0.868156097537975
-9.425789393051845 0.8750000000000018
-9.430628604285744 0.878159993428568
-9.446428571428577 0.8875720729660559
-9.456342325479666 0.892857142857145
-9.479089542339146 0.9041820915321743
-9.509607468907152 0.9233500652100037
-9.519328489831747 0.9285714285714306
-9.523995165116157 0.9309152526910571
-9.53571428571429 0.9386793210197348
-9.550080739966493 0.9464285714285738
-9.556246330279818 0.95053498034168
-9.569051360115777 0.9576182994054196
-9.582048617857808 0.9642857142857171
-9.591921655950957 0.9709013830955264
-9.603223519480483 0.977787561038955
-9.611675269259942 0.9821428571428594
-9.614722634160263 0.9841983303108073
-9.625000000000004 0.9904963963238522
-9.642355365645964 1.0000000000000027
-9.662513003073045 1.0103545422425375
-9.673602560500223 1.017857142857146
-9.69593480499165 1.0320441038554744
-9.702554976462821 1.0357142857142883
-9.705808438878625 1.0374097407957068
-9.714285714285719 1.0429945195439414
-9.752329205113284 1.0638198732630615
-9.763341343603678 1.0714285714285747
-9.772242363503393 1.0776943844421822
-9.784456658840424 1.0854627603395155
-9.791608770695289 1.089285714285717
-9.79423299432801 1.0911534011344024
-9.803571428571434 1.0971494243643347
-9.821030252957208 1.1071428571428603
-9.840419273635108 1.1176304309872682
-9.870807121628356 1.1384471386113875
-9.878354150893314 1.142857142857146
-9.881438415532878 1.1451408883219996
-9.892857142857148 1.1527277756971976
-9.906362788557962 1.1607142857142883
-9.911252608082028 1.1643933787592644
-9.924173973772447 1.172308062388371
-9.935332834697448 1.1785714285714315
-9.94502792241599 1.1859944155168058
-9.95125144129903 1.1902502882598087
-9.962119660415384 1.1964285714285747
-9.96645039139208 1.1995670645787309
-9.982142857142861 1.2095116633295557
-9.99052986283383 1.214285714285717
-10.012913102743767 1.225988808022679
-10.021858986362734 1.2321428571428603
-10.039766256378762 1.2436675369900403
-10.051051767061292 1.2500000000000036
-10.056671620072471 1.2529513902712246
-10.071428571428577 1.2631449134315806
-10.079806528448593 1.267857142857146
-10.102074527151327 1.2795850945697387
-10.110923633915856 1.2857142857142891
-10.121958508389087 1.2934654411793307
-10.127388651155803 1.2969063016597353
-10.139907305272047 1.3035714285714324
-10.144505020103555 1.3068132816935796
-10.16071428571429 1.3171185939808163
-10.16831123311678 1.3214285714285747
-10.190626173254039 1.3333033367777682
-10.199180412942365 1.339285714285718
-10.21603641727376 1.3503501405976124
-10.227920858945543 1.3571428571428612
-10.233913395568795 1.3603601780291026
-10.250000000000004 1.3717033199335704
-10.255741989446829 1.3750000000000036
-10.257951615584757 1.3765903231169538
-10.276535332001622 1.3875500764568232
-10.286325308003256 1.3928571428571468
-10.297783670671484 1.4011575515799946
-10.30057055447557 1.402971253752261
-10.314786166840799 1.41071428571429
-10.320057089334606 1.4145600107045126
-10.339285714285719 1.4271515722562107
-10.341719352575366 1.4285714285714324
-10.364877548237365 1.4413102046382456
-10.3719749593179 1.4464285714285747
-10.385575931000508 1.4556866147715333
-10.400115145241463 1.464285714285718
-10.407613301412633 1.4684773397174782
-10.428571428571432 1.4832813937311213
-10.449866385009603 1.4957410087123693
-10.455637103570902 1.5000000000000036
-10.46647351557105 1.507580417399927
-10.49228056342849 1.5229724587428786
-10.509205182816386 1.53571428571429
-10.517857142857146 1.5419107450380087
-10.532747442737511 1.5505933685953597
-10.5438242815009 1.5587648563001828
-10.563986238508653 1.5714285714285756
-10.572512428681412 1.5783546571208662
-10.58025499772431 1.5839081424020085
-10.589341669849153 1.5892857142857189
-10.607142857142861 1.6019405857674247
-10.613345653121854 1.605902297947063
-10.615592351497364 1.6071428571428612
-10.618832273478347 1.6094807404099587
-10.635505995878349 1.619327372252907
-10.645980336958038 1.6250000000000044
-10.656936385594426 1.6328984371668351
-10.661551404380923 1.6358817094476175
-10.674438798101775 1.6428571428571477
-10.696428571428575 1.6574194822415782
-10.700886066886877 1.6598227866226294
-10.702147036402025 1.66071428571429
-10.704626025601627 1.6623537765489003
-10.73278273778942 1.6785714285714333
-10.747109955735937 1.686292294567104
-10.761453071858723 1.6964285714285765
-10.785714285714288 1.7124742184614945
-10.788167363901628 1.7137950986482506
-10.788862291397477 1.7142857142857189
-10.790228262835702 1.7151885097100017
-10.834650246391968 1.7402128078644683
-10.848497155308324 1.7500000000000044
-10.875000000000004 1.7675484161685748
-10.875417717538983 1.7677735993493515
-10.875767770701346 1.7680106969974165
-10.906458390445225 1.78571428571429
-10.922069771704852 1.7941574742304631
-10.935347317812658 1.8035714285714333
-10.961293946290944 1.8208302178296218
-10.962327262998885 1.8214285714285765
-10.962854091070042 1.821714896071711
-10.964285714285717 1.8226940069521707
-11.009130629387364 1.8481738741225326
-11.027569603246919 1.857142857142862
-11.046043761209598 1.873494466527637
-11.048621667066758 1.8750000000000036
-11.049680771292548 1.87577813145578
-11.05357142857143 1.8783386561343889
-11.078336128970262 1.892857142857146
-11.0875277812095 1.8996484133847593
-11.092853580747718 1.9028578552790316
-11.107081727115688 1.9107142857142883
-11.114660946444278 1.916353524996862
-11.128787538744783 1.9257575077489584
-11.133856983409377 1.9285714285714306
-11.135751857969822 1.9299924855488957
-11.142857142857146 1.9347560581683254
-11.162416963611825 1.946428571428573
-11.180670693961213 1.9567230040649024
-11.190896664960436 1.9642857142857153
-11.210102832364708 1.9777348521872273
-11.221183836749622 1.9843346612215056
-11.232142857142861 1.992598343650231
-11.244199156822447 2.