-7.47664485421617 0.
-7.478304116983444 0.0007677480318841745
-7.482142857142863 0.002770348577262105
-7.505997517941615 0.013086210697392353
-7.514268545680755 0.01785714285714235
-7.533278203051975 0.02808421203896483
-7.549335580515485 0.03571428571428559
-7.555048946020629 0.03899021079587506
-7.571428571428577 0.04773748977168424
-7.5835764851329985 0.053571428571428825
-7.6073965952961675 0.06423496665505368
-7.619476551032542 0.07142857142857117
-7.629962580136267 0.07757891254417615
-7.646105488159706 0.08636395477479741
-7.652342194424974 0.08928571428571441
-7.654455802003735 0.09053741102782542
-7.660714285714292 0.09397070172796429
-7.687445499313726 0.10714285714285765
-7.706430198819728 0.11585681737891296
-7.750000000000005 0.14115346377320037
-7.753632969439652 0.14285714285714324
-7.7550728669108135 0.14387171623930506
-7.788627559061182 0.16071428571428648
-7.801139393787322 0.16834354981396604
-7.808315757907033 0.17237743729569122
-7.8211839289425145 0.17857142857142883
-7.83928571428572 0.1890085709372844
-7.850368828611697 0.19421194856337642
-7.85393083133509 0.19642857142857206
-7.861658029724107 0.2009030345162497
-7.887970125804197 0.2142857142857153
-7.897886133579074 0.22042277328418702
-7.913016205867442 0.2290318126020594
-7.919414522707897 0.23214285714285765
-7.928571428571434 0.23748205236758935
-7.947123461405225 0.24628959343324297
-7.9530246058554255 0.2500000000000009
-7.965735066777928 0.25743272764129976
-7.9954388412819615 0.2723408031721819
-8.016603384109542 0.2857142857142865
-8.01785714285715 0.2864508823937273
-8.043096232861998 0.2985236105704594
-8.051068682337318 0.3035714285714288
-8.068160584180097 0.3136321168360183
-8.08325806978979 0.32142857142857206
-8.090282666280256 0.3248006096010938
-8.107142857142863 0.3349960667242753
-8.138530870197666 0.35086525453189665
-8.152626631131637 0.35714285714285765
-8.169495945938513 0.36961347490198815
-8.179885391189641 0.3750000000000009
-8.183860891876346 0.3775135359104471
-8.196428571428577 0.38479000476562764
-8.211972858829702 0.3928571428571441
-8.219153688558169 0.39740216628306246
-8.231165459715294 0.4037669080569435
-8.245238872990605 0.4107142857142865
-8.254950408662262 0.41686706112469185
-8.269560815488706 0.42534073452631294
-8.276100970022034 0.4285714285714297
-8.2784060558931 0.4300330745356682
-8.285714285714292 0.43427465287392764
-8.30907912750199 0.44642857142857295
-8.328373160412225 0.4557539393461294
-8.341718551351972 0.4642857142857153
-8.370146388155202 0.48117213477389775
-8.372884647763724 0.4825659275901151
-8.375000000000007 0.48391974566921725
-8.405860679074095 0.5000000000000018
-8.419840414579756 0.508889059941195
-8.420047435240118 0.509009487048024
-8.437913938236715 0.5178571428571441
-8.46428571428572 0.533548094102815
-8.46745075048872 0.5350812784736876
-8.468438833731225 0.5357142857142874
-8.470539992914516 0.5369651414400467
-8.517314515795926 0.5608228111265321
-8.533852036452718 0.571428571428573
-8.553571428571434 0.5831819253161186
-8.562478579181622 0.5875042841636775
-8.565254732375664 0.5892857142857153
-8.571148876041482 0.5928012037797243
-8.598583222149863 0.6071428571428585
-8.611491946383623 0.613415896437564
-8.62952078917287 0.6250000000000018
-8.64285714285715 0.6329667300875572
-8.65726720968048 0.6399751294924778
-8.661749208709665 0.6428571428571441
-8.671244744441307 0.6485346631739759
-8.69448976471572 0.6607142857142874
-8.705446620124365 0.6660535331179878
-8.724878979380591 0.6785714285714306
-8.732142857142863 0.6829240284628177
-8.751775404335099 0.6925020619901252
-8.770725250037195 0.7041450500074395
-8.790016701901955 0.7142857142857162
-8.797466927722114 0.7190780430270092
-8.81880645134088 0.7316184331253206
-8.819856259560405 0.7321428571428594
-8.821428571428577 0.7330890718139083
-8.844347244737783 0.7454162653381609
-8.85351121375456 0.7500000000000018
-8.867040480702697 0.7587347610023203
-8.868035467279109 0.7593213791701077
-8.885074978539402 0.767857142857145
-8.891128910470087 0.7717742179059863
-8.910714285714292 0.7833435405798639
-8.915196537658986 0.7857142857142883
-8.939677290397354 0.7977788276348186
-8.948575978796919 0.8035714285714306
-8.96719278134144 0.8148671276968606
-8.979545801074623 0.8214285714285738
-8.98542941375745 0.8243426886770848
-9.000000000000005 0.8334397018062782
-9.03287916228611 0.8505670246856392
-9.042906996508387 0.8571428571428594
-9.053734812626816 0.86425303747464
-9.062862078860864 0.8697152729150313
-9.073277398698139 0.8750000000000018
-9.077003635695888 0.8774564157179681
-9.089285714285719 0.884831770441945
-9.104225221771104 0.892857142857145
-9.125408861067998 0.9034896563578325
-9.158769137593202 0.9246109703757845
-9.166087545358048 0.9285714285714306
-9.168962447291062 0.9304932248275053
-9.178571428571434 0.9363342482236288
-9.191945037559924 0.9437538496308759
-9.19714645950599 0.9464285714285738
-9.217099771328805 0.9565800457342428
-9.22859177003181 0.9642857142857171
-9.251953331498376 0.9789620948711049
-9.260579782217219 0.983598329270845
-9.267857142857148 0.9885290525739512
-9.288651492388574 1.0000000000000027
-9.307736671417874 1.0098812371450006
-9.319439168291154 1.017857142857146
-9.342868896043193 1.032859493494355
-9.347980495997772 1.0357142857142883
-9.350507135552677 1.0370414300323256
-9.357142857142861 1.0416253167516016
-9.378383471816557 1.0535714285714315
-9.3970368690774 1.063449769041667
-9.408499421660828 1.0714285714285747
-9.431011220125924 1.0862022440251868
-9.436406766898166 1.089285714285717
-9.439116996902914 1.0907480291908493
-9.446428571428577 1.0959270519029003
-9.465876411531983 1.1071428571428603
-9.484616635344116 1.1173623872168958
-9.515753633640685 1.1388650124424249
-9.522532838098872 1.142857142857146
-9.525314302934209 1.1449371394131616
-9.53571428571429 1.1519040381454193
-9.546599773612488 1.1585371881346482
-9.550497233651495 1.1607142857142883
-9.555777507757565 1.164726930122943
-9.567803303674971 1.1721536249792948
-9.579158571139311 1.1785714285714315
-9.5885759150426 1.1858562455629125
-9.595290013602444 1.1904865741490633
-9.605668607370925 1.1964285714285747
-9.609833045225054 1.1994619623835643
-9.625000000000004 1.2090935353623404
-9.634099603540097 1.214285714285717
-9.656278630531437 1.2258871310365738
-9.665369773507042 1.2321428571428603
-9.683586584727374 1.2438601740883346
-9.694533850084975 1.2500000000000036
-9.699986953207308 1.2528597522156852
-9.714285714285719 1.2622977870571646
-9.745526723172414 1.27946608393695
-9.754570548805466 1.2857142857142891
-9.765463439279914 1.2933358835725937
-9.771524236275186 1.2971619901121834
-9.783602175468296 1.3035714285714324
-9.788032602885554 1.3066791937086082
-9.803571428571434 1.3165106387858438
-9.812279735271026 1.3214285714285747
-9.834387725574004 1.3331224548852036
-9.86082460876762 1.350736350324956
-9.872110082744454 1.3571428571428612
-9.876677078460434 1.3603788700222044
-9.892857142857148 1.370706983519547
-9.898346429654223 1.3739021426405884
-9.900395609881325 1.3750000000000036
-9.922660247688368 1.386896521890903
-9.931151961259841 1.3928571428571468
-9.947835937239374 1.4038529017335923
-9.96584187221291 1.4139744827002803
-9.982142857142861 1.4255127739681113
-9.9874501950211 1.4285714285714324
-10.010086348819334 1.4408398730932808
-10.017943103734062 1.4464285714285747
-10.033190982677612 1.4566381965355246
-10.046323720711518 1.464285714285718
-10.053029863998114 1.467965455771811
-10.071428571428577 1.481204618230299
-10.073030047013283 1.4821428571428612
-10.096330040185677 1.4950197062485833
-10.103205276441386 1.5000000000000036
-10.116331947054581 1.5089806751252048
-10.131270020919391 1.5178571428571468
-10.138998290136573 1.52220034197269
-10.157364321218418 1.53571428571429
-10.16071428571429 1.5380489690201982
-10.180941207993051 1.5495260441156802
-10.196572617024994 1.5607430948335734
-10.214070199527697 1.5714285714285756
-10.221387062992472 1.5771511588300822
-10.234340744768792 1.5861538632394767
-10.239778498014662 1.5892857142857189
-10.250000000000004 1.5963529840617197
-10.263140958224875 1.604514665497887
-10.267981885831448 1.6071428571428612
-10.275079779283285 1.6121588129995175
-10.28510827145469 1.6179783457090666
-10.298268099485133 1.6250000000000044
-10.307328107851166 1.6313915212869157
-10.318996690546564 1.638799338109317
-10.326610616227162 1.6428571428571477
-10.339285714285719 1.651090779010353
-10.352489093815512 1.6580736098083309
-10.356288171245946 1.66071428571429
-10.363866445335352 1.6656304319242166
-10.386755151919083 1.6785714285714333
-10.398247668752452 1.6846361805352297
-10.428571428571432 1.7047385619196849
-10.44126360313138 1.7117472793737294
-10.44492656747849 1.7142857142857189
-10.45224449496012 1.719020327563456
-10.487167354872707 1.738280814739749
-10.51183134770137 1.7500000000000044
-10.530189613216047 1.7653906487853677
-10.540874228069649 1.7724605598996481
-10.564391362267884 1.78571428571429
-10.573887833986353 1.7923652903455913
-10.584447691262648 1.7990323953953906
-10.59300191941424 1.8035714285714333
-10.607142857142861 1.8127215685371416
-10.61912252227054 1.8190326384030406
-10.622581935878918 1.8214285714285765
-10.62948120646415 1.825896241292834
-10.665080206519615 1.8455553872675114
-10.681777267943033 1.857142857142862
-10.696428571428575 1.8666568098863223
-10.707878262555992 1.8727100617745203
-10.711173228017316 1.8750000000000036
-10.71771738249221 1.879257762212731
-10.741707784207147 1.892857142857146
-10.753749316401738 1.8992501367196564
-10.77017751277512 1.9107142857142883
-10.785714285714288 1.9208748847229478
-10.796222380859163 1.9264698095424553
-10.799225491966535 1.9285714285714306
-10.805147760737382 1.9324581235760494
-10.829598367744541 1.946428571428573
-10.841933539300419 1.9530418635684894
-10.857892674403308 1.9642857142857153
-10.875000000000004 1.975604618376967
-10.883851177284127 1.9803726216860333
-10.891229779781387 1.9853888130991342
-10.916481223465347 2.