-11.323851563411838 2.
-11.321428571428575 1.998767302873861
-11.280083495709917 1.9725547294294463
-11.263706497897397 1.9642857142857153
-11.232142857142861 1.9471233578729024
-11.231282720669306 1.9466005987232844
-11.231026051084555 1.946428571428573
-11.230316708654197 1.9460633417308406
-11.209162390276695 1.9331675219446636
-11.202329279900386 1.9285714285714306
-11.188683571629102 1.9194061428170395
-11.142857142857146 1.8948676419873802
-11.140467583158078 1.8933350547969594
-11.139532166449252 1.892857142857146
-11.137629965967193 1.891811707479155
-11.110921974274316 1.8750000000000036
-11.097841830565137 1.866145919601263
-11.080320605066378 1.857142857142862
-11.05357142857143 1.842366322675466
-11.049805341684827 1.84003893166304
-11.048703362975468 1.8392857142857189
-11.045679817959405 1.8377073921633134
-11.027742290197951 1.8265943991032723
-11.020206585704882 1.8214285714285765
-11.004738809846259 1.813337952316468
-11.000173606747017 1.810749007063694
-10.989731935504166 1.8035714285714333
-10.964285714285717 1.7894210881526345
-10.960087818471091 1.7865538648772148
-10.958469771670465 1.78571428571429
-10.955212801639027 1.783899703184952
-10.930094142872907 1.7678571428571477
-10.917650737814016 1.7593269952943453
-10.899746611636036 1.7500000000000044
-10.875000000000004 1.7361674610175006
-10.870126105039152 1.7331176361350318
-10.868720380963483 1.7321428571428612
-10.864881059433463 1.730119069029553
-10.848174856641018 1.7196507429575156
-10.840449915671659 1.7142857142857189
-10.828124247053573 1.705803722017862
-10.810202671697196 1.6964285714285765
-10.785714285714288 1.6826975353745954
-10.781071428062683 1.6795000001017542
-10.77929788303519 1.6785714285714333
-10.775743050990826 1.6765771816267412
-10.751087396981353 1.66071428571429
-10.73879218547124 1.6522415629057567
-10.720880081176606 1.6428571428571477
-10.696428571428575 1.6291411046379283
-10.691428342686885 1.6260000457483423
-10.689991758871566 1.6250000000000044
-10.686068319109904 1.6229279495362698
-10.669502706260676 1.612528030176441
-10.661759955458312 1.6071428571428612
-10.646549060201254 1.5992616165311828
-10.64021644594062 1.59590043204527
-10.629464170353009 1.5892857142857189
-10.607142857142861 1.57794123725568
-10.59864318809877 1.5731285052373938
-10.595887493400296 1.5714285714285756
-10.588611145490319 1.5677222290980675
-10.552998109277238 1.5465432352874142
-10.530117678022965 1.53571428571429
-10.517857142857146 1.529443170612934
-10.502811105319763 1.5208663503646234
-10.497970836833398 1.5178571428571468
-10.484138277539971 1.5111133697937111
-10.478472888375943 1.5078768508962437
-10.465835044867553 1.5000000000000036
-10.456864774196971 1.4943413308748958
-10.428571428571432 1.4801221168376326
-10.408778526871297 1.4682442946257455
-10.40048963561419 1.464285714285718
-10.382702450584556 1.4551119186883428
-10.367929676966542 1.4464285714285747
-10.361066053532003 1.4420725035793183
-10.339285714285719 1.4316266032727443
-10.334099297073436 1.4285714285714324
-10.330546148559495 1.4268235154261877
-10.312072053606526 1.4161570178501286
-10.303446077300945 1.41071428571429
-10.28801582445501 1.4031111208232891
-10.279964941638717 1.39885013118489
-10.270488052732485 1.3928571428571468
-10.264579675491976 1.3899412077587519
-10.250000000000004 1.3822109439870287
-10.237831589769193 1.3750000000000036
-10.219455155933014 1.363251825956259
-10.206816626101265 1.3571428571428612
-10.179939844407903 1.3431308260244403
-10.170440484655085 1.3373404744975588
-10.16071428571429 1.3326237767742803
-10.141918915409054 1.3214285714285747
-10.129231164563798 1.3151319471984761
-10.122511503769996 1.3112119849602912
-10.110543987371578 1.3035714285714324
-10.09931718108837 1.297993706639474
-10.079262277814463 1.287281026991467
-10.076811769119628 1.2857142857142891
-10.075535497197565 1.2848929005604912
-10.071428571428577 1.2828935287513064
-10.046281844024488 1.267857142857146
-10.029388242374264 1.259449077046284
-10.028062621288958 1.2586731900279267
-10.014527409908721 1.2500000000000036
-9.982142857142861 1.2330047332678342
-9.981122374568095 1.2323469536578138
-9.980703828124259 1.2321428571428603
-9.97981834560022 1.231677954834332
-9.956727608766748 1.214285714285717
-9.936952524043676 1.2054666380484118
-9.892857142857148 1.1838071005415465
-9.886288261402502 1.1798852048623605
-9.883420871391003 1.1785714285714315
-9.877047103075741 1.17540942061515
-9.839275922324981 1.1535733869635791
-9.815964088856871 1.142857142857146
-9.803571428571434 1.1366902180170309
-9.789160506665985 1.1278821843810931
-9.769046994075046 1.1180951131007255
-9.749714097058517 1.1071428571428603
-9.74099988599473 1.1018000228010578
-9.714285714285719 1.0894577013725426
-9.7139826341705 1.089285714285717
-9.713763684482117 1.0891813083249966
-9.690435389181436 1.0761986364494316
-9.68254328933077 1.0714285714285747
-9.6655568190625 1.063317207616076
-9.660292596249704 1.060629947821372
-9.648636643706027 1.0535714285714315
-9.641666116563405 1.0502382052587507
-9.625000000000004 1.041716920725924
-9.614475562823097 1.0357142857142883
-9.595193975286634 1.0238183477998195
-9.582378160569007 1.017857142857146
-9.554252636784161 1.003707670213977
-9.549008895290342 1.0000000000000027
-9.544828179894125 0.9981772211640356
-9.53571428571429 0.9936867631192001
-9.498392349744924 0.9717501014795902
-9.48242340170738 0.9642857142857171
-9.44751619085289 0.9466460953134366
-9.44713790068913 0.9464285714285738
-9.446965217710424 0.9463212421722043
-9.446428571428577 0.9460696235814581
-9.416044156779657 0.9285714285714306
-9.401719600461892 0.9196560799076252
-9.382676537154785 0.9107142857142883
-9.357142857142861 0.8977591526812381
-9.351187915270208 0.8940481312316759
-9.34865501801679 0.892857142857145
-9.343143231758042 0.8900572177801811
-9.31710562609449 0.8750000000000018
-9.30516136605274 0.8675391553608831
-9.2831069337984 0.8571428571428594
-9.267857142857148 0.8493794853733228
-9.25562630359567 0.8417318821380126
-9.239191034491625 0.8335524926126121
-9.21829468384825 0.8214285714285738
-9.208680346350034 0.8154067878728535
-9.183646535060081 0.8035714285714306
-9.182146817993292 0.8028563506870592
-9.178571428571434 0.8010517515708102
-9.158230247702688 0.7897825218880374
-9.151384311041529 0.7857142857142883
-9.132877169559901 0.7765754339119812
-9.110384955335272 0.7636372946472347
-9.089285714285719 0.7539877822050434
-9.08218651512883 0.7500000000000018
-9.07698195335982 0.7475392478148226
-9.059756363340961 0.7380487273318108
-9.049869997193042 0.7321428571428594
-9.03505906021893 0.7251310450990749
-9.022508612436548 0.7187874367730247
-9.014986180963835 0.7142857142857162
-9.011285990466803 0.7120285161923565
-9.000000000000005 0.706547871528624
-8.964077736087543 0.6857558813539226
-8.948467063331966 0.6785714285714306
-8.913895706855346 0.6613505699424982
-8.912771868063984 0.6607142857142874
-8.91226552271664 0.6604040383138177
-8.88713966103594 0.6428571428571441
-8.866382128266704 0.633866431489519
-8.821428571428577 0.6119068875018945
-8.815339968199766 0.6083605777886207
-8.812710744887577 0.6071428571428585
-8.806918811207998 0.6042409050987425
-8.780669782747827 0.5892857142857153
-8.768779745916273 0.5819583365310335
-8.746114423526118 0.571428571428573
-8.732142857142863 0.5644087401861615
-8.718880092347549 0.5562239815304935
-8.71317904253321 0.5535714285714306
-8.700666558010395 0.5472761687449363
-8.680464243998493 0.5357142857142874
-8.671277888148179 0.5300301366560811
-8.645189580170387 0.5178571428571441
-8.64285714285715 0.5166806536423705
-8.620959505791605 0.5043795274131107
-8.613790926280013 0.5000000000000018
-8.594731247875947 0.49037482100376106
-8.580405304625721 0.48214285714285854
-8.573868106537255 0.4780835215496948
-8.553571428571434 0.4685766152372981
-8.546112992534098 0.4642857142857153
-8.540825726295187 0.46173657383046596
-8.524119989761884 0.4523188591904823
-8.514516965160674 0.44642857142857295
-8.48903728021767 0.43352174175781943
-8.482106668591179 0.4285714285714297
-8.46428571428572 0.42006155230840037
-8.429915490504856 0.39973118761331694
-8.41529468897886 0.3928571428571441
-8.38344124860978 0.3766882497219557
-8.3791793061627 0.3741641387674619
-8.375000000000007 0.3721972008383707
-8.348957157445815 0.35714285714285765
-8.33360409970803 0.3475648943441101
-8.285714285714292 0.3238004966155721
-8.282721562358855 0.32202711609965906
-8.281450122502314 0.32142857142857206
-8.278679640342462 0.32002164235420594
-8.250223460403205 0.3035714285714288
-8.237157979506888 0.2954255469557667
-8.21651502597003 0.2857142857142865
-8.196428571428577 0.27552547208665334
-8.186407364254224 0.2698613842920148
-8.183147171258911 0.2678571428571441
-8.17375822432397 0.2633230734362231
-8.162263805384148 0.2568329532088871
-8.151134297525434 0.2500000000000009
-8.138240782217725 0.24378041498502778
-8.12108915302453 0.23493211631919042
-8.116538143399683 0.23214285714285765
-8.107142857142863 0.2273962155941751
-8.091164711918035 0.2174813433306806
-8.084337130670823 0.2142857142857153
-8.069341526309112 0.20672544811896465
-8.043188074471402 0.19136238510572134
-8.01785714285715 0.17956484003869289
-8.016120542713136 0.17857142857142883
-8.014873849857427 0.17797476997148465
-7.992904259932378 0.16570486229924075
-7.984664543984192 0.16071428571428648
-7.968097285920782 0.152809114244417
-7.961475333491944 0.149437923841246
-7.950561699735537 0.14285714285714324
-7.945140161493577 0.13954339627271484
-7.928571428571434 0.13191401712291384
-7.916346650724824 0.125
-7.897280868712719 0.11340096911460051
-7.88362127837 0.10714285714285765
-7.852903652121646 0.09200930185290002
-7.848035474437607 0.08928571428571441
-7.845851955436118 0.08797246605563469
-7.821510015687084 0.07142857142857117
-7.798594040774955 0.061709763273581686
-7.750000000000005 0.03875410321105033
-7.746022432418014 0.03650979923068398
-7.744236157147309 0.03571428571428559
-7.740093948067505 0.03373307532778558
-7.697980270388472 0.010403945922306868
-7.674142437513541 0.