-12.435103733259519 2.
-12.42261721722269 1.9940479851268913
-12.392857142857144 1.977492423206641
-12.377624302028766 1.967332282451391
-12.371909484299998 1.9642857142857153
-12.360684464042532 1.9578511785227928
-12.343331498804249 1.946428571428573
-12.33457149620735 1.9402285579013894
-12.312950635808743 1.9285714285714306
-12.30357142857143 1.9231372139315948
-12.289944319453491 1.9134397075378757
-12.275157749243725 1.9050315498487471
-12.25697852742858 1.892857142857146
-12.247689303074232 1.8861764250994426
-12.227293331949497 1.8750000000000036
-12.214285714285715 1.8673495480960565
-12.202412877589408 1.8595174244821235
-12.199200318994203 1.857142857142862
-12.191475650903767 1.8525808444664724
-12.161829548853127 1.8319198045150937
-12.14296046778826 1.8214285714285765
-12.125000000000002 1.8107235552717604
-12.117326658842227 1.8051060968029882
-12.11457705282055 1.8035714285714333
-12.109339592612566 1.8004393470939464
-12.093334297501755 1.78571428571429
-12.076842230931863 1.7774886966707752
-12.035714285714288 1.7532577208697733
-12.032128192661885 1.7507172186104851
-12.030858442943869 1.7500000000000044
-12.028457179445425 1.7485485787462318
-11.9925652652295 1.7229155183826759
-11.97740332095804 1.7142857142857189
-11.948861023705273 1.6969150618839164
-11.947802739684542 1.696153737777383
-11.946428571428573 1.6953662780330534
-11.922566838336122 1.6785714285714333
-11.90882208310079 1.6682355833798468
-11.871151053492795 1.6456587821271347
-11.86719343255523 1.6428571428571477
-11.86509018332441 1.6412676776208377
-11.85714285714286 1.636483778019759
-11.825419652222283 1.6134874981269762
-11.814425403580033 1.6071428571428612
-11.792749197008416 1.5942641251159726
-11.785485755637284 1.5892857142857189
-11.781644915205842 1.5865281598159795
-11.767857142857146 1.5790154409680506
-11.756520775982107 1.5714285714285756
-11.749978932041012 1.5678529292653485
-11.737461397857258 1.5596505775714098
-11.729154416868663 1.5535714285714324
-11.715633111925296 1.5461590919006598
-11.708022599364469 1.5416045198728971
-11.700007379519684 1.53571428571429
-11.694289400921889 1.5325706912441985
-11.67857142857143 1.523132291080472
-11.670754039060876 1.5178571428571468
-11.653105621176634 1.505093161478963
-11.643849637590563 1.5000000000000036
-11.626024758624137 1.4894906660105454
-11.609619837206536 1.4780760325586977
-11.589285714285717 1.4668123704028524
-11.58557201922315 1.464285714285718
-11.583473703224605 1.4631233120734954
-11.565526708059748 1.4511803726737682
-11.55915649237781 1.4464285714285747
-11.543492611313866 1.4377300491658023
-11.542364519289064 1.4370443324292443
-11.531044532969881 1.4285714285714324
-11.524384667774235 1.4236944950165862
-11.501128365785586 1.41071428571429
-11.500000000000004 1.4100407231908116
-11.481586100951311 1.3965399226668849
-11.474998885401362 1.3928571428571468
-11.46242741341526 1.385342625540198
-11.44741510635401 1.3750000000000036
-11.43957515680951 1.3692278257809596
-11.418058759088504 1.3571428571428612
-11.410714285714288 1.352735983383833
-11.395320745943428 1.34236442223989
-11.391254541819338 1.339285714285718
-11.380466317140202 1.3332361205709002
-11.373884638628645 1.328794500845703
-11.364174088883592 1.3214285714285747
-11.352946034298476 1.315125078854595
-11.340313420795809 1.307348398444879
-11.335341588462354 1.3035714285714324
-11.321428571428575 1.295196593539515
-11.310605091424875 1.2878789817150293
-11.30775732763829 1.2857142857142891
-11.300957749510747 1.2816201213307234
-11.270705599808103 1.2601445943240979
-11.252753373171785 1.2500000000000036
-11.232142857142861 1.2375873405155051
-11.225931458154667 1.2333851369404991
-11.224297923506304 1.2321428571428603
-11.219963121632103 1.2297069100407088
-11.205143290024822 1.2196856277093246
-11.198037500638995 1.214285714285717
-11.18607644872489 1.2056418531121684
-11.142857142857146 1.182077761909862
-11.13884157116349 1.1793745429101623
-11.137252610954347 1.1785714285714315
-11.133996848445552 1.1767993696891121
-11.108170450644378 1.1607142857142883
-11.095626208902237 1.1523033296481273
-11.077061392938253 1.142857142857146
-11.05357142857143 1.129993337583139
-11.047424869322032 1.1262293118498832
-11.045607579779219 1.1250000000000036
-11.040603312122766 1.1224063767102708
-11.025043990965216 1.112848344664104
-11.016640402860677 1.1071428571428603
-11.002089737689522 1.0995820524620985
-10.994552973393516 1.0953391661072764
-10.985668598318256 1.089285714285717
-10.964285714285717 1.077472423492292
-10.957406474708694 1.0728044193439787
-10.954736799057397 1.0714285714285747
-10.949342141214565 1.0684398568143445
-10.925919089124696 1.0535714285714315
-10.914375054610822 1.0456964176492676
-10.895115745016074 1.0357142857142883
-10.875000000000004 1.0245133851183734
-10.866914079901147 1.0194743268769173
-10.864571688712298 1.017857142857146
-10.858168262979763 1.0144907954530984
-10.844679350193378 1.0060641299613282
-10.835920586843208 1.0000000000000027
-10.824599788029275 0.9922228995370048
-10.805296897453372 0.9821428571428594
-10.785714285714288 0.9711676398979954
-10.777967694158216 0.9658350325969316
-10.775007246826476 0.9642857142857171
-10.769083301149838 0.9609595173728271
-10.746518358820703 0.9464285714285738
-10.735270489978838 0.9386601877185212
-10.716060826897296 0.9285714285714306
-10.696428571428575 0.9175170358008851
-10.688238253555493 0.9123523492889047
-10.685897323827747 0.9107142857142883
-10.679523360456212 0.9073332435198154
-10.666176309089748 0.8989075953249106
-10.65753990323194 0.892857142857145
-10.64374798522905 0.8855361172399068
-10.635211425123986 0.8806137135962269
-10.627204873153785 0.8750000000000018
-10.607142857142861 0.863678624689876
-10.599288281668427 0.8587137722377465
-10.597048809937348 0.8571428571428594
-10.591508410708345 0.8540159678559567
-10.557358735100033 0.83138539583714
-10.538466766340804 0.8214285714285738
-10.517857142857146 0.8098091693236729
-10.510355696999579 0.8050717177429441
-10.508213595517903 0.8035714285714306
-10.501827880367856 0.8003655760735722
-10.487224072859046 0.7918408997139075
-10.477315952252209 0.7857142857142883
-10.465525043367727 0.7783235627550287
-10.428571428571432 0.7598708178997509
-10.416171175711437 0.7524800505720011
-10.41094240800473 0.7500000000000018
-10.399661801419771 0.7442180745696696
-10.378980743377687 0.7321428571428594
-10.36942545688458 0.7261149086230869
-10.344599218586929 0.7142857142857162
-10.339285714285719 0.7115507538286758
-10.319743421769244 0.7003370299318679
-10.313504718727982 0.696428571428573
-10.295740527601357 0.6877195340917011
-10.295174043951638 0.6873937626382469
-10.281127582542258 0.6785714285714306
-10.272120203755986 0.6741473878202342
-10.250000000000004 0.6624826099218799
-10.246998772705213 0.6607142857142874
-10.226359568408483 0.6475852291754478
-10.21652498579673 0.6428571428571441
-10.195533723835702 0.6319638876242841
-10.178267547023902 0.6214893477380796
-10.16071428571429 0.613015133706523
-10.150811063500043 0.6071428571428585
-10.144087845933576 0.6038175691867158
-10.12974027277811 0.5954805168729518
-10.119994961592457 0.5892857142857153
-10.106026714927062 0.5823660855860187
-10.093942784179056 0.5759314139786689
-10.08687431629351 0.571428571428573
-10.083205439854686 0.569073197743351
-10.071428571428577 0.5633551479077887
-10.055022784927404 0.5535714285714306
-10.037732363567788 0.5424535272864448
-10.023875889312558 0.5357142857142874
-9.994547848182822 0.5203381410651362
-9.990401049796837 0.5178571428571441
-9.988445942966662 0.5165965256923837
-9.982142857142861 0.5135218588523784
-9.959574381063515 0.5000000000000018
-9.944459508528542 0.49246333027713796
-9.940920533047729 0.4903873219618857
-9.928089882758728 0.48214285714285854
-9.918010164630871 0.4771122527881131
-9.894871835174849 0.4646886527492553
-9.894245475868173 0.4642857142857153
-9.893848500415524 0.4640874427740398
-9.892857142857148 0.463554733604834
-9.864363436011029 0.44642857142857295
-9.846987921318064 0.4377452728792468
-9.845535179698388 0.4369641787968206
-9.832509375489995 0.4285714285714297
-9.803571428571434 0.4133208409189546
-9.800495142655675 0.4113295428974384
-9.79658989554396 0.409317979108792
-9.769233149205974 0.3928571428571441
-9.756262035645683 0.38446187858515124
-9.73694366296603 0.3750000000000009
-9.714285714285719 0.36306652307670273
-9.7067684763588 0.3586463047282411
-9.704433477243777 0.35714285714285765
-9.697852297412938 0.3538561737683015
-9.683523653866956 0.34543812636946747
-9.673957120841429 0.3392857142857153
-9.659947344970545 0.33229624529160695
-9.648414347253002 0.3261114408791723
-9.641120801300852 0.32142857142857206
-9.625000000000004 0.31296988808616
-9.613870689719787 0.3057972906274724
-9.609305224077051 0.3035714285714288
-9.599605270248315 0.29849248262109107
-9.582572170075819 0.2857142857142865
-9.568115553454131 0.27923403216631826
-9.53571428571429 0.2627326910339782
-9.519990500017865 0.2531447571392862
-9.513485470609664 0.2500000000000009
-9.499534308776681 0.2427640046124795
-9.481575036438786 0.23214285714285765
-9.473149448127685 0.22679868180303586
-9.447039531513814 0.2142857142857153
-9.446428571428577 0.21397180025814233
-9.425319254648533 0.20065043478458033
-9.416461512257703 0.19642857142857206
-9.397178867884861 0.18657863071982916
-9.383415139346596 0.17857142857142883
-9.377032657307607 0.1745934685384798
-9.357142857142861 0.16523975856988926
-9.349308005962115 0.16071428571428648
-9.343731787648526 0.15803207181541978
-9.327323810182607 0.14882095224919478
-9.317515925090419 0.14285714285714324
-9.291042405917866 0.12963705261214375
-9.279154862013778 0.1227404561686738
-9.267857142857148 0.11757229614871179
-9.249295101206398 0.10714285714285765
-9.231637052997376 0.09652973225766903
-9.21561685994761 0.08928571428571441
-9.178764549009925 0.07146719551626912
-9.178706661213054 0.07142857142857117
-9.178662881536184 0.07141028083562073
-9.178571428571434 0.07136811275050992
-9.131133670135249 0.04520183740152284
-9.109215425791662 0.03571428571428559
-9.089285714285719 0.026500819925797003
-9.07716907362324 0.020280470989638033
-9.07273228542767 0.01785714285714235
-9.058887380633458 0.011777476126690445
-9.050788847341254 0.007699373388892816
-9.036365032074821 0.