-11.195994871973404 2.
-11.18362895644543 1.9918456372823439
-11.164222190702699 1.9821428571428577
-11.142857142857146 1.9706245736585242
-11.1355049289555 1.9657561570660445
-11.132576610472594 1.9642857142857153
-11.126552729172872 1.96102483154886
-11.102977099473529 1.946428571428573
-11.091583886524777 1.938826079837904
-11.07132902018186 1.9285714285714306
-11.05357142857143 1.9188844358414405
-11.043483053391254 1.9127319607503237
-11.04048699991707 1.9107142857142883
-11.032227572272983 1.9064455144545986
-11.020755076059167 1.8994204133595982
-11.011055824448116 1.892857142857146
-10.998038989234994 1.8861064878672904
-10.986002812509694 1.8793434196447993
-10.979614837724679 1.8750000000000036
-10.97535905673676 1.872785331509795
-10.964285714285717 1.866538545727563
-10.952791617622138 1.8594416764755772
-10.949427320641021 1.857142857142862
-10.941036894710376 1.8524930932277934
-10.909993718397944 1.8322869706061313
-10.889078252415212 1.8214285714285765
-10.875000000000004 1.8135666430156867
-10.863717539240897 1.8058279207232548
-10.85938902031564 1.8035714285714333
-10.850730310082135 1.7987174905878591
-10.83050363235885 1.78571428571429
-10.820451117009524 1.7787669194552436
-10.799691249675476 1.7678571428571477
-10.785714285714288 1.7599634146778227
-10.774565433554919 1.752229770431878
-10.770339183114308 1.7500000000000044
-10.761956099364888 1.7452483627301243
-10.741810554855114 1.7321428571428612
-10.731710760723375 1.725086419283901
-10.711395462535155 1.7142857142857189
-10.696428571428575 1.7057427325700258
-10.686091805735725 1.6984959245671467
-10.674591169395741 1.6920610910220093
-10.654082912964737 1.6785714285714333
-10.643717525599007 1.671256494880204
-10.624099136524835 1.66071428571429
-10.619520286544976 1.6582387998338675
-10.607142857142861 1.6509420315297527
-10.597586090028972 1.6447684962799256
-10.594933718287395 1.6428571428571477
-10.588473689924996 1.6391233094135744
-10.556388579571482 1.617293712657137
-10.53767470300357 1.6071428571428612
-10.517857142857146 1.5958939165754868
-10.509984143099835 1.5908603142371813
-10.507714142234239 1.5892857142857189
-10.50152731094366 1.5860197479030216
-10.4878501623971 1.577429967520585
-10.479241530770809 1.5714285714285756
-10.467879285449065 1.563567000053049
-10.428571428571432 1.5418572428265103
-10.421447105334034 1.53713915036177
-10.418749835635287 1.53571428571429
-10.413407618893967 1.5326815237787965
-10.39065932656605 1.5178571428571468
-10.37924415290939 1.5098654551324122
-10.360726259496854 1.5000000000000036
-10.339285714285719 1.4877327076851365
-10.332639424806473 1.48347211503871
-10.33077848669578 1.4821428571428612
-10.32575779113669 1.4794372725130556
-10.311004752621995 1.4699419066184625
-10.303123635755494 1.464285714285718
-10.288778879331662 1.4565299384193855
-10.28275978113918 1.4529805276564103
-10.273672888498528 1.4464285714285747
-10.267295657412227 1.44296943994613
-10.250000000000004 1.4327320965607973
-10.245096935142612 1.4295520415429106
-10.243742961350508 1.4285714285714324
-10.240454984131302 1.4266624253976925
-10.2043637794672 1.4019843869637079
-10.187629969633477 1.3928571428571468
-10.16071428571429 1.3771233577450044
-10.158401192425405 1.3754626186577807
-10.157555999975779 1.3750000000000036
-10.15592126032191 1.3740413949215275
-10.130871908549716 1.3571428571428612
-10.117983906234103 1.3478317901817558
-10.072597020705429 1.3216622612839446
-10.072252788583308 1.3214285714285747
-10.072074862647163 1.3212993131848574
-10.071428571428577 1.3209410902632852
-10.045914129593587 1.3035714285714324
-10.03151005569764 1.2955877254252455
-10.029326542342355 1.294134691531534
-10.01804596904259 1.2857142857142891
-9.990962944940309 1.2696211604166354
-9.987044306712262 1.2668768529432652
-9.982142857142861 1.2641407157027622
-9.96151859227382 1.2500000000000036
-9.946793115717341 1.2392128054279645
-9.934151106303354 1.2321428571428603
-9.909990365207932 1.2177123587558736
-9.90625417104647 1.214285714285717
-9.902380160301462 1.212381110796854
-9.892857142857148 1.2070669607609261
-9.86055542837503 1.1850317714678553
-9.848213831696793 1.1785714285714315
-9.823595594279196 1.1647191188558406
-9.814298102584115 1.1585689509117527
-9.803571428571434 1.1529100832306156
-9.788056490226095 1.142857142857146
-9.771590956239537 1.1313960944663828
-9.73561157497524 1.1114080292807644
-9.729078209276578 1.1071428571428603
-9.725794050242184 1.1048411899515669
-9.714285714285719 1.0987022436530083
-9.699913250828512 1.089285714285717
-9.691394577457093 1.0847074869199922
-9.681054629342281 1.0780747884172621
-9.671755166260647 1.0714285714285747
-9.659100433311389 1.064608484766298
-9.64821465336349 1.058214359244129
-9.641743408503242 1.0535714285714315
-9.637220480281586 1.0511273325151151
-9.625000000000004 1.0439271145242426
-9.612590516350792 1.0357142857142883
-9.595685341549958 1.023720074547155
-9.584837970994606 1.017857142857146
-9.563656716958898 1.0055884862489242
-9.557265027071324 1.0000000000000027
-9.55098152311394 0.9969465525200727
-9.53571428571429 0.9882600881043384
-9.508581190240143 0.9697123333805466
-9.498621842466976 0.9642857142857171
-9.479265819718238 0.9529960210865065
-9.469474508167869 0.9464285714285738
-9.464452091467788 0.9428238674207314
-9.446428571428577 0.9329616953492819
-9.439896341355633 0.9285714285714306
-9.421884689274819 0.9156230621450394
-9.395574562736522 0.900543483975877
-9.384173519269817 0.892857142857145
-9.37830079605163 0.8886255550753912
-9.357142857142861 0.8769997293503655
-9.35417988682251 0.8750000000000018
-9.352485338943751 0.8740684963601799
-9.33385940755939 0.8617995470595536
-9.327539732830465 0.8571428571428594
-9.31224968973039 0.8481642236603655
-9.292323321294774 0.8343924785981915
-9.268752813432608 0.8214285714285738
-9.267857142857148 0.82090291925189
-9.249035246649004 0.8073358078130592
-9.242187122894213 0.8035714285714306
-9.227138925153602 0.7954277850307214
-9.214814930165835 0.7857142857142883
-9.203746425605873 0.7806792863074001
-9.178571428571434 0.7675568350044353
-9.157250578508473 0.7542641700125943
-9.148664213397256 0.7500000000000018
-9.130823832730137 0.7404504808317425
-9.110737007547499 0.7278525984905029
-9.089285714285719 0.7171359053675115
-9.084640682724672 0.7142857142857162
-9.064980234070536 0.7012896674716096
-9.035250739354824 0.6856215764423945
-9.023826507234588 0.6785714285714306
-9.018314082987057 0.6749086119740202
-9.000000000000005 0.6656814082943061
-8.991973256654836 0.6607142857142874
-8.986836728238726 0.6580816313620312
-8.971217657246278 0.6486136114078898
-8.962602407328731 0.6428571428571441
-8.948060209955237 0.6353879580089554
-8.93984515781503 0.6308261744201493
-8.931150759577008 0.6250000000000018
-8.925431529176686 0.6220565513075229
-8.910714285714292 0.6138653702660761
-8.899933102757545 0.6071428571428585
-8.881898691320949 0.595048833164384
-8.870572425282717 0.5892857142857153
-8.847440564088469 0.5766309699605516
-8.840947249710313 0.571428571428573
-8.83507828871382 0.568698627971524
-8.821428571428577 0.5613766724752676
-8.790981219635743 0.5418037560728539
-8.779082603329138 0.5357142857142874
-8.754865681472237 0.5224017077230192
-8.747646835167822 0.5178571428571441
-8.744107083614699 0.5154642975627768
-8.732142857142863 0.5093241236393995
-8.717351285102605 0.5000000000000018
-8.700356139301988 0.4885002007110337
-8.662838239768249 0.46828193366793514
-8.65650963645581 0.4642857142857153
-8.65339742896497 0.46217765706415115
-8.64285714285715 0.45675666071636556
-8.626507690285127 0.44642857142857295
-8.616304253356638 0.44111799352847125
-8.607448422956045 0.4356531725516506
-8.597059438455533 0.4285714285714297
-8.570988343699412 0.41419766873988184
-8.562757487123251 0.40887707400392337
-8.553571428571434 0.40415751595812743
-8.535663900758601 0.3928571428571441
-8.519366174483682 0.3818410508175516
-8.506034741719438 0.3750000000000009
-8.47882797539703 0.36005130936511964
-8.475221695273023 0.35714285714285765
-8.47193417348717 0.35561316530256804
-8.46428571428572 0.35152003047086744
-8.428557859041494 0.328574142477418
-8.414538646082567 0.32142857142857206
-8.385709709620533 0.3057133704955346
-8.380597922848745 0.30245184400168146
-8.375000000000007 0.2996200078477216
-8.352619365420235 0.2857142857142865
-8.337131714654296 0.27543079992628616
-8.290757242581904 0.25100859137352316
-8.289116893394917 0.2500000000000009
-8.288322393502845 0.24947837844228982
-8.285714285714292 0.24818117707801335
-8.259460931621195 0.23214285714285765
-8.24218926345567 0.22343785269113337
-8.241625626210075 0.22310344618655797
-8.2280367160862 0.2142857142857153
-8.196428571428577 0.19763634816374331
-8.194896895572352 0.19673490659981674
-8.194420093942602 0.19642857142857206
-8.193066954254963 0.19575624799384972
-8.171982612964142 0.18346062026431564
-8.164287181236253 0.17857142857142883
-8.147786378469085 0.17044272430618435
-8.14289217587419 0.16786414946055217
-8.13149658564682 0.16071428571428648
-8.124416128624814 0.15725963141789645
-8.107142857142863 0.14826291559625737
-8.100127549716701 0.14426020434237596
-8.097859825907463 0.14285714285714324
-8.091772249221899 0.13978302127295006
-8.054172427982284 0.1177369429749735
-8.031186877451715 0.10714285714285765
-8.01785714285715 0.10060455864364659
-8.003751600273569 0.09210682280243088
-7.997528417050562 0.08928571428571441
-7.9831228746226035 0.08233886063880558
-7.96316453377063 0.07142857142857117
-7.954308948998487 0.06628106734316042
-7.928571428571434 0.05505721784736739
-7.925797429545 0.053571428571428825
-7.903306180421561 0.04076733534426058
-7.8914542113982495 0.03571428571428559
-7.862108480260629 0.022421696052123963
-7.8531705834630925 0.01785714285714235
-7.849429806048164 0.015828324504653324
-7.83928571428572 0.01172591340389939
-7.8156790449649005 0.