-6.666429872828306 0.
-6.670400614818235 0.0016341627506397671
-6.678571428571434 0.006137461994436322
-6.70468919713052 0.01785714285714235
-6.725144929600128 0.02639958550854704
-6.7418205816129975 0.03571428571428559
-6.767857142857149 0.049244966068452634
-6.774337415275558 0.052275374087747295
-6.777256888482882 0.053571428571428825
-6.782602888369687 0.056520577673936145
-6.800375343585617 0.0649249312828779
-6.814887375361363 0.07142857142857117
-6.826031630331396 0.0776508167908645
-6.842859096521251 0.08642896216139206
-6.84917993268076 0.08928571428571441
-6.857142857142863 0.09355632061157859
-6.878483696201872 0.10287468933105615
-6.88581782537495 0.10714285714285765
-6.902646715804203 0.11624362887512518
-6.928893295932147 0.12850705509928595
-6.946428571428577 0.1388604985172721
-6.954742605170871 0.14285714285714324
-6.97979384835252 0.154041230329498
-7.016403538870444 0.17470927920265922
-7.024347218837454 0.17857142857142883
-7.027837802926546 0.1801467251289779
-7.035714285714292 0.1846369599525799
-7.079463955643001 0.20553578029997333
-7.099958318629533 0.2142857142857153
-7.125801956813227 0.23198246578021386
-7.126067268393846 0.23214285714285765
-7.1266589872985735 0.2324746546025711
-7.1621570564685575 0.2500000000000009
-7.178006038330411 0.25725593519106305
-7.195443282812837 0.2678571428571441
-7.214285714285721 0.27847764484764426
-7.225268704337241 0.28351768770398245
-7.22887390858748 0.2857142857142865
-7.236178758657496 0.29009289458864096
-7.2490611843250425 0.2966163345635646
-7.263715205626019 0.3035714285714288
-7.273672288313987 0.3095512566229184
-7.290330352241611 0.31878035616260725
-7.2959029795962165 0.32142857142857206
-7.303571428571435 0.325771811985061
-7.324012058821523 0.33519758823569745
-7.34547381181362 0.3476661909341523
-7.364474820410575 0.35714285714285765
-7.373050782355951 0.3611041292430972
-7.3928571428571495 0.37324506314128847
-7.396373516010322 0.3750000000000009
-7.398118352363532 0.3760522419012773
-7.420340798574472 0.3873604117136802
-7.431877064306965 0.3928571428571441
-7.444392540707088 0.40040720614429937
-7.452138017838959 0.4047133178535063
-7.46473065544705 0.4107142857142865
-7.469065735698616 0.41332971000313545
-7.482142857142863 0.4206000813025277
-7.498104287877912 0.4285714285714297
-7.520250561519352 0.4388070305532752
-7.532677628547829 0.44642857142857295
-7.560180898542228 0.4620361797084458
-7.564687172517959 0.4642857142857153
-7.566724371647858 0.465226554241859
-7.571428571428577 0.4679605963084619
-7.618042655134596 0.49067718325879817
-7.633262746397853 0.5000000000000018
-7.660714285714292 0.5155512663366819
-7.664201508403818 0.5171596983192392
-7.667868571339745 0.5192879999822351
-7.700850456472424 0.5357142857142874
-7.715733563669245 0.54256757298044
-7.750000000000005 0.5624204657323713
-7.769217637099289 0.571428571428573
-7.776995373763781 0.5768276461813278
-7.802072785234216 0.5892857142857153
-7.811388524851077 0.5948651521726438
-7.830403395084771 0.6053663933026687
-7.8341530062550095 0.6071428571428585
-7.83928571428572 0.6100342451508807
-7.862008648083776 0.6204554132403901
-7.869471399613224 0.6250000000000018
-7.886117764171871 0.6343664099772317
-7.903261549070101 0.6428571428571441
-7.909615834475404 0.6466482616763498
-7.928571428571434 0.657081542963251
-7.935914604678091 0.6607142857142874
-7.9608593722158 0.6721138398425577
-7.971498691773883 0.6785714285714306
-7.9953063362153065 0.6919184101002047
-8.004443601110118 0.696428571428573
-8.008533914236716 0.6982932171526599
-8.01785714285715 0.7039391412007205
-8.03884394723096 0.7142857142857162
-8.059689957706482 0.7237762941729926
-8.073523109910763 0.7321428571428594
-8.10458035013649 0.749487498598727
-8.105622309465925 0.7500000000000018
-8.106087216767643 0.7502111280750459
-8.107142857142863 0.7508142508302083
-8.158491680230647 0.7754445210967313
-8.182534728459808 0.7857142857142883
-8.205624546244648 0.8017322336082167
-8.20863981579464 0.8035714285714306
-8.21477482735903 0.8072406797575216
-8.241845362809563 0.8214285714285738
-8.254615971607452 0.827648234249942
-8.285714285714292 0.846704561152614
-8.300369248831526 0.8542118645194128
-8.304922012282784 0.8571428571428594
-8.313652978743155 0.8627305957486318
-8.322747773808336 0.8675933023811933
-8.337640594801506 0.8750000000000018
-8.34654018512879 0.8806919629742449
-8.363380757784917 0.8905332944141264
-8.368056014750834 0.892857142857145
-8.375000000000007 0.8970028843214966
-8.394984970254146 0.90671729166346
-8.4144249273197 0.9185992711782269
-8.433501412776836 0.9285714285714306
-8.440853534845854 0.9332578644594038
-8.463029419814669 0.9461773125343633
-8.463536269264013 0.9464285714285738
-8.46428571428572 0.9468743932043315
-8.489728535514493 0.9591971500399623
-8.497672951750484 0.9642857142857171
-8.514621961077788 0.9743529636441304
-8.536607691122944 0.9855356046325578
-8.553571428571434 0.9963694572101636
-8.560553686718533 1.0000000000000027
-8.584690971899706 1.0116332341914918
-8.594452326057002 1.017857142857146
-8.615370017392188 1.0302168606212962
-8.62597786820189 1.0357142857142883
-8.630941222189767 1.0380974698477647
-8.64285714285715 1.0456687072734088
-8.65813354089305 1.0535714285714315
-8.679926627599594 1.0640146744800862
-8.69161644060873 1.0714285714285747
-8.716790828088234 1.0862153084747916
-8.72274828141179 1.089285714285717
-8.72552270138158 1.0906097454379733
-8.732142857142863 1.0947923324114361
-8.756152350241516 1.1071428571428603
-8.775458428680563 1.116336885692463
-8.818938116683633 1.1423590519081568
-8.819910247769645 1.142857142857146
-8.820279941002607 1.1430868689423397
-8.821428571428577 1.1437414232131458
-8.844951010081804 1.1560097979836428
-8.854621498109122 1.1607142857142883
-8.86830481734297 1.1691961793885524
-8.87072821237852 1.1705742139042767
-8.887196890431298 1.1785714285714315
-8.910714285714292 1.1922083819655889
-8.91658055760494 1.195255317050445
-8.919001032919772 1.1964285714285747
-8.922719186891872 1.1988295516640903
-8.94028235954852 1.2083720995188711
-8.951831335550466 1.214285714285717
-8.962953859077048 1.2216949424703083
-8.970456467874353 1.2262341507177288
-8.982000714372795 1.2321428571428603
-9.000000000000005 1.2432787211941294
-9.009551422685032 1.2480897154629984
-9.012427016794184 1.2500000000000036
-9.018372289248795 1.2536744578497618
-9.057334141141016 1.2742474574860863
-9.074631198443202 1.2857142857142891
-9.089285714285719 1.294747204372122
-9.101858419491204 1.3010568875303354
-9.11353865911569 1.3084220175374268
-9.137705580787964 1.3214285714285747
-9.149379569029302 1.3272669433370012
-9.178571428571434 1.3456070768185295
-9.194485486616378 1.3539600455338725
-9.201442115332547 1.3571428571428612
-9.209393596522263 1.3633072907330268
-9.23123881422774 1.3750000000000036
-9.241746658804418 1.3802220968105496
-9.26100574007518 1.3928571428571468
-9.267857142857148 1.3970294794553668
-9.28752432314049 1.406780849657621
-9.30613409282619 1.4183696757080986
-9.32531829052083 1.4285714285714324
-9.332803731745404 1.4334392536509233
-9.35350335188522 1.4457006703770467
-9.354951501500071 1.4464285714285747
-9.357142857142861 1.4477530646811125
-9.38103121828608 1.4595080420570739
-9.388380978600807 1.464285714285718
-9.40389140075849 1.4736354230088438
-9.427670308620083 1.4858945097045595
-9.446428571428577 1.4980280110501196
-9.450173317563918 1.5000000000000036
-9.47503594600271 1.51213566794232
-9.48390435978297 1.5178571428571468
-9.50274286901048 1.5291200023735279
-9.51532896101165 1.53571428571429
-9.521277158550577 1.5386017111470327
-9.53571428571429 1.547403415818744
-9.569541421633128 1.5646631442448076
-9.584655769236052 1.5714285714285756
-9.602708666084323 1.5848274475025823
-9.611284092678977 1.5892857142857189
-9.615265994993939 1.591232515286932
-9.625000000000004 1.5975220107520052
-9.64328730403824 1.6071428571428612
-9.651245776942833 1.6123920125314273
-9.661082179170254 1.6177835641659541
-9.675287830495247 1.6250000000000044
-9.684376050445836 1.6309819327679813
-9.699159172208633 1.6398318344417309
-9.705123771589856 1.6428571428571477
-9.707262579422858 1.6442617698297202
-9.714285714285719 1.648457945724351
-9.7371991215422 1.66071428571429
-9.75625310808719 1.6701779498111389
-9.769054098925158 1.6785714285714333
-9.795856937868114 1.6948856732879127
-9.80014088356573 1.697114680429717
-9.803571428571434 1.699354490866786
-9.83165944644354 1.7142857142857189
-9.844142168767908 1.7223998623250134
-9.846338956286491 1.7235893515998502
-9.863359357356934 1.7321428571428612
-9.892857142857148 1.7499678117956945
-9.892900629129942 1.7499913027454452
-9.892917971412892 1.7500000000000044
-9.892945230151957 1.7500176174589663
-9.917065520437571 1.763015467341063
-9.926740405469817 1.7678571428571477
-9.93986305908613 1.7763131024684933
-9.942300762143681 1.7777458667144543
-9.95825829732468 1.78571428571429
-9.982142857142861 1.8000346805702376
-9.987282323418746 1.8025435353162562
-9.98887541853447 1.8035714285714333
-9.992258982049124 1.805594653552686
-10.022475994624317 1.8214285714285765
-10.03675783961993 1.8283627177903057
-10.053772337877696 1.8392857142857189
-10.071428571428577 1.8497860310188114
-10.082181078033598 1.8549923558218575
-10.085539406023555 1.857142857142862
-10.09203453174369 1.861264049205884
-10.105193390532968 1.8682470361791257
-10.118869284879608 1.8750000000000036
-10.12892183575863 1.8813584899911353
-10.142503344561359 1.88921495462656
-10.149896098424932 1.892857142857146
-10.16071428571429 1.8992381461896422
-10.177585238548854 1.9073400951473758
-10.194321848131263 1.9174357981976833
-10.215898873540345 1.9285714285714306
-10.2259636458767 1.9333786993960915
-10.246603217994341 1.946428571428573
-10.250000000000004 1.948415897947795
-10.271924547259621 1.9599008048337918
-10.280905333373914 1.9642857142857153
-10.295095808210405 1.973123695500778
-10.295584358929098 1.9734025860715336
-10.313524700656751 1.9821428571428577
-10.31980063355486 1.9860398732890294
-10.339285714285719 1.9971345051457012
-10.344893757551304 2.