-7.0960279954863665 0.
-7.125000000000006 0.015588881833381585
-7.128554831488002 0.017146176559543314
-7.129772816052565 0.01785714285714235
-7.132551720125824 0.01936748688230594
-7.166631137898495 0.03571428571428559
-7.181374094390882 0.04229660969325355
-7.200354218258021 0.053571428571428825
-7.214285714285721 0.06127201568994689
-7.22991047350506 0.06830361958470288
-7.2351326417959205 0.07142857142857117
-7.246823471327428 0.07793612283691242
-7.269968832570636 0.08928571428571441
-7.280213546654268 0.09395729066914793
-7.301981531753618 0.10714285714285765
-7.303571428571435 0.10803815358989421
-7.329330943372731 0.11984809703974086
-7.356506325324907 0.13558697935069475
-7.371110976309319 0.14285714285714324
-7.376526814575614 0.1461232085134503
-7.3928571428571495 0.15521060977200118
-7.400618439243009 0.15916202643711497
-7.40387170775198 0.16071428571428648
-7.409303819715404 0.16400362108593747
-7.425170491106328 0.17210875892159372
-7.438677660301616 0.17857142857142883
-7.4494409836672935 0.1851118032665422
-7.462711647278171 0.19254232945563388
-7.470815017900775 0.19642857142857206
-7.473613956443704 0.1981343515684042
-7.482142857142863 0.20292117690801081
-7.504700173698963 0.2142857142857153
-7.524691056362131 0.2236332172990041
-7.538417081879954 0.23214285714285765
-7.568410050576838 0.24939629582965317
-7.569604284027793 0.2500000000000009
-7.570149709667521 0.2502557723522125
-7.571428571428577 0.251011181127188
-7.621391237594461 0.2757217524811102
-7.637452273887924 0.2857142857142865
-7.660714285714292 0.2991335162850497
-7.66734128666973 0.302246028380341
-7.6741145491918905 0.30625148126694857
-7.704049345371823 0.32142857142857206
-7.717768200606278 0.32787493130731793
-7.750000000000005 0.3469382209248719
-7.7646754718217394 0.3542077627785112
-7.771374794443701 0.35714285714285765
-7.77967766475426 0.3630783900937091
-7.80319850125739 0.3750000000000009
-7.813979536499083 0.38006123555732874
-7.83454322933431 0.3928571428571441
-7.83928571428572 0.3955899251452095
-7.861887845873271 0.406193859396776
-7.885054678767783 0.4198680786106994
-7.902256623981491 0.4285714285714297
-7.908733896584037 0.4325389349689095
-7.928571428571434 0.44370917960963396
-7.93395075198893 0.44642857142857295
-7.959076983248048 0.4581846033503929
-7.96891238902627 0.4642857142857153
-7.990483650936782 0.4766681587587849
-8.00133497371821 0.48214285714285854
-8.006290728662227 0.4844561399818428
-8.01785714285715 0.49161552506952777
-8.034494359979682 0.5000000000000018
-8.056304390896015 0.5101676932493708
-8.06874178710075 0.5178571428571441
-8.096111476633546 0.5335080096124241
-8.100500039744366 0.5357142857142874
-8.102498132749115 0.5366432305930369
-8.107142857142863 0.5393590269877366
-8.153603470400478 0.5621364487770499
-8.174996466917243 0.571428571428573
-8.19954009308552 0.5886634099543269
-8.200551950839472 0.5892857142857153
-8.202789843339074 0.5905579686678148
-8.235957954463485 0.6071428571428585
-8.25098661414654 0.6140883914564084
-8.285714285714292 0.6342729568514391
-8.298200059151329 0.6403599881697373
-8.302277626855124 0.6428571428571441
-8.310531920579566 0.6478206698301987
-8.321740703823126 0.6535090020925205
-8.336906732526954 0.6607142857142874
-8.34642684092029 0.6664289175302311
-8.364622892527205 0.67649600707687
-8.368996972814717 0.6785714285714306
-8.375000000000007 0.681957908058112
-8.396948688601542 0.6920388337082661
-8.42019562110272 0.7054676956491157
-8.437982841050365 0.7142857142857162
-8.444582325920898 0.7182263919586811
-8.46428571428572 0.7290781088288707
-8.470476587555064 0.7321428571428594
-8.473602632374371 0.7340062407605901
-8.493680376839166 0.7441210674893126
-8.506134142126124 0.7500000000000018
-8.518067150119057 0.757100855690477
-8.5285376324455 0.7628503836319585
-8.539157116461874 0.767857142857145
-8.542787698612296 0.7700138888489727
-8.553571428571434 0.7759267777834458
-8.573425774090303 0.7857142857142883
-8.594492545300476 0.795387205225623
-8.607918007544644 0.8035714285714306
-8.636217152469186 0.820100573350981
-8.638807299771575 0.8214285714285738
-8.640006840035667 0.8219986319928703
-8.64285714285715 0.8237924736858275
-8.673093868948305 0.8392857142857171
-8.690594037939977 0.8475954781262942
-8.705775892825134 0.8571428571428594
-8.732142857142863 0.872505531790245
-8.73584180914345 0.8742602095998846
-8.737019272317582 0.8750000000000018
-8.739572397903606 0.8764859081521506
-8.771609406766919 0.892857142857145
-8.786408746006643 0.8998611079415317
-8.821428571428577 0.9207026436871528
-8.832693931167228 0.9263183566237005
-8.837814656957072 0.9285714285714306
-8.844121678682393 0.9331100500221936
-8.870281228516694 0.9464285714285738
-8.88017999270154 0.9525354300311246
-8.895579993883286 0.9612588559195157
-8.901832954988333 0.9642857142857171
-8.910714285714292 0.9694183002299299
-8.928443543313042 0.9785970056231097
-8.935778210358757 0.9821428571428594
-8.947865238105306 0.9895730476210618
-8.952045283676535 0.9917338004075535
-8.969167234518167 1.0000000000000027
-8.976746879548068 1.0046506240903907
-9.000000000000005 1.0177600812046341
-9.000191764834966 1.017857142857146
-9.026859285853577 1.030342428543574
-9.035513828817157 1.0357142857142883
-9.054502602400037 1.0466148061942953
-9.074590278503639 1.0565105157278474
-9.089285714285719 1.0656024930495969
-9.100851952463714 1.0714285714285747
-9.124200894022405 1.0823026783383805
-9.160422690875086 1.1035131096035906
-9.167652401903753 1.1071428571428603
-9.170940946825063 1.1086689534921348
-9.178571428571434 1.1131213928537482
-9.241600167213223 1.142857142857146
-9.26681905855361 1.1605066688535803
-9.267234644647992 1.1607142857142883
-9.267422826131746 1.1608011490593686
-9.267857142857148 1.1610672118144452
-9.302953121454399 1.1785714285714315
-9.319354906753693 1.1861290186492655
-9.336195313495336 1.1964285714285747
-9.357142857142861 1.2090749804823222
-9.364677898328258 1.2127787060486375
-9.36699858492595 1.214285714285717
-9.371756862960108 1.2172085154491663
-9.399553545514745 1.2321428571428603
-9.412945088016837 1.2388395538252084
-9.429858240840232 1.2500000000000036
-9.446428571428577 1.2601739010445172
-9.45740643095642 1.2656615709515773
-9.467653425377568 1.2721021136469446
-9.493015382618603 1.2857142857142891
-9.502960745796061 1.2922649936979358
-9.514875928297318 1.2994037570880375
-9.523086511373656 1.3035714285714324
-9.53571428571429 1.3113032513034142
-9.549270146981298 1.3187173991751733
-9.554616668012374 1.3214285714285747
-9.562892833369446 1.3268642809596063
-9.572254253484816 1.3319777207316124
-9.586682788205175 1.339285714285718
-9.59563914282749 1.345157885720221
-9.61104861167385 1.3543525794776308
-9.616564906287612 1.3571428571428612
-9.625000000000004 1.362283302094351
-9.643266606967769 1.37134667860645
-9.648843682976668 1.3750000000000036
-9.660524129722242 1.3821048259444515
-9.68071998463159 1.3928571428571468
-9.69038976271802 1.397636333170687
-9.714285714285719 1.4124728600644216
-9.736674503457792 1.424093670737018
-9.74354851478972 1.4285714285714324
-9.756603966613449 1.4370350790369777
-9.757860041374224 1.4377137060108742
-9.775233825422939 1.4464285714285747
-9.781928463991061 1.4507571643446493
-9.803571428571434 1.4635161703594788
-9.80502856166894 1.464285714285718
-9.830494250926934 1.4767582926717608
-9.856430595043307 1.4927146904372357
-9.87028773404526 1.5000000000000036
-9.875653761513941 1.503440676268645
-9.892857142857148 1.5135098684462909
-9.89876894933254 1.5166747815620685
-9.901145007503223 1.5178571428571468
-9.92475526588076 1.5293346611095675
-9.934680841819162 1.53571428571429
-9.955827823525654 1.5483084218479908
-9.970658768619273 1.55586824627615
-9.982142857142861 1.5632141294540087
-9.997915559874748 1.5714285714285756
-10.019462109150405 1.58182186388421
-10.031158339130561 1.5892857142857189
-10.054641704449104 1.6037854837469672
-10.060860603289829 1.6071428571428612
-10.063721509579855 1.6086842695126053
-10.071428571428577 1.6141362925675224
-10.090290511592164 1.6250000000000044
-10.109345145961264 1.63527382795061
-10.120057773138429 1.6428571428571477
-10.141090734192291 1.6567895754098902
-10.147898751112322 1.66071428571429
-10.151365986838847 1.662583945489379
-10.16071428571429 1.6692020777648926
-10.17696926035924 1.6785714285714333
-10.196735548256514 1.6892243189201315
-10.226946930644104 1.7096751004145387
-10.234956771517258 1.7142857142857189
-10.238233679482478 1.7166389783892235
-10.250000000000004 1.7242221071921477
-10.260051639479869 1.7301325292468883
-10.263776622004603 1.7321428571428612
-10.269107244826065 1.7359643061080732
-10.282083426959064 1.743583314608192
-10.293988806186977 1.7500000000000044
-10.303885179361348 1.757080106984879
-10.312243501202916 1.7624487002405873
-10.322293747745308 1.7678571428571477
-10.326012918861004 1.770511701942091
-10.339285714285719 1.7790194065690725
-10.350990134534072 1.78571428571429
-10.37214074195318 1.7970004230379404
-10.381514845802071 1.8035714285714333
-10.40013066862118 1.8157404194385256
-10.410120125693137 1.8214285714285765
-10.415169585549988 1.8241089400328656
-10.428571428571432 1.8330331937852709
-10.460507052194464 1.8507557324182553
-10.469689739803758 1.857142857142862
-10.480361815624718 1.864641922589347
-10.486973967122736 1.8688233648531218
-10.498604013298362 1.8750000000000036
-10.502881956348759 1.8779950373016812
-10.517857142857146 1.8874355123868902
-10.527486971378712 1.892857142857146
-10.54948747186754 1.9043882199122093
-10.577155640858315 1.9225739853145214
-10.587875525386128 1.9285714285714306
-10.592196754233157 1.9315606491533712
-10.607142857142861 1.9408864457635895
-10.614341452809931 1.9449888522951593
-10.617083714406425 1.946428571428573
-10.639169444809486 1.9578803967523903
-10.648557820671156 1.9642857142857153
-10.667628002452439 1.9763827433476306
-10.683178834443812 1.9847928045398104
-10.696428571428575 1.9937701617612849
-10.707721894263196 2.