-12.241374780948279 2.
-12.23572765755163 1.9957116113468167
-12.214285714285715 1.9834803236336533
-12.212376787698629 1.9821428571428577
-12.194000971751182 1.9683426627926215
-12.186832851968541 1.9642857142857153
-12.173329326318552 1.9560944366922826
-12.159612592120315 1.946428571428573
-12.152362140245577 1.9409561433794584
-12.130613696730292 1.9285714285714306
-12.125000000000002 1.925147725764634
-12.108676639306122 1.9139789578530637
-12.104423903628183 1.9107142857142883
-12.093209617348654 1.9043562091840185
-12.087407609097365 1.9003756210376732
-12.077646618579854 1.892857142857146
-12.066730090798155 1.8866539818403734
-12.053826243873313 1.8786223916318088
-12.049138500478737 1.8750000000000036
-12.035714285714288 1.866813363794078
-12.024780660083344 1.8593295822690505
-12.02193739463946 1.857142857142862
-12.015180985836214 1.8530361971672473
-11.985308144000397 1.8315097997713545
-11.96765947192472 1.8214285714285765
-11.946428571428573 1.8084644459698822
-11.940903698190668 1.8046764032190143
-11.939471307552678 1.8035714285714333
-11.935694992199158 1.8014247127255505
-11.920405318164496 1.7909189363671052
-11.913676224602698 1.78571428571429
-11.901810407460987 1.776780775650665
-11.85714285714286 1.750064505192782
-11.85707274301608 1.7500140228253604
-11.857048231397927 1.7500000000000044
-11.857002157381581 1.749971860047749
-11.831748191873228 1.7321428571428612
-11.818343888911155 1.7220455079320596
-11.80482456122406 1.7142857142857189
-11.779443817595816 1.6987459063763106
-11.77616940734809 1.6964285714285765
-11.774427712534308 1.695114457493144
-11.767857142857146 1.6913352170836937
-11.749789877741689 1.6785714285714333
-11.74003096232692 1.6730061924653876
-11.732463461425239 1.6677930220006711
-11.72334747072519 1.66071428571429
-11.711723478221751 1.6540838757842264
-11.700948614507782 1.6473325800444174
-11.695185946867229 1.6428571428571477
-11.691698619993494 1.6402317045727353
-11.67857142857143 1.6326905896521282
-11.667671837963246 1.6250000000000044
-11.661770823504556 1.6216398789866293
-11.649219768427274 1.6130131891716921
-11.641639301677262 1.6071428571428612
-11.62784692156464 1.5994306156870763
-11.621472825548615 1.5957231365382984
-11.612101450177105 1.5892857142857189
-11.605799699124171 1.5859829173180282
-11.589285714285717 1.5765959144570658
-11.581178035925149 1.5714285714285756
-11.562839536145797 1.5588606641994165
-11.532305124845765 1.542175310683442
-11.52223665358926 1.53571428571429
-11.517237403723497 1.5322668049695913
-11.500000000000004 1.5232356357432453
-11.491641993132138 1.5178571428571468
-11.486567848702377 1.5151707125976213
-11.47152981054225 1.505694037891554
-11.463390160219515 1.5000000000000036
-11.443292488965433 1.4886584977930903
-11.433231696099195 1.4821428571428612
-11.428201581955674 1.4786453978945842
-11.410714285714288 1.4693998481772121
-11.402838819838387 1.464285714285718
-11.398113025511034 1.4617654622450669
-11.382774528247122 1.4520165229220074
-11.374866774884806 1.4464285714285747
-11.355425841109497 1.435370882507617
-11.347429941478001 1.4285714285714324
-11.321428571428575 1.414655443615982
-11.29638605938221 1.3978656452664202
-11.287010055608743 1.3928571428571468
-11.268532846167476 1.3822779978049269
-11.251867107347461 1.3710551499590835
-11.232142857142861 1.360474447531141
-11.227086336640507 1.3571428571428612
-11.208485977849351 1.34401709014442
-11.18238127397795 1.3293333976527357
-11.170421875124308 1.3214285714285747
-11.164346245153313 1.3171307509693415
-11.142857142857146 1.305553350708121
-11.13986206621671 1.3035714285714324
-11.138105187607307 1.3026210375214644
-11.11924867156017 1.2904359799736849
-11.112692738900282 1.2857142857142891
-11.09674018752378 1.2770805339238187
-11.095227307463142 1.276188318635488
-11.08366518224784 1.267857142857146
-11.075546089201973 1.2634622107310376
-11.05357142857143 1.2505016239991598
-11.052814496313406 1.2500000000000036
-11.052370863244894 1.2497598869346964
-11.031842334362409 1.2364886759846652
-11.025808758897679 1.2321428571428603
-11.011048777719498 1.2236383269724733
-11.000264546993357 1.214285714285717
-10.98959566776127 1.2092237235906067
-10.964285714285717 1.1960737034747737
-10.943493900370742 1.1827297913544266
-10.934829810168017 1.1785714285714315
-10.916324106002381 1.1689791069147644
-10.902337799481996 1.1607142857142883
-10.895813817309147 1.1565515222524594
-10.875000000000004 1.1465094768060045
-10.868836688881403 1.142857142857146
-10.849039582251283 1.1301920835497477
-10.815530591414678 1.1131061182829383
-10.805519450221965 1.1071428571428603
-10.800819547372857 1.1041218048111467
-10.785714285714288 1.0967765175660888
-10.773172424781249 1.089285714285717
-10.76474722502632 1.0850923021481238
-10.752689966523617 1.0780334352667085
-10.742392912601423 1.0714285714285747
-10.715805294032945 1.0574467730923054
-10.709348687701508 1.0535714285714315
-10.706298844830055 1.051597373891136
-10.696428571428575 1.0467620707078646
-10.678067631366993 1.0357142857142883
-10.665855833986061 1.0295997382257855
-10.6587280538002 1.0253972463828207
-10.647068486524716 1.017857142857146
-10.617087888592629 1.0019890062899561
-10.614478669957311 1.0000000000000027
-10.607142857142861 0.9963398590099857
-10.568091389451041 0.9720960078240806
-10.552285989025195 0.9642857142857171
-10.519261432213373 0.946709429299819
-10.518578998883214 0.94628420022336
-10.517857142857146 0.9459262380407196
-10.489363504692395 0.9285714285714306
-10.475153728338688 0.9192549686179792
-10.428571428571432 0.8949296662755035
-10.426059423830946 0.893359543805242
-10.425049192910675 0.892857142857145
-10.422946493072134 0.8917321557572855
-10.395583160825005 0.8750000000000018
-10.38245489269615 0.8663661643179159
-10.363944700342303 0.8571428571428594
-10.339285714285719 0.8439319822085745
-10.33346750545444 0.8404493560519732
-10.33169843128894 0.8392857142857171
-10.326762069633608 0.8367809853552952
-10.31067768610348 0.8271501770650218
-10.301981442048552 0.8214285714285738
-10.287285639376199 0.8139714435533341
-10.278807240109876 0.8093328765934045
-10.270049448170074 0.8035714285714306
-10.250000000000004 0.7934448318996834
-10.240576668959738 0.7875989519223419
-10.236548722728358 0.7857142857142883
-10.22754155315765 0.7812225963458177
-10.193331077062982 0.7613337845874062
-10.168816643934047 0.7500000000000018
-10.16071428571429 0.7459461322624801
-10.142478766255323 0.7357899610346532
-10.136450120078415 0.7321428571428594
-10.11898506102873 0.7237970122057478
-10.117447372846701 0.7229390968592346
-10.10317262175728 0.7142857142857162
-10.095397812047722 0.709491866161887
-10.071428571428577 0.6983503138638207
-10.068062533477796 0.696428571428573
-10.047045204795145 0.6834481018981169
-10.036572641826025 0.6785714285714306
-10.013616314217327 0.6670089771291803
-10.00263059359582 0.6607142857142874
-9.997631571119518 0.657616542918956
-9.982142857142861 0.6503780278577995
-9.969040496099627 0.6428571428571441
-9.959728974946382 0.6383743664178487
-9.94807290534632 0.6318139903593094
-9.93694611259983 0.6250000000000018
-9.924019159892485 0.6187675965929342
-9.906961751943514 0.6099637789601324
-9.902364510405073 0.6071428571428585
-9.899579758036085 0.605798334107071
-9.892857142857148 0.6023229309280644
-9.87026352829178 0.5892857142857153
-9.8543239828921 0.5815790822927056
-9.851132184521095 0.5797735630957837
-9.83758458583688 0.571428571428573
-9.803571428571434 0.5541319360723191
-9.802891695093214 0.5537073752670745
-9.801977202642998 0.5532525833857438
-9.771731632059064 0.5357142857142874
-9.757828741183056 0.5270056803348195
-9.738479799155591 0.5178571428571441
-9.714285714285719 0.5055021905964896
-9.707131623974002 0.501430818062345
-9.70482480382973 0.5000000000000018
-9.69822105950243 0.4967870690433447
-9.683372234054701 0.48832555318906223
-9.673419093167006 0.48214285714285854
-9.659324035897848 0.47527804996328893
-9.646508700722954 0.46858745443030525
-9.639593029874982 0.4642857142857153
-9.625000000000004 0.4568082366768129
-9.612484748011472 0.4489316218262793
-9.607217834879496 0.44642857142857295
-9.595850538765108 0.4405986791815941
-9.579317289006564 0.4285714285714297
-9.565739764275923 0.4225663328591027
-9.53571428571429 0.4075031482176481
-9.517390928120275 0.396521814375947
-9.509698177046578 0.3928571428571441
-9.493114389885017 0.38433716369128934
-9.47716341869667 0.3750000000000009
-9.469767616682677 0.37033219094918035
-9.446428571428577 0.359206680712453
-9.44290353909982 0.35714285714285765
-9.42226590677547 0.3441182472163362
-9.39025855088239 0.32805171017647794
-9.378942538457066 0.32142857142857206
-9.373693347174038 0.318118473422337
-9.357142857142861 0.31023638979014834
-9.345748458344646 0.3035714285714288
-9.337841087107929 0.2997110745644429
-9.324709862987671 0.29220088454532434
-9.314301910935697 0.2857142857142865
-9.286871385118994 0.27165999130951324
-9.27733796448328 0.26596097853191747
-9.267857142857148 0.2614632622039945
-9.248184252254278 0.2500000000000009
-9.231351621304409 0.2394439614534054
-9.215929417811585 0.23214285714285765
-9.182358557331604 0.21504314003774905
-9.181306763425201 0.2142857142857153
-9.18045023712093 0.21390995257581658
-9.178571428571434 0.21297981110748854
-9.135121568878288 0.18726140051005835
-9.116593593192869 0.17857142857142883
-9.089285714285719 0.16480340971490026
-9.083918074407565 0.16178781368991668
-9.082156980202857 0.16071428571428648
-9.077049790884695 0.15826710103408193
-9.059973940769511 0.1487194975603856
-9.0503005472087 0.14285714285714324
-9.037928977836538 0.13527134728983636
-9.000000000000005 0.11685123601018699
-8.98756299702182 0.10963025773849466
-8.982144237560345 0.10714285714285765
-8.969947993559769 0.10113245585481057
-8.948779517986667 0.08928571428571441
-8.93927047835116 0.08357447575834076
-8.912388973986548 0.07142857142857117
-8.910714285714292 0.07061677961459711
-8.88928393496047 0.0578574987221927
-8.879707750385405 0.053571428571428825
-8.857560880921802 0.04294074761293132
-8.844274976981783 0.03571428571428559
-8.838440298552939 0.03231194028941342
-8.821428571428577 0.024867687685302897
-8.808385121289692 0.01785714285714235
-8.788735262231842 0.0065386618393468154
-8.773592548559472 0.