-8.850911879532411 0.
-8.86869696513154 0.00945367874059233
-8.886579018147922 0.01785714285714235
-8.894140084858526 0.021171983028295926
-8.910714285714292 0.03085336205174727
-8.920935451149743 0.03571428571428559
-8.926401224587456 0.03885167348891905
-8.943212193677452 0.04707184697879718
-8.957295389215933 0.053571428571428825
-8.968232636848931 0.05992490120164362
-8.983385860070097 0.06810574344258935
-8.990526132572528 0.07142857142857117
-8.992933357034923 0.07284190002158741
-9.000000000000005 0.07669085776709039
-9.025735170577676 0.08928571428571441
-9.045112484320917 0.0981203602786751
-9.060009830114607 0.10714285714285765
-9.089285714285719 0.12365530943579284
-9.091325567246033 0.12459202940793723
-9.09346864509363 0.125836586161582
-9.127558622329396 0.14285714285714324
-9.140216508745988 0.15052812682223315
-9.147220841865002 0.1544441683729998
-9.160307449961163 0.16071428571428648
-9.178571428571434 0.1711882366603561
-9.18891670120745 0.17650237404422597
-9.193218752174282 0.17857142857142883
-9.200321876316488 0.18292151812043933
-9.213115897698307 0.18951967760319732
-9.227433998494352 0.19642857142857206
-9.237354093824921 0.20252918123501829
-9.252815832123632 0.2112774521390124
-9.259032808147888 0.2142857142857153
-9.267857142857148 0.21940017462035932
-9.286823071746596 0.22834967136496775
-9.292890019547386 0.23214285714285765
-9.306030579291138 0.23977754442965615
-9.32606672556823 0.2500000000000009
-9.335288384148134 0.2543708945989467
-9.356769686598735 0.2678571428571441
-9.357142857142861 0.2680747326569799
-9.38328568855636 0.28048571943158684
-9.391601580582366 0.2857142857142865
-9.404933124871981 0.2940133750256049
-9.408323361125303 0.295950386510774
-9.423947701346451 0.3035714285714288
-9.429409703250645 0.30697520220701513
-9.446428571428577 0.3167066477221878
-9.455635195083248 0.32142857142857206
-9.479328392901854 0.3327057499910593
-9.51229774462929 0.3524595489258573
-9.521422612214392 0.35714285714285765
-9.525650483876989 0.3591556175103179
-9.53571428571429 0.36549965055144096
-9.554224823017156 0.3750000000000009
-9.562961607972968 0.3804494644517371
-9.572581193943646 0.3854837612112725
-9.587685371070267 0.3928571428571441
-9.596748487192803 0.3985074454185842
-9.61438509484112 0.4085913046825098
-9.618735837160093 0.4107142857142865
-9.620258108284032 0.41166266405748075
-9.625000000000004 0.4143720814034575
-9.65270204677308 0.4285714285714297
-9.665817519183884 0.43673493240820616
-9.667935698708291 0.43784143168691525
-9.68555688091334 0.44642857142857295
-9.714285714285719 0.4631734633856084
-9.715934610236403 0.4639559350955782
-9.716459316383222 0.4642857142857153
-9.717596720765991 0.46494791558176995
-9.766777914602212 0.48950155993670297
-9.783518252091113 0.5000000000000018
-9.803571428571434 0.5116450452228625
-9.81280474088288 0.5160104803948551
-9.822166529207427 0.521576162984343
-9.849927381043484 0.5357142857142874
-9.86271538339569 0.5417426376065793
-9.892857142857148 0.5596084803092083
-9.91756091753242 0.571428571428573
-9.927148675550576 0.5782868779672583
-9.94883998949326 0.5892857142857153
-9.957024754732648 0.5943093347677575
-9.978484740361148 0.606411233786516
-9.980001920574246 0.6071428571428585
-9.982142857142861 0.6083743113688138
-10.00702029347706 0.6200245127331616
-10.015034469531528 0.6250000000000018
-10.032614742799398 0.6350943771313089
-10.04799708642593 0.6428571428571441
-10.05378150415608 0.6463865563116435
-10.071428571428577 0.6562875134644708
-10.080214881344293 0.6607142857142874
-10.104394966210446 0.6719781496150565
-10.115067180876641 0.6785714285714306
-10.138583810743773 0.6920024764344701
-10.147397834017722 0.696428571428573
-10.151407796929183 0.6982898691855945
-10.16071428571429 0.7040203844009199
-10.181190565937307 0.7142857142857162
-10.201937120352317 0.7238982902152538
-10.215348851951845 0.7321428571428594
-10.24503611234131 0.7490072224682631
-10.24702296922685 0.7500000000000018
-10.247922797733523 0.7504154404532981
-10.250000000000004 0.7516213578617092
-10.29962423583974 0.7757894385463411
-10.322594374369007 0.7857142857142883
-10.345902830237547 0.802248005381065
-10.348039982767729 0.8035714285714306
-10.352310144818574 0.8061763146780017
-10.380881447551635 0.8214285714285738
-10.394572701206632 0.8282283169015336
-10.428571428571432 0.8494651717839066
-10.439209651434174 0.8550152125703105
-10.44245588619858 0.8571428571428594
-10.448570259341581 0.8611426232968897
-10.46181143560369 0.8683519985935497
-10.474971130777849 0.8750000000000018
-10.485020021128646 0.8815674243457012
-10.496969485525398 0.8886796113907947
-10.505245265990682 0.892857142857145
-10.517857142857146 0.9005275918960116
-10.532510647128152 0.9077835848600868
-10.54638764100215 0.9164203853432893
-10.569241413282047 0.9285714285714306
-10.578151825091977 0.9343696349816071
-10.59408734008531 0.9438174680170635
-10.599277385449101 0.9464285714285738
-10.607142857142861 0.9511909140071051
-10.626039811320233 0.9605063234502422
-10.631844455841858 0.9642857142857171
-10.64406189967626 0.9716695227923964
-10.673278856591896 0.9867728001101952
-10.693664704544757 1.0000000000000027
-10.696428571428575 1.0016637618124165
-10.71989370094051 1.0131641169547585
-10.727140650993997 1.017857142857146
-10.74247146625587 1.0270657218226047
-10.758906869844786 1.0357142857142883
-10.766700091860539 1.0395171244850383
-10.785714285714288 1.0517805621028806
-10.789124758884178 1.0535714285714315
-10.814131063457525 1.065745215879927
-10.822962231976469 1.0714285714285747
-10.841750149458006 1.0826357441773178
-10.85446907745307 1.089285714285717
-10.860467768927982 1.0921921605001215
-10.875000000000004 1.1015031478400639
-10.885811327516747 1.1071428571428603
-10.908780335828716 1.118243932834261
-10.941970058832508 1.1383940117665041
-10.950565104125625 1.142857142857146
-10.953865296183418 1.1449412264776058
-10.964285714285717 1.1509610828995713
-10.977672445640279 1.1580369394433756
-10.983113004188933 1.1607142857142883
-10.99187696555549 1.166232535968243
-11.00125483910889 1.1711776036067958
-11.016310878659278 1.1785714285714315
-11.025312671951257 1.1842231798954668
-11.042797190400524 1.1942737237943932
-11.047194252805742 1.1964285714285747
-11.048649234387499 1.197413010265361
-11.05357142857143 1.2005270728491393
-11.078122584949439 1.214285714285717
-11.095701412732978 1.2237168603105504
-11.107660748577196 1.2321428571428603
-11.131210890421848 1.2476707495129435
-11.135268712931005 1.2500000000000036
-11.137328059978307 1.2511058165757714
-11.142857142857146 1.2548367202365558
-11.183402764904068 1.2776051613049049
-11.194905749713886 1.2857142857142891
-11.203035826043864 1.2915356919340892
-11.217063367191411 1.3005555305811427
-11.222661605730528 1.3035714285714324
-11.22473324162737 1.3050533516745304
-11.232142857142861 1.3098134095417473
-11.25240795016715 1.3214285714285747
-11.271180257390553 1.3314782342361795
-11.304253107509787 1.3537077643591031
-11.310261881328419 1.3571428571428612
-11.312711625763587 1.3588862462758593
-11.321428571428575 1.3644603815976852
-11.334879297658492 1.37230985475402
-11.339897219981834 1.3750000000000036
-11.359234734275761 1.3852959102877094
-11.37004371500543 1.3928571428571468
-11.391534884160283 1.4068784054034884
-11.40168980538953 1.412519181779241
-11.410714285714288 1.41880415746013
-11.427940012319905 1.4285714285714324
-11.447724309284474 1.4390265667145377
-11.45838012835229 1.4464285714285747
-11.479698278598653 1.460225370005448
-11.486895997478205 1.464285714285718
-11.490508924777588 1.4661839293302013
-11.500000000000004 1.472741239423887
-11.516713907138985 1.4821428571428612
-11.5367690626849 1.4926461874630244
-11.547444937373303 1.5000000000000036
-11.56895552842221 1.5137911056844455
-11.576226861921826 1.5178571428571468
-11.579852803869684 1.5197437249403531
-11.589285714285717 1.5262017999274269
-11.606351345186527 1.53571428571429
-11.626454784108713 1.5461376146068337
-11.659469278243915 1.5676081413630722
-11.666367464715746 1.5714285714285756
-11.669131266739928 1.5733166037948765
-11.67857142857143 1.5791452110324276
-11.691843180683232 1.5866313638633587
-11.696943493831766 1.5892857142857189
-11.704594855093097 1.5944903995900521
-11.71418202573039 1.6000207377110698
-11.727027236671153 1.6071428571428612
-11.735492644193059 1.6136157568756788
-11.74574066052804 1.6205767035341827
-11.753581051044227 1.6250000000000044
-11.756540814230306 1.6272632657253725
-11.767857142857146 1.6349489540012048
-11.780940947002597 1.6428571428571477
-11.800808403250043 1.6541240336357106
-11.809697591160251 1.66071428571429
-11.82659364040144 1.6724615852231492
-11.836715917395983 1.6785714285714333
-11.842050297314907 1.681589940537024
-11.85714285714286 1.6922935421288186
-11.885009225227074 1.7087124406688758
-11.892564914344113 1.7142857142857189
-11.906997935572829 1.7242567299717129
-11.927039067712613 1.7360207578860534
-11.955180419755312 1.7500000000000044
-11.969612696209817 1.763220317900899
-11.98815102206956 1.7762016329853445
-12.004142334410956 1.78571428571429
-12.010813550127857 1.7906944328315761
-12.027812512557247 1.801991073940025
-12.030665345236974 1.8035714285714333
-12.035714285714288 1.8070022752096708
-12.054866552631424 1.817598118045149
-12.06016561556235 1.8214285714285765
-12.070454726541714 1.8283766595940616
-12.098617507420425 1.8445622128016348
-12.116148331295983 1.857142857142862
-12.125000000000002 1.863072586483451
-12.141001121085873 1.8717997757828293
-12.145493103302364 1.8750000000000036
-12.1543125400751 1.8808625080150234
-12.175003609828938 1.892857142857146
-12.18560966798648 1.8985923521169932
-12.202766887277297 1.9107142857142883
-12.214285714285715 1.9183021904845674
-12.22823232873058 1.9257821056824573
-12.232215613959607 1.9285714285714306
-12.240138933701884 1.9337420724546641
-12.262387351216402 1.946428571428573
-12.273650788953377 1.952412699352183
-12.290762139877021 1.9642857142857153
-12.30357142857143 1.9725629960182438
-12.316764821102721 1.9795041786365992
-12.32837094410478 1.9871027602495275
-12.351416847919799 2.