-11.39480845989569 2.
-11.378491181191594 1.9885874780473962
-11.342471921055537 1.968494384211108
-11.336059714254189 1.9642857142857153
-11.332826525990479 1.9620061233733344
-11.321428571428575 1.9558947083603737
-11.307054746897808 1.946428571428573
-11.29859646895036 1.9418621509329297
-11.288274717110884 1.9352021994349684
-11.279059979245137 1.9285714285714306
-11.256624408470026 1.9156105959797207
-11.24550409802658 1.9080420375375446
-11.228167032858037 1.892857142857146
-11.203328187904763 1.880762933847623
-11.172237632431681 1.8630189550577683
-11.16349434506305 1.857142857142862
-11.159010481353462 1.8539121894435988
-11.142857142857146 1.8446234905939551
-11.116820458881456 1.8266359082237145
-11.107370549930325 1.8214285714285765
-11.089189113517092 1.8106949655605655
-11.078707466221685 1.8035714285714333
-11.073289165233836 1.7996278812389521
-11.05357142857143 1.788681272241849
-11.049220246550046 1.78571428571429
-11.046770669296153 1.7843541338592344
-11.02931276557615 1.7727088754562041
-11.022833109544457 1.7678571428571477
-11.007360691010922 1.759242147512107
-11.005831637240263 1.7583091845909147
-10.994777326203803 1.7500000000000044
-10.986734756703015 1.7455101915165443
-10.965187506816738 1.7323232156490658
-10.964948437675524 1.7321428571428612
-10.964773951129438 1.7320452097741175
-10.964285714285717 1.7317455620089204
-10.944289008206542 1.7182850555015543
-10.9390048592859 1.7142857142857189
-10.926394489729386 1.7067074693744528
-10.903774593800533 1.6906736526684707
-10.882361899605442 1.6785714285714333
-10.875000000000004 1.674127408297398
-10.860752448845082 1.663563795945274
-10.855721747211062 1.66071428571429
-10.846195314520378 1.6549533486183652
-10.828844230099971 1.6428571428571477
-10.819706315116376 1.6360587369767305
-10.80025435795976 1.6250000000000044
-10.785714285714288 1.6161819475536454
-10.776148002334333 1.609056113818852
-10.772787133897735 1.6071428571428612
-10.766029596466465 1.6032059192932966
-10.745250332441792 1.5892857142857189
-10.734390336656016 1.5816933612402302
-10.715098764034138 1.5714285714285756
-10.696428571428575 1.560760338967004
-10.68845707801207 1.5551657272547335
-10.679607885810947 1.550207291447907
-10.657609226282913 1.53571428571429
-10.646481265868248 1.5278466039692127
-10.627931153704234 1.5178571428571468
-10.62232557615095 1.514820599055529
-10.607142857142861 1.5058474233995973
-10.600244137342383 1.5013797439600989
-10.598335725078034 1.5000000000000036
-10.593697183684052 1.4973108653082416
-10.559326114077063 1.4738490628988776
-10.541762777390195 1.464285714285718
-10.517857142857146 1.45033631488368
-10.51328364151735 1.4473432716965338
-10.512033974307663 1.4464285714285747
-10.508687292021095 1.4445946012613646
-10.492121104453819 1.433718636252098
-10.485115173284484 1.4285714285714324
-10.472835663698365 1.4197185815460465
-10.428571428571432 1.394251409755018
-10.427007481154936 1.393169932340446
-10.426440240427265 1.3928571428571468
-10.425347438859948 1.3922123449148502
-10.399999883089972 1.3750000000000036
-10.386891318853007 1.3654788790865462
-10.371849997979544 1.3571428571428612
-10.342951630163418 1.340018897461258
-10.341876810321487 1.339285714285718
-10.341319020832339 1.3388790529763943
-10.339285714285719 1.3377476594602715
-10.31540777920221 1.3214285714285747
-10.301343814586026 1.3111598085113707
-10.287727772791854 1.3035714285714324
-10.261633029868914 1.2880408916880715
-10.259082124882966 1.2857142857142891
-10.256469588630404 1.2844203679882087
-10.250000000000004 1.2806480578817512
-10.216011662169317 1.2567976675661408
-10.203846309224406 1.2500000000000036
-10.18053545151374 1.2361070903027507
-10.174759718310424 1.2321428571428603
-10.17174491538239 1.2299367312092402
-10.16071428571429 1.2237747644327435
-10.146884551782666 1.214285714285717
-10.130402638070843 1.2024909009572644
-10.094759505464813 1.1832376153786788
-10.087170463621545 1.1785714285714315
-10.083520163799287 1.1761531100972897
-10.071428571428577 1.1700804966557463
-10.056244752691466 1.1607142857142883
-10.046491304551672 1.1557268323389076
-10.036694694155088 1.1498039183118438
-10.026268286633204 1.142857142857146
-9.999903730825668 1.1285521747365648
-9.991408798489962 1.1231468117305834
-9.982142857142861 1.1184491760438036
-9.96398604375014 1.1071428571428603
-9.947638960799946 1.0961864935543
-9.934068486820482 1.089285714285717
-9.90637368258946 1.0741318793750372
-9.903000713304426 1.0714285714285747
-9.899952275398501 1.0700095449203042
-9.892857142857148 1.0661973739030586
-9.856729144652517 1.0429398853552145
-9.84263996077306 1.0357142857142883
-9.81405401643045 1.019953660428949
-9.809104022361293 1.0167506240991742
-9.803571428571434 1.0138989597112413
-9.781617195278576 1.0000000000000027
-9.76631770582446 0.9895936016922544
-9.722770294613674 0.9659826303513084
-9.720101579121017 0.9642857142857171
-9.718783841959674 0.9633860887509265
-9.714285714285719 0.9610530612872159
-9.691329688348867 0.9464285714285738
-9.67718568486984 0.9390085655453975
-9.673520080342334 0.9367245553601071
-9.661703517533017 0.9285714285714306
-9.651581764091006 0.9232550757532305
-9.632040075696734 0.9121223008536345
-9.63000256883128 0.9107142857142883
-9.628623997837922 0.9099894861467046
-9.625000000000004 0.907922723136541
-9.601451198946974 0.892857142857145
-9.586611287463327 0.8826777425073375
-9.57188324560652 0.8750000000000018
-9.542269865125531 0.8584539730251075
-9.540685156791845 0.8571428571428594
-9.53920583640174 0.8564445470053696
-9.53571428571429 0.8545367913337465
-9.4970279677743 0.829165835016572
-9.482191778130195 0.8214285714285738
-9.452319205007035 0.8047495552871222
-9.45047875824781 0.8035714285714306
-9.449507468776861 0.802955649101774
-9.446428571428577 0.8014808632812365
-9.419628625692518 0.7857142857142883
-9.404451998217297 0.7762524574994014
-9.386605997629896 0.767857142857145
-9.357142857142861 0.7528716751530258
-9.353660742301491 0.750696422968276
-9.352183547377694 0.7500000000000018
-9.348980254389524 0.7483674794493345
-9.321021534258366 0.7321428571428594
-9.308167645684156 0.7240807565774574
-9.287481146229037 0.7142857142857162
-9.267857142857148 0.7042444071640643
-9.25842328971571 0.6983153420568602
-9.245870698204195 0.6920312824979824
-9.222826399339807 0.6785714285714306
-9.212174974452775 0.6718507193951622
-9.188806151441957 0.6607142857142874
-9.185836724494783 0.659261226529618
-9.178571428571434 0.6554464064023442
-9.16230234686223 0.6461109591989853
-9.157108061091707 0.6428571428571441
-9.143510038908104 0.6358448649244783
-9.116485330434275 0.6195600767702905
-9.090587195257962 0.6071428571428585
-9.089285714285719 0.6064692775802589
-9.06717488669141 0.593707879804577
-9.060162645301798 0.5892857142857153
-9.042787839356516 0.5807281464144136
-9.0405321709877 0.5795350056261119
-9.027704350862935 0.571428571428573
-9.021090763445468 0.5672104187394806
-9.000000000000005 0.5564974905930695
-8.974246500945249 0.5408649855252383
-8.963580368424125 0.5357142857142874
-8.940875406799336 0.5238893670741529
-8.930720708834304 0.5178571428571441
-8.925960177301821 0.5148079645396386
-8.910714285714292 0.5074241425981505
-8.898233895012192 0.5000000000000018
-8.889792036861891 0.49581555022952184
-8.877666752555958 0.4887523637745259
-8.867295791708576 0.48214285714285854
-8.85411815039059 0.47560494135045595
-8.83977189100213 0.4679543782004263
-8.834022165329209 0.4642857142857153
-8.830406018861677 0.46249022479909563
-8.821428571428577 0.45769878635951144
-8.802543280818371 0.44642857142857295
-8.7898184225973 0.4401065416623178
-8.78316952083457 0.43622323869023116
-8.771196862734117 0.4285714285714297
-8.7401492368672 0.4123155616591543
-8.736205668069351 0.40990172352898924
-8.732142857142863 0.4079251717919057
-8.706925467938936 0.3928571428571441
-8.691727384473568 0.3830830945338599
-8.675110371511542 0.3750000000000009
-8.64285714285715 0.35811880479761626
-8.641612531769086 0.3573917793604702
-8.641222939475469 0.35714285714285765
-8.640211098408226 0.35661364825307285
-8.611173513024056 0.3392857142857153
-8.597486495132049 0.33050270097359213
-8.578788198625464 0.32142857142857206
-8.553571428571434 0.3082730487627252
-8.547560735366151 0.30477356721248583
-8.545671180777354 0.3035714285714288
-8.540744590622772 0.30100606098169624
-8.520191900848612 0.2857142857142865
-8.46428571428572 0.2584296896910221
-8.453832743842264 0.25209059408869194
-8.449485199663089 0.2500000000000009
-8.440125965974874 0.2451680503378313
-8.407652048938123 0.22561244735523456
-8.383908700710798 0.2142857142857153
-8.375000000000007 0.20972600367797245
-8.358953027134016 0.1996379660017702
-8.337433270444269 0.188915225517424
-8.319588077282383 0.17857142857142883
-8.311340848020887 0.17344611611011018
-8.285714285714292 0.16143227252634595
-8.28446735565559 0.16071428571428648
-8.283576500586785 0.16028672868878502
-8.261204101031087 0.14775917979378494
-8.253120136801694 0.14285714285714324
-8.236363743382134 0.13487010846643166
-8.230242607369972 0.13176280718827904
-8.218978110341435 0.125
-8.212276638256059 0.12183038663450407
-8.196428571428577 0.11385942717139663
-8.184459379549043 0.10714285714285765
-8.1755552654614 0.10296819594942264
-8.162784221845202 0.09601458420238984
-8.15130596913799 0.08928571428571441
-8.138009314672875 0.08311242277971154
-8.119137603387212 0.07382752067744125
-8.114987373646153 0.07142857142857117
-8.112992929587557 0.07025855693963212
-8.107142857142863 0.06768184300649605
-8.081060114446718 0.053571428571428825
-8.061720452123968 0.04479876671806604
-8.060601425967727 0.04426314233640127
-8.045312455516312 0.03571428571428559
-8.01785714285715 0.02298291155255683
-8.010687986869092 0.019290974054753995
-8.008073437483738 0.01785714285714235
-7.999943104508012 0.01427433518731469
-7.9847933286221915 0.006612762846991416
-7.972472070910637 0.