-2.9999999999999996 -10.47846262086731
-2.8999999999999995 -10.179183702609217
-2.8 -9.88028607750825
-2.6999999999999997 -9.581986003939033
-2.5999999999999996 -9.284609109229223
-2.5 -8.988654657829667
-2.4 -8.694875647664663
-2.2999999999999994 -8.404363346942255
-2.1999999999999997 -8.118654975521597
-2.1 -7.839760660046519
-1.9999999999999996 -7.570012774106259
-1.8999999999999997 -7.311736591112621
-1.7999999999999996 -7.066552847710829
-1.6999999999999997 -6.834809861181394
-1.5999999999999999 -6.615328659945323
-1.4999999999999998 -6.405848594692974
-1.4 -6.203843844428058
-1.2999999999999996 -6.007072570446454
-1.2 -5.81401755155518
-1.0999999999999999 -5.623763311548701
-0.9999999999999998 -5.435957028301653
-0.8999999999999998 -5.250612377246983
-0.7999999999999997 -5.068064378136051
-0.6999999999999996 -4.88891768930721
-0.5999999999999995 -4.714190301265523
-0.4999999999999999 -4.545063213922623
-0.3999999999999999 -4.3835370549072135
-0.2999999999999998 -4.232031833323863
-0.19999999999999976 -4.093803164588196
-0.09999999999999963 -3.973231929418519
0. -3.875468708827899
0.10000000000000009 -3.8067593806144253
0.20000000000000015 -3.7745134379179173
0.3000000000000002 -3.7868178735885487
0.40000000000000036 -3.8534521184904467
0.5 -3.986081396946193
0.6000000000000001 -4.19987632890049
0.7000000000000001 -4.514259138464003
0.8000000000000002 -4.954419529176085
0.9000000000000002 -5.55280293976693
1. -6.349844114315925