-2.9999999999999996 -8.233299727878709
-2.8999999999999995 -7.963854893545775
-2.8 -7.705323664570306
-2.6999999999999997 -7.458672997338989
-2.5999999999999996 -7.223534855963187
-2.5 -6.998185978955177
-2.4 -6.780103631880417
-2.2999999999999994 -6.566846215469923
-2.1999999999999997 -6.356339027978026
-2.1 -6.147265976264242
-1.9999999999999996 -5.938670360690163
-1.8999999999999997 -5.7301209009040175
-1.7999999999999996 -5.521331332746594
-1.6999999999999997 -5.312157665779142
-1.5999999999999999 -5.1025512032490585
-1.4999999999999998 -4.892522664286983
-1.4 -4.682104650838933
-1.2999999999999996 -4.471473977895513
-1.2 -4.260864394320871
-1.0999999999999999 -4.050428021886723
-0.9999999999999998 -3.8407676041015577
-0.8999999999999998 -3.6322723374405066
-0.7999999999999997 -3.4255502950243764
-0.6999999999999996 -3.221804777301535
-0.5999999999999995 -3.0220458383088284
-0.4999999999999999 -2.8277649011569492
-0.3999999999999999 -2.640922619704146
-0.2999999999999998 -2.46379756802676
-0.19999999999999976 -2.2990025357025226
-0.09999999999999963 -2.149937940119455
0. -2.021104576298976
0.10000000000000009 -1.918308188657927
0.20000000000000015 -1.8491189124516794
0.3000000000000002 -1.823160249042699
0.40000000000000036 -1.851958967406871
0.5 -1.9486154794461894
0.6000000000000001 -2.1282798639386304
0.7000000000000001 -2.40907692649004
0.8000000000000002 -2.8136366908840347
0.9000000000000002 -3.3708608436688157
1. -4.117530797381895