-2.9999999999999996 -10.466599754057322
-2.8999999999999995 -10.19173488267411
-2.8 -9.927107227122965
-2.6999999999999997 -9.674654806001504
-2.5999999999999996 -9.435237023458287
-2.5 -9.208241832647875
-2.4 -8.99169632005622
-2.2999999999999994 -8.78296413823703
-2.1999999999999997 -8.579533111904553
-2.1 -8.379374111061045
-1.9999999999999996 -8.18114257607417
-1.8999999999999997 -7.983932113998922
-1.7999999999999996 -7.787282823225179
-1.6999999999999997 -7.590901243935709
-1.5999999999999999 -7.394653392581807
-1.4999999999999998 -7.198530048219647
-1.4 -7.002450488499118
-1.2999999999999996 -6.806608889725774
-1.2 -6.611142271813934
-1.0999999999999999 -6.416395709834307
-0.9999999999999998 -6.2227463278050985
-0.8999999999999998 -6.030689143242024
-0.7999999999999997 -5.840909281980832
-0.6999999999999996 -5.653843736554572
-0.5999999999999995 -5.47068100976543
-0.4999999999999999 -5.292446630211846
-0.3999999999999999 -5.120610898930752
-0.2999999999999998 -4.95716583882567
-0.19999999999999976 -4.804728275016101
-0.09999999999999963 -4.666614806401342
0. -4.54774173730958
0.10000000000000009 -4.45392144194168
0.20000000000000015 -4.393033604400201
0.3000000000000002 -4.374904963210146
0.40000000000000036 -4.411221315732049
0.5 -4.515437433992125
0.6000000000000001 -4.702844829218948
0.7000000000000001 -4.9918220740376
0.8000000000000002 -5.405265826392328
0.9000000000000002 -5.9723203368948905
1. -6.729969353080028