-2.9999999999999996 -10.483048761842301
-2.8999999999999995 -10.183526045862456
-2.8 -9.88425064053778
-2.6999999999999997 -9.585349302388801
-2.5999999999999996 -9.287028118628044
-2.5 -8.989611545476517
-2.4 -8.69357794563987
-2.2999999999999994 -8.399660729680816
-2.1999999999999997 -8.108923053560458
-2.1 -7.822866706041905
-1.9999999999999996 -7.543469192485842
-1.8999999999999997 -7.273058458418943
-1.7999999999999996 -7.013997331833916
-1.6999999999999997 -6.768026939813489
-1.5999999999999999 -6.535641551450368
-1.4999999999999998 -6.315807120069351
-1.4 -6.106380675826242
-1.2999999999999996 -5.904856995320745
-1.2 -5.709026535070509
-1.0999999999999999 -5.517339910278345
-0.9999999999999998 -5.328947820518029
-0.8999999999999998 -5.143571323613273
-0.7999999999999997 -4.9613849652790405
-0.6999999999999996 -4.78289805704969
-0.5999999999999995 -4.609026290545577
-0.4999999999999999 -4.441120297092512
-0.3999999999999999 -4.280927008928618
-0.2999999999999998 -4.1311594917911645
-0.19999999999999976 -3.995080793972666
-0.09999999999999963 -3.8770886823414594
0. -3.782781564549457
0.10000000000000009 -3.718574908944125
0.20000000000000015 -3.6919587819209756
0.3000000000000002 -3.711091736592444
0.40000000000000036 -3.785319283843179
0.5 -3.925728505244634
0.6000000000000001 -4.146591085694593
0.7000000000000001 -4.466897103943089
0.8000000000000002 -4.911775701026388
0.9000000000000002 -5.513819629174295
1. -6.314132413457771