-2.9999999999999996 -8.95791114550019
-2.8999999999999995 -8.66233648275394
-2.8 -8.369133812015983
-2.6999999999999997 -8.079518825061466
-2.5999999999999996 -7.795089420860121
-2.5 -7.517829940508128
-2.4 -7.249922594839564
-2.2999999999999994 -6.993168243895154
-2.1999999999999997 -6.748469989236026
-2.1 -6.515229200735718
-1.9999999999999996 -6.291634758821865
-1.8999999999999997 -6.075171693134794
-1.7999999999999996 -5.863415065860786
-1.6999999999999997 -5.654474409544914
-1.5999999999999999 -5.447045805056907
-1.4999999999999998 -5.240402880484324
-1.4 -5.0341495023913465
-1.2999999999999996 -4.8281366019179695
-1.2 -4.622436044899349
-1.0999999999999999 -4.417115430270196
-0.9999999999999998 -4.212359563806964
-0.8999999999999998 -4.008567999605488
-0.7999999999999997 -3.806318260293274
-0.6999999999999996 -3.606201418142477
-0.5999999999999995 -3.409349914889038
-0.4999999999999999 -3.2168284084495027
-0.3999999999999999 -3.030445523309512
-0.2999999999999998 -2.852380682673291
-0.19999999999999976 -2.6856761720876015
-0.09999999999999963 -2.5343457754295913
0. -2.403589885923237
0.10000000000000009 -2.299976129600204
0.20000000000000015 -2.231619734141073
0.3000000000000002 -2.2082139975270443
0.40000000000000036 -2.2413598711608227
0.5 -2.344068764269971
0.6000000000000001 -2.532023125316344
0.7000000000000001 -2.8237929497082046
0.8000000000000002 -3.2429533320966657
0.9000000000000002 -3.8194372860605155
1. -4.59103259825181