-2.9999999999999996 -10.481650512685508
-2.8999999999999995 -10.182066911373667
-2.8 -9.882694300595384
-2.6999999999999997 -9.58364386083256
-2.5999999999999996 -9.285083905020604
-2.5 -8.987296886253532
-2.4 -8.69068378462831
-2.2999999999999994 -8.395876786097551
-2.1999999999999997 -8.103804437572075
-2.1 -7.815783998146626
-1.9999999999999996 -7.53362120171261
-1.8999999999999997 -7.259531318197881
-1.7999999999999996 -6.995939790039054
-1.6999999999999997 -6.744909419327037
-1.5999999999999999 -6.507485158173526
-1.4999999999999998 -6.283219964975656
-1.4 -6.070336765312658
-1.2999999999999996 -5.866387003032876
-1.2 -5.669002390260006
-1.0999999999999999 -5.4763849784196275
-0.9999999999999998 -5.287494205440199
-0.8999999999999998 -5.101871150609252
-0.7999999999999997 -4.919582721622159
-0.6999999999999996 -4.741128544486307
-0.5999999999999995 -4.5673643861473545
-0.4999999999999999 -4.399695217281219
-0.3999999999999999 -4.239830984509202
-0.2999999999999998 -4.090433980091398
-0.19999999999999976 -3.9548259546738675
-0.09999999999999963 -3.837620782057946
0. -3.744184382933633
0.10000000000000009 -3.681196963827692
0.20000000000000015 -3.6563039599016927
0.3000000000000002 -3.677465243582645
0.40000000000000036 -3.754104489972387
0.5 -3.8970173504100414
0.6000000000000001 -4.120383347402067
0.7000000000000001 -4.442845009218107
0.8000000000000002 -4.889185887762633
0.9000000000000002 -5.492545329570737
1. -6.293755585037029