-2.9999999999999996 -10.435821002979361
-2.8999999999999995 -10.136450086818748
-2.8 -9.837409147355114
-2.6999999999999997 -9.538886058027074
-2.5999999999999996 -9.241161051651007
-2.5 -8.944661648437501
-2.4 -8.650047332689939
-2.2999999999999994 -8.35828325582801
-2.1999999999999997 -8.070741437592988
-2.1 -7.7892624879366945
-1.9999999999999996 -7.516096804981297
-1.8999999999999997 -7.253594198176738
-1.7999999999999996 -7.003690674275663
-1.6999999999999997 -6.767167844371868
-1.5999999999999999 -6.543339494727975
-1.4999999999999998 -6.330237344850436
-1.4 -6.125310895005652
-1.2999999999999996 -5.926237661612244
-1.2 -5.731234868850493
-1.0999999999999999 -5.539267953639096
-0.9999999999999998 -5.349808079195173
-0.8999999999999998 -5.162819704937425
-0.7999999999999997 -4.9785811183288
-0.6999999999999996 -4.797712282674869
-0.5999999999999995 -4.621106417241429
-0.4999999999999999 -4.450018471490933
-0.3999999999999999 -4.286313931746487
-0.2999999999999998 -4.132558400338794
-0.19999999999999976 -3.9919274198490826
-0.09999999999999963 -3.8685499045931935
0. -3.767913494061366
0.10000000000000009 -3.6961776800503916
0.20000000000000015 -3.660795414536794
0.3000000000000002 -3.6700105573031254
0.40000000000000036 -3.7336069138706742
0.5 -3.863553554185938
0.6000000000000001 -4.074814217506378
0.7000000000000001 -4.386749142014999
0.8000000000000002 -4.824902906806373
0.9000000000000002 -5.421194274216851
1. -6.216244737224638