-2.9999999999999996 -8.326619786086074
-2.8999999999999995 -8.054757128750385
-2.8 -7.793378043677851
-2.6999999999999997 -7.543767394531683
-2.5999999999999996 -7.305892610684887
-2.5 -7.078341333036777
-2.4 -6.858730944934994
-2.2999999999999994 -6.644527489457364
-2.1999999999999997 -6.433537409806721
-2.1 -6.224238930487444
-1.9999999999999996 -6.015651397047854
-1.8999999999999997 -5.807164918490407
-1.7999999999999996 -5.598534197241374
-1.6999999999999997 -5.389560482609862
-1.5999999999999999 -5.1802019571641145
-1.4999999999999998 -4.9704025183870035
-1.4 -4.760258511638311
-1.2999999999999996 -4.54983717020786
-1.2 -4.3394540317762065
-1.0999999999999999 -4.129310025198519
-0.9999999999999998 -3.9197521235708264
-0.8999999999999998 -3.7115015163560945
-0.7999999999999997 -3.5049255554821612
-0.6999999999999996 -3.3011441241387645
-0.5999999999999995 -3.1012683084304684
-0.4999999999999999 -2.9068317201939533
-0.3999999999999999 -2.7196963959817317
-0.2999999999999998 -2.542162568843589
-0.19999999999999976 -2.3770565280399536
-0.09999999999999963 -2.2276656465270914
0. -2.098672196230498
0.10000000000000009 -1.9958496641383063
0.20000000000000015 -1.9268080016773446
0.3000000000000002 -1.9011115858623038
0.40000000000000036 -1.93022954148741
0.5 -2.027310931329784
0.6000000000000001 -2.2075428319365487
0.7000000000000001 -2.489061907820707
0.8000000000000002 -2.8945082143506524
0.9000000000000002 -3.4528395638937783
1. -4.200879783753907