-2.9999999999999996 -10.481819527597631
-2.8999999999999995 -10.18223508560447
-2.8 -9.882856916762226
-2.6999999999999997 -9.583796791259674
-2.5999999999999996 -9.285230773526305
-2.5 -8.987425879751012
-2.4 -8.6907897517975
-2.2999999999999994 -8.395948583549487
-2.1999999999999997 -8.103820288468786
-2.1 -7.815720776553153
-1.9999999999999996 -7.533442121865772
-1.8999999999999997 -7.2592039147574265
-1.7999999999999996 -6.995421375513819
-1.6999999999999997 -6.7441734276526075
-1.5999999999999999 -6.506522526656875
-1.4999999999999998 -6.282059357088922
-1.4 -6.069024109817658
-1.2999999999999996 -5.864963976869586
-1.2 -5.66750175686548
-1.0999999999999999 -5.4748525188037584
-0.9999999999999998 -5.285941269769083
-0.8999999999999998 -5.100321664487578
-0.7999999999999997 -4.9180407530548385
-0.6999999999999996 -4.73958080001099
-0.5999999999999995 -4.565880438165447
-0.4999999999999999 -4.39816434155393
-0.3999999999999999 -4.238354320594689
-0.2999999999999998 -4.088969466411833
-0.19999999999999976 -3.9535111282507716
-0.09999999999999963 -3.836265075466933
0. -3.7429322905567872
0.10000000000000009 -3.680040909850865
0.20000000000000015 -3.655165830666341
0.3000000000000002 -3.676521846977443
0.40000000000000036 -3.7532315205898055
0.5 -3.8963188788272363
0.6000000000000001 -4.119877465555466
0.7000000000000001 -4.442335063809757
0.8000000000000002 -4.888995995022265
0.9000000000000002 -5.492239164361499
1. -6.293639682096031