-2.9999999999999996 -10.490524460183625
-2.8999999999999995 -10.196129642553275
-2.8 -9.904751935865939
-2.6999999999999997 -9.617844677954391
-2.5999999999999996 -9.337306166278458
-2.5 -9.06544716012875
-2.4 -8.804583976571351
-2.2999999999999994 -8.556476190722556
-2.1999999999999997 -8.321643720695441
-2.1 -8.099081804671021
-1.9999999999999996 -7.886609456191562
-1.8999999999999997 -7.681556050103938
-1.7999999999999996 -7.4815377748382925
-1.6999999999999997 -7.284745469851929
-1.5999999999999999 -7.089969399932914
-1.4999999999999998 -6.896580309580946
-1.4 -6.704164542709793
-1.2999999999999996 -6.512612382554226
-1.2 -6.321951472832784
-1.0999999999999999 -6.132306573610498
-0.9999999999999998 -5.943865349203562
-0.8999999999999998 -5.757155281434582
-0.7999999999999997 -5.57260457933905
-0.6999999999999996 -5.391203818361928
-0.5999999999999995 -5.213786161964335
-0.4999999999999999 -5.041792556154834
-0.3999999999999999 -4.876781073563641
-0.2999999999999998 -4.720986159767542
-0.19999999999999976 -4.576934722561385
-0.09999999999999963 -4.448257263485704
0. -4.339365413997879
0.10000000000000009 -4.256161482707004
0.20000000000000015 -4.20631286841595
0.3000000000000002 -4.199019210253444
0.40000000000000036 -4.246055496291282
0.5 -4.360850145040003
0.6000000000000001 -4.559351373704444
0.7000000000000001 -4.8607829100576065
0.8000000000000002 -5.289031316572842
0.9000000000000002 -5.874467644000804
1. -6.655154964329426