-2.9999999999999996 -10.483072556121208
-2.8999999999999995 -10.183461728888702
-2.8 -9.884041527804037
-2.6999999999999997 -9.58491940160311
-2.5999999999999996 -9.286254696114117
-2.5 -8.988293072172732
-2.4 -8.69141510922061
-2.2999999999999994 -8.396198995376395
-2.1999999999999997 -8.103497340596176
-2.1 -7.814559115663713
-1.9999999999999996 -7.53106975365704
-1.8999999999999997 -7.255201951074129
-1.7999999999999996 -6.989354295148596
-1.6999999999999997 -6.735722076192186
-1.5999999999999999 -6.495623652690822
-1.4999999999999998 -6.268935911432836
-1.4 -6.054110917319487
-1.2999999999999996 -5.848765905589418
-1.2 -5.650492473688127
-1.0999999999999999 -5.457381408076911
-0.9999999999999998 -5.2682409214133115
-0.8999999999999998 -5.082528821957769
-0.7999999999999997 -4.900273326815762
-0.6999999999999996 -4.721901931688157
-0.5999999999999995 -4.548338638368289
-0.4999999999999999 -4.380850119103407
-0.3999999999999999 -4.221281706732752
-0.2999999999999998 -4.072254524623985
-0.19999999999999976 -3.9370995237274813
-0.09999999999999963 -3.820387679583477
0. -3.727635173662896
0.10000000000000009 -3.665615827242269
0.20000000000000015 -3.641829017273211
0.3000000000000002 -3.6643555229839517
0.40000000000000036 -3.742579246219792
0.5 -3.887327373415376
0.6000000000000001 -4.1123132684436685
0.7000000000000001 -4.43623394399397
0.8000000000000002 -4.883867660547824
0.9000000000000002 -5.487928401300373
1. -6.289915169273775