-2.9999999999999996 -10.09680096706661
-2.8999999999999995 -9.800693479154376
-2.8 -9.506716746603198
-2.6999999999999997 -9.215949875243915
-2.5999999999999996 -8.929878244630983
-2.5 -8.65043699014144
-2.4 -8.379852767770734
-2.2999999999999994 -8.120224055730061
-2.1999999999999997 -7.872919253487118
-2.1 -7.637941371175548
-1.9999999999999996 -7.413899420176115
-1.8999999999999997 -7.198411774289311
-1.7999999999999996 -6.98889810200355
-1.6999999999999997 -6.783157754276101
-1.5999999999999999 -6.57968716829838
-1.4999999999999998 -6.3774501640503605
-1.4 -6.175942503266844
-1.2999999999999996 -5.974921939628259
-1.2 -5.7743639849167
-1.0999999999999999 -5.574359340596183
-0.9999999999999998 -5.375033435250116
-0.8999999999999998 -5.176906802922954
-0.7999999999999997 -4.980265150824745
-0.6999999999999996 -4.78586270614678
-0.5999999999999995 -4.594860226708121
-0.4999999999999999 -4.408166268974707
-0.3999999999999999 -4.227755620871188
-0.2999999999999998 -4.05574820112483
-0.19999999999999976 -3.8950026853022246
-0.09999999999999963 -3.749381339513729
0. -3.624070083122511
0.10000000000000009 -3.5253839506806988
0.20000000000000015 -3.461464386434109
0.3000000000000002 -3.441976285583639
0.40000000000000036 -3.478274359810953
0.5 -3.5838421481253007
0.6000000000000001 -3.774232140172787
0.7000000000000001 -4.068425311387583
0.8000000000000002 -4.490098620392439
0.9000000000000002 -5.069387277347053
1. -5.844289101900843