-2.9999999999999996 -10.477433988729825
-2.8999999999999995 -10.199515985560199
-2.8 -9.931042657798367
-2.6999999999999997 -9.674170767134695
-2.5999999999999996 -9.430243324417567
-2.5 -9.199187953048098
-2.4 -8.979461225513516
-2.2999999999999994 -8.76859717389297
-2.1999999999999997 -8.563955796040679
-2.1 -8.36330915376962
-1.9999999999999996 -8.165034852481726
-1.8999999999999997 -7.9681568163890075
-1.7999999999999996 -7.772031250905271
-1.6999999999999997 -7.576325695740809
-1.5999999999999999 -7.380878312672672
-1.4999999999999998 -7.185607193479709
-1.4 -6.990498207522153
-1.2999999999999996 -6.795630526199207
-1.2 -6.601267673301459
-1.0999999999999999 -6.407628973700663
-0.9999999999999998 -6.215138227008418
-0.8999999999999998 -6.024288531248002
-0.7999999999999997 -5.835599173871123
-0.6999999999999996 -5.649920912943863
-0.5999999999999995 -5.46807331348112
-0.4999999999999999 -5.291172607794373
-0.3999999999999999 -5.120721435476154
-0.2999999999999998 -4.958702480101048
-0.19999999999999976 -4.807587495945466
-0.09999999999999963 -4.670908232308026
0. -4.553278099230948
0.10000000000000009 -4.460553115749872
0.20000000000000015 -4.401053798067614
0.3000000000000002 -4.384269874960758
0.40000000000000036 -4.4218713808306305
0.5 -4.527455394431995
0.6000000000000001 -4.716344214144201
0.7000000000000001 -5.007003125552057
0.8000000000000002 -5.4224004288935905
0.9000000000000002 -5.991786746559735
1. -6.7522229388782895