-2.9999999999999996 -9.891778914530832
-2.8999999999999995 -9.593391448949715
-2.8 -9.295895446287236
-2.6999999999999997 -8.999775519763155
-2.5999999999999996 -8.705760415539364
-2.5 -8.41490944789515
-2.4 -8.128698477512144
-2.2999999999999994 -7.8490390162358175
-2.1999999999999997 -7.578111704403997
-2.1 -7.318015922198823
-1.9999999999999996 -7.070104221513399
-1.8999999999999997 -6.83443789333381
-1.7999999999999996 -6.609605653464523
-1.6999999999999997 -6.393310701531811
-1.5999999999999999 -6.182978101062681
-1.4999999999999998 -5.976532570033268
-1.4 -5.772455003379855
-1.2999999999999996 -5.569841587253708
-1.2 -5.368279747167063
-1.0999999999999999 -5.167615774851599
-0.9999999999999998 -4.967978868626712
-0.8999999999999998 -4.769645522835274
-0.7999999999999997 -4.573038301199219
-0.6999999999999996 -4.3787912718428394
-0.5999999999999995 -4.187893066822649
-0.4999999999999999 -4.0015202602593565
-0.3999999999999999 -3.821485715890744
-0.2999999999999998 -3.649956321575978
-0.19999999999999976 -3.4901194095729244
-0.09999999999999963 -3.3455999803514485
0. -3.221645089652989
0.10000000000000009 -3.124580610003952
0.20000000000000015 -3.062427800557401
0.3000000000000002 -3.0447506804226823
0.40000000000000036 -3.08272570548502
0.5 -3.189869584175959
0.6000000000000001 -3.3816863479383317
0.7000000000000001 -3.6776109516728366
0.8000000000000002 -4.1019683128986015
0.9000000000000002 -4.685331272071384
1. -5.466546188480052