-2.9999999999999996 -8.495581284332367
-2.8999999999999995 -8.202770703902287
-2.8 -7.913721497737798
-2.6999999999999997 -7.630104845491012
-2.5999999999999996 -7.353945997810623
-2.5 -7.08741655609464
-2.4 -6.832216040683161
-2.2999999999999994 -6.589053194000722
-2.1999999999999997 -6.357124109214546
-2.1 -6.1344336871315175
-1.9999999999999996 -5.918415118527643
-1.8999999999999997 -5.706706860094131
-1.7999999999999996 -5.4974953906029445
-1.6999999999999997 -5.289558019638714
-1.5999999999999999 -5.08218950544091
-1.4999999999999998 -4.875013608399529
-1.4 -4.667913080146081
-1.2999999999999996 -4.460838329063209
-1.2 -4.253871999172919
-1.0999999999999999 -4.047160526493493
-0.9999999999999998 -3.8409682646753303
-0.8999999999999998 -3.635783537263791
-0.7999999999999997 -3.4320180263872593
-0.6999999999999996 -3.2304598458904112
-0.5999999999999995 -3.0320941735337437
-0.4999999999999999 -2.838171562391204
-0.3999999999999999 -2.6504231143317223
-0.2999999999999998 -2.4712160242475156
-0.19999999999999976 -2.303566174710571
-0.09999999999999963 -2.1515260684304205
0. -2.020254687761669
0.10000000000000009 -1.916213029634236
0.20000000000000015 -1.8473703129263905
0.3000000000000002 -1.8233657610799234
0.40000000000000036 -1.8556786914457046
0.5 -1.9574734351077245
0.6000000000000001 -2.143982918856167
0.7000000000000001 -2.4337987101125176
0.8000000000000002 -2.8502461210693646
0.9000000000000002 -3.422854514914001
1. -4.189176783007035