-2.9999999999999996 -10.48538772556454
-2.8999999999999995 -10.186958237217624
-2.8 -9.889397532915568
-2.6999999999999997 -9.593184061596006
-2.5999999999999996 -9.299029308106705
-2.5 -9.007987476121627
-2.4 -8.721538567346645
-2.2999999999999994 -8.441630331368804
-2.1999999999999997 -8.170584931444672
-2.1 -7.910722879749143
-1.9999999999999996 -7.663767154047281
-1.8999999999999997 -7.430182987507473
-1.7999999999999996 -7.2089162797407145
-1.6999999999999997 -6.997751355683075
-1.5999999999999999 -6.794095235842857
-1.4999999999999998 -6.59560560903522
-1.4 -6.40057066739465
-1.2999999999999996 -6.20794964025835
-1.2 -6.01720606667894
-1.0999999999999999 -5.828099218583936
-0.9999999999999998 -5.64070488715676
-0.8999999999999998 -5.4552936870025714
-0.7999999999999997 -5.272298104414457
-0.6999999999999996 -5.092471537245696
-0.5999999999999995 -4.916771363055332
-0.4999999999999999 -4.74651078716796
-0.3999999999999999 -4.583565207937287
-0.2999999999999998 -4.430374253379916
-0.19999999999999976 -4.290033955504662
-0.09999999999999963 -4.166340299490549
0. -4.064315554906796
0.10000000000000009 -3.989862593821784
0.20000000000000015 -3.950100394217783
0.3000000000000002 -3.9536140288117547
0.40000000000000036 -4.010927584129058
0.5 -4.13480180310999
0.6000000000000001 -4.341037538766245
0.7000000000000001 -4.649343044023023
0.8000000000000002 -5.0847081506998455
0.9000000000000002 -5.678791256722957
1. -6.470982917163041