1.e-14,1.e-6,5.349389461795229e-7
1.e-14,2.5118864315095823e-6,3.0033694442666646e-6
1.e-14,6.30957344480193e-6,0.000016500823488618764
1.e-14,0.00001584893192461114,0.00008366259755212689
1.e-14,0.000039810717055349695,0.0003766673799479134
1.e-14,0.0001,0.0015934187618365848
1.7782794100389227e-14,1.e-6,9.512685712151842e-7
1.7782794100389227e-14,2.5118864315095823e-6,5.340854875186854e-6
1.7782794100389227e-14,6.30957344480193e-6,0.000029344112847685266
1.7782794100389227e-14,0.00001584893192461114,0.0001487736311014355
1.7782794100389227e-14,0.000039810717055349695,0.0006698605844737966
1.7782794100389227e-14,0.0001,0.002833490635674739
3.1622776601683796e-14,1.e-6,1.69162259509416e-6
3.1622776601683796e-14,2.5118864315095823e-6,9.497541552581365e-6
3.1622776601683796e-14,6.30957344480193e-6,0.000052181180652941656
3.1622776601683796e-14,0.00001584893192461114,0.00026457187889874134
3.1622776601683796e-14,0.000039810717055349695,0.001191133208520335
3.1622776601683796e-14,0.0001,0.005038745969512689
5.6234132519034906e-14,1.e-6,3.0081730231422286e-6
5.6234132519034906e-14,2.5118864315095823e-6,0.000016889353428756514
5.6234132519034906e-14,6.30957344480193e-6,0.00009279225857663759
5.6234132519034906e-14,0.00001584893192461114,0.00047048077878490333
5.6234132519034906e-14,0.000039810717055349695,0.002118170662331415
5.6234132519034906e-14,0.0001,0.00896047603005491
1.e-13,1.e-6,5.349373555347275e-6
1.e-13,2.5118864315095823e-6,0.000030033966159927665
1.e-13,6.30957344480193e-6,0.00016500783592786634
1.e-13,0.00001584893192461114,0.0008366506014334861
1.e-13,0.000039810717055349695,0.0037665364393889788
1.e-13,0.0001,0.01593421681518565
1.7782794100389227e-13,1.e-6,9.512681945087302e-6
1.7782794100389227e-13,2.5118864315095823e-6,0.0000534083532758728
1.7782794100389227e-13,6.30957344480193e-6,0.0002934323593405564
1.7782794100389227e-13,0.00001584893192461114,0.0014877803847908174
1.7782794100389227e-13,0.000039810717055349695,0.006698059806949817
1.7782794100389227e-13,0.0001,0.028335323731728895
3.162277660168379e-13,1.e-6,0.000016916260016060646
3.162277660168379e-13,2.5118864315095823e-6,0.00009497525001172429
3.162277660168379e-13,6.30957344480193e-6,0.0005218037112093162
3.162277660168379e-13,0.00001584893192461114,0.00264570904326
3.162277660168379e-13,0.000039810717055349695,0.011911288946524391
3.162277660168379e-13,0.0001,0.050388212844281535
5.62341325190349e-13,1.e-6,0.00003008180393477948
5.62341325190349e-13,2.5118864315095823e-6,0.00016889323228643402
5.62341325190349e-13,6.30957344480193e-6,0.0009279129703058816
5.62341325190349e-13,0.00001584893192461114,0.0047045880979784465
5.62341325190349e-13,0.000039810717055349695,0.021181135271941504
5.62341325190349e-13,0.0001,0.0896036256969062
1.e-12,1.e-6,0.000053493722702166555
1.e-12,2.5118864315095823e-6,0.0003003383234687697
1.e-12,6.30957344480193e-6,0.001650084391354872
1.e-12,0.00001584893192461114,0.008366230923445746
1.e-12,0.000039810717055349695,0.03766755334041455
1.e-12,0.0001,0.15934923707134657
1.7782794100389228e-12,1.e-6,0.00009512680925908392
1.7782794100389228e-12,2.5118864315095823e-6,0.0005340867535945634
1.7782794100389228e-12,6.30957344480193e-6,0.002934377195712782
1.7782794100389228e-12,0.00001584893192461114,0.014877655162848976
1.7782794100389228e-12,0.000039810717055349695,0.06698251836753043
1.7782794100389228e-12,0.0001,0.2833455306226383
3.1622776601683794e-12,1.e-6,0.0001691620623989944
3.1622776601683794e-12,2.5118864315095823e-6,0.0009497593557353488
3.1622776601683794e-12,6.30957344480193e-6,0.005218048232223232
3.1622776601683794e-12,0.00001584893192461114,0.02645649010808444
3.1622776601683794e-12,0.000039810717055349695,0.11911295118411265
3.1622776601683794e-12,0.0001,0.503872545019471
5.6234132519034904e-12,1.e-6,0.00030081780580921345
5.6234132519034904e-12,2.5118864315095823e-6,0.0016889135377049903
5.6234132519034904e-12,6.30957344480193e-6,0.009279014048213075
5.6234132519034904e-12,0.00001584893192461114,0.04704620067485844
5.6234132519034904e-12,0.000039810717055349695,0.21181175789275053
5.6234132519034904e-12,0.0001,0.8960180235726388
1.e-11,1.e-6,0.0005349350574774331
1.e-11,2.5118864315095823e-6,0.003003377637793354
1.e-11,6.30957344480193e-6,0.01650126739517323
1.e-11,0.00001584893192461114,0.08366319760618635
1.e-11,0.000039810717055349695,0.3766784381950238
1.e-11,0.0001,1.5933966742183385
1.7782794100389227e-11,1.e-6,0.0009512656228915813
1.7782794100389227e-11,2.5118864315095823e-6,0.005340874450052163
1.7782794100389227e-11,6.30957344480193e-6,0.029343771876542933
1.7782794100389227e-11,0.00001584893192461114,0.14877503547747115
1.7782794100389227e-11,0.000039810717055349695,0.6698295387163751
1.7782794100389227e-11,0.0001,2.8334571706405858
3.1622776601683794e-11,1.e-6,0.0016916250098798478
3.1622776601683794e-11,2.5118864315095823e-6,0.00949751316801979
3.1622776601683794e-11,6.30957344480193e-6,0.05218058302471841
3.1622776601683794e-11,0.00001584893192461114,0.26458011028617984
3.1622776601683794e-11,0.000039810717055349695,1.1911265596563279
3.1622776601683794e-11,0.0001,5.038736555767524
5.6234132519034906e-11,1.e-6,0.003008182194175608
5.6234132519034906e-11,2.5118864315095823e-6,0.016889395309520126
5.6234132519034906e-11,6.30957344480193e-6,0.09279348565251629
5.6234132519034906e-11,0.00001584893192461114,0.47047043526937976
5.6234132519034906e-11,0.000039810717055349695,2.118168351282089
5.6234132519034906e-11,0.0001,8.960382208827241
1.e-10,1.e-6,0.005349368445567843
1.e-10,2.5118864315095823e-6,0.030033839607941443
1.e-10,6.30957344480193e-6,0.16500991171486531
1.e-10,0.00001584893192461114,0.8366512013613998
1.e-10,0.000039810717055349695,3.766736398964629
1.e-10,0.0001,15.933801754754246
1.778279410038923e-10,1.e-6,0.009512711404770963
1.778279410038923e-10,2.5118864315095823e-6,0.053408492032267094
1.778279410038923e-10,6.30957344480193e-6,0.29343184403706646
1.778279410038923e-10,0.00001584893192461114,1.4877945493596427
1.778279410038923e-10,0.000039810717055349695,6.698089179042177
1.778279410038923e-10,0.0001,28.3344877649216
3.1622776601683795e-10,1.e-6,0.01691624228245889
3.1622776601683795e-10,2.5118864315095823e-6,0.09497542900909568
3.1622776601683795e-10,6.30957344480193e-6,0.5218009236841326
3.1622776601683795e-10,0.00001584893192461114,2.6455995804270134
3.1622776601683795e-10,0.000039810717055349695,11.911795544431994
3.1622776601683795e-10,0.0001,50.387194023296594
5.623413251903491e-10,1.e-6,0.030081758089909545
5.623413251903491e-10,2.5118864315095823e-6,0.16889176329712205
5.623413251903491e-10,6.30957344480193e-6,0.9279180952297887
5.623413251903491e-10,0.00001584893192461114,4.704853013684855
5.623413251903491e-10,0.000039810717055349695,21.181325735924315
5.623413251903491e-10,0.0001,89.604585738775
1.e-9,1.e-6,0.05349345670371437
1.e-9,2.5118864315095823e-6,0.30034068390706203
1.e-9,6.30957344480193e-6,1.6501561302053653
1.e-9,0.00001584893192461114,8.366260775843656
1.e-9,0.000039810717055349695,37.66625665998492
1.e-9,0.0001,159.33999656428864
1.7782794100389228e-9,1.e-6,0.09512709413718698
1.7782794100389228e-9,2.5118864315095823e-6,0.534083076985293
1.7782794100389228e-9,6.30957344480193e-6,2.9343364323819716
1.7782794100389228e-9,0.00001584893192461114,14.877904634649486
1.7782794100389228e-9,0.000039810717055349695,66.98158274629756
1.7782794100389228e-9,0.0001,283.3506808112114
3.1622776601683795e-9,1.e-6,0.16916148490591157
3.1622776601683795e-9,2.5118864315095823e-6,0.9497603181945181
3.1622776601683795e-9,6.30957344480193e-6,5.218129138632025
3.1622776601683795e-9,0.00001584893192461114,26.456409300233346
3.1622776601683795e-9,0.000039810717055349695,119.1114605203164
3.1622776601683795e-9,0.0001,503.85128855055245
5.623413251903491e-9,1.e-6,0.3008183380780163
5.623413251903491e-9,2.5118864315095823e-6,1.6889290521835394
5.623413251903491e-9,6.30957344480193e-6,9.279242610863307
5.623413251903491e-9,0.00001584893192461114,47.04643822015543
5.623413251903491e-9,0.000039810717055349695,211.8211918315275
5.623413251903491e-9,0.0001,896.0200604775647
1.e-8,1.e-6,0.5349375934989775
1.e-8,2.5118864315095823e-6,3.003400112607634
1.e-8,6.30957344480193e-6,16.5012268662566
1.e-8,0.00001584893192461114,83.66377197762374
1.e-8,0.000039810717055349695,376.6647190420742
1.e-8,0.0001,1593.372267593768
1.7782794100389228e-8,1.e-6,0.9512676910558873
1.7782794100389228e-8,2.5118864315095823e-6,5.340853557225106
1.7782794100389228e-8,6.30957344480193e-6,29.343130228697802
1.7782794100389228e-8,0.00001584893192461114,148.77436161713155
1.7782794100389228e-8,0.000039810717055349695,669.8098246911738
1.7782794100389228e-8,0.0001,2833.550205003983
3.162277660168379e-8,1.e-6,1.6916270951313304
3.162277660168379e-8,2.5118864315095823e-6,9.497568172066421
3.162277660168379e-8,6.30957344480193e-6,52.18092165116551
3.162277660168379e-8,0.00001584893192461114,264.57087347811535
3.162277660168379e-8,0.000039810717055349695,1191.13473864734
3.162277660168379e-8,0.0001,5038.888776504397
5.6234132519034905e-8,1.e-6,3.008180934682401
5.6234132519034905e-8,2.5118864315095823e-6,16.889239732490694
5.6234132519034905e-8,6.30957344480193e-6,92.79169981702044
5.6234132519034905e-8,0.00001584893192461114,470.4706785964345
5.6234132519034905e-8,0.000039810717055349695,2118.160866374706
5.6234132519034905e-8,0.0001,8960.721661872782
1.e-7,1.e-6,5.349351896817207
1.e-7,2.5118864315095823e-6,30.033766561265093
1.e-7,6.30957344480193e-6,165.00802722233448
1.e-7,0.00001584893192461114,836.6162983405064
1.e-7,0.000039810717055349695,3766.8004186330277
1.e-7,0.0001,15934.224907570077
1.7782794100389227e-7,1.e-6,9.512694895881321
1.7782794100389227e-7,2.5118864315095823e-6,53.40842241111314
1.7782794100389227e-7,6.30957344480193e-6,293.4358925923339
1.7782794100389227e-7,0.00001584893192461114,1487.7662934011594
1.7782794100389227e-7,0.000039810717055349695,6698.200283857661
1.7782794100389227e-7,0.0001,28334.795064849906
3.162277660168379e-7,1.e-6,16.916232781080303
3.162277660168379e-7,2.5118864315095823e-6,94.97573581061056
3.162277660168379e-7,6.30957344480193e-6,521.8119377582411
3.162277660168379e-7,0.00001584893192461114,2645.607751213304
3.162277660168379e-7,0.000039810717055349695,11911.61374396003
3.162277660168379e-7,0.0001,50388.4410123157
5.62341325190349e-7,1.e-6,30.081660947111178
5.62341325190349e-7,2.5118864315095823e-6,168.8919419913971
5.62341325190349e-7,6.30957344480193e-6,927.9076883163298
5.62341325190349e-7,0.00001584893192461114,4704.867249368679
5.62341325190349e-7,0.000039810717055349695,21181.05503668358
5.62341325190349e-7,0.0001,89601.6000177251
1.e-6,1.e-6,53.49352606458624
1.e-6,2.5118864315095823e-6,300.33961095298577
1.e-6,6.30957344480193e-6,1650.0804459284184
1.e-6,0.00001584893192461114,8366.228368634182
1.e-6,0.000039810717055349695,37666.50732854543
1.e-6,0.0001,159342.77049905475
