1.e-14,1.e-6,1.1277267538946396e-7
1.e-14,2.5118864315095823e-6,6.409492834672234e-7
1.e-14,6.30957344480193e-6,3.6076218968632386e-6
1.e-14,0.00001584893192461114,0.00002019929808274775
1.e-14,0.000039810717055349695,0.0001090431414360695
1.e-14,0.0001,0.0005328140104124587
1.7782794100389227e-14,1.e-6,2.0054203828084301e-7
1.7782794100389227e-14,2.5118864315095823e-6,1.1397913698006473e-6
1.7782794100389227e-14,6.30957344480193e-6,6.415382810472054e-6
1.7782794100389227e-14,0.00001584893192461114,0.00003591941997935118
1.7782794100389227e-14,0.000039810717055349695,0.00019390465115236524
1.7782794100389227e-14,0.0001,0.0009474780480941391
3.1622776601683796e-14,1.e-6,3.5661957547918885e-7
3.1622776601683796e-14,2.5118864315095823e-6,2.026876117119492e-6
3.1622776601683796e-14,6.30957344480193e-6,0.000011408328895043483
3.1622776601683796e-14,0.00001584893192461114,0.0000638757209933725
3.1622776601683796e-14,0.000039810717055349695,0.0003448219065178787
3.1622776601683796e-14,0.0001,0.0016849024672238582
5.6234132519034906e-14,1.e-6,6.341652803054733e-7
5.6234132519034906e-14,2.5118864315095823e-6,3.6043432643118625e-6
5.6234132519034906e-14,6.30957344480193e-6,0.000020287198736248714
5.6234132519034906e-14,0.00001584893192461114,0.00011358894692733204
5.6234132519034906e-14,0.000039810717055349695,0.0006131821542078208
5.6234132519034906e-14,0.0001,0.0029962062885361537
1.e-13,1.e-6,1.1277313983936253e-6
1.e-13,2.5118864315095823e-6,6.409487358390853e-6
1.e-13,6.30957344480193e-6,0.000036076416559314574
1.e-13,0.00001584893192461114,0.00020199319000669183
1.e-13,0.000039810717055349695,0.0010904222588144616
1.e-13,0.0001,0.0053280218866183955
1.7782794100389227e-13,1.e-6,2.0054174037552637e-6
1.7782794100389227e-13,2.5118864315095823e-6,0.000011397951321136341
1.7782794100389227e-13,6.30957344480193e-6,0.00006415394601125422
1.7782794100389227e-13,0.00001584893192461114,0.00035919889583945413
1.7782794100389227e-13,0.000039810717055349695,0.00193909317741724
1.7782794100389227e-13,0.0001,0.009474904211218856
3.162277660168379e-13,1.e-6,3.5661936843787836e-6
3.162277660168379e-13,2.5118864315095823e-6,0.00002026867618769888
3.162277660168379e-13,6.30957344480193e-6,0.0001140832275616872
3.162277660168379e-13,0.00001584893192461114,0.0006387506141737648
3.162277660168379e-13,0.000039810717055349695,0.0034481999147653406
3.162277660168379e-13,0.0001,0.016849851134714027
5.62341325190349e-13,1.e-6,6.3416893820732756e-6
5.62341325190349e-13,2.5118864315095823e-6,0.00003604342986546565
5.62341325190349e-13,6.30957344480193e-6,0.00020287129669614942
5.62341325190349e-13,0.00001584893192461114,0.0011358759275222566
5.62341325190349e-13,0.000039810717055349695,0.006131955482315326
5.62341325190349e-13,0.0001,0.02996270508547419
1.e-12,1.e-6,0.000011277282698557533
1.e-12,2.5118864315095823e-6,0.0000640955253426784
1.e-12,6.30957344480193e-6,0.0003607649163306782
1.e-12,0.00001584893192461114,0.0020199127636636406
1.e-12,0.000039810717055349695,0.01090426235414738
1.e-12,0.0001,0.05328158089549751
1.7782794100389228e-12,1.e-6,0.000020054197566951847
1.7782794100389228e-12,2.5118864315095823e-6,0.00011397931639584622
1.7782794100389228e-12,6.30957344480193e-6,0.0006415401869677749
1.7782794100389228e-12,0.00001584893192461114,0.0035919790931929585
1.7782794100389228e-12,0.000039810717055349695,0.019390628083799332
1.7782794100389228e-12,0.0001,0.09474705113611016
3.1622776601683794e-12,1.e-6,0.00003566187462621139
3.1622776601683794e-12,2.5118864315095823e-6,0.00020268677802885474
3.1622776601683794e-12,6.30957344480193e-6,0.0011408360570343938
3.1622776601683794e-12,0.00001584893192461114,0.006387548898111859
3.1622776601683794e-12,0.000039810717055349695,0.034481491473667844
3.1622776601683794e-12,0.0001,0.1684943754504938
5.6234132519034904e-12,1.e-6,0.00006341691490122439
5.6234132519034904e-12,2.5118864315095823e-6,0.0003604321965775305
5.6234132519034904e-12,6.30957344480193e-6,0.0020287258968760655
5.6234132519034904e-12,0.00001584893192461114,0.011358705431969497
5.6234132519034904e-12,0.000039810717055349695,0.06131957163786363
5.6234132519034904e-12,0.0001,0.2996283574869713
1.e-11,1.e-6,0.00011277280672048947
1.e-11,2.5118864315095823e-6,0.0006409483320460905
1.e-11,6.30957344480193e-6,0.0036076162809640408
1.e-11,0.00001584893192461114,0.020199064225069337
1.e-11,0.000039810717055349695,0.10904189728760964
1.e-11,0.0001,0.5328345780449599
1.7782794100389227e-11,1.e-6,0.0002005416400847137
1.7782794100389227e-11,2.5118864315095823e-6,0.0011397936163388771
1.7782794100389227e-11,6.30957344480193e-6,0.006415367110183216
1.7782794100389227e-11,0.00001584893192461114,0.03591954127009564
1.7782794100389227e-11,0.000039810717055349695,0.1939043688753684
1.7782794100389227e-11,0.0001,0.9475271043813649
3.1622776601683794e-11,1.e-6,0.0003566185226926302
3.1622776601683794e-11,2.5118864315095823e-6,0.0020268737195351604
3.1622776601683794e-11,6.30957344480193e-6,0.011408280244648131
3.1622776601683794e-11,0.00001584893192461114,0.0638757981096015
3.1622776601683794e-11,0.000039810717055349695,0.34482370014536085
3.1622776601683794e-11,0.0001,1.6849749788351556
5.6234132519034906e-11,1.e-6,0.000634169682446478
5.6234132519034906e-11,2.5118864315095823e-6,0.0036043382109248573
5.6234132519034906e-11,6.30957344480193e-6,0.02028715728225937
5.6234132519034906e-11,0.00001584893192461114,0.11358863610132919
5.6234132519034906e-11,0.000039810717055349695,0.6131862261517421
5.6234132519034906e-11,0.0001,2.99617834139206
1.e-10,1.e-6,0.0011277315866729872
1.e-10,2.5118864315095823e-6,0.0064095375359735
1.e-10,6.30957344480193e-6,0.036076197465854803
1.e-10,0.00001584893192461114,0.2019922629813561
1.e-10,0.000039810717055349695,1.0904398818328873
1.e-10,0.0001,5.328273387766563
1.778279410038923e-10,1.e-6,0.0020054135076476823
1.778279410038923e-10,2.5118864315095823e-6,0.01139793941418926
1.778279410038923e-10,6.30957344480193e-6,0.06415373281441598
1.778279410038923e-10,0.00001584893192461114,0.3591990391519728
1.778279410038923e-10,0.000039810717055349695,1.9390858547490506
1.778279410038923e-10,0.0001,9.474880207335802
3.1622776601683795e-10,1.e-6,0.0035661970227975842
3.1622776601683795e-10,2.5118864315095823e-6,0.02026875791446832
3.1622776601683795e-10,6.30957344480193e-6,0.11408348145237068
3.1622776601683795e-10,0.00001584893192461114,0.6387573893230742
3.1622776601683795e-10,0.000039810717055349695,3.448251445135022
3.1622776601683795e-10,0.0001,16.849150226340644
5.623413251903491e-10,1.e-6,0.006341635385981869
5.623413251903491e-10,2.5118864315095823e-6,0.03604323685594276
5.623413251903491e-10,6.30957344480193e-6,0.20287193260633035
5.623413251903491e-10,0.00001584893192461114,1.1358856859097308
5.623413251903491e-10,0.000039810717055349695,6.131955795839301
5.623413251903491e-10,0.0001,29.96189516523388
1.e-9,1.e-6,0.01127722247347472
1.e-9,2.5118864315095823e-6,0.06409530687581762
1.e-9,6.30957344480193e-6,0.36076380149245696
1.e-9,0.00001584893192461114,2.019916640226877
1.e-9,0.000039810717055349695,10.904302321017079
1.e-9,0.0001,53.283606297543535
1.7782794100389228e-9,1.e-6,0.020054171168918646
1.7782794100389228e-9,2.5118864315095823e-6,0.11397862583450503
1.7782794100389228e-9,6.30957344480193e-6,0.6415377397340887
1.7782794100389228e-9,0.00001584893192461114,3.5919621093475413
1.7782794100389228e-9,0.000039810717055349695,19.39088581359523
1.7782794100389228e-9,0.0001,94.74759251242848
3.1622776601683795e-9,1.e-6,0.035661863971660546
3.1622776601683795e-9,2.5118864315095823e-6,0.20268725622235303
3.1622776601683795e-9,6.30957344480193e-6,1.140834310898605
3.1622776601683795e-9,0.00001584893192461114,6.3875768144189875
3.1622776601683795e-9,0.000039810717055349695,34.482800714737884
3.1622776601683795e-9,0.0001,168.49711896647378
5.623413251903491e-9,1.e-6,0.06341675159890776
5.623413251903491e-9,2.5118864315095823e-6,0.3604339679366064
5.623413251903491e-9,6.30957344480193e-6,2.0287246399735173
5.623413251903491e-9,0.00001584893192461114,11.358853058229718
5.623413251903491e-9,0.000039810717055349695,61.31717870044914
5.623413251903491e-9,0.0001,299.6190480166264
1.e-8,1.e-6,0.11277305773982996
1.e-8,2.5118864315095823e-6,0.6409537660073181
1.e-8,6.30957344480193e-6,3.607642993508593
1.e-8,0.00001584893192461114,20.199319411701016
1.e-8,0.000039810717055349695,109.04360500709474
1.e-8,0.0001,532.7982477807741
1.7782794100389228e-8,1.e-6,0.20054140488451097
1.7782794100389228e-8,2.5118864315095823e-6,1.1397902545622214
1.7782794100389228e-8,6.30957344480193e-6,6.415382113726124
1.7782794100389228e-8,0.00001584893192461114,35.9194305096446
1.7782794100389228e-8,0.000039810717055349695,193.9112786875393
1.7782794100389228e-8,0.0001,947.4825014756073
3.162277660168379e-8,1.e-6,0.35661799451517384
3.162277660168379e-8,2.5118864315095823e-6,2.0268585958438745
3.162277660168379e-8,6.30957344480193e-6,11.40833540316899
3.162277660168379e-8,0.00001584893192461114,63.87580330530868
3.162277660168379e-8,0.000039810717055349695,344.8264828995741
3.162277660168379e-8,0.0001,1684.8964865277578
5.6234132519034905e-8,1.e-6,0.6341677035456001
5.6234132519034905e-8,2.5118864315095823e-6,3.6043219006514855
5.6234132519034905e-8,6.30957344480193e-6,20.28719284027221
5.6234132519034905e-8,0.00001584893192461114,113.58778442815473
5.6234132519034905e-8,0.000039810717055349695,613.1781458577586
5.6234132519034905e-8,0.0001,2996.390025923598
1.e-7,1.e-6,1.1277292658844629
1.e-7,2.5118864315095823e-6,6.409530386745685
1.e-7,6.30957344480193e-6,36.07629503021667
1.e-7,0.00001584893192461114,201.99048735966434
1.e-7,0.000039810717055349695,1090.4327873028271
1.e-7,0.0001,5328.077019479753
1.7782794100389227e-7,1.e-6,2.0054171135773107
1.7782794100389227e-7,2.5118864315095823e-6,11.39785495173102
1.7782794100389227e-7,6.30957344480193e-6,64.15379807749756
1.7782794100389227e-7,0.00001584893192461114,359.19825609790064
1.7782794100389227e-7,0.000039810717055349695,1939.0592102622547
1.7782794100389227e-7,0.0001,9474.919542135509
3.162277660168379e-7,1.e-6,3.5661691500775246
3.162277660168379e-7,2.5118864315095823e-6,20.26869072256902
3.162277660168379e-7,6.30957344480193e-6,114.08307819925487
3.162277660168379e-7,0.00001584893192461114,638.7481258371843
3.162277660168379e-7,0.000039810717055349695,3448.179215228732
3.162277660168379e-7,0.0001,16849.868138471607
5.62341325190349e-7,1.e-6,6.3416883486114415
5.62341325190349e-7,2.5118864315095823e-6,36.04321449612621
5.62341325190349e-7,6.30957344480193e-6,202.87154670024623
5.62341325190349e-7,0.00001584893192461114,1135.8764188949722
5.62341325190349e-7,0.000039810717055349695,6131.860050870919
5.62341325190349e-7,0.0001,29961.502653150717
1.e-6,1.e-6,11.277262782106737
1.e-6,2.5118864315095823e-6,64.09524764347137
1.e-6,6.30957344480193e-6,360.76398383967427
1.e-6,0.00001584893192461114,2019.8938875615977
1.e-6,0.000039810717055349695,10903.938811273747
1.e-6,0.0001,53281.253736894825
