1.e-14,1.e-6,3.788764021066003e-8
1.e-14,2.5118864315095823e-6,2.1442030137757641e-7
1.e-14,6.30957344480193e-6,1.2071266871459395e-6
1.e-14,0.00001584893192461114,6.717280157224641e-6
1.e-14,0.000039810717055349695,0.00003521711693055118
1.e-14,0.0001,0.00016465392068240728
1.7782794100389227e-14,1.e-6,6.737474357029029e-8
1.7782794100389227e-14,2.5118864315095823e-6,3.81299143910036e-7
1.7782794100389227e-14,6.30957344480193e-6,2.1466016332527925e-6
1.7782794100389227e-14,0.00001584893192461114,0.000011944862950035372
1.7782794100389227e-14,0.000039810717055349695,0.00006262599873543983
1.7782794100389227e-14,0.0001,0.0002928052657229282
3.1622776601683796e-14,1.e-6,1.198108788930192e-7
3.1622776601683796e-14,2.5118864315095823e-6,6.780524249299903e-7
3.1622776601683796e-14,6.30957344480193e-6,3.817238306619871e-6
3.1622776601683796e-14,0.00001584893192461114,0.000021241852565089766
3.1622776601683796e-14,0.000039810717055349695,0.00011136983972833602
3.1622776601683796e-14,0.0001,0.0005206974479457564
5.6234132519034906e-14,1.e-6,2.1305829729229457e-7
5.6234132519034906e-14,2.5118864315095823e-6,1.2057722496369266e-6
5.6234132519034906e-14,6.30957344480193e-6,6.788185434050141e-6
5.6234132519034906e-14,0.00001584893192461114,0.00003777315455327708
5.6234132519034906e-14,0.000039810717055349695,0.00019804492213786306
5.6234132519034906e-14,0.0001,0.0009259279874574645
1.e-13,1.e-6,3.788760965550685e-7
1.e-13,2.5118864315095823e-6,2.1441894319420413e-6
1.e-13,6.30957344480193e-6,0.000012071204940165671
1.e-13,0.00001584893192461114,0.00006717098208073186
1.e-13,0.000039810717055349695,0.0003521665425455465
1.e-13,0.0001,0.0016465898607687358
1.7782794100389227e-13,1.e-6,6.737445145390609e-7
1.7782794100389227e-13,2.5118864315095823e-6,3.812985532002438e-6
1.7782794100389227e-13,6.30957344480193e-6,0.000021465902504322152
1.7782794100389227e-13,0.00001584893192461114,0.00011944990818470389
1.7782794100389227e-13,0.000039810717055349695,0.0006262588975828346
1.7782794100389227e-13,0.0001,0.0029281677367595047
3.162277660168379e-13,1.e-6,1.1981105034138128e-6
3.162277660168379e-13,2.5118864315095823e-6,6.780567388689351e-6
3.162277660168379e-13,6.30957344480193e-6,0.00003817287160602894
3.162277660168379e-13,0.00001584893192461114,0.0002124185291158921
3.162277660168379e-13,0.000039810717055349695,0.0011136617978741322
3.162277660168379e-13,0.0001,0.005207028272308895
5.62341325190349e-13,1.e-6,2.1305824026675724e-6
5.62341325190349e-13,2.5118864315095823e-6,0.000012057742179076205
5.62341325190349e-13,6.30957344480193e-6,0.00006788146838969805
5.62341325190349e-13,0.00001584893192461114,0.00037773860991737536
5.62341325190349e-13,0.000039810717055349695,0.0019804127297098685
5.62341325190349e-13,0.0001,0.009259323901532376
1.e-12,1.e-6,3.7887643489168605e-6
1.e-12,2.5118864315095823e-6,0.000021442006934538846
1.e-12,6.30957344480193e-6,0.0001207125410751841
1.e-12,0.00001584893192461114,0.0006717196608998995
1.e-12,0.000039810717055349695,0.003521824515065041
1.e-12,0.0001,0.01646549833609789
1.7782794100389228e-12,1.e-6,6.737483945135666e-6
1.7782794100389228e-12,2.5118864315095823e-6,0.00003812991943427225
1.7782794100389228e-12,6.30957344480193e-6,0.00021465965119874168
1.7782794100389228e-12,0.00001584893192461114,0.0011945079465055723
1.7782794100389228e-12,0.000039810717055349695,0.006262719385387277
1.7782794100389228e-12,0.0001,0.02928073349804415
3.1622776601683794e-12,1.e-6,0.000011981107878379616
3.1622776601683794e-12,2.5118864315095823e-6,0.00006780565478173121
3.1622776601683794e-12,6.30957344480193e-6,0.00038172526542630856
3.1622776601683794e-12,0.00001584893192461114,0.00212415468720719
3.1622776601683794e-12,0.000039810717055349695,0.011136939076539778
3.1622776601683794e-12,0.0001,0.0520696237841177
5.6234132519034904e-12,1.e-6,0.000021305823733178714
5.6234132519034904e-12,2.5118864315095823e-6,0.00012057756468469383
5.6234132519034904e-12,6.30957344480193e-6,0.0006788146543397233
5.6234132519034904e-12,0.00001584893192461114,0.0037773810419620127
5.6234132519034904e-12,0.000039810717055349695,0.01980451329284259
5.6234132519034904e-12,0.0001,0.09259293961869461
1.e-11,1.e-6,0.00003788763395829786
1.e-11,2.5118864315095823e-6,0.0002144195798201629
1.e-11,6.30957344480193e-6,0.001207118855316217
1.e-11,0.00001584893192461114,0.006717208034334559
1.e-11,0.000039810717055349695,0.035218400119059336
1.e-11,0.0001,0.16465754335363317
1.7782794100389227e-11,1.e-6,0.00006737484000770946
1.7782794100389227e-11,2.5118864315095823e-6,0.00038129757276887194
1.7782794100389227e-11,6.30957344480193e-6,0.0021466044302517005
1.7782794100389227e-11,0.00001584893192461114,0.011945048189624628
1.7782794100389227e-11,0.000039810717055349695,0.06262608578940325
1.7782794100389227e-11,0.0001,0.29280683485819636
3.1622776601683794e-11,1.e-6,0.00011981150547430328
3.1622776601683794e-11,2.5118864315095823e-6,0.0006780569493397531
3.1622776601683794e-11,6.30957344480193e-6,0.003817227322204738
3.1622776601683794e-11,0.00001584893192461114,0.021241721521362496
3.1622776601683794e-11,0.000039810717055349695,0.11137045358677823
3.1622776601683794e-11,0.0001,0.5206962180415289
5.6234132519034906e-11,1.e-6,0.00021305814457366396
5.6234132519034906e-11,2.5118864315095823e-6,0.0012057749006374038
5.6234132519034906e-11,6.30957344480193e-6,0.006788189743054242
5.6234132519034906e-11,0.00001584893192461114,0.03777375692863029
5.6234132519034906e-11,0.000039810717055349695,0.1980435829505155
5.6234132519034906e-11,0.0001,0.9259607957701631
1.e-10,1.e-6,0.00037887714518165686
1.e-10,2.5118864315095823e-6,0.002144194943216743
1.e-10,6.30957344480193e-6,0.01207122507172044
1.e-10,0.00001584893192461114,0.0671719151580501
1.e-10,0.000039810717055349695,0.3521778498729038
1.e-10,0.0001,1.6466064858186242
1.778279410038923e-10,1.e-6,0.000673747921911168
1.778279410038923e-10,2.5118864315095823e-6,0.003812989579404947
1.778279410038923e-10,6.30957344480193e-6,0.021465896756370537
1.778279410038923e-10,0.00001584893192461114,0.1194488068953731
1.778279410038923e-10,0.000039810717055349695,0.6262820614302818
1.778279410038923e-10,0.0001,2.9280119989476834
3.1622776601683795e-10,1.e-6,0.001198113395633694
3.1622776601683795e-10,2.5118864315095823e-6,0.0067805552497258465
3.1622776601683795e-10,6.30957344480193e-6,0.03817266381968555
3.1622776601683795e-10,0.00001584893192461114,0.21241702183642533
3.1622776601683795e-10,0.000039810717055349695,1.1136804644928309
3.1622776601683795e-10,0.0001,5.206936651972735
5.623413251903491e-10,1.e-6,0.002130575940737432
5.623413251903491e-10,2.5118864315095823e-6,0.012057729776159985
5.623413251903491e-10,6.30957344480193e-6,0.0678815043416345
5.623413251903491e-10,0.00001584893192461114,0.37773310672038113
5.623413251903491e-10,0.000039810717055349695,1.9804802623855642
5.623413251903491e-10,0.0001,9.259743186581114
1.e-9,1.e-6,0.0037887555384604177
1.e-9,2.5118864315095823e-6,0.021442017149037335
1.e-9,6.30957344480193e-6,0.1207122621063988
1.e-9,0.00001584893192461114,0.6717094945969452
1.e-9,0.000039810717055349695,3.5218393475646304
1.e-9,0.0001,16.466845739279027
1.7782794100389228e-9,1.e-6,0.006737460189993737
1.7782794100389228e-9,2.5118864315095823e-6,0.038129974346709346
1.7782794100389228e-9,6.30957344480193e-6,0.21466105993368942
1.7782794100389228e-9,0.00001584893192461114,1.1945060958617602
1.7782794100389228e-9,0.000039810717055349695,6.262814663779428
1.7782794100389228e-9,0.0001,29.281311670309222
3.1622776601683795e-9,1.e-6,0.011981060683302496
3.1622776601683795e-9,2.5118864315095823e-6,0.06780550273910045
3.1622776601683795e-9,6.30957344480193e-6,0.3817257422273019
3.1622776601683795e-9,0.00001584893192461114,2.1241892447747825
3.1622776601683795e-9,0.000039810717055349695,11.136765301598848
3.1622776601683795e-9,0.0001,52.067948384727295
5.623413251903491e-9,1.e-6,0.021305691939632828
5.623413251903491e-9,2.5118864315095823e-6,0.12057753683987767
5.623413251903491e-9,6.30957344480193e-6,0.678814572299175
5.623413251903491e-9,0.00001584893192461114,3.7773448127526565
5.623413251903491e-9,0.000039810717055349695,19.80482035882211
5.623413251903491e-9,0.0001,92.5940009256242
1.e-8,1.e-6,0.037887794175273125
1.e-8,2.5118864315095823e-6,0.21442038961501034
1.e-8,6.30957344480193e-6,1.2071259311810634
1.e-8,0.00001584893192461114,6.717230581278317
1.e-8,0.000039810717055349695,35.217447541121274
1.e-8,0.0001,164.6593331144939
1.7782794100389228e-8,1.e-6,0.06737453358762331
1.7782794100389228e-8,2.5118864315095823e-6,0.381298826168531
1.7782794100389228e-8,6.30957344480193e-6,2.146596937177791
1.7782794100389228e-8,0.00001584893192461114,11.945269472268658
1.7782794100389228e-8,0.000039810717055349695,62.626739913731136
1.7782794100389228e-8,0.0001,292.8062441780687
3.162277660168379e-8,1.e-6,0.1198112604662198
3.162277660168379e-8,2.5118864315095823e-6,0.6780520442207711
3.162277660168379e-8,6.30957344480193e-6,3.8172590851470307
3.162277660168379e-8,0.00001584893192461114,21.24174465864182
3.162277660168379e-8,0.000039810717055349695,111.36849215253066
3.162277660168379e-8,0.0001,520.69152487424
5.6234132519034905e-8,1.e-6,0.2130578652485977
5.6234132519034905e-8,2.5118864315095823e-6,1.2057737823638541
5.6234132519034905e-8,6.30957344480193e-6,6.788119044366672
5.6234132519034905e-8,0.00001584893192461114,37.773772252803106
5.6234132519034905e-8,0.000039810717055349695,198.0430874443913
5.6234132519034905e-8,0.0001,925.9427427939058
1.e-7,1.e-6,0.37887648455399203
1.e-7,2.5118864315095823e-6,2.144212393815124
1.e-7,6.30957344480193e-6,12.071189856956742
1.e-7,0.00001584893192461114,67.17177752661243
1.e-7,0.000039810717055349695,352.18090008772447
1.e-7,0.0001,1646.5619412314325
1.7782794100389227e-7,1.e-6,0.6737431056432392
1.7782794100389227e-7,2.5118864315095823e-6,3.812988036796236
1.7782794100389227e-7,6.30957344480193e-6,21.465920973272283
1.7782794100389227e-7,0.00001584893192461114,119.45096376000984
1.7782794100389227e-7,0.000039810717055349695,626.2733541247125
1.7782794100389227e-7,0.0001,2928.1305526701567
3.162277660168379e-7,1.e-6,1.1981121083635846
3.162277660168379e-7,2.5118864315095823e-6,6.780543455584379
3.162277660168379e-7,6.30957344480193e-6,38.17248295430244
3.162277660168379e-7,0.00001584893192461114,212.41686815442822
3.162277660168379e-7,0.000039810717055349695,1113.6737632018182
3.162277660168379e-7,0.0001,5207.195761973407
5.62341325190349e-7,1.e-6,2.1305793950584957
5.62341325190349e-7,2.5118864315095823e-6,12.057748618120499
5.62341325190349e-7,6.30957344480193e-6,67.8810926409163
5.62341325190349e-7,0.00001584893192461114,377.7311928371517
5.62341325190349e-7,0.000039810717055349695,1980.4930125151247
5.62341325190349e-7,0.0001,9259.411953222345
1.e-6,1.e-6,3.7887696805916793
1.e-6,2.5118864315095823e-6,21.44200344639311
1.e-6,6.30957344480193e-6,120.7123451205036
1.e-6,0.00001584893192461114,671.7201631603215
1.e-6,0.000039810717055349695,3521.717889811037
1.e-6,0.0001,16465.69021395411
