1.e-14,1.e-6,1.5240253506935982e-7
1.e-14,2.5118864315095823e-6,8.677683481829921e-7
1.e-14,6.30957344480193e-6,4.88576372740596e-6
1.e-14,0.00001584893192461114,0.000027384220726687498
1.e-14,0.000039810717055349695,0.000148803735879025
1.e-14,0.0001,0.0007362968520214402
1.7782794100389227e-14,1.e-6,2.7101376853145383e-7
1.7782794100389227e-14,2.5118864315095823e-6,1.5431341154483683e-6
1.7782794100389227e-14,6.30957344480193e-6,8.688242229840023e-6
1.7782794100389227e-14,0.00001584893192461114,0.00004869733338084647
1.7782794100389227e-14,0.000039810717055349695,0.00026461177442854537
1.7782794100389227e-14,0.0001,0.0013093230939619825
3.1622776601683796e-14,1.e-6,4.8193819762912e-7
3.1622776601683796e-14,2.5118864315095823e-6,2.744122226704957e-6
3.1622776601683796e-14,6.30957344480193e-6,0.00001545005680354346
3.1622776601683796e-14,0.00001584893192461114,0.00008659728249832918
3.1622776601683796e-14,0.000039810717055349695,0.000470555826102455
3.1622776601683796e-14,0.0001,0.0023283362293312804
5.6234132519034906e-14,1.e-6,8.570228370130588e-7
5.6234132519034906e-14,2.5118864315095823e-6,4.879789034650727e-6
5.6234132519034906e-14,6.30957344480193e-6,0.000027474596615008538
5.6234132519034906e-14,0.00001584893192461114,0.00015399400087886812
5.6234132519034906e-14,0.000039810717055349695,0.0008367487565610942
5.6234132519034906e-14,0.0001,0.0041405786995128355
1.e-13,1.e-6,1.5240161199025054e-6
1.e-13,2.5118864315095823e-6,8.677688881841441e-6
1.e-13,6.30957344480193e-6,0.00004885766135021915
1.e-13,0.00001584893192461114,0.000273845608485733
1.e-13,0.000039810717055349695,0.001488025324824741
1.e-13,0.0001,0.007363146593098159
1.7782794100389227e-13,1.e-6,2.710148249643853e-6
1.7782794100389227e-13,2.5118864315095823e-6,0.000015431381810381887
1.7782794100389227e-13,6.30957344480193e-6,0.00008688272647997978
1.7782794100389227e-13,0.00001584893192461114,0.00048696977072681263
1.7782794100389227e-13,0.000039810717055349695,0.0026460755732624413
1.7782794100389227e-13,0.0001,0.013093246143847352
3.162277660168379e-13,1.e-6,4.8193672163755825e-6
3.162277660168379e-13,2.5118864315095823e-6,0.000027441371714528543
3.162277660168379e-13,6.30957344480193e-6,0.00015450159046394253
3.162277660168379e-13,0.00001584893192461114,0.0008659679733041524
3.162277660168379e-13,0.000039810717055349695,0.004705572202600171
3.162277660168379e-13,0.0001,0.023284364602931904
5.62341325190349e-13,1.e-6,8.570248962458106e-6
5.62341325190349e-13,2.5118864315095823e-6,0.00004879826984095002
5.62341325190349e-13,6.30957344480193e-6,0.0002747457787062795
5.62341325190349e-13,0.00001584893192461114,0.001539941987209262
5.62341325190349e-13,0.000039810717055349695,0.008367623184344725
5.62341325190349e-13,0.0001,0.04140593215846079
1.e-12,1.e-6,0.000015240242734261103
1.e-12,2.5118864315095823e-6,0.00008677677772630801
1.e-12,6.30957344480193e-6,0.0004885752914798916
1.e-12,0.00001584893192461114,0.002738424932019793
1.e-12,0.000039810717055349695,0.014879747237915351
1.e-12,0.0001,0.07362914387026084
1.7782794100389228e-12,1.e-6,0.000027101451583201124
1.7782794100389228e-12,2.5118864315095823e-6,0.00015431363045971275
1.7782794100389228e-12,6.30957344480193e-6,0.0008688240776540252
1.7782794100389228e-12,0.00001584893192461114,0.004869742501516845
1.7782794100389228e-12,0.000039810717055349695,0.026461288963481582
1.7782794100389228e-12,0.0001,0.13093819491203162
3.1622776601683794e-12,1.e-6,0.00004819398384653502
3.1622776601683794e-12,2.5118864315095823e-6,0.00027441103292321034
3.1622776601683794e-12,6.30957344480193e-6,0.0015450103531678072
3.1622776601683794e-12,0.00001584893192461114,0.00865968206830254
3.1622776601683794e-12,0.000039810717055349695,0.047055147857511415
3.1622776601683794e-12,0.0001,0.23284090494139031
5.6234132519034904e-12,1.e-6,0.00008570222485265733
5.6234132519034904e-12,2.5118864315095823e-6,0.0004879822385323192
5.6234132519034904e-12,6.30957344480193e-6,0.002747473170593065
5.6234132519034904e-12,0.00001584893192461114,0.015399309559594928
5.6234132519034904e-12,0.000039810717055349695,0.08367826249478663
5.6234132519034904e-12,0.0001,0.4140594691205121
1.e-11,1.e-6,0.00015240249484734243
1.e-11,2.5118864315095823e-6,0.000867769646250159
1.e-11,6.30957344480193e-6,0.004885754710037048
1.e-11,0.00001584893192461114,0.0273842601898617
1.e-11,0.000039810717055349695,0.1488029855469995
1.e-11,0.0001,0.7363017655724716
1.7782794100389227e-11,1.e-6,0.0002710132349512413
1.7782794100389227e-11,2.5118864315095823e-6,0.0015431316270932498
1.7782794100389227e-11,6.30957344480193e-6,0.008688197668617666
1.7782794100389227e-11,0.00001584893192461114,0.048696839354872214
1.7782794100389227e-11,0.000039810717055349695,0.2646190577752968
1.7782794100389227e-11,0.0001,1.3093770792996076
3.1622776601683794e-11,1.e-6,0.00048193822200939807
3.1622776601683794e-11,2.5118864315095823e-6,0.0027441254394472044
3.1622776601683794e-11,6.30957344480193e-6,0.0154500501158522
3.1622776601683794e-11,0.00001584893192461114,0.08659715456853181
3.1622776601683794e-11,0.000039810717055349695,0.47054871661931763
3.1622776601683794e-11,0.0001,2.328453524306368
5.6234132519034906e-11,1.e-6,0.0008570181330330171
5.6234132519034906e-11,2.5118864315095823e-6,0.004879815677095041
5.6234132519034906e-11,6.30957344480193e-6,0.027474670097685807
5.6234132519034906e-11,0.00001584893192461114,0.153994625027568
5.6234132519034906e-11,0.000039810717055349695,0.8367592862424951
5.6234132519034906e-11,0.0001,4.140658527739116
1.e-10,1.e-6,0.0015240162174660077
1.e-10,2.5118864315095823e-6,0.00867769820920415
1.e-10,6.30957344480193e-6,0.04885753043825494
1.e-10,0.00001584893192461114,0.2738408663782207
1.e-10,0.000039810717055349695,1.4880142549240447
1.e-10,0.0001,7.3631291414283
1.778279410038923e-10,1.e-6,0.002710146427094182
1.778279410038923e-10,2.5118864315095823e-6,0.015431370157519352
1.778279410038923e-10,6.30957344480193e-6,0.08688262739330892
1.778279410038923e-10,0.00001584893192461114,0.4869703324858656
1.778279410038923e-10,0.000039810717055349695,2.646096071672015
1.778279410038923e-10,0.0001,13.093571551411639
3.1622776601683795e-10,1.e-6,0.00481939357852213
3.1622776601683795e-10,2.5118864315095823e-6,0.02744134607045146
3.1622776601683795e-10,6.30957344480193e-6,0.15450108641015015
3.1622776601683795e-10,0.00001584893192461114,0.8659679201709747
3.1622776601683795e-10,0.000039810717055349695,4.705624732444343
3.1622776601683795e-10,0.0001,23.28397763420977
5.623413251903491e-10,1.e-6,0.00857023654845575
5.623413251903491e-10,2.5118864315095823e-6,0.04879823330739113
5.623413251903491e-10,6.30957344480193e-6,0.2747452099202738
5.623413251903491e-10,0.00001584893192461114,1.5399419016628373
5.623413251903491e-10,0.000039810717055349695,8.367486359111746
5.623413251903491e-10,0.0001,41.4050380560877
1.e-9,1.e-6,0.015240270652154095
1.e-9,2.5118864315095823e-6,0.08677698989138129
1.e-9,6.30957344480193e-6,0.4885727820658765
1.e-9,0.00001584893192461114,2.7384593705441262
1.e-9,0.000039810717055349695,14.880066966304287
1.e-9,0.0001,73.63227123947543
1.7782794100389228e-9,1.e-6,0.027101430669219634
1.7782794100389228e-9,2.5118864315095823e-6,0.1543138889681818
1.7782794100389228e-9,6.30957344480193e-6,0.8688246524079212
1.7782794100389228e-9,0.00001584893192461114,4.869725576574247
1.7782794100389228e-9,0.000039810717055349695,26.46094901159987
1.7782794100389228e-9,0.0001,130.93197123683925
3.1622776601683795e-9,1.e-6,0.04819403983311472
3.1622776601683795e-9,2.5118864315095823e-6,0.27441279142849584
3.1622776601683795e-9,6.30957344480193e-6,1.5450071120626965
3.1622776601683795e-9,0.00001584893192461114,8.659614088143197
3.1622776601683795e-9,0.000039810717055349695,47.05510289542337
3.1622776601683795e-9,0.0001,232.83539156342934
5.623413251903491e-9,1.e-6,0.08570256632942513
5.623413251903491e-9,2.5118864315095823e-6,0.4879819835897944
5.623413251903491e-9,6.30957344480193e-6,2.747468020716946
5.623413251903491e-9,0.00001584893192461114,15.399310995578064
5.623413251903491e-9,0.000039810717055349695,83.67346884227709
5.623413251903491e-9,0.0001,414.0605984051979
1.e-8,1.e-6,0.15240320372294341
1.e-8,2.5118864315095823e-6,0.8677661021153578
1.e-8,6.30957344480193e-6,4.885765469760665
1.e-8,0.00001584893192461114,27.3843458202306
1.e-8,0.000039810717055349695,148.80169407128406
1.e-8,0.0001,736.2930388490805
1.7782794100389228e-8,1.e-6,0.2710125285281266
1.7782794100389228e-8,2.5118864315095823e-6,1.543132963098036
1.7782794100389228e-8,6.30957344480193e-6,8.688277686803842
1.7782794100389228e-8,0.00001584893192461114,48.696982666537636
1.7782794100389228e-8,0.000039810717055349695,264.60937968892586
1.7782794100389228e-8,0.0001,1309.3828089096587
3.162277660168379e-8,1.e-6,0.4819394636342998
3.162277660168379e-8,2.5118864315095823e-6,2.7441205213977833
3.162277660168379e-8,6.30957344480193e-6,15.450063465734878
3.162277660168379e-8,0.00001584893192461114,86.5967260592147
3.162277660168379e-8,0.000039810717055349695,470.54361854477463
3.162277660168379e-8,0.0001,2328.3871358673127
5.6234132519034905e-8,1.e-6,0.8570234747097878
5.6234132519034905e-8,2.5118864315095823e-6,4.879814462740185
5.6234132519034905e-8,6.30957344480193e-6,27.474639438977736
5.6234132519034905e-8,0.00001584893192461114,153.99301673817615
5.6234132519034905e-8,0.000039810717055349695,836.7457249066068
5.6234132519034905e-8,0.0001,4140.719295776752
1.e-7,1.e-6,1.5240175035360348
1.e-7,2.5118864315095823e-6,8.677692087473458
1.e-7,6.30957344480193e-6,48.857500823165786
1.e-7,0.00001584893192461114,273.8452909606059
1.e-7,0.000039810717055349695,1487.9987247971878
1.e-7,0.0001,7363.197315367587
1.7782794100389227e-7,1.e-6,2.710122698835067
1.7782794100389227e-7,2.5118864315095823e-6,15.431346575090211
1.7782794100389227e-7,6.30957344480193e-6,86.88235173185072
1.7782794100389227e-7,0.00001584893192461114,486.9695013535681
1.7782794100389227e-7,0.000039810717055349695,2646.0637965302603
1.7782794100389227e-7,0.0001,13093.965018454133
3.162277660168379e-7,1.e-6,4.819399445379831
3.162277660168379e-7,2.5118864315095823e-6,27.441362377425044
3.162277660168379e-7,6.30957344480193e-6,154.5011247902127
3.162277660168379e-7,0.00001584893192461114,865.9700776566574
3.162277660168379e-7,0.000039810717055349695,4705.588293975073
3.162277660168379e-7,0.0001,23285.05751756874
5.62341325190349e-7,1.e-6,8.570234627140263
5.62341325190349e-7,2.5118864315095823e-6,48.79804738710916
5.62341325190349e-7,6.30957344480193e-6,274.7453468683249
5.62341325190349e-7,0.00001584893192461114,1539.9244113590507
5.62341325190349e-7,0.000039810717055349695,8367.813226646533
5.62341325190349e-7,0.0001,41404.90979595791
1.e-6,1.e-6,15.240228955792265
1.e-6,2.5118864315095823e-6,86.77625446429514
1.e-6,6.30957344480193e-6,488.5767819517888
1.e-6,0.00001584893192461114,2738.471315665677
1.e-6,0.000039810717055349695,14880.093839428804
1.e-6,0.0001,73633.75654385504
