1.e-14,1.e-6,1.326251347523656e-6
1.e-14,2.5118864315095823e-6,7.384771618282864e-6
1.e-14,6.30957344480193e-6,0.00003894830725140857
1.e-14,0.00001584893192461114,0.00018337841521516988
1.e-14,0.000039810717055349695,0.0007851626344329962
1.e-14,0.0001,0.003347672697568351
1.7782794100389227e-14,1.e-6,2.358447887884908e-6
1.7782794100389227e-14,2.5118864315095823e-6,0.000013132264662303294
1.7782794100389227e-14,6.30957344480193e-6,0.00006926233010397272
1.7782794100389227e-14,0.00001584893192461114,0.00032610008693422464
1.7782794100389227e-14,0.000039810717055349695,0.001396200297717827
1.7782794100389227e-14,0.0001,0.005953346888664766
3.1622776601683796e-14,1.e-6,4.19399387008168e-6
3.1622776601683796e-14,2.5118864315095823e-6,0.000023352461966973413
3.1622776601683796e-14,6.30957344480193e-6,0.00012316740121212774
3.1622776601683796e-14,0.00001584893192461114,0.0005798886842886225
3.1622776601683796e-14,0.000039810717055349695,0.0024828037229249356
3.1622776601683796e-14,0.0001,0.010586221784684059
5.6234132519034906e-14,1.e-6,7.458049995516759e-6
5.6234132519034906e-14,2.5118864315095823e-6,0.0000415277788770796
5.6234132519034906e-14,6.30957344480193e-6,0.0002190230158796108
5.6234132519034906e-14,0.00001584893192461114,0.0010312525402381909
5.6234132519034906e-14,0.000039810717055349695,0.004415221736993103
5.6234132519034906e-14,0.0001,0.018825529326932048
1.e-13,1.e-6,0.000013262521352593568
1.e-13,2.5118864315095823e-6,0.00007384793157923733
1.e-13,6.30957344480193e-6,0.0003894817276727731
1.e-13,0.00001584893192461114,0.0018337097270351105
1.e-13,0.000039810717055349695,0.007851286504736812
1.e-13,0.0001,0.03347683978036843
1.7782794100389227e-13,1.e-6,0.000023584512100699096
1.7782794100389227e-13,2.5118864315095823e-6,0.00013132025653356903
1.7782794100389227e-13,6.30957344480193e-6,0.0006926138372023156
1.7782794100389227e-13,0.00001584893192461114,0.0032610479962266667
1.7782794100389227e-13,0.000039810717055349695,0.013962115861528603
1.7782794100389227e-13,0.0001,0.05953045460350713
3.162277660168379e-13,1.e-6,0.00004193963539299599
3.162277660168379e-13,2.5118864315095823e-6,0.0002335285951883562
3.162277660168379e-13,6.30957344480193e-6,0.001231650122459859
3.162277660168379e-13,0.00001584893192461114,0.005798993835254833
3.162277660168379e-13,0.000039810717055349695,0.02482847097344452
3.162277660168379e-13,0.0001,0.10586248419661669
5.62341325190349e-13,1.e-6,0.00007458132409565074
5.62341325190349e-13,2.5118864315095823e-6,0.0004152864513338191
5.62341325190349e-13,6.30957344480193e-6,0.002190209950602503
5.62341325190349e-13,0.00001584893192461114,0.0103117479540379
5.62341325190349e-13,0.000039810717055349695,0.044151033055351604
5.62341325190349e-13,0.0001,0.18825014646604557
1.e-12,1.e-6,0.00013262552709034352
1.e-12,2.5118864315095823e-6,0.000738474688342255
1.e-12,6.30957344480193e-6,0.003894766390107484
1.e-12,0.00001584893192461114,0.018337187327063787
1.e-12,0.000039810717055349695,0.07851397102341487
1.e-12,0.0001,0.33476630330993723
1.7782794100389228e-12,1.e-6,0.00023584551796341043
1.7782794100389228e-12,2.5118864315095823e-6,0.0013132209726753692
1.7782794100389228e-12,6.30957344480193e-6,0.006926119030674288
1.7782794100389228e-12,0.00001584893192461114,0.03260897744433361
1.7782794100389228e-12,0.000039810717055349695,0.13961833614335994
1.7782794100389228e-12,0.0001,0.5953073379309949
3.1622776601683794e-12,1.e-6,0.0004193988044987653
3.1622776601683794e-12,2.5118864315095823e-6,0.0023352951668573576
3.1622776601683794e-12,6.30957344480193e-6,0.01231664507312373
3.1622776601683794e-12,0.00001584893192461114,0.05798776862559404
3.1622776601683794e-12,0.000039810717055349695,0.248280479217367
3.1622776601683794e-12,0.0001,1.0585876435138366
5.6234132519034904e-12,1.e-6,0.0007458028171505575
5.6234132519034904e-12,2.5118864315095823e-6,0.004152737205057074
5.6234132519034904e-12,6.30957344480193e-6,0.02190273081129214
5.6234132519034904e-12,0.00001584893192461114,0.10311932171943863
5.6234132519034904e-12,0.000039810717055349695,0.4414942730216779
5.6234132519034904e-12,0.0001,1.882467350827872
1.e-11,1.e-6,0.0013262518376598587
1.e-11,2.5118864315095823e-6,0.0073847590246035036
1.e-11,6.30957344480193e-6,0.03894720919816139
1.e-11,0.00001584893192461114,0.18337985915834615
1.e-11,0.000039810717055349695,0.7851281771486261
1.e-11,0.0001,3.347705770485305
1.7782794100389227e-11,1.e-6,0.0023584467281712244
1.7782794100389227e-11,2.5118864315095823e-6,0.013132137071406095
1.7782794100389227e-11,6.30957344480193e-6,0.06926220264844224
1.7782794100389227e-11,0.00001584893192461114,0.3260888660652657
1.7782794100389227e-11,0.000039810717055349695,1.3961643402681807
1.7782794100389227e-11,0.0001,5.953191695381986
3.1622776601683794e-11,1.e-6,0.00419399858560106
3.1622776601683794e-11,2.5118864315095823e-6,0.023352868597469073
3.1622776601683794e-11,6.30957344480193e-6,0.12316313955057365
3.1622776601683794e-11,0.00001584893192461114,0.5798926635433004
3.1622776601683794e-11,0.000039810717055349695,2.482851087300391
3.1622776601683794e-11,0.0001,10.586263253564722
5.6234132519034906e-11,1.e-6,0.007458038980498495
5.6234132519034906e-11,2.5118864315095823e-6,0.041528109303391236
5.6234132519034906e-11,6.30957344480193e-6,0.21902536832606706
5.6234132519034906e-11,0.00001584893192461114,1.0312156847744882
5.6234132519034906e-11,0.000039810717055349695,4.415113504651717
5.6234132519034906e-11,0.0001,18.82659405139401
1.e-10,1.e-6,0.01326266571856936
1.e-10,2.5118864315095823e-6,0.07384763660822972
1.e-10,6.30957344480193e-6,0.38948244786366204
1.e-10,0.00001584893192461114,1.8337594453513502
1.e-10,0.000039810717055349695,7.85162068901611
1.e-10,0.0001,33.47814593336068
1.778279410038923e-10,1.e-6,0.02358449245624862
1.778279410038923e-10,2.5118864315095823e-6,0.1313214231816851
1.778279410038923e-10,6.30957344480193e-6,0.6926108941991693
1.778279410038923e-10,0.00001584893192461114,3.2609419705312446
1.778279410038923e-10,0.000039810717055349695,13.962215821633123
1.778279410038923e-10,0.0001,59.52853789443532
3.1622776601683795e-10,1.e-6,0.04193981047546793
3.1622776601683795e-10,2.5118864315095823e-6,0.23352665675768172
3.1622776601683795e-10,6.30957344480193e-6,1.2316130141302863
3.1622776601683795e-10,0.00001584893192461114,5.798837403901468
3.1622776601683795e-10,0.000039810717055349695,24.828763695312258
3.1622776601683795e-10,0.0001,105.86815145114994
5.623413251903491e-10,1.e-6,0.07458085600522073
5.623413251903491e-10,2.5118864315095823e-6,0.4152785741029228
5.623413251903491e-10,6.30957344480193e-6,2.190219204656917
5.623413251903491e-10,0.00001584893192461114,10.31206842626223
5.623413251903491e-10,0.000039810717055349695,44.15166897132223
5.623413251903491e-10,0.0001,188.2531704699562
1.e-9,1.e-6,0.13262509969570277
1.e-9,2.5118864315095823e-6,0.7384704707580982
1.e-9,6.30957344480193e-6,3.8947919985574226
1.e-9,0.00001584893192461114,18.338108476511085
1.e-9,0.000039810717055349695,78.51416637717364
1.e-9,0.0001,334.77054998658906
1.7782794100389228e-9,1.e-6,0.2358461649166797
1.7782794100389228e-9,2.5118864315095823e-6,1.31320874970351
1.7782794100389228e-9,6.30957344480193e-6,6.926217626665598
1.7782794100389228e-9,0.00001584893192461114,32.60964922053437
1.7782794100389228e-9,0.000039810717055349695,139.62135522569653
1.7782794100389228e-9,0.0001,595.3291148926536
3.1622776601683795e-9,1.e-6,0.4193968760014092
3.1622776601683795e-9,2.5118864315095823e-6,2.3352545316363957
3.1622776601683795e-9,6.30957344480193e-6,12.316459310584564
3.1622776601683795e-9,0.00001584893192461114,57.98982662508523
3.1622776601683795e-9,0.000039810717055349695,248.27929460304256
3.1622776601683795e-9,0.0001,1058.6386121851253
5.623413251903491e-9,1.e-6,0.7458074821339266
5.623413251903491e-9,2.5118864315095823e-6,4.152734384704557
5.623413251903491e-9,6.30957344480193e-6,21.902302660266965
5.623413251903491e-9,0.00001584893192461114,103.1186971361993
5.623413251903491e-9,0.000039810717055349695,441.5089745506324
5.623413251903491e-9,0.0001,1882.4862034300945
1.e-8,1.e-6,1.3262597695146083
1.e-8,2.5118864315095823e-6,7.3847556486920345
1.e-8,6.30957344480193e-6,38.947221283066995
1.e-8,0.00001584893192461114,183.3775727724117
1.e-8,0.000039810717055349695,785.1331565539872
1.e-8,0.0001,3347.7230770779115
1.7782794100389228e-8,1.e-6,2.358448934217175
1.7782794100389228e-8,2.5118864315095823e-6,13.132152811340836
1.7782794100389228e-8,6.30957344480193e-6,69.26070630630922
1.7782794100389228e-8,0.00001584893192461114,326.09889134100735
1.7782794100389228e-8,0.000039810717055349695,1396.2026719988676
1.7782794100389228e-8,0.0001,5953.168068224055
3.162277660168379e-8,1.e-6,4.193995973495237
3.162277660168379e-8,2.5118864315095823e-6,23.352962500283112
3.162277660168379e-8,6.30957344480193e-6,123.1650928083358
3.162277660168379e-8,0.00001584893192461114,579.8976347168184
3.162277660168379e-8,0.000039810717055349695,2482.748527201798
3.162277660168379e-8,0.0001,10586.532459553233
5.6234132519034905e-8,1.e-6,7.458068735132211
5.6234132519034905e-8,2.5118864315095823e-6,41.527946722978555
5.6234132519034905e-8,6.30957344480193e-6,219.01495585484375
5.6234132519034905e-8,0.00001584893192461114,1031.1969285708956
5.6234132519034905e-8,0.000039810717055349695,4415.151046003619
5.6234132519034905e-8,0.0001,18825.773825452758
1.e-7,1.e-6,13.262523596295123
1.e-7,2.5118864315095823e-6,73.84887743881968
1.e-7,6.30957344480193e-6,389.47412841737776
1.e-7,0.00001584893192461114,1833.84159132418
1.e-7,0.000039810717055349695,7851.541451027487
1.e-7,0.0001,33475.51872048732
1.7782794100389227e-7,1.e-6,23.584470090517758
1.7782794100389227e-7,2.5118864315095823e-6,131.3199156672933
1.7782794100389227e-7,6.30957344480193e-6,692.6028599863074
1.7782794100389227e-7,0.00001584893192461114,3260.996240457768
1.7782794100389227e-7,0.000039810717055349695,13961.637437445315
1.7782794100389227e-7,0.0001,59532.364526075675
3.162277660168379e-7,1.e-6,41.93987202387437
3.162277660168379e-7,2.5118864315095823e-6,233.52842004407202
3.162277660168379e-7,6.30957344480193e-6,1231.6438476531443
3.162277660168379e-7,0.00001584893192461114,5799.112742088445
3.162277660168379e-7,0.000039810717055349695,24827.718525708824
3.162277660168379e-7,0.0001,105863.70092493319
5.62341325190349e-7,1.e-6,74.58091938821777
5.62341325190349e-7,2.5118864315095823e-6,415.27889057555393
5.62341325190349e-7,6.30957344480193e-6,2190.198490595662
5.62341325190349e-7,0.00001584893192461114,10312.235455252141
5.62341325190349e-7,0.000039810717055349695,44150.861439292814
5.62341325190349e-7,0.0001,188257.4379733306
1.e-6,1.e-6,132.62553741689746
1.e-6,2.5118864315095823e-6,738.4767683725903
1.e-6,6.30957344480193e-6,3894.8304294575682
1.e-6,0.00001584893192461114,18338.34844460372
1.e-6,0.000039810717055349695,78514.67655567374
1.e-6,0.0001,334777.4541974792
