1.e-14,1.e-6,1.6783589031182218e-7
1.e-14,2.5118864315095823e-6,9.562559687008749e-7
1.e-14,6.30957344480193e-6,5.384609082905357e-6
1.e-14,0.00001584893192461114,0.00003018938686840522
1.e-14,0.000039810717055349695,0.0001643652669153624
1.e-14,0.0001,0.0008165754711606773
1.7782794100389227e-14,1.e-6,2.9846098294658314e-7
1.7782794100389227e-14,2.5118864315095823e-6,1.7004867663450574e-6
1.7782794100389227e-14,6.30957344480193e-6,9.575413998630974e-6
1.7782794100389227e-14,0.00001584893192461114,0.000053684941501152685
1.7782794100389227e-14,0.000039810717055349695,0.0002922779205604639
1.7782794100389227e-14,0.0001,0.001452085496064599
3.1622776601683796e-14,1.e-6,5.307481694528947e-7
3.1622776601683796e-14,2.5118864315095823e-6,3.0239421753512817e-6
3.1622776601683796e-14,6.30957344480193e-6,0.00001702776508792319
3.1622776601683796e-14,0.00001584893192461114,0.00009546786940128252
3.1622776601683796e-14,0.000039810717055349695,0.0005197573356467839
3.1622776601683796e-14,0.0001,0.0025821439842612947
5.6234132519034906e-14,1.e-6,9.438182601485408e-7
5.6234132519034906e-14,2.5118864315095823e-6,5.377406390000275e-6
5.6234132519034906e-14,6.30957344480193e-6,0.000030279850569703713
5.6234132519034906e-14,0.00001584893192461114,0.00016976584773872554
5.6234132519034906e-14,0.000039810717055349695,0.0009242688364727956
5.6234132519034906e-14,0.0001,0.004591898407410602
1.e-13,1.e-6,1.6783649303287144e-6
1.e-13,2.5118864315095823e-6,9.562534941292319e-6
1.e-13,6.30957344480193e-6,0.000053846421616152776
1.e-13,0.00001584893192461114,0.00030189190695537017
1.e-13,0.000039810717055349695,0.001643602088255755
1.e-13,0.0001,0.008165710482210903
1.7782794100389227e-13,1.e-6,2.984604539023406e-6
1.7782794100389227e-13,2.5118864315095823e-6,0.000017004926546440333
1.7782794100389227e-13,6.30957344480193e-6,0.00009575394746597321
1.7782794100389227e-13,0.00001584893192461114,0.0005368542412761037
1.7782794100389227e-13,0.000039810717055349695,0.0029227567618347727
1.7782794100389227e-13,0.0001,0.014520589791981892
3.162277660168379e-13,1.e-6,5.307465020946239e-6
3.162277660168379e-13,2.5118864315095823e-6,0.00003023935860159414
3.162277660168379e-13,6.30957344480193e-6,0.00017027715194897585
3.162277660168379e-13,0.00001584893192461114,0.0009546703512198339
3.162277660168379e-13,0.000039810717055349695,0.005197553649427733
3.162277660168379e-13,0.0001,0.025822036077615657
5.62341325190349e-13,1.e-6,9.43818655318311e-6
5.62341325190349e-13,2.5118864315095823e-6,0.00005377421322203587
5.62341325190349e-13,6.30957344480193e-6,0.00030280031742444213
5.62341325190349e-13,0.00001584893192461114,0.0016976738760661578
5.62341325190349e-13,0.000039810717055349695,0.009242612323434991
5.62341325190349e-13,0.0001,0.04591938910884657
1.e-12,1.e-6,0.000016783625758645156
1.e-12,2.5118864315095823e-6,0.00009562559622242176
1.e-12,6.30957344480193e-6,0.0005384617448459596
1.e-12,0.00001584893192461114,0.003018950513162513
1.e-12,0.000039810717055349695,0.016436376066109974
1.e-12,0.0001,0.08165564573612849
1.7782794100389228e-12,1.e-6,0.000029846163700540548
1.7782794100389228e-12,2.5118864315095823e-6,0.00017004918182307813
1.7782794100389228e-12,6.30957344480193e-6,0.000957545475165979
1.7782794100389228e-12,0.00001584893192461114,0.005368493255627864
1.7782794100389228e-12,0.000039810717055349695,0.029228029365077113
1.7782794100389228e-12,0.0001,0.14520571985126543
3.1622776601683794e-12,1.e-6,0.000053074606254630814
3.1622776601683794e-12,2.5118864315095823e-6,0.0003023934235017682
3.1622776601683794e-12,6.30957344480193e-6,0.0017027768896292102
3.1622776601683794e-12,0.00001584893192461114,0.009546718028665243
3.1622776601683794e-12,0.000039810717055349695,0.05197646110328108
3.1622776601683794e-12,0.0001,0.25822252887286684
5.6234132519034904e-12,1.e-6,0.00009438179351440333
5.6234132519034904e-12,2.5118864315095823e-6,0.0005377415887526719
5.6234132519034904e-12,6.30957344480193e-6,0.003028013280115869
5.6234132519034904e-12,0.00001584893192461114,0.016976524709186973
5.6234132519034904e-12,0.000039810717055349695,0.09242672234131795
5.6234132519034904e-12,0.0001,0.4591921763451517
1.e-11,1.e-6,0.00016783617009107733
1.e-11,2.5118864315095823e-6,0.0009562505869546168
1.e-11,6.30957344480193e-6,0.005384635187657378
1.e-11,0.00001584893192461114,0.030189422490907416
1.e-11,0.000039810717055349695,0.16435939073466285
1.e-11,0.0001,0.8165630405599001
1.7782794100389227e-11,1.e-6,0.00029846128302524346
1.7782794100389227e-11,2.5118864315095823e-6,0.0017004961808746758
1.7782794100389227e-11,6.30957344480193e-6,0.009575396658952401
1.7782794100389227e-11,0.00001584893192461114,0.05368501624591169
1.7782794100389227e-11,0.000039810717055349695,0.29227918756780635
1.7782794100389227e-11,0.0001,1.4520693822844557
3.1622776601683794e-11,1.e-6,0.0005307483564022603
3.1622776601683794e-11,2.5118864315095823e-6,0.0030239482733317538
3.1622776601683794e-11,6.30957344480193e-6,0.017027789432082687
3.1622776601683794e-11,0.00001584893192461114,0.09546805461181541
3.1622776601683794e-11,0.000039810717055349695,0.5197528756102734
3.1622776601683794e-11,0.0001,2.5822704555265243
5.6234132519034906e-11,1.e-6,0.0009438161498078583
5.6234132519034906e-11,2.5118864315095823e-6,0.00537742372410686
5.6234132519034906e-11,6.30957344480193e-6,0.030280048588086566
5.6234132519034906e-11,0.00001584893192461114,0.1697649930431004
5.6234132519034906e-11,0.000039810717055349695,0.9242788111162593
5.6234132519034906e-11,0.0001,4.591740356397908
1.e-10,1.e-6,0.00167836485294135
1.e-10,2.5118864315095823e-6,0.009562563878541425
1.e-10,6.30957344480193e-6,0.05384654002380395
1.e-10,0.00001584893192461114,0.30189158196885146
1.e-10,0.000039810717055349695,1.643647571472528
1.e-10,0.0001,8.165374658296775
1.778279410038923e-10,1.e-6,0.0029846066355874077
1.778279410038923e-10,2.5118864315095823e-6,0.017004873546785905
1.778279410038923e-10,6.30957344480193e-6,0.09575399082282297
1.778279410038923e-10,0.00001584893192461114,0.5368531155287942
1.778279410038923e-10,0.000039810717055349695,2.922836835570044
1.778279410038923e-10,0.0001,14.520756284782216
3.1622776601683795e-10,1.e-6,0.005307472562800446
3.1622776601683795e-10,2.5118864315095823e-6,0.030239265861966617
3.1622776601683795e-10,6.30957344480193e-6,0.17027767164116425
3.1622776601683795e-10,0.00001584893192461114,0.9546767012625258
3.1622776601683795e-10,0.000039810717055349695,5.197558539564722
3.1622776601683795e-10,0.0001,25.822629532661946
5.623413251903491e-10,1.e-6,0.009438160668956731
5.623413251903491e-10,2.5118864315095823e-6,0.05377414475465436
5.623413251903491e-10,6.30957344480193e-6,0.3028005397893499
5.623413251903491e-10,0.00001584893192461114,1.6976698016637113
5.623413251903491e-10,0.000039810717055349695,9.242932188672043
5.623413251903491e-10,0.0001,45.9184195126585
1.e-9,1.e-6,0.01678367847286791
1.e-9,2.5118864315095823e-6,0.09562543530483772
1.e-9,6.30957344480193e-6,0.538464433254263
1.e-9,0.00001584893192461114,3.0189435883652034
1.e-9,0.000039810717055349695,16.43561706707053
1.e-9,0.0001,81.65668897274453
1.7782794100389228e-9,1.e-6,0.029846114478133606
1.7782794100389228e-9,2.5118864315095823e-6,0.17004901754850013
1.7782794100389228e-9,6.30957344480193e-6,0.9575404795399481
1.7782794100389228e-9,0.00001584893192461114,5.368534892318674
1.7782794100389228e-9,0.000039810717055349695,29.228347798982526
1.7782794100389228e-9,0.0001,145.21147230977155
3.1622776601683795e-9,1.e-6,0.053074779152144806
3.1622776601683795e-9,2.5118864315095823e-6,0.30239390558381196
3.1622776601683795e-9,6.30957344480193e-6,1.7027742270301682
3.1622776601683795e-9,0.00001584893192461114,9.546652680114635
3.1622776601683795e-9,0.000039810717055349695,51.97531717229309
3.1622776601683795e-9,0.0001,258.22239946942454
5.623413251903491e-9,1.e-6,0.09438172462948678
5.623413251903491e-9,2.5118864315095823e-6,0.5377416393715351
5.623413251903491e-9,6.30957344480193e-6,3.0280063498231993
5.623413251903491e-9,0.00001584893192461114,16.97658618674532
5.623413251903491e-9,0.000039810717055349695,92.42927088550371
5.623413251903491e-9,0.0001,459.18251048570687
1.e-8,1.e-6,0.1678370529224209
1.e-8,2.5118864315095823e-6,0.9562543547505891
1.e-8,6.30957344480193e-6,5.384612850873218
1.e-8,0.00001584893192461114,30.1893533282424
1.e-8,0.000039810717055349695,164.36739785436328
1.e-8,0.0001,816.5658065435373
1.7782794100389228e-8,1.e-6,0.29846065242560266
1.7782794100389228e-8,2.5118864315095823e-6,1.7004814700993292
1.7782794100389228e-8,6.30957344480193e-6,9.575375417351793
1.7782794100389228e-8,0.00001584893192461114,53.68522420480891
1.7782794100389228e-8,0.000039810717055349695,292.2812443422939
1.7782794100389228e-8,0.0001,1452.0476935031309
3.162277660168379e-8,1.e-6,0.5307474802800373
3.162277660168379e-8,2.5118864315095823e-6,3.023948192872539
3.162277660168379e-8,6.30957344480193e-6,17.027686154288617
3.162277660168379e-8,0.00001584893192461114,95.46726355512627
3.162277660168379e-8,0.000039810717055349695,519.7486634906695
3.162277660168379e-8,0.0001,2582.160686746205
5.6234132519034905e-8,1.e-6,0.9438105706334532
5.6234132519034905e-8,2.5118864315095823e-6,5.377406709928488
5.6234132519034905e-8,6.30957344480193e-6,30.28000298426467
5.6234132519034905e-8,0.00001584893192461114,169.7671599725937
5.6234132519034905e-8,0.000039810717055349695,924.269131323286
5.6234132519034905e-8,0.0001,4591.734975051571
1.e-7,1.e-6,1.6783602351949691
1.e-7,2.5118864315095823e-6,9.562588492846201
1.e-7,6.30957344480193e-6,53.84635116570061
1.e-7,0.00001584893192461114,301.89406104574454
1.e-7,0.000039810717055349695,1643.6285432109319
1.e-7,0.0001,8165.964911797986
1.7782794100389227e-7,1.e-6,2.984595471667909
1.7782794100389227e-7,2.5118864315095823e-6,17.00474867693707
1.7782794100389227e-7,6.30957344480193e-6,95.75389651109796
1.7782794100389227e-7,0.00001584893192461114,536.8472928650397
1.7782794100389227e-7,0.000039810717055349695,2922.7723980616724
1.7782794100389227e-7,0.0001,14520.878423352726
3.162277660168379e-7,1.e-6,5.307431158212282
3.162277660168379e-7,2.5118864315095823e-6,30.239392782727606
3.162277660168379e-7,6.30957344480193e-6,170.27766071580496
3.162277660168379e-7,0.00001584893192461114,954.6670333038284
3.162277660168379e-7,0.000039810717055349695,5197.448591527911
3.162277660168379e-7,0.0001,25821.702301171084
5.62341325190349e-7,1.e-6,9.43811055482576
5.62341325190349e-7,2.5118864315095823e-6,53.77378933615693
5.62341325190349e-7,6.30957344480193e-6,302.8006115829126
5.62341325190349e-7,0.00001584893192461114,1697.6793134407756
5.62341325190349e-7,0.000039810717055349695,9242.83703799687
5.62341325190349e-7,0.0001,45918.62463860964
1.e-6,1.e-6,16.783632378326335
1.e-6,2.5118864315095823e-6,95.62543248487948
1.e-6,6.30957344480193e-6,538.4641842072808
1.e-6,0.00001584893192461114,3018.920651450456
1.e-6,0.000039810717055349695,16436.300544441
1.e-6,0.0001,81654.0389167118
