1.e-14,1.e-6,6.460033079964946e-8
1.e-14,2.5118864315095823e-6,3.6080354907184566e-7
1.e-14,6.30957344480193e-6,1.8985779765976754e-6
1.e-14,0.00001584893192461114,8.93228516202982e-6
1.e-14,0.000039810717055349695,0.00003878394864222729
1.e-14,0.0001,0.00017025149240969563
1.7782794100389227e-14,1.e-6,1.1487749901335013e-7
1.7782794100389227e-14,2.5118864315095823e-6,6.416061744716588e-7
1.7782794100389227e-14,6.30957344480193e-6,3.3761659657942764e-6
1.7782794100389227e-14,0.00001584893192461114,0.00001588449349031663
1.7782794100389227e-14,0.000039810717055349695,0.00006896630575738317
1.7782794100389227e-14,0.0001,0.0003027591413144093
3.1622776601683796e-14,1.e-6,2.0428464185893524e-7
3.1622776601683796e-14,2.5118864315095823e-6,1.140933590822346e-6
3.1622776601683796e-14,6.30957344480193e-6,6.0038751280958915e-6
3.1622776601683796e-14,0.00001584893192461114,0.000028246526103322443
3.1622776601683796e-14,0.000039810717055349695,0.0001226468276347219
3.1622776601683796e-14,0.0001,0.0005383903788145747
5.6234132519034906e-14,1.e-6,3.6327471253037915e-7
5.6234132519034906e-14,2.5118864315095823e-6,2.0289567061518296e-6
5.6234132519034906e-14,6.30957344480193e-6,0.000010676398539764627
5.6234132519034906e-14,0.00001584893192461114,0.00005022978198155
5.6234132519034906e-14,0.000039810717055349695,0.00021809945934982226
5.6234132519034906e-14,0.0001,0.000957391084991264
1.e-13,1.e-6,6.460055265515936e-7
1.e-13,2.5118864315095823e-6,3.608033739433916e-6
1.e-13,6.30957344480193e-6,0.000018986009196482007
1.e-13,0.00001584893192461114,0.00008932506568227852
1.e-13,0.000039810717055349695,0.0003878492383815271
1.e-13,0.0001,0.001702543634786162
1.7782794100389227e-13,1.e-6,1.148771081056718e-6
1.7782794100389227e-13,2.5118864315095823e-6,6.416034874840099e-6
1.7782794100389227e-13,6.30957344480193e-6,0.00003376299973067798
1.7782794100389227e-13,0.00001584893192461114,0.00015884601188739198
1.7782794100389227e-13,0.000039810717055349695,0.0006896784117015461
1.7782794100389227e-13,0.0001,0.0030276595135102645
3.162277660168379e-13,1.e-6,2.04283565609178e-6
3.162277660168379e-13,2.5118864315095823e-6,0.00001140934374612159
3.162277660168379e-13,6.30957344480193e-6,0.000060038619405468184
3.162277660168379e-13,0.00001584893192461114,0.000282466118437429
3.162277660168379e-13,0.000039810717055349695,0.001226442679452914
3.162277660168379e-13,0.0001,0.005383643684442663
5.62341325190349e-13,1.e-6,3.632753768678111e-6
5.62341325190349e-13,2.5118864315095823e-6,0.00002028929005579381
5.62341325190349e-13,6.30957344480193e-6,0.00010676717790585518
5.62341325190349e-13,0.00001584893192461114,0.0005022956117166808
5.62341325190349e-13,0.000039810717055349695,0.0021809830784973797
5.62341325190349e-13,0.0001,0.009574155862605504
1.e-12,1.e-6,6.460039274254696e-6
1.e-12,2.5118864315095823e-6,0.00003608056261403542
1.e-12,6.30957344480193e-6,0.00018985893568479407
1.e-12,0.00001584893192461114,0.0008932089299965462
1.e-12,0.000039810717055349695,0.0038783832232354293
1.e-12,0.0001,0.01702507275167154
1.7782794100389228e-12,1.e-6,0.000011487783609481782
1.7782794100389228e-12,2.5118864315095823e-6,0.00006416007790461686
1.7782794100389228e-12,6.30957344480193e-6,0.00033761477583284244
1.7782794100389228e-12,0.00001584893192461114,0.0015883796958019987
1.7782794100389228e-12,0.000039810717055349695,0.006896956352353382
1.7782794100389228e-12,0.0001,0.030275785189927927
3.1622776601683794e-12,1.e-6,0.000020428457308897793
3.1622776601683794e-12,2.5118864315095823e-6,0.00011409474384899715
3.1622776601683794e-12,6.30957344480193e-6,0.0006003712274491095
3.1622776601683794e-12,0.00001584893192461114,0.0028245784797898033
3.1622776601683794e-12,0.000039810717055349695,0.012264327911974354
3.1622776601683794e-12,0.0001,0.05383839331491893
5.6234132519034904e-12,1.e-6,0.00003632734056794619
5.6234132519034904e-12,2.5118864315095823e-6,0.00020289154073056267
5.6234132519034904e-12,6.30957344480193e-6,0.0010676497422245094
5.6234132519034904e-12,0.00001584893192461114,0.005023107723921735
5.6234132519034904e-12,0.000039810717055349695,0.021809737723976454
5.6234132519034904e-12,0.0001,0.09573966600663114
1.e-11,1.e-6,0.00006460053231935561
1.e-11,2.5118864315095823e-6,0.0003608009619956775
1.e-11,6.30957344480193e-6,0.0018986139474088007
1.e-11,0.00001584893192461114,0.00893232153172315
1.e-11,0.000039810717055349695,0.03878297444443461
1.e-11,0.0001,0.1702593313996067
1.7782794100389227e-11,1.e-6,0.00011487776335464832
1.7782794100389227e-11,2.5118864315095823e-6,0.0006416089955571472
1.7782794100389227e-11,6.30957344480193e-6,0.0033761522358509532
1.7782794100389227e-11,0.00001584893192461114,0.015884310917691852
1.7782794100389227e-11,0.000039810717055349695,0.06896797386722442
1.7782794100389227e-11,0.0001,0.30275946609320825
3.1622776601683794e-11,1.e-6,0.00020428395517208887
3.1622776601683794e-11,2.5118864315095823e-6,0.0011409397450176685
3.1622776601683794e-11,6.30957344480193e-6,0.006003843113111967
3.1622776601683794e-11,0.00001584893192461114,0.02824617885654722
3.1622776601683794e-11,0.000039810717055349695,0.12264144736442108
3.1622776601683794e-11,0.0001,0.538391107675749
5.6234132519034906e-11,1.e-6,0.00036327526022175574
5.6234132519034906e-11,2.5118864315095823e-6,0.0020289120218393336
5.6234132519034906e-11,6.30957344480193e-6,0.010676576885431195
5.6234132519034906e-11,0.00001584893192461114,0.05023109053971908
5.6234132519034906e-11,0.000039810717055349695,0.21808468148795518
5.6234132519034906e-11,0.0001,0.9573943080486116
1.e-10,1.e-6,0.0006460034591826509
1.e-10,2.5118864315095823e-6,0.00360797657687048
1.e-10,6.30957344480193e-6,0.018985773502783642
1.e-10,0.00001584893192461114,0.08932220673132393
1.e-10,0.000039810717055349695,0.38782958602776246
1.e-10,0.0001,1.7025294181980235
1.778279410038923e-10,1.e-6,0.0011487770658000194
1.778279410038923e-10,2.5118864315095823e-6,0.006416025000132691
1.778279410038923e-10,6.30957344480193e-6,0.03376189764784877
1.778279410038923e-10,0.00001584893192461114,0.15884021845263893
1.778279410038923e-10,0.000039810717055349695,0.6896675805392071
1.778279410038923e-10,0.0001,3.027574069975139
3.1622776601683795e-10,1.e-6,0.0020428354792268017
3.1622776601683795e-10,2.5118864315095823e-6,0.011409475730135269
3.1622776601683795e-10,6.30957344480193e-6,0.06003823542567549
3.1622776601683795e-10,0.00001584893192461114,0.28246253080141953
3.1622776601683795e-10,0.000039810717055349695,1.226442952757556
3.1622776601683795e-10,0.0001,5.383973278582321
5.623413251903491e-10,1.e-6,0.0036327279962087198
5.623413251903491e-10,2.5118864315095823e-6,0.020289203764274805
5.623413251903491e-10,6.30957344480193e-6,0.10676722695806277
5.623413251903491e-10,0.00001584893192461114,0.5022969382907468
5.623413251903491e-10,0.000039810717055349695,2.180978007693139
5.623413251903491e-10,0.0001,9.573968210525315
1.e-9,1.e-6,0.006460047948637912
1.e-9,2.5118864315095823e-6,0.03608028846042788
1.e-9,6.30957344480193e-6,0.18985511514434422
1.e-9,0.00001584893192461114,0.8932245897842134
1.e-9,0.000039810717055349695,3.8782518182617656
1.e-9,0.0001,17.025488571968314
1.7782794100389228e-9,1.e-6,0.011487682702788615
1.7782794100389228e-9,2.5118864315095823e-6,0.06416022178150413
1.7782794100389228e-9,6.30957344480193e-6,0.3376235045369493
1.7782794100389228e-9,0.00001584893192461114,1.5883728179809915
1.7782794100389228e-9,0.000039810717055349695,6.8969473956521625
1.7782794100389228e-9,0.0001,30.27609487586204
3.1622776601683795e-9,1.e-6,0.02042849869043383
3.1622776601683795e-9,2.5118864315095823e-6,0.11409572915570242
3.1622776601683795e-9,6.30957344480193e-6,0.600379864244616
3.1622776601683795e-9,0.00001584893192461114,2.824555724151217
3.1622776601683795e-9,0.000039810717055349695,12.26433551084732
3.1622776601683795e-9,0.0001,53.83709213484163
5.623413251903491e-9,1.e-6,0.03632732936938589
5.623413251903491e-9,2.5118864315095823e-6,0.2028918153818756
5.623413251903491e-9,6.30957344480193e-6,1.0676594233829992
5.623413251903491e-9,0.00001584893192461114,5.022985556612226
5.623413251903491e-9,0.000039810717055349695,21.80966456455328
5.623413251903491e-9,0.0001,95.73897231459802
1.e-8,1.e-6,0.06459996606191368
1.e-8,2.5118864315095823e-6,0.36079863731436157
1.e-8,6.30957344480193e-6,1.8986155620111096
1.e-8,0.00001584893192461114,8.93224282756578
1.e-8,0.000039810717055349695,38.78231205956403
1.e-8,0.0001,170.25812792390215
1.7782794100389228e-8,1.e-6,0.11487639124504997
1.7782794100389228e-8,2.5118864315095823e-6,0.6415947791977039
1.7782794100389228e-8,6.30957344480193e-6,3.3763071096522075
1.7782794100389228e-8,0.00001584893192461114,15.884511027621727
1.7782794100389228e-8,0.000039810717055349695,68.96681421092502
1.7782794100389228e-8,0.0001,302.7615357548929
3.162277660168379e-8,1.e-6,0.20428367296295602
3.162277660168379e-8,2.5118864315095823e-6,1.1409372613725954
3.162277660168379e-8,6.30957344480193e-6,6.003908886962995
3.162277660168379e-8,0.00001584893192461114,28.246521875354986
3.162277660168379e-8,0.000039810717055349695,122.64282250326299
3.162277660168379e-8,0.0001,538.3938216153529
5.6234132519034905e-8,1.e-6,0.36327466733453156
5.6234132519034905e-8,2.5118864315095823e-6,2.028919064211603
5.6234132519034905e-8,6.30957344480193e-6,10.67618493856149
5.6234132519034905e-8,0.00001584893192461114,50.229326154958564
5.6234132519034905e-8,0.000039810717055349695,218.09546887930546
5.6234132519034905e-8,0.0001,957.4110287907833
1.e-7,1.e-6,0.6460026969255642
1.e-7,2.5118864315095823e-6,3.608022679786495
1.e-7,6.30957344480193e-6,18.985489493176818
1.e-7,0.00001584893192461114,89.32594318354764
1.e-7,0.000039810717055349695,387.8311748066072
1.e-7,0.0001,1702.478144949161
1.7782794100389227e-7,1.e-6,1.1487815781767423
1.7782794100389227e-7,2.5118864315095823e-6,6.415999416105924
1.7782794100389227e-7,6.30957344480193e-6,33.76247094088232
1.7782794100389227e-7,0.00001584893192461114,158.84952588482716
1.7782794100389227e-7,0.000039810717055349695,689.6633681482197
1.7782794100389227e-7,0.0001,3027.5228994239924
3.162277660168379e-7,1.e-6,2.0428312860480577
3.162277660168379e-7,2.5118864315095823e-6,11.409387631379923
3.162277660168379e-7,6.30957344480193e-6,60.039513978363466
3.162277660168379e-7,0.00001584893192461114,282.4714732726319
3.162277660168379e-7,0.000039810717055349695,1226.4061809709835
3.162277660168379e-7,0.0001,5383.766629802128
5.62341325190349e-7,1.e-6,3.6327081479964076
5.62341325190349e-7,2.5118864315095823e-6,20.289059212064526
5.62341325190349e-7,6.30957344480193e-6,106.7637048262524
5.62341325190349e-7,0.00001584893192461114,502.3160742547998
5.62341325190349e-7,0.000039810717055349695,2180.8617707362723
5.62341325190349e-7,0.0001,9573.708534521404
1.e-6,1.e-6,6.460019847334775
1.e-6,2.5118864315095823e-6,36.079623895785346
1.e-6,6.30957344480193e-6,189.8563121184952
1.e-6,0.00001584893192461114,893.2267723060793
1.e-6,0.000039810717055349695,3878.502586323715
1.e-6,0.0001,17025.272123715204
