1.e-10,1.e-6,0.0001404074377691212
1.e-10,2.5118864315095823e-6,0.0007995919475540373
1.e-10,6.30957344480193e-6,0.004202370643780898
1.e-10,0.00001584893192461114,0.02119720721779915
1.e-10,0.000039810717055349695,0.10984457260674926
1.e-10,0.0001,0.6003437157860011
1.778279410038923e-10,1.e-6,0.00024968353212185965
1.778279410038923e-10,2.5118864315095823e-6,0.0014218603218131333
1.778279410038923e-10,6.30957344480193e-6,0.007473163160584957
1.778279410038923e-10,0.00001584893192461114,0.03769401320112736
1.778279410038923e-10,0.000039810717055349695,0.19533088149943392
1.778279410038923e-10,0.0001,1.0675830106858677
3.1622776601683795e-10,1.e-6,0.0004440113895150682
3.1622776601683795e-10,2.5118864315095823e-6,0.002528470581813685
3.1622776601683795e-10,6.30957344480193e-6,0.013289106208070257
3.1622776601683795e-10,0.00001584893192461114,0.0670314773273431
3.1622776601683795e-10,0.000039810717055349695,0.3473538567131231
3.1622776601683795e-10,0.0001,1.898462880575591
5.623413251903491e-10,1.e-6,0.0007895688456157193
5.623413251903491e-10,2.5118864315095823e-6,0.004496234455750392
5.623413251903491e-10,6.30957344480193e-6,0.023632092177881047
5.623413251903491e-10,0.00001584893192461114,0.1192065057627224
5.623413251903491e-10,0.000039810717055349695,0.617694683815593
5.623413251903491e-10,0.0001,3.376016188353817
1.e-9,1.e-6,0.001404092127257381
1.e-9,2.5118864315095823e-6,0.007995672628358815
1.e-9,6.30957344480193e-6,0.042024279692023804
1.e-9,0.00001584893192461114,0.21198086474104277
1.e-9,0.000039810717055349695,1.098422743015847
1.e-9,0.0001,6.003370711287668
1.7782794100389228e-9,1.e-6,0.0024968628891599617
1.7782794100389228e-9,2.5118864315095823e-6,0.014218535008000804
1.7782794100389228e-9,6.30957344480193e-6,0.07473330473518933
1.7782794100389228e-9,0.00001584893192461114,0.37694399240843535
1.7782794100389228e-9,0.000039810717055349695,1.9533074781108475
1.7782794100389228e-9,0.0001,10.675922371912183
3.1622776601683795e-9,1.e-6,0.004440090470084334
3.1622776601683795e-9,2.5118864315095823e-6,0.025284511076111526
3.1622776601683795e-9,6.30957344480193e-6,0.13289625283224094
3.1622776601683795e-9,0.00001584893192461114,0.670308507691449
3.1622776601683795e-9,0.000039810717055349695,3.4735398566163496
3.1622776601683795e-9,0.0001,18.984582008968662
5.623413251903491e-9,1.e-6,0.007895792741457637
5.623413251903491e-9,2.5118864315095823e-6,0.044964055427714894
5.623413251903491e-9,6.30957344480193e-6,0.23631736836403436
5.623413251903491e-9,0.00001584893192461114,1.191982721768152
5.623413251903491e-9,0.000039810717055349695,6.176844867059864
5.623413251903491e-9,0.0001,33.76017923805003
1.e-8,1.e-6,0.014040891406132645
1.e-8,2.5118864315095823e-6,0.07995788388420759
1.e-8,6.30957344480193e-6,0.420247396810013
1.e-8,0.00001584893192461114,2.1197297385973517
1.e-8,0.000039810717055349695,10.984237530986011
1.e-8,0.0001,60.033647031571626
1.7782794100389228e-8,1.e-6,0.024968177325578326
1.7782794100389228e-8,2.5118864315095823e-6,0.14218761530126497
1.7782794100389228e-8,6.30957344480193e-6,0.7473463210691771
1.7782794100389228e-8,0.00001584893192461114,3.7695078223736576
1.7782794100389228e-8,0.000039810717055349695,19.533117756273686
1.7782794100389228e-8,0.0001,106.75693936513265
3.162277660168379e-8,1.e-6,0.044400981213877026
3.162277660168379e-8,2.5118864315095823e-6,0.2528464029481182
3.162277660168379e-8,6.30957344480193e-6,1.3289416359780002
3.162277660168379e-8,0.00001584893192461114,6.7030592032597545
3.162277660168379e-8,0.000039810717055349695,34.735317075822316
3.162277660168379e-8,0.0001,189.84791191896784
5.6234132519034905e-8,1.e-6,0.07895787855932493
5.6234132519034905e-8,2.5118864315095823e-6,0.44962656333450624
5.6234132519034905e-8,6.30957344480193e-6,2.363228338686711
5.6234132519034905e-8,0.00001584893192461114,11.920226505418333
5.6234132519034905e-8,0.000039810717055349695,61.76888496430459
5.6234132519034905e-8,0.0001,337.5964683775537
1.e-7,1.e-6,0.14040751063217471
1.e-7,2.5118864315095823e-6,0.7995737463933131
1.e-7,6.30957344480193e-6,4.2025259734545
1.e-7,0.00001584893192461114,21.197369420918662
1.e-7,0.000039810717055349695,109.84139536761185
1.e-7,0.0001,600.3538555525597
1.7782794100389227e-7,1.e-6,0.2496823205311133
1.7782794100389227e-7,2.5118864315095823e-6,1.4218649421556946
1.7782794100389227e-7,6.30957344480193e-6,7.4730289173355695
1.7782794100389227e-7,0.00001584893192461114,37.694416624509024
1.7782794100389227e-7,0.000039810717055349695,195.32643201942616
1.7782794100389227e-7,0.0001,1067.5892564844044
3.162277660168379e-7,1.e-6,0.44400805047974357
3.162277660168379e-7,2.5118864315095823e-6,2.528559652442727
3.162277660168379e-7,6.30957344480193e-6,13.28932262286799
3.162277660168379e-7,0.00001584893192461114,67.03360542702562
3.162277660168379e-7,0.000039810717055349695,347.35722049056955
3.162277660168379e-7,0.0001,1898.4791590677064
5.62341325190349e-7,1.e-6,0.789565932951903
5.62341325190349e-7,2.5118864315095823e-6,4.496271335052917
5.62341325190349e-7,6.30957344480193e-6,23.63170558749372
5.62341325190349e-7,0.00001584893192461114,119.20766316493605
5.62341325190349e-7,0.000039810717055349695,617.6819211446721
5.62341325190349e-7,0.0001,3375.9875244517125
1.e-6,1.e-6,1.4040655003562936
1.e-6,2.5118864315095823e-6,7.995667059237523
1.e-6,6.30957344480193e-6,42.02440141767194
1.e-6,0.00001584893192461114,211.96656259718878
1.e-6,0.000039810717055349695,1098.4406686384445
1.e-6,0.0001,6003.38795405557
1.778279410038923e-6,1.e-6,2.496828441446954
1.778279410038923e-6,2.5118864315095823e-6,14.218862466484143
1.778279410038923e-6,6.30957344480193e-6,74.73413024277313
1.778279410038923e-6,0.00001584893192461114,376.93699781449834
1.778279410038923e-6,0.000039810717055349695,1953.3407906572836
1.778279410038923e-6,0.0001,10675.95057530754
3.162277660168379e-6,1.e-6,4.44008859373407
3.162277660168379e-6,2.5118864315095823e-6,25.285447153493035
3.162277660168379e-6,6.30957344480193e-6,132.8940904862389
3.162277660168379e-6,0.00001584893192461114,670.3150923001604
3.162277660168379e-6,0.000039810717055349695,3473.5371016212284
3.162277660168379e-6,0.0001,18984.461970353772
5.623413251903491e-6,1.e-6,7.895704371090899
5.623413251903491e-6,2.5118864315095823e-6,44.96310190543391
5.623413251903491e-6,6.30957344480193e-6,236.3292176982293
5.623413251903491e-6,0.00001584893192461114,1192.0175759059757
5.623413251903491e-6,0.000039810717055349695,6176.853270689062
5.623413251903491e-6,0.0001,33759.72025140511
0.00001,1.e-6,14.040593361548863
0.00001,2.5118864315095823e-6,79.95722409692404
0.00001,6.30957344480193e-6,420.23135204322114
0.00001,0.00001584893192461114,2119.7671443506824
0.00001,0.000039810717055349695,10984.15802101458
0.00001,0.0001,60035.02085962013
0.00001778279410038923,1.e-6,24.968252787320036
0.00001778279410038923,2.5118864315095823e-6,142.1826374920079
0.00001778279410038923,6.30957344480193e-6,747.3117475869338
0.00001778279410038923,0.00001584893192461114,3769.375546740395
0.00001778279410038923,0.000039810717055349695,19532.7447085265
0.00001778279410038923,0.0001,106756.9888298272
0.000031622776601683795,1.e-6,44.3995148124041
0.000031622776601683795,2.5118864315095823e-6,252.84500855271287
0.000031622776601683795,6.30957344480193e-6,1328.8981591737418
0.000031622776601683795,0.00001584893192461114,6702.904082756625
0.000031622776601683795,0.000039810717055349695,34733.786966406704
0.000031622776601683795,0.0001,189843.2578702212
0.00005623413251903491,1.e-6,78.95366147221006
0.00005623413251903491,2.5118864315095823e-6,449.6085851892397
0.00005623413251903491,6.30957344480193e-6,2363.11130953051
0.00005623413251903491,0.00001584893192461114,11919.300866976359
0.00005623413251903491,0.000039810717055349695,61765.52547678071
0.00005623413251903491,0.0001,337588.8656743628
0.0001,1.e-6,140.39842631831633
0.0001,2.5118864315095823e-6,799.5313079601086
0.0001,6.30957344480193e-6,4202.0481312753855
0.0001,0.00001584893192461114,21195.972213684425
0.0001,0.000039810717055349695,109835.25645786124
0.0001,0.0001,600306.1980005417
