1.e-14,1.e-6,1.1493517810607092e-6
1.e-14,2.5118864315095823e-6,6.392324516465992e-6
1.e-14,6.30957344480193e-6,0.000033570508455243104
1.e-14,0.00001584893192461114,0.00015716463714779996
1.e-14,0.000039810717055349695,0.0006714551938776137
1.e-14,0.0001,0.0028690197887053337
1.7782794100389227e-14,1.e-6,2.0438654789401917e-6
1.7782794100389227e-14,2.5118864315095823e-6,0.000011367198260699526
1.7782794100389227e-14,6.30957344480193e-6,0.000059698217907242425
1.7782794100389227e-14,0.00001584893192461114,0.00027947581514594044
1.7782794100389227e-14,0.000039810717055349695,0.0011939390502194679
1.7782794100389227e-14,0.0001,0.0051020218387449745
3.1622776601683796e-14,1.e-6,3.6345663419425047e-6
3.1622776601683796e-14,2.5118864315095823e-6,0.00002021419073214739
3.1622776601683796e-14,6.30957344480193e-6,0.00010616033598106942
3.1622776601683796e-14,0.00001584893192461114,0.0004969760230286274
3.1622776601683796e-14,0.000039810717055349695,0.002123266211681687
3.1622776601683796e-14,0.0001,0.009072825396569036
5.6234132519034906e-14,1.e-6,6.463281902225758e-6
5.6234132519034906e-14,2.5118864315095823e-6,0.00003594614494801169
5.6234132519034906e-14,6.30957344480193e-6,0.0001887859686582136
5.6234132519034906e-14,0.00001584893192461114,0.0008837730374979564
5.6234132519034906e-14,0.000039810717055349695,0.003775734690202715
5.6234132519034906e-14,0.0001,0.01613272585542517
1.e-13,1.e-6,0.000011493558344986997
1.e-13,2.5118864315095823e-6,0.00006392218043688282
1.e-13,6.30957344480193e-6,0.00033570247342526547
1.e-13,0.00001584893192461114,0.0015716190805030688
1.e-13,0.000039810717055349695,0.006714390189860575
1.e-13,0.0001,0.02869024247617096
1.7782794100389227e-13,1.e-6,0.000020438682597308917
1.7782794100389227e-13,2.5118864315095823e-6,0.00011367304278903171
1.7782794100389227e-13,6.30957344480193e-6,0.0005969789915613226
1.7782794100389227e-13,0.00001584893192461114,0.0027947619811595297
1.7782794100389227e-13,0.000039810717055349695,0.01194053942954698
1.7782794100389227e-13,0.0001,0.0510202260332513
3.162277660168379e-13,1.e-6,0.000036345763947880824
3.162277660168379e-13,2.5118864315095823e-6,0.00020214446881801142
3.162277660168379e-13,6.30957344480193e-6,0.0010615785371052302
3.162277660168379e-13,0.00001584893192461114,0.004970057284069258
3.162277660168379e-13,0.000039810717055349695,0.021232572596003602
3.162277660168379e-13,0.0001,0.09072918725949759
5.62341325190349e-13,1.e-6,0.00006463303364355943
5.62341325190349e-13,2.5118864315095823e-6,0.00035946794722110974
5.62341325190349e-13,6.30957344480193e-6,0.0018877766324865112
5.62341325190349e-13,0.00001584893192461114,0.008837870106824583
5.62341325190349e-13,0.000039810717055349695,0.037756790851440986
5.62341325190349e-13,0.0001,0.16133589428130324
1.e-12,1.e-6,0.00011493574696369363
1.e-12,2.5118864315095823e-6,0.0006392321654002127
1.e-12,6.30957344480193e-6,0.0033570342379554753
1.e-12,0.00001584893192461114,0.015715541509347064
1.e-12,0.000039810717055349695,0.06714507090519468
1.e-12,0.0001,0.2869030290313313
1.7782794100389228e-12,1.e-6,0.00020438738838713777
1.7782794100389228e-12,2.5118864315095823e-6,0.0011367326780498538
1.7782794100389228e-12,6.30957344480193e-6,0.005969674923545744
1.7782794100389228e-12,0.00001584893192461114,0.027947137801358227
1.7782794100389228e-12,0.000039810717055349695,0.11940322734187206
1.7782794100389228e-12,0.0001,0.5101885112444338
3.1622776601683794e-12,1.e-6,0.00036345780435266127
3.1622776601683794e-12,2.5118864315095823e-6,0.0020214114580686705
3.1622776601683794e-12,6.30957344480193e-6,0.010615563123142874
3.1622776601683794e-12,0.00001584893192461114,0.049699149120699476
3.1622776601683794e-12,0.000039810717055349695,0.21232310039994648
3.1622776601683794e-12,0.0001,0.9072805102958551
5.6234132519034904e-12,1.e-6,0.0006463287024394701
5.6234132519034904e-12,2.5118864315095823e-6,0.0035946242532790247
5.6234132519034904e-12,6.30957344480193e-6,0.018877900375007653
5.6234132519034904e-12,0.00001584893192461114,0.08837798497552292
5.6234132519034904e-12,0.000039810717055349695,0.37757756670020987
5.6234132519034904e-12,0.0001,1.6134242996337667
1.e-11,1.e-6,0.0011493595451869203
1.e-11,2.5118864315095823e-6,0.006392365058873171
1.e-11,6.30957344480193e-6,0.03356982065794189
1.e-11,0.00001584893192461114,0.157163576828195
1.e-11,0.000039810717055349695,0.6714292283201784
1.e-11,0.0001,2.869051164912281
1.7782794100389227e-11,1.e-6,0.0020438746125049936
1.7782794100389227e-11,2.5118864315095823e-6,0.011367281674664375
1.7782794100389227e-11,6.30957344480193e-6,0.05969778821872185
1.7782794100389227e-11,0.00001584893192461114,0.27947967190178574
1.7782794100389227e-11,0.000039810717055349695,1.1939991804119086
1.7782794100389227e-11,0.0001,5.101945362592351
3.1622776601683794e-11,1.e-6,0.003634582164210164
3.1622776601683794e-11,2.5118864315095823e-6,0.02021410960982614
3.1622776601683794e-11,6.30957344480193e-6,0.10616013026345301
3.1622776601683794e-11,0.00001584893192461114,0.4969875873985736
3.1622776601683794e-11,0.000039810717055349695,2.123276936879767
3.1622776601683794e-11,0.0001,9.072732803865902
5.6234132519034906e-11,1.e-6,0.006463312036520463
5.6234132519034906e-11,2.5118864315095823e-6,0.03594700422515775
5.6234132519034906e-11,6.30957344480193e-6,0.18877916070070774
5.6234132519034906e-11,0.00001584893192461114,0.8838127984175744
5.6234132519034906e-11,0.000039810717055349695,3.77573364446108
5.6234132519034906e-11,0.0001,16.133724275903106
1.e-10,1.e-6,0.011493564573167903
1.e-10,2.5118864315095823e-6,0.0639229065311131
1.e-10,6.30957344480193e-6,0.3357108815247577
1.e-10,0.00001584893192461114,1.5715882706719841
1.e-10,0.000039810717055349695,6.714222918484822
1.e-10,0.0001,28.690398163720225
1.778279410038923e-10,1.e-6,0.020438724003716574
1.778279410038923e-10,2.5118864315095823e-6,0.11367354399750992
1.778279410038923e-10,6.30957344480193e-6,0.5969705101801076
1.778279410038923e-10,0.00001584893192461114,2.794854483192437
1.778279410038923e-10,0.000039810717055349695,11.940615859313445
1.778279410038923e-10,0.0001,51.01887183794977
3.1622776601683795e-10,1.e-6,0.03634572078069434
3.1622776601683795e-10,2.5118864315095823e-6,0.2021422402082645
3.1622776601683795e-10,6.30957344480193e-6,1.0616194547732583
3.1622776601683795e-10,0.00001584893192461114,4.969839188567885
3.1622776601683795e-10,0.000039810717055349695,21.232546651919822
3.1622776601683795e-10,0.0001,90.7261781973822
5.623413251903491e-10,1.e-6,0.0646328225297013
5.623413251903491e-10,2.5118864315095823e-6,0.3594660867222606
5.623413251903491e-10,6.30957344480193e-6,1.8878060734341362
5.623413251903491e-10,0.00001584893192461114,8.837883093303933
5.623413251903491e-10,0.000039810717055349695,37.75586889540992
5.623413251903491e-10,0.0001,161.33888249544046
1.e-9,1.e-6,0.11493501058307715
1.e-9,2.5118864315095823e-6,0.6392235307380246
1.e-9,6.30957344480193e-6,3.357068820089122
1.e-9,0.00001584893192461114,15.715805003805544
1.e-9,0.000039810717055349695,67.14188423249357
1.e-9,0.0001,286.90420127104306
1.7782794100389228e-9,1.e-6,0.2043865376816476
1.7782794100389228e-9,2.5118864315095823e-6,1.136727925913095
1.7782794100389228e-9,6.30957344480193e-6,5.969738862852429
1.7782794100389228e-9,0.00001584893192461114,27.947731830281686
1.7782794100389228e-9,0.000039810717055349695,119.39797147767639
1.7782794100389228e-9,0.0001,510.19641210495394
3.1622776601683795e-9,1.e-6,0.36345815055639497
3.1622776601683795e-9,2.5118864315095823e-6,2.021416274478106
3.1622776601683795e-9,6.30957344480193e-6,10.615853684260678
3.1622776601683795e-9,0.00001584893192461114,49.69722978148357
3.1622776601683795e-9,0.000039810717055349695,212.33128151303345
3.1622776601683795e-9,0.0001,907.291349564737
5.623413251903491e-9,1.e-6,0.6463278528133545
5.623413251903491e-9,2.5118864315095823e-6,3.5946279084323876
5.623413251903491e-9,6.30957344480193e-6,18.87866016790898
5.623413251903491e-9,0.00001584893192461114,88.37874045721624
5.623413251903491e-9,0.000039810717055349695,377.5931607099858
5.623413251903491e-9,0.0001,1613.3780947448265
1.e-8,1.e-6,1.1493499073263678
1.e-8,2.5118864315095823e-6,6.392273815645315
1.e-8,6.30957344480193e-6,33.57058663828237
1.e-8,0.00001584893192461114,157.1599982994542
1.e-8,0.000039810717055349695,671.437185039686
1.e-8,0.0001,2869.1082877086737
1.7782794100389228e-8,1.e-6,2.0438607046937207
1.7782794100389228e-8,2.5118864315095823e-6,11.367487162579419
1.7782794100389228e-8,6.30957344480193e-6,59.69913785374259
1.7782794100389228e-8,0.00001584893192461114,279.4743254666022
1.7782794100389228e-8,0.000039810717055349695,1193.9595779816116
1.7782794100389228e-8,0.0001,5102.010312897788
3.162277660168379e-8,1.e-6,3.6345787946723354
3.162277660168379e-8,2.5118864315095823e-6,20.2144068428079
3.162277660168379e-8,6.30957344480193e-6,106.15896848317388
3.162277660168379e-8,0.00001584893192461114,496.9638306356687
3.162277660168379e-8,0.000039810717055349695,2123.3366717520657
3.162277660168379e-8,0.0001,9073.028564012651
5.6234132519034905e-8,1.e-6,6.463262548293867
5.6234132519034905e-8,2.5118864315095823e-6,35.94666206219467
5.6234132519034905e-8,6.30957344480193e-6,188.77616551915006
5.6234132519034905e-8,0.00001584893192461114,883.7831665882265
5.6234132519034905e-8,0.000039810717055349695,3775.6712844718254
5.6234132519034905e-8,0.0001,16133.703418082772
1.e-7,1.e-6,11.493480622328644
1.e-7,2.5118864315095823e-6,63.92226340206288
1.e-7,6.30957344480193e-6,335.7046599007257
1.e-7,0.00001584893192461114,1571.6032781413503
1.e-7,0.000039810717055349695,6714.337038162939
1.e-7,0.0001,28691.194670952573
1.7782794100389227e-7,1.e-6,20.438733684147167
1.7782794100389227e-7,2.5118864315095823e-6,113.67416534617007
1.7782794100389227e-7,6.30957344480193e-6,596.9713393747952
1.7782794100389227e-7,0.00001584893192461114,2794.80537889671
1.7782794100389227e-7,0.000039810717055349695,11939.686207294264
1.7782794100389227e-7,0.0001,51017.99061615156
3.162277660168379e-7,1.e-6,36.34582970821273
3.162277660168379e-7,2.5118864315095823e-6,202.14371456554102
3.162277660168379e-7,6.30957344480193e-6,1061.5953101236275
3.162277660168379e-7,0.00001584893192461114,4970.018892282201
3.162277660168379e-7,0.000039810717055349695,21231.875372172493
3.162277660168379e-7,0.0001,90726.35232310423
5.62341325190349e-7,1.e-6,64.63292837864765
5.62341325190349e-7,2.5118864315095823e-6,359.46818318574674
5.62341325190349e-7,6.30957344480193e-6,1887.7604244067104
5.62341325190349e-7,0.00001584893192461114,8837.698529320553
5.62341325190349e-7,0.000039810717055349695,37757.64094234376
5.62341325190349e-7,0.0001,161335.51636006337
1.e-6,1.e-6,114.93498113339903
1.e-6,2.5118864315095823e-6,639.2327124591857
1.e-6,6.30957344480193e-6,3357.0847728536623
1.e-6,0.00001584893192461114,15715.943658794811
1.e-6,0.000039810717055349695,67142.63446131587
1.e-6,0.0001,286900.39352284005
