1.e-14,1.e-6,2.038265607442533e-6
1.e-14,2.5118864315095823e-6,0.000011382935501653638
1.e-14,6.30957344480193e-6,0.00006075141821762523
1.e-14,0.00001584893192461114,0.0002910281368259011
1.e-14,0.000039810717055349695,0.0012560224256856383
1.e-14,0.0001,0.005327299064196727
1.7782794100389227e-14,1.e-6,3.6246158400826787e-6
1.7782794100389227e-14,2.5118864315095823e-6,0.000020241931246967297
1.7782794100389227e-14,6.30957344480193e-6,0.0001080321171689162
1.7782794100389227e-14,0.00001584893192461114,0.0005175288969156409
1.7782794100389227e-14,0.000039810717055349695,0.0022335981987707952
1.7782794100389227e-14,0.0001,0.009473679786033811
3.1622776601683796e-14,1.e-6,6.445528234698505e-6
3.1622776601683796e-14,2.5118864315095823e-6,0.000035995965230562724
3.1622776601683796e-14,6.30957344480193e-6,0.0001921096789975094
3.1622776601683796e-14,0.00001584893192461114,0.0009203445779270631
3.1622776601683796e-14,0.000039810717055349695,0.003971887246121795
3.1622776601683796e-14,0.0001,0.016847488479917083
5.6234132519034906e-14,1.e-6,0.000011462003627499583
5.6234132519034906e-14,2.5118864315095823e-6,0.00006401112762325077
5.6234132519034906e-14,6.30957344480193e-6,0.00034162312140254995
5.6234132519034906e-14,0.00001584893192461114,0.0016365927048085718
5.6234132519034906e-14,0.000039810717055349695,0.0070634327786330935
5.6234132519034906e-14,0.0001,0.029958374346712408
1.e-13,1.e-6,0.000020382700416496316
1.e-13,2.5118864315095823e-6,0.00011382866250750005
1.e-13,6.30957344480193e-6,0.0006075090239163309
1.e-13,0.00001584893192461114,0.002910312336973343
1.e-13,0.000039810717055349695,0.012560704634347884
1.e-13,0.0001,0.05327477324227921
1.7782794100389227e-13,1.e-6,0.000036246116077895476
1.7782794100389227e-13,2.5118864315095823e-6,0.000202419496542068
1.7782794100389227e-13,6.30957344480193e-6,0.0010803240370826786
1.7782794100389227e-13,0.00001584893192461114,0.0051752545628416784
1.7782794100389227e-13,0.000039810717055349695,0.0223367498474167
1.7782794100389227e-13,0.0001,0.09474083289379857
3.162277660168379e-13,1.e-6,0.0000644557302010161
3.162277660168379e-13,2.5118864315095823e-6,0.00035995778360572745
3.162277660168379e-13,6.30957344480193e-6,0.0019211202134973154
3.162277660168379e-13,0.00001584893192461114,0.009202987455951375
3.162277660168379e-13,0.000039810717055349695,0.03972074460289697
3.162277660168379e-13,0.0001,0.16846997189775756
5.62341325190349e-13,1.e-6,0.00011462086434804366
5.62341325190349e-13,2.5118864315095823e-6,0.0006401052566691723
5.62341325190349e-13,6.30957344480193e-6,0.003416295211244115
5.62341325190349e-13,0.00001584893192461114,0.01636565709342677
5.62341325190349e-13,0.000039810717055349695,0.07063234247803866
5.62341325190349e-13,0.0001,0.29958380075778895
1.e-12,1.e-6,0.00020382770807217897
1.e-12,2.5118864315095823e-6,0.0011382929011192302
1.e-12,6.30957344480193e-6,0.006075154568308883
1.e-12,0.00001584893192461114,0.029102743037114815
1.e-12,0.000039810717055349695,0.1256026241436576
1.e-12,0.0001,0.5327505742860554
1.7782794100389228e-12,1.e-6,0.0003624626763653511
1.7782794100389228e-12,2.5118864315095823e-6,0.0020242085483198587
1.7782794100389228e-12,6.30957344480193e-6,0.010803359660403153
1.7782794100389228e-12,0.00001584893192461114,0.051754717034535276
1.7782794100389228e-12,0.000039810717055349695,0.2233656162024926
1.7782794100389228e-12,0.0001,0.9473811999595106
3.1622776601683794e-12,1.e-6,0.0006445596727948792
3.1622776601683794e-12,2.5118864315095823e-6,0.003599623445796891
3.1622776601683794e-12,6.30957344480193e-6,0.01921087671134842
3.1622776601683794e-12,0.00001584893192461114,0.09202825992981152
3.1622776601683794e-12,0.000039810717055349695,0.3971946419408249
3.1622776601683794e-12,0.0001,1.684713724690806
5.6234132519034904e-12,1.e-6,0.0011462051181851784
5.6234132519034904e-12,2.5118864315095823e-6,0.006401128711883651
5.6234132519034904e-12,6.30957344480193e-6,0.03416285738763846
5.6234132519034904e-12,0.00001584893192461114,0.16365473004071987
5.6234132519034904e-12,0.000039810717055349695,0.7063517913285927
5.6234132519034904e-12,0.0001,2.9959300042524775
1.e-11,1.e-6,0.002038267668950924
1.e-11,2.5118864315095823e-6,0.011382854993311141
1.e-11,6.30957344480193e-6,0.06075046174543794
1.e-11,0.00001584893192461114,0.2910346902238062
1.e-11,0.000039810717055349695,1.2560133155779794
1.e-11,0.0001,5.32728760224572
1.7782794100389227e-11,1.e-6,0.003624595772127509
1.7782794100389227e-11,2.5118864315095823e-6,0.020241972902728986
1.7782794100389227e-11,6.30957344480193e-6,0.10803344330734506
1.7782794100389227e-11,0.00001584893192461114,0.5175359519533193
1.7782794100389227e-11,0.000039810717055349695,2.233625152859375
1.7782794100389227e-11,0.0001,9.474058860175598
3.1622776601683794e-11,1.e-6,0.00644555384639169
3.1622776601683794e-11,2.5118864315095823e-6,0.03599585492091177
3.1622776601683794e-11,6.30957344480193e-6,0.1921105428441227
3.1622776601683794e-11,0.00001584893192461114,0.9203664294151931
3.1622776601683794e-11,0.000039810717055349695,3.97196293646059
3.1622776601683794e-11,0.0001,16.84710673588124
5.6234132519034906e-11,1.e-6,0.011462065601927
5.6234132519034906e-11,2.5118864315095823e-6,0.06401126513808789
5.6234132519034906e-11,6.30957344480193e-6,0.3416250495556073
5.6234132519034906e-11,0.00001584893192461114,1.636564134706019
5.6234132519034906e-11,0.000039810717055349695,7.06354833434817
5.6234132519034906e-11,0.0001,29.957946649353598
1.e-10,1.e-6,0.020382741909884067
1.e-10,2.5118864315095823e-6,0.11382904203825492
1.e-10,6.30957344480193e-6,0.6075136869296096
1.e-10,0.00001584893192461114,2.9102834007549854
1.e-10,0.000039810717055349695,12.560836847229384
1.e-10,0.0001,53.274308243701206
1.778279410038923e-10,1.e-6,0.036246159064942905
1.778279410038923e-10,2.5118864315095823e-6,0.20242153228585427
1.778279410038923e-10,6.30957344480193e-6,1.0803270267010587
1.778279410038923e-10,0.00001584893192461114,5.1754878859297575
1.778279410038923e-10,0.000039810717055349695,22.336004414971146
1.778279410038923e-10,0.0001,94.7364563619823
3.1622776601683795e-10,1.e-6,0.06445566059278206
3.1622776601683795e-10,2.5118864315095823e-6,0.3599604731435951
3.1622776601683795e-10,6.30957344480193e-6,1.921097222574675
3.1622776601683795e-10,0.00001584893192461114,9.202967129200543
3.1622776601683795e-10,0.000039810717055349695,39.719244230917916
3.1622776601683795e-10,0.0001,168.46646035283717
5.623413251903491e-10,1.e-6,0.11462034738796827
5.623413251903491e-10,2.5118864315095823e-6,0.6401086365131017
5.623413251903491e-10,6.30957344480193e-6,3.416353362470382
5.623413251903491e-10,0.00001584893192461114,16.36552168544041
5.623413251903491e-10,0.000039810717055349695,70.63311502842906
5.623413251903491e-10,0.0001,299.57727764912664
1.e-9,1.e-6,0.2038272209334096
1.e-9,2.5118864315095823e-6,1.138293616139592
1.e-9,6.30957344480193e-6,6.075067477457765
1.e-9,0.00001584893192461114,29.10285200283521
1.e-9,0.000039810717055349695,125.60961626875608
1.e-9,0.0001,532.7444331970772
