1.e-14,1.e-6,2.297468902014399e-6
1.e-14,2.5118864315095823e-6,0.00001284069049791982
1.e-14,6.30957344480193e-6,0.00006877945283644275
1.e-14,0.00001584893192461114,0.0003313787532736541
1.e-14,0.000039810717055349695,0.0014346364641662143
1.e-14,0.0001,0.006076685838140136
1.7782794100389227e-14,1.e-6,4.085542022112957e-6
1.7782794100389227e-14,2.5118864315095823e-6,0.000022834152588646266
1.7782794100389227e-14,6.30957344480193e-6,0.00012230732666952812
1.7782794100389227e-14,0.00001584893192461114,0.0005892972795196751
1.7782794100389227e-14,0.000039810717055349695,0.0025510976864530736
1.7782794100389227e-14,0.0001,0.010805773910379799
3.1622776601683796e-14,1.e-6,7.26522155427103e-6
3.1622776601683796e-14,2.5118864315095823e-6,0.0000406060570486114
3.1622776601683796e-14,6.30957344480193e-6,0.0002174984710739688
3.1622776601683796e-14,0.00001584893192461114,0.0010479184356438332
3.1622776601683796e-14,0.000039810717055349695,0.004536649718540287
3.1622776601683796e-14,0.0001,0.019214576789271107
5.6234132519034906e-14,1.e-6,0.000012919630601666928
5.6234132519034906e-14,2.5118864315095823e-6,0.00007220859908962414
5.6234132519034906e-14,6.30957344480193e-6,0.0003867688679063295
5.6234132519034906e-14,0.00001584893192461114,0.0018635784121574016
5.6234132519034906e-14,0.000039810717055349695,0.00806761537072987
5.6234132519034906e-14,0.0001,0.03416981031442238
1.e-13,1.e-6,0.000022974654766528147
1.e-13,2.5118864315095823e-6,0.00012840593521433932
1.e-13,6.30957344480193e-6,0.0006877932897127744
1.e-13,0.00001584893192461114,0.003313759395565284
1.e-13,0.000039810717055349695,0.014346294842343796
1.e-13,0.0001,0.06076589771936272
1.7782794100389227e-13,1.e-6,0.00004085544664463551
1.7782794100389227e-13,2.5118864315095823e-6,0.00022834030555242524
1.7782794100389227e-13,6.30957344480193e-6,0.0012230684316382357
1.7782794100389227e-13,0.00001584893192461114,0.005892904843005969
1.7782794100389227e-13,0.000039810717055349695,0.025511091336562482
1.7782794100389227e-13,0.0001,0.10805247421739118
3.162277660168379e-13,1.e-6,0.00007265228974290294
3.162277660168379e-13,2.5118864315095823e-6,0.00040605489066420486
3.162277660168379e-13,6.30957344480193e-6,0.002175014405195986
3.162277660168379e-13,0.00001584893192461114,0.010479425285489377
3.162277660168379e-13,0.000039810717055349695,0.045368190150644624
3.162277660168379e-13,0.0001,0.19214896777053783
5.62341325190349e-13,1.e-6,0.00012919597949939262
5.62341325190349e-13,2.5118864315095823e-6,0.0007220837753091641
5.62341325190349e-13,6.30957344480193e-6,0.003867734603736953
5.62341325190349e-13,0.00001584893192461114,0.018635523374979906
5.62341325190349e-13,0.000039810717055349695,0.08067193249974634
5.62341325190349e-13,0.0001,0.34170649517982093
1.e-12,1.e-6,0.00022974680487569292
1.e-12,2.5118864315095823e-6,0.0012840583359245662
1.e-12,6.30957344480193e-6,0.006877940146743029
1.e-12,0.00001584893192461114,0.03313745998726404
1.e-12,0.000039810717055349695,0.1434559538524038
1.e-12,0.0001,0.607673403793325
1.7782794100389228e-12,1.e-6,0.0004085554333599548
1.7782794100389228e-12,2.5118864315095823e-6,0.0022834320123273967
1.7782794100389228e-12,6.30957344480193e-6,0.01223083407122819
1.7782794100389228e-12,0.00001584893192461114,0.05892900943095039
1.7782794100389228e-12,0.000039810717055349695,0.25511695975046805
1.7782794100389228e-12,0.0001,1.0805743566692207
3.1622776601683794e-12,1.e-6,0.0007265213716418289
3.1622776601683794e-12,2.5118864315095823e-6,0.004060552118512286
3.1622776601683794e-12,6.30957344480193e-6,0.021750325068915152
3.1622776601683794e-12,0.00001584893192461114,0.1047959356558081
3.1622776601683794e-12,0.000039810717055349695,0.4536865589910588
3.1622776601683794e-12,0.0001,1.9215374005263708
5.6234132519034904e-12,1.e-6,0.0012919638918466507
5.6234132519034904e-12,2.5118864315095823e-6,0.007220804062904018
5.6234132519034904e-12,6.30957344480193e-6,0.038677240758361875
5.6234132519034904e-12,0.00001584893192461114,0.18635461135791673
5.6234132519034904e-12,0.000039810717055349695,0.8067168543963215
5.6234132519034904e-12,0.0001,3.4168860657993863
1.e-11,1.e-6,0.002297475419751426
1.e-11,2.5118864315095823e-6,0.012840501307637113
1.e-11,6.30957344480193e-6,0.06877916885434845
1.e-11,0.00001584893192461114,0.3313818570862394
1.e-11,0.000039810717055349695,1.434586738484676
1.e-11,0.0001,6.07670031689354
1.7782794100389227e-11,1.e-6,0.00408554523619505
1.7782794100389227e-11,2.5118864315095823e-6,0.022834106478086702
1.7782794100389227e-11,6.30957344480193e-6,0.12230382016217696
1.7782794100389227e-11,0.00001584893192461114,0.5893125789216554
1.7782794100389227e-11,0.000039810717055349695,2.551121735362526
1.7782794100389227e-11,0.0001,10.805721801306772
3.1622776601683794e-11,1.e-6,0.007265227712769582
3.1622776601683794e-11,2.5118864315095823e-6,0.040605570975973684
3.1622776601683794e-11,6.30957344480193e-6,0.2174985284695177
3.1622776601683794e-11,0.00001584893192461114,1.0479180669275814
3.1622776601683794e-11,0.000039810717055349695,4.536665660343851
3.1622776601683794e-11,0.0001,19.21487133166183
5.6234132519034906e-11,1.e-6,0.012919632847517558
5.6234132519034906e-11,2.5118864315095823e-6,0.07220829114829833
5.6234132519034906e-11,6.30957344480193e-6,0.386771111139062
5.6234132519034906e-11,0.00001584893192461114,1.8635613021018744
5.6234132519034906e-11,0.000039810717055349695,8.067394168850003
5.6234132519034906e-11,0.0001,34.17155443956033
1.e-10,1.e-6,0.022974726218710557
1.e-10,2.5118864315095823e-6,0.12840689247001003
1.e-10,6.30957344480193e-6,0.6877946447516279
1.e-10,0.00001584893192461114,3.313704822468879
1.e-10,0.000039810717055349695,14.345596646684147
1.e-10,0.0001,60.76469200864076
1.778279410038923e-10,1.e-6,0.040855423813320656
1.778279410038923e-10,2.5118864315095823e-6,0.22834400392048188
1.778279410038923e-10,6.30957344480193e-6,1.2230863511883023
1.778279410038923e-10,0.00001584893192461114,5.893016616136494
1.778279410038923e-10,0.000039810717055349695,25.51195999528434
1.778279410038923e-10,0.0001,108.05153879978384
3.1622776601683795e-10,1.e-6,0.0726523146957378
3.1622776601683795e-10,2.5118864315095823e-6,0.406059772873267
3.1622776601683795e-10,6.30957344480193e-6,2.1750123687394876
3.1622776601683795e-10,0.00001584893192461114,10.479597340397875
3.1622776601683795e-10,0.000039810717055349695,45.367913133922514
3.1622776601683795e-10,0.0001,192.15033778268165
5.623413251903491e-10,1.e-6,0.1291962471773325
5.623413251903491e-10,2.5118864315095823e-6,0.7220856248813287
5.623413251903491e-10,6.30957344480193e-6,3.86766985542108
5.623413251903491e-10,0.00001584893192461114,18.635222752664205
5.623413251903491e-10,0.000039810717055349695,80.67446435471834
5.623413251903491e-10,0.0001,341.7031790482788
1.e-9,1.e-6,0.22974681945202108
1.e-9,2.5118864315095823e-6,1.284048589603124
1.e-9,6.30957344480193e-6,6.878087700497487
1.e-9,0.00001584893192461114,33.137945362618964
1.e-9,0.000039810717055349695,143.46182949307925
1.e-9,0.0001,607.6672058135617
1.7782794100389228e-9,1.e-6,0.4085552193680425
1.7782794100389228e-9,2.5118864315095823e-6,2.2834021447122144
1.7782794100389228e-9,6.30957344480193e-6,12.230926939571402
1.7782794100389228e-9,0.00001584893192461114,58.9314676992985
1.7782794100389228e-9,0.000039810717055349695,255.11424484124785
1.7782794100389228e-9,0.0001,1080.5417193189355
3.1622776601683795e-9,1.e-6,0.7265226128870591
3.1622776601683795e-9,2.5118864315095823e-6,4.060538402006261
3.1622776601683795e-9,6.30957344480193e-6,21.749969109484585
3.1622776601683795e-9,0.00001584893192461114,104.79524992113127
3.1622776601683795e-9,0.000039810717055349695,453.6546703427369
3.1622776601683795e-9,0.0001,1921.5677005154678
5.623413251903491e-9,1.e-6,1.29196157648484
5.623413251903491e-9,2.5118864315095823e-6,7.220779177284992
5.623413251903491e-9,6.30957344480193e-6,38.67662578185695
5.623413251903491e-9,0.00001584893192461114,186.35427405860221
5.623413251903491e-9,0.000039810717055349695,806.7395950541562
5.623413251903491e-9,0.0001,3417.2028389976863
1.e-8,1.e-6,2.2974822541781785
1.e-8,2.5118864315095823e-6,12.840548581402574
1.e-8,6.30957344480193e-6,68.77989520342699
1.e-8,0.00001584893192461114,331.3890540884411
1.e-8,0.000039810717055349695,1434.6235523164728
1.e-8,0.0001,6076.224909614817
1.7782794100389228e-8,1.e-6,4.085555255844072
1.7782794100389228e-8,2.5118864315095823e-6,22.83413306674083
1.7782794100389228e-8,6.30957344480193e-6,122.30968227348588
1.7782794100389228e-8,0.00001584893192461114,589.3069764379195
1.7782794100389228e-8,0.000039810717055349695,2551.0826730661242
1.7782794100389228e-8,0.0001,10805.50590112592
3.162277660168379e-8,1.e-6,7.265237229611222
3.162277660168379e-8,2.5118864315095823e-6,40.605915986700225
3.162277660168379e-8,6.30957344480193e-6,217.49636692963662
3.162277660168379e-8,0.00001584893192461114,1047.9277071004135
3.162277660168379e-8,0.000039810717055349695,4536.691064584244
3.162277660168379e-8,0.0001,19215.388396644
5.6234132519034905e-8,1.e-6,12.919654714185894
5.6234132519034905e-8,2.5118864315095823e-6,72.2077595462524
5.6234132519034905e-8,6.30957344480193e-6,386.77612659615886
5.6234132519034905e-8,0.00001584893192461114,1863.4633856243813
5.6234132519034905e-8,0.000039810717055349695,8067.791687627979
5.6234132519034905e-8,0.0001,34170.10717344422
1.e-7,1.e-6,22.974655225253194
1.e-7,2.5118864315095823e-6,128.4064348886858
1.e-7,6.30957344480193e-6,687.7746053827171
1.e-7,0.00001584893192461114,3314.0737132386753
1.e-7,0.000039810717055349695,14346.03929641608
1.e-7,0.0001,60764.25294617916
1.7782794100389227e-7,1.e-6,40.85558391527849
1.7782794100389227e-7,2.5118864315095823e-6,228.3419516710281
1.7782794100389227e-7,6.30957344480193e-6,1223.1097022343197
1.7782794100389227e-7,0.00001584893192461114,5892.900780357381
1.7782794100389227e-7,0.000039810717055349695,25511.564603781964
1.7782794100389227e-7,0.0001,108053.28188317153
3.162277660168379e-7,1.e-6,72.65242273306218
3.162277660168379e-7,2.5118864315095823e-6,406.0543419944763
3.162277660168379e-7,6.30957344480193e-6,2175.036693149833
3.162277660168379e-7,0.00001584893192461114,10479.007460499219
3.162277660168379e-7,0.000039810717055349695,45365.89201553794
3.162277660168379e-7,0.0001,192149.5453127275
5.62341325190349e-7,1.e-6,129.19630157555773
5.62341325190349e-7,2.5118864315095823e-6,722.0717662936953
5.62341325190349e-7,6.30957344480193e-6,3867.730271144347
5.62341325190349e-7,0.00001584893192461114,18635.02506145705
5.62341325190349e-7,0.000039810717055349695,80674.9175153279
5.62341325190349e-7,0.0001,341709.1657040979
1.e-6,1.e-6,229.74657695557977
1.e-6,2.5118864315095823e-6,1284.0566120103515
1.e-6,6.30957344480193e-6,6877.982540039924
1.e-6,0.00001584893192461114,33137.789245322565
1.e-6,0.000039810717055349695,143462.00589501884
1.e-6,0.0001,607635.8934533395
