1.e-14,1.e-6,6.428955001726177e-7
1.e-14,2.5118864315095823e-6,3.610440900886947e-6
1.e-14,6.30957344480193e-6,0.00001988927853356015
1.e-14,0.00001584893192461114,0.00010153138471528415
1.e-14,0.000039810717055349695,0.0004601484979531348
1.e-14,0.0001,0.0019479149574994732
1.7782794100389227e-14,1.e-6,1.143251556476017e-6
1.7782794100389227e-14,2.5118864315095823e-6,6.420434738718913e-6
1.7782794100389227e-14,6.30957344480193e-6,0.00003536869370499504
1.7782794100389227e-14,0.00001584893192461114,0.0001805504924556557
1.7782794100389227e-14,0.000039810717055349695,0.0008182794476807129
1.7782794100389227e-14,0.0001,0.0034639775109866233
3.1622776601683796e-14,1.e-6,2.033018161118625e-6
3.1622776601683796e-14,2.5118864315095823e-6,0.00001141724867840815
3.1622776601683796e-14,6.30957344480193e-6,0.00006289500454849105
3.1622776601683796e-14,0.00001584893192461114,0.0003210740532072132
3.1622776601683796e-14,0.000039810717055349695,0.0014550961440751163
3.1622776601683796e-14,0.0001,0.006159623701167738
5.6234132519034906e-14,1.e-6,3.615266735049211e-6
5.6234132519034906e-14,2.5118864315095823e-6,0.00002030318548867905
5.6234132519034906e-14,6.30957344480193e-6,0.00011184308407939704
5.6234132519034906e-14,0.00001584893192461114,0.0005709628956818633
5.6234132519034906e-14,0.000039810717055349695,0.0025874707332446067
5.6234132519034906e-14,0.0001,0.010953128206121073
1.e-13,1.e-6,6.428985159245143e-6
1.e-13,2.5118864315095823e-6,0.00003610468659788248
1.e-13,6.30957344480193e-6,0.00019888996681243962
1.e-13,0.00001584893192461114,0.0010153311443027273
1.e-13,0.000039810717055349695,0.004601452266655986
1.e-13,0.0001,0.01947836548602443
1.7782794100389227e-13,1.e-6,0.000011432439043079326
1.7782794100389227e-13,2.5118864315095823e-6,0.000064203976675854
1.7782794100389227e-13,6.30957344480193e-6,0.0003536906024344935
1.7782794100389227e-13,0.00001584893192461114,0.00180553032832719
1.7782794100389227e-13,0.000039810717055349695,0.008182305474563766
1.7782794100389227e-13,0.0001,0.03463880530869759
3.162277660168379e-13,1.e-6,0.00002033012105689855
3.162277660168379e-13,2.5118864315095823e-6,0.00011417327549311074
3.162277660168379e-13,6.30957344480193e-6,0.0006289507705330451
3.162277660168379e-13,0.00001584893192461114,0.0032108181711758294
3.162277660168379e-13,0.000039810717055349695,0.014550230331421022
3.162277660168379e-13,0.0001,0.06159838336522992
5.62341325190349e-13,1.e-6,0.00003615266910597429
5.62341325190349e-13,2.5118864315095823e-6,0.00020303238103915923
5.62341325190349e-13,6.30957344480193e-6,0.0011184478100081895
5.62341325190349e-13,0.00001584893192461114,0.005709555423602725
5.62341325190349e-13,0.000039810717055349695,0.0258754812634394
5.62341325190349e-13,0.0001,0.10953610561498774
1.e-12,1.e-6,0.00006428924709152559
1.e-12,2.5118864315095823e-6,0.00036104556882033843
1.e-12,6.30957344480193e-6,0.001988921108038022
1.e-12,0.00001584893192461114,0.01015325808961241
1.e-12,0.000039810717055349695,0.04601242633643722
1.e-12,0.0001,0.19478000027267708
1.7782794100389228e-12,1.e-6,0.00011432502814608252
1.7782794100389228e-12,2.5118864315095823e-6,0.0006420415760164369
1.7782794100389228e-12,6.30957344480193e-6,0.0035368401415513933
1.7782794100389228e-12,0.00001584893192461114,0.01805565693022802
1.7782794100389228e-12,0.000039810717055349695,0.08182446593640225
1.7782794100389228e-12,0.0001,0.3463877154312262
3.1622776601683794e-12,1.e-6,0.00020330170121593674
3.1622776601683794e-12,2.5118864315095823e-6,0.001141718953854753
3.1622776601683794e-12,6.30957344480193e-6,0.006289527444747944
3.1622776601683794e-12,0.00001584893192461114,0.032107554825329336
3.1622776601683794e-12,0.000039810717055349695,0.1455108815245596
3.1622776601683794e-12,0.0001,0.6159792613235436
5.6234132519034904e-12,1.e-6,0.00036152532227343707
5.6234132519034904e-12,2.5118864315095823e-6,0.0020303142086620517
5.6234132519034904e-12,6.30957344480193e-6,0.011184419853426253
5.6234132519034904e-12,0.00001584893192461114,0.057096595499060446
5.6234132519034904e-12,0.000039810717055349695,0.25875214161710136
5.6234132519034904e-12,0.0001,1.0953752688423015
1.e-11,1.e-6,0.0006428944082356616
1.e-11,2.5118864315095823e-6,0.0036104543676006196
1.e-11,6.30957344480193e-6,0.01988923999378082
1.e-11,0.00001584893192461114,0.10153838477790215
1.e-11,0.000039810717055349695,0.4601405735846927
1.e-11,0.0001,1.9478662992905835
1.7782794100389227e-11,1.e-6,0.0011432491939135506
1.7782794100389227e-11,2.5118864315095823e-6,0.006420410074327057
1.7782794100389227e-11,6.30957344480193e-6,0.035368081949406036
1.7782794100389227e-11,0.00001584893192461114,0.1805542442112721
1.7782794100389227e-11,0.000039810717055349695,0.8182076627618149
1.7782794100389227e-11,0.0001,3.46382945140977
3.1622776601683794e-11,1.e-6,0.0020330177871633833
3.1622776601683794e-11,2.5118864315095823e-6,0.011417303023948614
3.1622776601683794e-11,6.30957344480193e-6,0.06289404400298639
3.1622776601683794e-11,0.00001584893192461114,0.32107114934210096
3.1622776601683794e-11,0.000039810717055349695,1.4550406507150437
3.1622776601683794e-11,0.0001,6.1595755671670736
5.6234132519034906e-11,1.e-6,0.003615265155548365
5.6234132519034906e-11,2.5118864315095823e-6,0.020303166207249507
5.6234132519034906e-11,6.30957344480193e-6,0.1118466014197117
5.6234132519034906e-11,0.00001584893192461114,0.57097334743181
5.6234132519034906e-11,0.000039810717055349695,2.587579933728286
5.6234132519034906e-11,0.0001,10.953519392532781
1.e-10,1.e-6,0.006428968883832479
1.e-10,2.5118864315095823e-6,0.03610435553244333
1.e-10,6.30957344480193e-6,0.1988940660285035
1.e-10,0.00001584893192461114,1.01531603258728
1.e-10,0.000039810717055349695,4.601349352616196
1.e-10,0.0001,19.47874248333838
1.778279410038923e-10,1.e-6,0.011432509800644343
1.778279410038923e-10,2.5118864315095823e-6,0.06420391449294013
1.778279410038923e-10,6.30957344480193e-6,0.3536911112684712
1.778279410038923e-10,0.00001584893192461114,1.805569801695189
1.778279410038923e-10,0.000039810717055349695,8.182311748780341
1.778279410038923e-10,0.0001,34.637218966308936
3.1622776601683795e-10,1.e-6,0.02033018026937683
3.1622776601683795e-10,2.5118864315095823e-6,0.11417276870043591
3.1622776601683795e-10,6.30957344480193e-6,0.6289570159592488
3.1622776601683795e-10,0.00001584893192461114,3.2107264855734567
3.1622776601683795e-10,0.000039810717055349695,14.550593014187031
3.1622776601683795e-10,0.0001,61.597411299151325
5.623413251903491e-10,1.e-6,0.036152458377411656
5.623413251903491e-10,2.5118864315095823e-6,0.20302984564229143
5.623413251903491e-10,6.30957344480193e-6,1.1184484394173975
5.623413251903491e-10,0.00001584893192461114,5.709615607097032
5.623413251903491e-10,0.000039810717055349695,25.874842198440334
5.623413251903491e-10,0.0001,109.5386444665095
1.e-9,1.e-6,0.06428956866744644
1.e-9,2.5118864315095823e-6,0.36104472923893105
1.e-9,6.30957344480193e-6,1.988943892569809
1.e-9,0.00001584893192461114,10.153097056453577
1.e-9,0.000039810717055349695,46.01330645846651
1.e-9,0.0001,194.78423865234382
1.7782794100389228e-9,1.e-6,0.11432493651064317
1.7782794100389228e-9,2.5118864315095823e-6,0.6420406757000457
1.7782794100389228e-9,6.30957344480193e-6,3.536970959247532
1.7782794100389228e-9,0.00001584893192461114,18.055088337067485
1.7782794100389228e-9,0.000039810717055349695,81.82426456224395
1.7782794100389228e-9,0.0001,346.38416105176447
3.1622776601683795e-9,1.e-6,0.20330090254374938
3.1622776601683795e-9,2.5118864315095823e-6,1.141734336167191
3.1622776601683795e-9,6.30957344480193e-6,6.289422757386973
3.1622776601683795e-9,0.00001584893192461114,32.10682157543332
3.1622776601683795e-9,0.000039810717055349695,145.5081532731814
3.1622776601683795e-9,0.0001,615.9788708791499
5.623413251903491e-9,1.e-6,0.36152732993474723
5.623413251903491e-9,2.5118864315095823e-6,2.030297973554559
5.623413251903491e-9,6.30957344480193e-6,11.184428877624017
5.623413251903491e-9,0.00001584893192461114,57.09674223872853
5.623413251903491e-9,0.000039810717055349695,258.7509304801778
5.623413251903491e-9,0.0001,1095.3602695979457
1.e-8,1.e-6,0.6428969795943987
1.e-8,2.5118864315095823e-6,3.6104518005768433
1.e-8,6.30957344480193e-6,19.88922423631325
1.e-8,0.00001584893192461114,101.53249747688936
1.e-8,0.000039810717055349695,460.12603328042934
1.e-8,0.0001,1947.7933421045586
1.7782794100389228e-8,1.e-6,1.1432446365851356
1.7782794100389228e-8,2.5118864315095823e-6,6.420408834249746
1.7782794100389228e-8,6.30957344480193e-6,35.36869600250133
1.7782794100389228e-8,0.00001584893192461114,180.5556288790926
1.7782794100389228e-8,0.000039810717055349695,818.2113487562857
1.7782794100389228e-8,0.0001,3463.745032670555
3.162277660168379e-8,1.e-6,2.0330191660017154
3.162277660168379e-8,2.5118864315095823e-6,11.417332185719523
3.162277660168379e-8,6.30957344480193e-6,62.89677335627523
3.162277660168379e-8,0.00001584893192461114,321.0742943872902
3.162277660168379e-8,0.000039810717055349695,1455.1183514290167
3.162277660168379e-8,0.0001,6159.692422367459
5.6234132519034905e-8,1.e-6,3.6152555819809113
5.6234132519034905e-8,2.5118864315095823e-6,20.303138131929362
5.6234132519034905e-8,6.30957344480193e-6,111.84578556075198
5.6234132519034905e-8,0.00001584893192461114,570.9659367522328
5.6234132519034905e-8,0.000039810717055349695,2587.6023978549197
5.6234132519034905e-8,0.0001,10953.661310457119
1.e-7,1.e-6,6.4289866556667254
1.e-7,2.5118864315095823e-6,36.10458547457459
1.e-7,6.30957344480193e-6,198.89267241568587
1.e-7,0.00001584893192461114,1015.3565094740269
1.e-7,0.000039810717055349695,4601.466886904969
1.e-7,0.0001,19478.471591483685
1.7782794100389227e-7,1.e-6,11.432504130736012
1.7782794100389227e-7,2.5118864315095823e-6,64.20407554181077
1.7782794100389227e-7,6.30957344480193e-6,353.6810810185302
1.7782794100389227e-7,0.00001584893192461114,1805.5385133293896
1.7782794100389227e-7,0.000039810717055349695,8182.259952930925
1.7782794100389227e-7,0.0001,34637.75454088051
3.162277660168379e-7,1.e-6,20.330163065655736
3.162277660168379e-7,2.5118864315095823e-6,114.17300005166057
3.162277660168379e-7,6.30957344480193e-6,628.9458018708068
3.162277660168379e-7,0.00001584893192461114,3210.733402874337
3.162277660168379e-7,0.000039810717055349695,14551.092430261195
3.162277660168379e-7,0.0001,61596.40677089518
5.62341325190349e-7,1.e-6,36.152528032474294
5.62341325190349e-7,2.5118864315095823e-6,203.03076180554189
5.62341325190349e-7,6.30957344480193e-6,1118.4602745587788
5.62341325190349e-7,0.00001584893192461114,5709.759146352652
5.62341325190349e-7,0.000039810717055349695,25875.091586013732
5.62341325190349e-7,0.0001,109535.45443020781
1.e-6,1.e-6,64.28953804778195
1.e-6,2.5118864315095823e-6,361.0462810429027
1.e-6,6.30957344480193e-6,1988.9178519273216
1.e-6,0.00001584893192461114,10153.142981651641
1.e-6,0.000039810717055349695,46012.16378581488
1.e-6,0.0001,194781.95366081156
