1.e-14,1.e-6,1.4532859044598397e-8
1.e-14,2.5118864315095823e-6,8.234829309177054e-8
1.e-14,6.30957344480193e-6,4.65074785332652e-7
1.e-14,0.00001584893192461114,2.567943530364925e-6
1.e-14,0.000039810717055349695,0.000013080246735472377
1.e-14,0.0001,0.00005954511046873299
1.7782794100389227e-14,1.e-6,2.5843634247202915e-8
1.7782794100389227e-14,2.5118864315095823e-6,1.4643740580248078e-7
1.7782794100389227e-14,6.30957344480193e-6,8.270208123681414e-7
1.7782794100389227e-14,0.00001584893192461114,4.5664362156295435e-6
1.7782794100389227e-14,0.000039810717055349695,0.00002325997019902399
1.7782794100389227e-14,0.0001,0.00010588693472875212
3.1622776601683796e-14,1.e-6,4.5957188031095797e-8
3.1622776601683796e-14,2.5118864315095823e-6,2.604069848822068e-7
3.1622776601683796e-14,6.30957344480193e-6,1.4706915035046562e-6
3.1622776601683796e-14,0.00001584893192461114,8.120490194463437e-6
3.1622776601683796e-14,0.000039810717055349695,0.000041365366432112
3.1622776601683796e-14,0.0001,0.0001883018418522207
5.6234132519034906e-14,1.e-6,8.17242187019215e-8
5.6234132519034906e-14,2.5118864315095823e-6,4.630780837942925e-7
5.6234132519034906e-14,6.30957344480193e-6,2.6153221437149053e-6
5.6234132519034906e-14,0.00001584893192461114,0.000014440677943629487
5.6234132519034906e-14,0.000039810717055349695,0.00007355531793704972
5.6234132519034906e-14,0.0001,0.000334837178883503
1.e-13,1.e-6,1.453284265378743e-7
1.e-13,2.5118864315095823e-6,8.234834183618472e-7
1.e-13,6.30957344480193e-6,4.650750185628797e-6
1.e-13,0.00001584893192461114,0.000025679134813792643
1.e-13,0.000039810717055349695,0.00013080013871395485
1.e-13,0.0001,0.0005954431318030282
1.7782794100389227e-13,1.e-6,2.584348699724101e-7
1.7782794100389227e-13,2.5118864315095823e-6,1.4643836187881758e-6
1.7782794100389227e-13,6.30957344480193e-6,8.27036201057095e-6
1.7782794100389227e-13,0.00001584893192461114,0.000045664297667714284
1.7782794100389227e-13,0.000039810717055349695,0.00023259995936531159
1.7782794100389227e-13,0.0001,0.001058869546680211
3.162277660168379e-13,1.e-6,4.5957047254278575e-7
3.162277660168379e-13,2.5118864315095823e-6,2.604089147924347e-6
3.162277660168379e-13,6.30957344480193e-6,0.000014706971151160494
3.162277660168379e-13,0.00001584893192461114,0.00008120444338288811
3.162277660168379e-13,0.000039810717055349695,0.00041364805158145213
3.162277660168379e-13,0.0001,0.0018829495077034501
5.62341325190349e-13,1.e-6,8.172443941604255e-7
5.62341325190349e-13,2.5118864315095823e-6,4.6307612657591e-6
5.62341325190349e-13,6.30957344480193e-6,0.000026152980102499783
5.62341325190349e-13,0.00001584893192461114,0.00014440385349279237
5.62341325190349e-13,0.000039810717055349695,0.00073556416215626
5.62341325190349e-13,0.0001,0.0033484197234400818
1.e-12,1.e-6,1.453291064373589e-6
1.e-12,2.5118864315095823e-6,8.234823448721197e-6
1.e-12,6.30957344480193e-6,0.00004650729113543202
1.e-12,0.00001584893192461114,0.00025678983584857454
1.e-12,0.000039810717055349695,0.0013080411627647251
1.e-12,0.0001,0.005954538351919401
1.7782794100389228e-12,1.e-6,2.584340179065905e-6
1.7782794100389228e-12,2.5118864315095823e-6,0.000014643817045547217
1.7782794100389228e-12,6.30957344480193e-6,0.00008270351788179139
1.7782794100389228e-12,0.00001584893192461114,0.0004566416936400714
1.7782794100389228e-12,0.000039810717055349695,0.002326045474767153
1.7782794100389228e-12,0.0001,0.010588617049833549
3.1622776601683794e-12,1.e-6,4.595714362157589e-6
3.1622776601683794e-12,2.5118864315095823e-6,0.000026040838652669373
3.1622776601683794e-12,6.30957344480193e-6,0.00014706865647951952
3.1622776601683794e-12,0.00001584893192461114,0.0008120597738958519
3.1622776601683794e-12,0.000039810717055349695,0.004136380795518986
3.1622776601683794e-12,0.0001,0.018829243302783617
5.6234132519034904e-12,1.e-6,8.17241105114645e-6
5.6234132519034904e-12,2.5118864315095823e-6,0.000046307784585212
5.6234132519034904e-12,6.30957344480193e-6,0.00026152943019571806
5.6234132519034904e-12,0.00001584893192461114,0.0014440464822525405
5.6234132519034904e-12,0.000039810717055349695,0.0073555440303889
5.6234132519034904e-12,0.0001,0.033484602087659125
1.e-11,1.e-6,0.00001453292342530125
1.e-11,2.5118864315095823e-6,0.00008234786778111822
1.e-11,6.30957344480193e-6,0.00046507454792438604
1.e-11,0.00001584893192461114,0.002567929728456526
1.e-11,0.000039810717055349695,0.01308012730261679
1.e-11,0.0001,0.05954296775158247
1.7782794100389227e-11,1.e-6,0.000025843528096143075
1.7782794100389227e-11,2.5118864315095823e-6,0.00014643848286824925
1.7782794100389227e-11,6.30957344480193e-6,0.0008270297868485897
1.7782794100389227e-11,0.00001584893192461114,0.004566523868746945
1.7782794100389227e-11,0.000039810717055349695,0.023261028275700393
1.7782794100389227e-11,0.0001,0.10588672699490577
3.1622776601683794e-11,1.e-6,0.00004595702792121414
3.1622776601683794e-11,2.5118864315095823e-6,0.00026040816043619916
3.1622776601683794e-11,6.30957344480193e-6,0.0014706844949203472
3.1622776601683794e-11,0.00001584893192461114,0.00812055778184818
3.1622776601683794e-11,0.000039810717055349695,0.041361632549591874
3.1622776601683794e-11,0.0001,0.18830619566116072
5.6234132519034906e-11,1.e-6,0.00008172452174362921
5.6234132519034906e-11,2.5118864315095823e-6,0.0004630754997207034
5.6234132519034906e-11,6.30957344480193e-6,0.0026153112994745263
5.6234132519034906e-11,0.00001584893192461114,0.01444072910042134
5.6234132519034906e-11,0.000039810717055349695,0.07355589974906405
5.6234132519034906e-11,0.0001,0.3348423634174349
1.e-10,1.e-6,0.00014532909875060202
1.e-10,2.5118864315095823e-6,0.0008234776444255362
1.e-10,6.30957344480193e-6,0.00465072038405128
1.e-10,0.00001584893192461114,0.02567941691024338
1.e-10,0.000039810717055349695,0.13079937881896522
1.e-10,0.0001,0.595473828038394
1.778279410038923e-10,1.e-6,0.0002584352807662649
1.778279410038923e-10,2.5118864315095823e-6,0.0014643823924852689
1.778279410038923e-10,6.30957344480193e-6,0.008270342391946633
1.778279410038923e-10,0.00001584893192461114,0.0456648702606703
1.778279410038923e-10,0.000039810717055349695,0.23260263382838284
1.778279410038923e-10,0.0001,1.0588793846513616
3.1622776601683795e-10,1.e-6,0.0004595697074912655
3.1622776601683795e-10,2.5118864315095823e-6,0.0026040807124090197
3.1622776601683795e-10,6.30957344480193e-6,0.014707158115379017
3.1622776601683795e-10,0.00001584893192461114,0.08120516754838937
3.1622776601683795e-10,0.000039810717055349695,0.4136333257704533
3.1622776601683795e-10,0.0001,1.8829737032025946
5.623413251903491e-10,1.e-6,0.0008172441378654683
5.623413251903491e-10,2.5118864315095823e-6,0.004630765450338853
5.623413251903491e-10,6.30957344480193e-6,0.02615299208902886
5.623413251903491e-10,0.00001584893192461114,0.14440600534182707
5.623413251903491e-10,0.000039810717055349695,0.7355760348921907
5.623413251903491e-10,0.0001,3.348450149353793
1.e-9,1.e-6,0.0014532851309539624
1.e-9,2.5118864315095823e-6,0.008234806408484929
1.e-9,6.30957344480193e-6,0.046507581219809
1.e-9,0.00001584893192461114,0.25679192902089315
1.e-9,0.000039810717055349695,1.3079957045084938
1.e-9,0.0001,5.954419430061356
1.7782794100389228e-9,1.e-6,0.002584340393987333
1.7782794100389228e-9,2.5118864315095823e-6,0.014643755344746186
1.7782794100389228e-9,6.30957344480193e-6,0.08270322497178399
1.7782794100389228e-9,0.00001584893192461114,0.4566407703613576
1.7782794100389228e-9,0.000039810717055349695,2.3260437855620864
1.7782794100389228e-9,0.0001,10.58857898641314
3.1622776601683795e-9,1.e-6,0.0045956790980432646
3.1622776601683795e-9,2.5118864315095823e-6,0.026040767805737025
3.1622776601683795e-9,6.30957344480193e-6,0.14706958968046668
3.1622776601683795e-9,0.00001584893192461114,0.8120509975898775
3.1622776601683795e-9,0.000039810717055349695,4.1363486925083635
3.1622776601683795e-9,0.0001,18.82925841262399
5.623413251903491e-9,1.e-6,0.00817245775200407
5.623413251903491e-9,2.5118864315095823e-6,0.046307881296307404
5.623413251903491e-9,6.30957344480193e-6,0.2615328030207048
5.623413251903491e-9,0.00001584893192461114,1.4440504539664176
5.623413251903491e-9,0.000039810717055349695,7.355593963712307
5.623413251903491e-9,0.0001,33.48470863093269
1.e-8,1.e-6,0.01453289764410698
1.e-8,2.5118864315095823e-6,0.08234808705266822
1.e-8,6.30957344480193e-6,0.46507253829475365
1.e-8,0.00001584893192461114,2.5679434164122212
1.e-8,0.000039810717055349695,13.080428591813634
1.e-8,0.0001,59.54544388920403
1.7782794100389228e-8,1.e-6,0.025843598876835353
1.7782794100389228e-8,2.5118864315095823e-6,0.1464383470178696
1.7782794100389228e-8,6.30957344480193e-6,0.8270253715709375
1.7782794100389228e-8,0.00001584893192461114,4.566430021108541
1.7782794100389228e-8,0.000039810717055349695,23.26049660069175
1.7782794100389228e-8,0.0001,105.88633039643456
3.162277660168379e-8,1.e-6,0.04595680312391391
3.162277660168379e-8,2.5118864315095823e-6,0.2604078847763309
3.162277660168379e-8,6.30957344480193e-6,1.470675942134257
3.162277660168379e-8,0.00001584893192461114,8.120484161769632
3.162277660168379e-8,0.000039810717055349695,41.363155898085054
3.162277660168379e-8,0.0001,188.30731061061442
5.6234132519034905e-8,1.e-6,0.08172433711139132
5.6234132519034905e-8,2.5118864315095823e-6,0.4630785582286847
5.6234132519034905e-8,6.30957344480193e-6,2.6153145819362167
5.6234132519034905e-8,0.00001584893192461114,14.440243411003122
5.6234132519034905e-8,0.000039810717055349695,73.5539769377516
5.6234132519034905e-8,0.0001,334.845626354868
1.e-7,1.e-6,0.1453289725607639
1.e-7,2.5118864315095823e-6,0.8234819041551598
1.e-7,6.30957344480193e-6,4.65071694949514
1.e-7,0.00001584893192461114,25.67912673630019
1.e-7,0.000039810717055349695,130.80501795210301
1.e-7,0.0001,595.4582216952256
1.7782794100389227e-7,1.e-6,0.2584336785866775
1.7782794100389227e-7,2.5118864315095823e-6,1.464378184900079
1.7782794100389227e-7,6.30957344480193e-6,8.270340930301508
1.7782794100389227e-7,0.00001584893192461114,45.66442688469889
1.7782794100389227e-7,0.000039810717055349695,232.60056810498762
1.7782794100389227e-7,0.0001,1058.8759117503182
3.162277660168379e-7,1.e-6,0.4595700474496798
3.162277660168379e-7,2.5118864315095823e-6,2.6040788798734154
3.162277660168379e-7,6.30957344480193e-6,14.707024758346636
3.162277660168379e-7,0.00001584893192461114,81.20517836094817
3.162277660168379e-7,0.000039810717055349695,413.64645438347725
3.162277660168379e-7,0.0001,1882.9524585074068
5.62341325190349e-7,1.e-6,0.8172415770398566
5.62341325190349e-7,2.5118864315095823e-6,4.630781744812362
5.62341325190349e-7,6.30957344480193e-6,26.152965305294327
5.62341325190349e-7,0.00001584893192461114,144.40316436886508
5.62341325190349e-7,0.000039810717055349695,735.5566597694881
5.62341325190349e-7,0.0001,3348.3705665065595
1.e-6,1.e-6,1.4532880594533544
1.e-6,2.5118864315095823e-6,8.234772409621478
1.e-6,6.30957344480193e-6,46.5071961969463
1.e-6,0.00001584893192461114,256.79216593314317
1.e-6,0.000039810717055349695,1308.0141975342901
1.e-6,0.0001,5954.5895155803855
