1.e-14,1.e-6,1.4265524517084229e-8
1.e-14,2.5118864315095823e-6,8.114642353068342e-8
1.e-14,6.30957344480193e-6,4.2567152296545794e-7
1.e-14,0.00001584893192461114,2.0781646645741397e-6
1.e-14,0.000039810717055349695,0.000010168767307213507
1.e-14,0.0001,0.00005263592585355067
1.7782794100389227e-14,1.e-6,2.5368073977043094e-8
1.7782794100389227e-14,2.5118864315095823e-6,1.4429820414721447e-7
1.7782794100389227e-14,6.30957344480193e-6,7.569746732837318e-7
1.7782794100389227e-14,0.00001584893192461114,3.695670835917421e-6
1.7782794100389227e-14,0.000039810717055349695,0.000018082165435091194
1.7782794100389227e-14,0.0001,0.00009359923903977686
3.1622776601683796e-14,1.e-6,4.511142380145515e-8
3.1622776601683796e-14,2.5118864315095823e-6,2.566006276699428e-7
3.1622776601683796e-14,6.30957344480193e-6,1.3461349380047663e-6
3.1622776601683796e-14,0.00001584893192461114,6.571516515469892e-6
3.1622776601683796e-14,0.000039810717055349695,0.00003215609028337046
3.1622776601683796e-14,0.0001,0.00016644915151893693
5.6234132519034906e-14,1.e-6,8.021991382338076e-8
5.6234132519034906e-14,2.5118864315095823e-6,4.563234330890546e-7
5.6234132519034906e-14,6.30957344480193e-6,2.393805980324496e-6
5.6234132519034906e-14,0.00001584893192461114,0.00001168659377500347
5.6234132519034906e-14,0.000039810717055349695,0.000057183514528705515
5.6234132519034906e-14,0.0001,0.00029599024097260644
1.e-13,1.e-6,1.426555401751635e-7
1.e-13,2.5118864315095823e-6,8.114675325456783e-7
1.e-13,6.30957344480193e-6,4.256875068439703e-6
1.e-13,0.00001584893192461114,0.000020781870950610514
1.e-13,0.000039810717055349695,0.00010168526217932923
1.e-13,0.0001,0.0005263598243797631
1.7782794100389227e-13,1.e-6,2.536766749051979e-7
1.7782794100389227e-13,2.5118864315095823e-6,1.4429823216613507e-6
1.7782794100389227e-13,6.30957344480193e-6,7.569643139693721e-6
1.7782794100389227e-13,0.00001584893192461114,0.00003695675276169074
1.7782794100389227e-13,0.000039810717055349695,0.00018082341187967334
1.7782794100389227e-13,0.0001,0.0009360029777044895
3.162277660168379e-13,1.e-6,4.511124660803719e-7
3.162277660168379e-13,2.5118864315095823e-6,2.566090709831897e-6
3.162277660168379e-13,6.30957344480193e-6,0.000013460747297962884
3.162277660168379e-13,0.00001584893192461114,0.00006571708063497304
3.162277660168379e-13,0.000039810717055349695,0.0003215584458402671
3.162277660168379e-13,0.0001,0.0016644967747879336
5.62341325190349e-13,1.e-6,8.022059241016466e-7
5.62341325190349e-13,2.5118864315095823e-6,4.5631156791463396e-6
5.62341325190349e-13,6.30957344480193e-6,0.000023937554129069857
5.62341325190349e-13,0.00001584893192461114,0.00011686167055703747
5.62341325190349e-13,0.000039810717055349695,0.0005718250243276726
5.62341325190349e-13,0.0001,0.0029599636369488152
1.e-12,1.e-6,1.4265530339605741e-6
1.e-12,2.5118864315095823e-6,8.114373488365991e-6
1.e-12,6.30957344480193e-6,0.00004256715032460035
1.e-12,0.00001584893192461114,0.0002078165079046125
1.e-12,0.000039810717055349695,0.0010168690920722553
1.e-12,0.0001,0.005263635697030413
1.7782794100389228e-12,1.e-6,2.5367757357086898e-6
1.7782794100389228e-12,2.5118864315095823e-6,0.000014430412106452849
1.7782794100389228e-12,6.30957344480193e-6,0.00007569811770129492
1.7782794100389228e-12,0.00001584893192461114,0.00036955718887251893
1.7782794100389228e-12,0.000039810717055349695,0.0018082878223367822
1.7782794100389228e-12,0.0001,0.009360132281856665
3.1622776601683794e-12,1.e-6,4.51120415557833e-6
3.1622776601683794e-12,2.5118864315095823e-6,0.000025660645623122318
3.1622776601683794e-12,6.30957344480193e-6,0.00013461006921796162
3.1622776601683794e-12,0.00001584893192461114,0.0006571854865903832
3.1622776601683794e-12,0.000039810717055349695,0.0032155917707263736
3.1622776601683794e-12,0.0001,0.016645205914519137
5.6234132519034904e-12,1.e-6,8.022057491730788e-6
5.6234132519034904e-12,2.5118864315095823e-6,0.00004563083792840489
5.6234132519034904e-12,6.30957344480193e-6,0.00023938412857243738
5.6234132519034904e-12,0.00001584893192461114,0.0011686707852155715
5.6234132519034904e-12,0.000039810717055349695,0.005718199517565368
5.6234132519034904e-12,0.0001,0.029599156142359546
1.e-11,1.e-6,0.000014265464311892352
1.e-11,2.5118864315095823e-6,0.0000811461258136652
1.e-11,6.30957344480193e-6,0.0004256749130951819
1.e-11,0.00001584893192461114,0.0020781726732903814
1.e-11,0.000039810717055349695,0.010168821630342625
1.e-11,0.0001,0.05263650894064691
1.7782794100389227e-11,1.e-6,0.00002536812873035118
1.7782794100389227e-11,2.5118864315095823e-6,0.00014430079129991292
1.7782794100389227e-11,6.30957344480193e-6,0.0007569844757173975
1.7782794100389227e-11,0.00001584893192461114,0.0036954862360106754
1.7782794100389227e-11,0.000039810717055349695,0.01808222663200866
1.7782794100389227e-11,0.0001,0.09360057565737372
3.1622776601683794e-11,1.e-6,0.00004511120452265912
3.1622776601683794e-11,2.5118864315095823e-6,0.0002566027825438258
3.1622776601683794e-11,6.30957344480193e-6,0.001346091184888693
3.1622776601683794e-11,0.00001584893192461114,0.0065716946378844236
3.1622776601683794e-11,0.000039810717055349695,0.03215501545208029
3.1622776601683794e-11,0.0001,0.1664489648547318
5.6234132519034906e-11,1.e-6,0.00008021898626349782
5.6234132519034906e-11,2.5118864315095823e-6,0.00045631985663740013
5.6234132519034906e-11,6.30957344480193e-6,0.0023937607382685387
5.6234132519034906e-11,0.00001584893192461114,0.01168645799599279
5.6234132519034906e-11,0.000039810717055349695,0.05718129415267972
5.6234132519034906e-11,0.0001,0.29599738968025635
1.e-10,1.e-6,0.00014265654292147144
1.e-10,2.5118864315095823e-6,0.0008114558204635783
1.e-10,6.30957344480193e-6,0.004256675856353829
1.e-10,0.00001584893192461114,0.020781617726494204
1.e-10,0.000039810717055349695,0.1016873680970489
1.e-10,0.0001,0.5263631291820505
1.778279410038923e-10,1.e-6,0.0002536801662370419
1.778279410038923e-10,2.5118864315095823e-6,0.0014430191792761205
1.778279410038923e-10,6.30957344480193e-6,0.007569876114796277
1.778279410038923e-10,0.00001584893192461114,0.0369558822768594
1.778279410038923e-10,0.000039810717055349695,0.1808287543229797
1.778279410038923e-10,0.0001,0.9359951669263251
3.1622776601683795e-10,1.e-6,0.0004511123468669696
3.1622776601683795e-10,2.5118864315095823e-6,0.0025660413361699016
3.1622776601683795e-10,6.30957344480193e-6,0.013461132052968975
3.1622776601683795e-10,0.00001584893192461114,0.06571816306408863
3.1622776601683795e-10,0.000039810717055349695,0.3215500466208963
3.1622776601683795e-10,0.0001,1.6645288400846252
5.623413251903491e-10,1.e-6,0.0008022020286656529
5.623413251903491e-10,2.5118864315095823e-6,0.004563166960410876
5.623413251903491e-10,6.30957344480193e-6,0.023937545987998132
5.623413251903491e-10,0.00001584893192461114,0.11686257130248011
5.623413251903491e-10,0.000039810717055349695,0.5718027451974209
5.623413251903491e-10,0.0001,2.959903979405494
1.e-9,1.e-6,0.0014265326866995485
1.e-9,2.5118864315095823e-6,0.008114506305376268
1.e-9,6.30957344480193e-6,0.04256675920082782
1.e-9,0.00001584893192461114,0.20781694879834264
1.e-9,0.000039810717055349695,1.0168893331859952
1.e-9,0.0001,5.263563623555686
1.7782794100389228e-9,1.e-6,0.0025367677933842347
1.7782794100389228e-9,2.5118864315095823e-6,0.014430445837919463
1.7782794100389228e-9,6.30957344480193e-6,0.07569689453754909
1.7782794100389228e-9,0.00001584893192461114,0.3695564149356854
1.7782794100389228e-9,0.000039810717055349695,1.8082175226565174
1.7782794100389228e-9,0.0001,9.360009814925094
3.1622776601683795e-9,1.e-6,0.004511133038671183
3.1622776601683795e-9,2.5118864315095823e-6,0.025660735690171133
3.1622776601683795e-9,6.30957344480193e-6,0.13460931981307386
3.1622776601683795e-9,0.00001584893192461114,0.6571846421048335
3.1622776601683795e-9,0.000039810717055349695,3.215647807583481
3.1622776601683795e-9,0.0001,16.644709097290292
5.623413251903491e-9,1.e-6,0.00802201581827741
5.623413251903491e-9,2.5118864315095823e-6,0.04563203997217126
5.623413251903491e-9,6.30957344480193e-6,0.2393719012543689
5.623413251903491e-9,0.00001584893192461114,1.1686486684331787
5.623413251903491e-9,0.000039810717055349695,5.718309070275289
5.623413251903491e-9,0.0001,29.599583943482155
1.e-8,1.e-6,0.014265489618656682
1.e-8,2.5118864315095823e-6,0.08114519799983785
1.e-8,6.30957344480193e-6,0.42567866535564614
1.e-8,0.00001584893192461114,2.0781745594726484
1.e-8,0.000039810717055349695,10.168513028971367
1.e-8,0.0001,52.63545032447895
1.7782794100389228e-8,1.e-6,0.025367820353209364
1.7782794100389228e-8,2.5118864315095823e-6,0.1442961094737215
1.7782794100389228e-8,6.30957344480193e-6,0.7569607585231409
1.7782794100389228e-8,0.00001584893192461114,3.6955062220719506
1.7782794100389228e-8,0.000039810717055349695,18.082228105724422
1.7782794100389228e-8,0.0001,93.60152443369324
3.162277660168379e-8,1.e-6,0.045111295528739624
3.162277660168379e-8,2.5118864315095823e-6,0.25660210479863016
3.162277660168379e-8,6.30957344480193e-6,1.3460994098379235
3.162277660168379e-8,0.00001584893192461114,6.571720815856148
3.162277660168379e-8,0.000039810717055349695,32.15519576403816
3.162277660168379e-8,0.0001,166.45082177942993
5.6234132519034905e-8,1.e-6,0.08022074979867393
5.6234132519034905e-8,2.5118864315095823e-6,0.45631546346457375
5.6234132519034905e-8,6.30957344480193e-6,2.3937399783004185
5.6234132519034905e-8,0.00001584893192461114,11.686691548258747
5.6234132519034905e-8,0.000039810717055349695,57.181841175923466
5.6234132519034905e-8,0.0001,295.9902207498489
1.e-7,1.e-6,0.142653231056308
1.e-7,2.5118864315095823e-6,0.8114753794969454
1.e-7,6.30957344480193e-6,4.2567952532271125
1.e-7,0.00001584893192461114,20.78144105875189
1.e-7,0.000039810717055349695,101.68865837982722
1.e-7,0.0001,526.3575854211214
1.7782794100389227e-7,1.e-6,0.2536787970355377
1.7782794100389227e-7,2.5118864315095823e-6,1.4429857849765277
1.7782794100389227e-7,6.30957344480193e-6,7.569719445843097
1.7782794100389227e-7,0.00001584893192461114,36.95430494312281
1.7782794100389227e-7,0.000039810717055349695,180.8218811540446
1.7782794100389227e-7,0.0001,936.0117593269365
3.162277660168379e-7,1.e-6,0.45110576974129546
3.162277660168379e-7,2.5118864315095823e-6,2.566015978512556
3.162277660168379e-7,6.30957344480193e-6,13.461309805484023
3.162277660168379e-7,0.00001584893192461114,65.71710730786712
3.162277660168379e-7,0.000039810717055349695,321.5524233372741
3.162277660168379e-7,0.0001,1664.4814558063615
5.62341325190349e-7,1.e-6,0.802208581890703
5.62341325190349e-7,2.5118864315095823e-6,4.5631643862559965
5.62341325190349e-7,6.30957344480193e-6,23.93720124369667
5.62341325190349e-7,0.00001584893192461114,116.86292241890413
5.62341325190349e-7,0.000039810717055349695,571.8140070138857
5.62341325190349e-7,0.0001,2959.9245405023307
1.e-6,1.e-6,1.4265496234014152
1.e-6,2.5118864315095823e-6,8.114514535211413
1.e-6,6.30957344480193e-6,42.567012639336895
1.e-6,0.00001584893192461114,207.81914161189937
1.e-6,0.000039810717055349695,1016.8740278658205
1.e-6,0.0001,5263.59187857402
