1.e-14,1.e-6,2.1291863121946546e-7
1.e-14,2.5118864315095823e-6,1.2151179997049828e-6
1.e-14,6.30957344480193e-6,6.8448754792792574e-6
1.e-14,0.00001584893192461114,0.00003839978231585054
1.e-14,0.000039810717055349695,0.00020999917426743712
1.e-14,0.0001,0.001053529527912453
1.7782794100389227e-14,1.e-6,3.786293244367871e-7
1.7782794100389227e-14,2.5118864315095823e-6,2.160812038452198e-6
1.7782794100389227e-14,6.30957344480193e-6,0.000012172081161870866
1.7782794100389227e-14,0.00001584893192461114,0.00006828606920313761
1.7782794100389227e-14,0.000039810717055349695,0.0003734404365660965
1.7782794100389227e-14,0.0001,0.0018733960795763603
3.1622776601683796e-14,1.e-6,6.73308855808705e-7
3.1622776601683796e-14,2.5118864315095823e-6,3.8425449637321725e-6
3.1622776601683796e-14,6.30957344480193e-6,0.000021645425656027126
3.1622776601683796e-14,0.00001584893192461114,0.00012143238929699244
3.1622776601683796e-14,0.000039810717055349695,0.0006640930096993913
3.1622776601683796e-14,0.0001,0.0033314770745991313
5.6234132519034906e-14,1.e-6,1.1973318116912365e-6
5.6234132519034906e-14,2.5118864315095823e-6,6.8330546895352555e-6
5.6234132519034906e-14,6.30957344480193e-6,0.00003849155901104459
5.6234132519034906e-14,0.00001584893192461114,0.00021593835607205755
5.6234132519034906e-14,0.000039810717055349695,0.0011809193409637372
5.6234132519034906e-14,0.0001,0.005924289578142621
1.e-13,1.e-6,2.1291872574734395e-6
1.e-13,2.5118864315095823e-6,0.000012151165592828906
1.e-13,6.30957344480193e-6,0.0000684488955694658
1.e-13,0.00001584893192461114,0.00038400428202304247
1.e-13,0.000039810717055349695,0.0020999881188025963
1.e-13,0.0001,0.010535064665493567
1.7782794100389227e-13,1.e-6,3.786290190284252e-6
1.7782794100389227e-13,2.5118864315095823e-6,0.00002160818343242321
1.7782794100389227e-13,6.30957344480193e-6,0.00012172095481782965
1.7782794100389227e-13,0.00001584893192461114,0.0006828627759717073
1.7782794100389227e-13,0.000039810717055349695,0.00373447181818217
1.7782794100389227e-13,0.0001,0.018734188414278784
3.162277660168379e-13,1.e-6,6.733057292822587e-6
3.162277660168379e-13,2.5118864315095823e-6,0.000038425301287531604
3.162277660168379e-13,6.30957344480193e-6,0.00021645285511493492
3.162277660168379e-13,0.00001584893192461114,0.001214328226872348
3.162277660168379e-13,0.000039810717055349695,0.006640991403514624
3.162277660168379e-13,0.0001,0.033314834905661735
5.62341325190349e-13,1.e-6,0.000011973277049513241
5.62341325190349e-13,2.5118864315095823e-6,0.00006833126662491802
5.62341325190349e-13,6.30957344480193e-6,0.000384915805573719
5.62341325190349e-13,0.00001584893192461114,0.0021593990837956347
5.62341325190349e-13,0.000039810717055349695,0.0118093743791585
5.62341325190349e-13,0.0001,0.059244408258931486
1.e-12,1.e-6,0.00002129188721401376
1.e-12,2.5118864315095823e-6,0.00012151075441377656
1.e-12,6.30957344480193e-6,0.0006844830591275644
1.e-12,0.00001584893192461114,0.0038400019557733468
1.e-12,0.000039810717055349695,0.021000109334898157
1.e-12,0.0001,0.10534956754063694
1.7782794100389228e-12,1.e-6,0.00003786284703129044
1.7782794100389228e-12,2.5118864315095823e-6,0.00021608074139803726
1.7782794100389228e-12,6.30957344480193e-6,0.0012172123242826266
1.7782794100389228e-12,0.00001584893192461114,0.006828626891819564
1.7782794100389228e-12,0.000039810717055349695,0.03734420817728046
1.7782794100389228e-12,0.0001,0.18733709434397497
3.1622776601683794e-12,1.e-6,0.00006733085008655667
3.1622776601683794e-12,2.5118864315095823e-6,0.00038425291470681373
3.1622776601683794e-12,6.30957344480193e-6,0.002164539524569265
3.1622776601683794e-12,0.00001584893192461114,0.012143250293179626
3.1622776601683794e-12,0.000039810717055349695,0.06640832407782829
3.1622776601683794e-12,0.0001,0.33314420168203696
5.6234132519034904e-12,1.e-6,0.0001197322850622302
5.6234132519034904e-12,2.5118864315095823e-6,0.000683305007992143
5.6234132519034904e-12,6.30957344480193e-6,0.003849163067113682
5.6234132519034904e-12,0.00001584893192461114,0.0215939595432514
5.6234132519034904e-12,0.000039810717055349695,0.11809276875130524
5.6234132519034904e-12,0.0001,0.5924245090227741
1.e-11,1.e-6,0.00021291747633456516
1.e-11,2.5118864315095823e-6,0.0012151190478575978
1.e-11,6.30957344480193e-6,0.006844868615934749
1.e-11,0.00001584893192461114,0.03840027469477465
1.e-11,0.000039810717055349695,0.2100062700832704
1.e-11,0.0001,1.053553230857911
1.7782794100389227e-11,1.e-6,0.0003786290754097768
1.7782794100389227e-11,2.5118864315095823e-6,0.00216081630932003
1.7782794100389227e-11,6.30957344480193e-6,0.012172111809736073
1.7782794100389227e-11,0.00001584893192461114,0.06828658365023718
1.7782794100389227e-11,0.000039810717055349695,0.3734375962564235
1.7782794100389227e-11,0.0001,1.8733945596017165
3.1622776601683794e-11,1.e-6,0.0006733079917346531
3.1622776601683794e-11,2.5118864315095823e-6,0.0038425305801009905
3.1622776601683794e-11,6.30957344480193e-6,0.021645470932422792
3.1622776601683794e-11,0.00001584893192461114,0.12143246823309833
3.1622776601683794e-11,0.000039810717055349695,0.6640877638612368
3.1622776601683794e-11,0.0001,3.3315013364303008
5.6234132519034906e-11,1.e-6,0.001197328667188817
5.6234132519034906e-11,2.5118864315095823e-6,0.006833103423952866
5.6234132519034906e-11,6.30957344480193e-6,0.038491578601436684
5.6234132519034906e-11,0.00001584893192461114,0.21594014763749397
5.6234132519034906e-11,0.000039810717055349695,1.180924916287121
5.6234132519034906e-11,0.0001,5.9241799773973725
1.e-10,1.e-6,0.002129173738509116
1.e-10,2.5118864315095823e-6,0.012151141399091549
1.e-10,6.30957344480193e-6,0.0684486549650062
1.e-10,0.00001584893192461114,0.3840010644478603
1.e-10,0.000039810717055349695,2.1000388680771707
1.e-10,0.0001,10.535062918276894
1.778279410038923e-10,1.e-6,0.003786288586297391
1.778279410038923e-10,2.5118864315095823e-6,0.021608149251932295
1.778279410038923e-10,6.30957344480193e-6,0.12172082270135418
1.778279410038923e-10,0.00001584893192461114,0.6828627037992245
1.778279410038923e-10,0.000039810717055349695,3.7344081816792154
1.778279410038923e-10,0.0001,18.733909259640058
3.1622776601683795e-10,1.e-6,0.006733030172401059
3.1622776601683795e-10,2.5118864315095823e-6,0.038425350309925575
3.1622776601683795e-10,6.30957344480193e-6,0.21645223788029253
3.1622776601683795e-10,0.00001584893192461114,1.2143166879382927
3.1622776601683795e-10,0.000039810717055349695,6.640883024025704
3.1622776601683795e-10,0.0001,33.31435657520814
5.623413251903491e-10,1.e-6,0.011973332127522211
5.623413251903491e-10,2.5118864315095823e-6,0.06833095901236243
5.623413251903491e-10,6.30957344480193e-6,0.3849150156976695
5.623413251903491e-10,0.00001584893192461114,2.159396130408198
5.623413251903491e-10,0.000039810717055349695,11.809258002309047
5.623413251903491e-10,0.0001,59.24328415986145
1.e-9,1.e-6,0.02129185856778256
1.e-9,2.5118864315095823e-6,0.1215113211474899
1.e-9,6.30957344480193e-6,0.6844889104588288
1.e-9,0.00001584893192461114,3.8400350583694673
1.e-9,0.000039810717055349695,20.99990574942923
1.e-9,0.0001,105.3519924043486
1.7782794100389228e-9,1.e-6,0.037862938641216544
1.7782794100389228e-9,2.5118864315095823e-6,0.21608169625993626
1.7782794100389228e-9,6.30957344480193e-6,1.2172118886605916
1.7782794100389228e-9,0.00001584893192461114,6.82857669865566
1.7782794100389228e-9,0.000039810717055349695,37.34436811550674
1.7782794100389228e-9,0.0001,187.34603661968575
3.1622776601683795e-9,1.e-6,0.06733074350178599
3.1622776601683795e-9,2.5118864315095823e-6,0.3842527642919991
3.1622776601683795e-9,6.30957344480193e-6,2.164541242005876
3.1622776601683795e-9,0.00001584893192461114,12.143251728740317
3.1622776601683795e-9,0.000039810717055349695,66.40849361981626
3.1622776601683795e-9,0.0001,333.1467575657074
5.623413251903491e-9,1.e-6,0.1197326821188902
5.623413251903491e-9,2.5118864315095823e-6,0.6833085743825956
5.623413251903491e-9,6.30957344480193e-6,3.8491669843819687
5.623413251903491e-9,0.00001584893192461114,21.59415955302172
5.623413251903491e-9,0.000039810717055349695,118.09171473038354
5.623413251903491e-9,0.0001,592.4327595119289
1.e-8,1.e-6,0.21291834162422368
1.e-8,2.5118864315095823e-6,1.2151152562283147
1.e-8,6.30957344480193e-6,6.844898441558652
1.e-8,0.00001584893192461114,38.4002115957247
1.e-8,0.000039810717055349695,210.00275002304028
1.e-8,0.0001,1053.51298388176
1.7782794100389228e-8,1.e-6,0.37862652434473415
1.7782794100389228e-8,2.5118864315095823e-6,2.160815476264209
1.7782794100389228e-8,6.30957344480193e-6,12.172114667573481
1.7782794100389228e-8,0.00001584893192461114,68.28564317427258
1.7782794100389228e-8,0.000039810717055349695,373.45165186919587
1.7782794100389228e-8,0.0001,1873.455760756392
3.162277660168379e-8,1.e-6,0.6733077792511165
3.162277660168379e-8,2.5118864315095823e-6,3.84253173751467
3.162277660168379e-8,6.30957344480193e-6,21.64534060452989
3.162277660168379e-8,0.00001584893192461114,121.43154846235231
3.162277660168379e-8,0.000039810717055349695,664.0997310588479
3.162277660168379e-8,0.0001,3331.433591478897
5.6234132519034905e-8,1.e-6,1.1973297907608216
5.6234132519034905e-8,2.5118864315095823e-6,6.833108372613949
5.6234132519034905e-8,6.30957344480193e-6,38.49155119939432
5.6234132519034905e-8,0.00001584893192461114,215.93971415094074
5.6234132519034905e-8,0.000039810717055349695,1180.9252662867764
5.6234132519034905e-8,0.0001,5924.250672139132
1.e-7,1.e-6,2.129193656778212
1.e-7,2.5118864315095823e-6,12.151127931525908
1.e-7,6.30957344480193e-6,68.44847884057421
1.e-7,0.00001584893192461114,384.0020529305422
1.e-7,0.000039810717055349695,2100.0332764762693
1.e-7,0.0001,10535.107816081754
1.7782794100389227e-7,1.e-6,3.7862839231233756
1.7782794100389227e-7,2.5118864315095823e-6,21.6079763723631
1.7782794100389227e-7,6.30957344480193e-6,121.72085334317082
1.7782794100389227e-7,0.00001584893192461114,682.8579194033751
1.7782794100389227e-7,0.000039810717055349695,3734.3183771517306
1.7782794100389227e-7,0.0001,18733.907231819983
3.162277660168379e-7,1.e-6,6.73302383604491
3.162277660168379e-7,2.5118864315095823e-6,38.425293490689256
3.162277660168379e-7,6.30957344480193e-6,216.4537403894614
3.162277660168379e-7,0.00001584893192461114,1214.3171538423423
3.162277660168379e-7,0.000039810717055349695,6640.888380059254
3.162277660168379e-7,0.0001,33314.05553118388
5.62341325190349e-7,1.e-6,11.973268770336691
5.62341325190349e-7,2.5118864315095823e-6,68.33103076159482
5.62341325190349e-7,6.30957344480193e-6,384.915778164789
5.62341325190349e-7,0.00001584893192461114,2159.391014885704
5.62341325190349e-7,0.000039810717055349695,11809.041653671538
5.62341325190349e-7,0.0001,59242.52406064143
1.e-6,1.e-6,21.29177432068374
1.e-6,2.5118864315095823e-6,121.51144536007247
1.e-6,6.30957344480193e-6,684.4889923591265
1.e-6,0.00001584893192461114,3840.0376361864282
1.e-6,0.000039810717055349695,21000.02693155301
1.e-6,0.0001,105351.3497128967
