1.e-14,1.e-6,4.494404355736464e-9
1.e-14,2.5118864315095823e-6,2.7004878774709913e-8
1.e-14,6.30957344480193e-6,1.568399145957672e-7
1.e-14,0.00001584893192461114,8.437590102271455e-7
1.e-14,0.000039810717055349695,4.279073607889397e-6
1.e-14,0.0001,0.000021911709332754153
1.7782794100389227e-14,1.e-6,7.992324596335736e-9
1.7782794100389227e-14,2.5118864315095823e-6,4.802171632648749e-8
1.7782794100389227e-14,6.30957344480193e-6,2.7890930840767477e-7
1.7782794100389227e-14,0.00001584893192461114,1.5004527635062607e-6
1.7782794100389227e-14,0.000039810717055349695,7.609490477623613e-6
1.7782794100389227e-14,0.0001,0.00003896555720968944
3.1622776601683796e-14,1.e-6,1.421246754955189e-8
3.1622776601683796e-14,2.5118864315095823e-6,8.539575332944453e-8
3.1622776601683796e-14,6.30957344480193e-6,4.959709556802043e-7
3.1622776601683796e-14,0.00001584893192461114,2.668164713763753e-6
3.1622776601683796e-14,0.000039810717055349695,0.000013531821259153907
3.1622776601683796e-14,0.0001,0.00006929086613037423
5.6234132519034906e-14,1.e-6,2.5273990018058602e-8
5.6234132519034906e-14,2.5118864315095823e-6,1.518573024168081e-7
5.6234132519034906e-14,6.30957344480193e-6,8.819810330882639e-7
5.6234132519034906e-14,0.00001584893192461114,4.744883634585227e-6
5.6234132519034906e-14,0.000039810717055349695,0.000024062836823431358
5.6234132519034906e-14,0.0001,0.00012321833359533836
1.e-13,1.e-6,4.4943781578850506e-8
1.e-13,2.5118864315095823e-6,2.7004779537006346e-7
1.e-13,6.30957344480193e-6,1.5683993211164682e-6
1.e-13,0.00001584893192461114,8.437755927045962e-6
1.e-13,0.000039810717055349695,0.000042792780392132846
1.e-13,0.0001,0.00021911869091127155
1.7782794100389227e-13,1.e-6,7.992256528013633e-8
1.7782794100389227e-13,2.5118864315095823e-6,4.802165982881944e-7
1.7782794100389227e-13,6.30957344480193e-6,2.7890169913656178e-6
1.7782794100389227e-13,0.00001584893192461114,0.000015004558387506108
1.7782794100389227e-13,0.000039810717055349695,0.00007609257691391255
1.7782794100389227e-13,0.0001,0.00038964957226873245
3.162277660168379e-13,1.e-6,1.4212524907740562e-7
3.162277660168379e-13,2.5118864315095823e-6,8.539559984854321e-7
3.162277660168379e-13,6.30957344480193e-6,4.959871885873602e-6
3.162277660168379e-13,0.00001584893192461114,0.000026682139800599712
3.162277660168379e-13,0.000039810717055349695,0.0001353140765406031
3.162277660168379e-13,0.0001,0.0006929169351772509
5.62341325190349e-13,1.e-6,2.5273749103363565e-7
5.62341325190349e-13,2.5118864315095823e-6,1.5185945367257173e-6
5.62341325190349e-13,6.30957344480193e-6,8.819619764700477e-6
5.62341325190349e-13,0.00001584893192461114,0.00004744801773551984
5.62341325190349e-13,0.000039810717055349695,0.00024063809512258396
5.62341325190349e-13,0.0001,0.0012322221944625423
1.e-12,1.e-6,4.4943796910342693e-7
1.e-12,2.5118864315095823e-6,2.700429772518347e-6
1.e-12,6.30957344480193e-6,0.00001568433165085072
1.e-12,0.00001584893192461114,0.00008437898474698542
1.e-12,0.000039810717055349695,0.00042790840224759115
1.e-12,0.0001,0.002191260072332431
1.7782794100389228e-12,1.e-6,7.992287793060753e-7
1.7782794100389228e-12,2.5118864315095823e-6,4.802172863538657e-6
1.7782794100389228e-12,6.30957344480193e-6,0.000027890210012580808
1.7782794100389228e-12,0.00001584893192461114,0.0001500488073071794
1.7782794100389228e-12,0.000039810717055349695,0.0007609386034339742
1.7782794100389228e-12,0.0001,0.0038965591396519206
3.1622776601683794e-12,1.e-6,1.421242445675179e-6
3.1622776601683794e-12,2.5118864315095823e-6,8.539549167353318e-6
3.1622776601683794e-12,6.30957344480193e-6,0.00004959717324374388
3.1622776601683794e-12,0.00001584893192461114,0.00026683297742281
3.1622776601683794e-12,0.000039810717055349695,0.0013531849431056024
3.1622776601683794e-12,0.0001,0.006929328430953812
5.6234132519034904e-12,1.e-6,2.527377250257762e-6
5.6234132519034904e-12,2.5118864315095823e-6,0.000015186016656821308
5.6234132519034904e-12,6.30957344480193e-6,0.00008819742945859493
5.6234132519034904e-12,0.00001584893192461114,0.0004745060847943101
5.6234132519034904e-12,0.000039810717055349695,0.002406340749691188
5.6234132519034904e-12,0.0001,0.012321873431675713
1.e-11,1.e-6,4.494415429821952e-6
1.e-11,2.5118864315095823e-6,0.000027004886636598014
1.e-11,6.30957344480193e-6,0.0001568434756683861
1.e-11,0.00001584893192461114,0.000843785952533716
1.e-11,0.000039810717055349695,0.004279161605245083
1.e-11,0.0001,0.02191265415052466
1.7782794100389227e-11,1.e-6,7.99227774621449e-6
1.7782794100389227e-11,2.5118864315095823e-6,0.00004802165282881748
1.7782794100389227e-11,6.30957344480193e-6,0.0002789072908914507
1.7782794100389227e-11,0.00001584893192461114,0.001500471178566796
1.7782794100389227e-11,0.000039810717055349695,0.0076094528695442604
1.7782794100389227e-11,0.0001,0.03896493333201443
3.1622776601683794e-11,1.e-6,0.00001421249415431104
3.1622776601683794e-11,2.5118864315095823e-6,0.00008539429025130335
3.1622776601683794e-11,6.30957344480193e-6,0.0004959731318727445
3.1622776601683794e-11,0.00001584893192461114,0.0026682110998141034
3.1622776601683794e-11,0.000039810717055349695,0.01353198523943568
3.1622776601683794e-11,0.0001,0.06929059038519558
5.6234132519034906e-11,1.e-6,0.000025273784978856998
5.6234132519034906e-11,2.5118864315095823e-6,0.00015185505965544812
5.6234132519034906e-11,6.30957344480193e-6,0.000881969018780516
5.6234132519034906e-11,0.00001584893192461114,0.004744921292017049
5.6234132519034906e-11,0.000039810717055349695,0.024062642251339725
5.6234132519034906e-11,0.0001,0.1232224570554007
1.e-10,1.e-6,0.00004494416581540499
1.e-10,2.5118864315095823e-6,0.00027004818656476364
1.e-10,6.30957344480193e-6,0.0015684294221318625
1.e-10,0.00001584893192461114,0.008437693767228286
1.e-10,0.000039810717055349695,0.04279364842484581
1.e-10,0.0001,0.21911919440164673
1.778279410038923e-10,1.e-6,0.000079922165979423
1.778279410038923e-10,2.5118864315095823e-6,0.0004802100236300743
1.778279410038923e-10,6.30957344480193e-6,0.002789125296214733
1.778279410038923e-10,0.00001584893192461114,0.015004875462184484
1.778279410038923e-10,0.000039810717055349695,0.07609438475716838
1.778279410038923e-10,0.0001,0.3896662314494338
3.1622776601683795e-10,1.e-6,0.00014212566450567016
3.1622776601683795e-10,2.5118864315095823e-6,0.0008539512102242481
3.1622776601683795e-10,6.30957344480193e-6,0.004959711016179952
3.1622776601683795e-10,0.00001584893192461114,0.026681445304435517
3.1622776601683795e-10,0.000039810717055349695,0.13532339762910814
3.1622776601683795e-10,0.0001,0.6929032142263798
5.623413251903491e-10,1.e-6,0.00025273853253043264
5.623413251903491e-10,2.5118864315095823e-6,0.0015186184866806585
5.623413251903491e-10,6.30957344480193e-6,0.008819735966334435
5.623413251903491e-10,0.00001584893192461114,0.04744974582167021
5.623413251903491e-10,0.000039810717055349695,0.24063191055956382
5.623413251903491e-10,0.0001,1.2321794885370083
1.e-9,1.e-6,0.000449439778829668
1.e-9,2.5118864315095823e-6,0.0027005104234126913
1.e-9,6.30957344480193e-6,0.01568415217768583
1.e-9,0.00001584893192461114,0.08437764449729662
1.e-9,0.000039810717055349695,0.4279173804554464
1.e-9,0.0001,2.1911738877116282
1.7782794100389228e-9,1.e-6,0.0007992292118963354
1.7782794100389228e-9,2.5118864315095823e-6,0.004802190275024812
1.7782794100389228e-9,6.30957344480193e-6,0.027890692148530113
1.7782794100389228e-9,0.00001584893192461114,0.1500436839231406
1.7782794100389228e-9,0.000039810717055349695,0.7609541378625474
1.7782794100389228e-9,0.0001,3.8966255509048278
3.1622776601683795e-9,1.e-6,0.0014212575282623121
3.1622776601683795e-9,2.5118864315095823e-6,0.008539628807546563
3.1622776601683795e-9,6.30957344480193e-6,0.049598092983294435
3.1622776601683795e-9,0.00001584893192461114,0.2668193105830408
3.1622776601683795e-9,0.000039810717055349695,1.3532149006814216
3.1622776601683795e-9,0.0001,6.929095798160331
5.623413251903491e-9,1.e-6,0.0025273665136779774
5.623413251903491e-9,2.5118864315095823e-6,0.015185711361823454
5.623413251903491e-9,6.30957344480193e-6,0.08819707485318563
5.623413251903491e-9,0.00001584893192461114,0.47447672505797667
5.623413251903491e-9,0.000039810717055349695,2.4063475225941877
5.623413251903491e-9,0.0001,12.322331712891804
1.e-8,1.e-6,0.0044944068824207236
1.e-8,2.5118864315095823e-6,0.027004416567844143
1.e-8,6.30957344480193e-6,0.15684395794862965
1.e-8,0.00001584893192461114,0.8437737378572454
1.e-8,0.000039810717055349695,4.279206307245294
1.e-8,0.0001,21.912151072159894
1.7782794100389228e-8,1.e-6,0.007992286702234104
1.7782794100389228e-8,2.5118864315095823e-6,0.04802230871347484
1.7782794100389228e-8,6.30957344480193e-6,0.27890293764186597
1.7782794100389228e-8,0.00001584893192461114,1.5004479932232306
1.7782794100389228e-8,0.000039810717055349695,7.609487352764729
1.7782794100389228e-8,0.0001,38.96610547659759
3.162277660168379e-8,1.e-6,0.014212497001240311
3.162277660168379e-8,2.5118864315095823e-6,0.08539517564892556
3.162277660168379e-8,6.30957344480193e-6,0.49596923688646555
3.162277660168379e-8,0.00001584893192461114,2.668225025965591
3.162277660168379e-8,0.000039810717055349695,13.531712160119476
3.162277660168379e-8,0.0001,69.29041960668387
5.6234132519034905e-8,1.e-6,0.025273859071440925
5.6234132519034905e-8,2.5118864315095823e-6,0.1518609006527432
5.6234132519034905e-8,6.30957344480193e-6,0.881980142928016
5.6234132519034905e-8,0.00001584893192461114,4.744907163977405
5.6234132519034905e-8,0.000039810717055349695,24.063794093249218
5.6234132519034905e-8,0.0001,123.21557142631464
1.e-7,1.e-6,0.04494393302416446
1.e-7,2.5118864315095823e-6,0.2700452893870837
1.e-7,6.30957344480193e-6,1.5684095425111202
1.e-7,0.00001584893192461114,8.437830879578497
1.e-7,0.000039810717055349695,42.79133904001759
1.e-7,0.0001,219.10949156596834
1.7782794100389227e-7,1.e-6,0.07992295064863
1.7782794100389227e-7,2.5118864315095823e-6,0.4802239059950141
1.7782794100389227e-7,6.30957344480193e-6,2.7890960291997504
1.7782794100389227e-7,0.00001584893192461114,15.00470654124375
1.7782794100389227e-7,0.000039810717055349695,76.09573500084369
1.7782794100389227e-7,0.0001,389.66165266392466
3.162277660168379e-7,1.e-6,0.14212578748843196
3.162277660168379e-7,2.5118864315095823e-6,0.8539507059524577
3.162277660168379e-7,6.30957344480193e-6,4.959807089101904
3.162277660168379e-7,0.00001584893192461114,26.68187277055274
3.162277660168379e-7,0.000039810717055349695,135.3213218868806
3.162277660168379e-7,0.0001,692.9195765157208
5.62341325190349e-7,1.e-6,0.2527393103549172
5.62341325190349e-7,2.5118864315095823e-6,1.5185713809929227
5.62341325190349e-7,6.30957344480193e-6,8.819899592718452
5.62341325190349e-7,0.00001584893192461114,47.44963501404813
5.62341325190349e-7,0.000039810717055349695,240.64250192853407
5.62341325190349e-7,0.0001,1232.2009649982906
1.e-6,1.e-6,0.4494375860446019
1.e-6,2.5118864315095823e-6,2.7004750786747524
1.e-6,6.30957344480193e-6,15.683903790207001
1.e-6,0.00001584893192461114,84.37836516288924
1.e-6,0.000039810717055349695,427.919956309427
1.e-6,0.0001,2191.19317270927
