-2.9999999999999996 -10.2856545993418
-2.8999999999999995 -9.986593946557647
-2.8 -9.688041700181072
-2.6999999999999997 -9.390281889458844
-2.5999999999999996 -9.093743365207523
-2.5 -8.799083139500407
-2.4 -8.507257543699001
-2.2999999999999994 -8.219636529740301
-2.1999999999999997 -7.938027304906985
-2.1 -7.664643385501899
-1.9999999999999996 -7.401766856470617
-1.8999999999999997 -7.151197959228618
-1.7999999999999996 -6.913579177122637
-1.6999999999999997 -6.688086036022828
-1.5999999999999999 -6.472658812038462
-1.4999999999999998 -6.264735414583997
-1.4 -6.061994337765046
-1.2999999999999996 -5.862688219834567
-1.2 -5.6657391202813745
-1.0999999999999999 -5.4706003660199265
-0.9999999999999998 -5.27711180233551
-0.8999999999999998 -5.085437893663052
-0.7999999999999997 -4.89596070177519
-0.6999999999999996 -4.709309416313556
-0.5999999999999995 -4.526348882365727
-0.4999999999999999 -4.348394596875317
-0.3999999999999999 -4.177254941101458
-0.2999999999999998 -4.015166695410497
-0.19999999999999976 -3.8652894293310758
-0.09999999999999963 -3.731713365649849
0. -3.6195233269409672
0.10000000000000009 -3.5348371032250814
0.20000000000000015 -3.485092392737079
0.3000000000000002 -3.4794013919870146
0.40000000000000036 -3.52830490796588
0.5 -3.6447355622064963
0.6000000000000001 -3.8443180221021156
0.7000000000000001 -4.146550972606491
0.8000000000000002 -4.576510519339357
0.9000000000000002 -5.165709641517191
1. -5.953569179145294