-2.9999999999999996 -8.182249797556793
-2.8999999999999995 -7.914201200792274
-2.8 -7.657246813436735
-2.6999999999999997 -7.412216947657146
-2.5999999999999996 -7.178539456859711
-2.5 -6.954323066468899
-2.4 -6.73702103421052
-2.2999999999999994 -6.524238213530364
-2.1999999999999997 -6.313965010636921
-2.1 -6.104976562853285
-1.9999999999999996 -5.896376417611837
-1.8999999999999997 -5.687759451848043
-1.7999999999999996 -5.47888887160665
-1.6999999999999997 -5.269571636689654
-1.5999999999999999 -5.059852183386632
-1.4999999999999998 -4.849685627567311
-1.4 -4.639129179260002
-1.2999999999999996 -4.42835780764502
-1.2 -4.217614413062286
-1.0999999999999999 -4.007159221428023
-0.9999999999999998 -3.797255613379109
-0.8999999999999998 -3.5887140820099277
-0.7999999999999997 -3.382079975320413
-0.6999999999999996 -3.1782775745953824
-0.5999999999999995 -2.9785205553315066
-0.4999999999999999 -2.7843740864622415
-0.3999999999999999 -2.5977553534840743
-0.2999999999999998 -2.4208042344585188
-0.19999999999999976 -2.2561865978517432
-0.09999999999999963 -2.107330120068121
0. -1.9785463811844464
0.10000000000000009 -1.8757161943699516
0.20000000000000015 -1.8064908670405142
0.3000000000000002 -1.7804726885018904
0.40000000000000036 -1.809005381193987
0.5 -1.9054021236810172
0.6000000000000001 -2.084769004240232
0.7000000000000001 -2.3651758022944778
0.8000000000000002 -2.7692399466981
0.9000000000000002 -3.325847529474328
1. -4.071771000405426