-2.9999999999999996 -10.25944428088221
-2.8999999999999995 -9.960429583586166
-2.8 -9.661949037085835
-2.6999999999999997 -9.364298514853314
-2.5999999999999996 -9.06793043389409
-2.5 -8.773528063371092
-2.4 -8.482097211677104
-2.2999999999999994 -8.195049005609508
-2.1999999999999997 -7.914242788966044
-2.1 -7.641909587167012
-1.9999999999999996 -7.380293627885135
-1.8999999999999997 -7.131087490039384
-1.7999999999999996 -6.894763197228614
-1.6999999999999997 -6.6702889322194245
-1.5999999999999999 -6.45552912475364
-1.4999999999999998 -6.247919963795571
-1.4 -6.045154433240192
-1.2999999999999996 -5.84561828063343
-1.2 -5.648245542429331
-1.0999999999999999 -5.452599186772782
-0.9999999999999998 -5.25849218203001
-0.8999999999999998 -5.066164999481996
-0.7999999999999997 -4.8759377233117025
-0.6999999999999996 -4.688513678498964
-0.5999999999999995 -4.504739629243651
-0.4999999999999999 -4.325908507268746
-0.3999999999999999 -4.153776893312955
-0.2999999999999998 -3.990673853875475
-0.19999999999999976 -3.8398214590852153
-0.09999999999999963 -3.705025090339875
0. -3.591458657576617
0.10000000000000009 -3.5052984306952393
0.20000000000000015 -3.454082782595087
0.3000000000000002 -3.4468130614823416
0.40000000000000036 -3.494304000090884
0.5 -3.6093962291140493
0.6000000000000001 -3.8080592938104187
0.7000000000000001 -4.109523551332425
0.8000000000000002 -4.538718149027356
0.9000000000000002 -5.1272444353992395
1. -5.9143868117682254