-2.9999999999999996 -8.963084827689343
-2.8999999999999995 -8.749607601127506
-2.8 -8.538859117813303
-2.6999999999999997 -8.329385629681655
-2.5999999999999996 -8.120316963429273
-2.5 -7.911145365186127
-2.4 -7.701556792447033
-2.2999999999999994 -7.491356008418877
-2.1999999999999997 -7.280490973485084
-2.1 -7.068856999146264
-1.9999999999999996 -6.856453229463392
-1.8999999999999997 -6.643212977851208
-1.7999999999999996 -6.429483398263481
-1.6999999999999997 -6.215110529456417
-1.5999999999999999 -6.000453876466264
-1.4999999999999998 -5.785797157572986
-1.4 -5.571381220063404
-1.2999999999999996 -5.357632535936006
-1.2 -5.145355969639463
-1.0999999999999999 -4.935002916430876
-0.9999999999999998 -4.727581191745733
-0.8999999999999998 -4.523647822046339
-0.7999999999999997 -4.3238353586344385
-0.6999999999999996 -4.12860582984488
-0.5999999999999995 -3.938396928762744
-0.4999999999999999 -3.7536793780159985
-0.3999999999999999 -3.5753948976134584
-0.2999999999999998 -3.4047920285523285
-0.19999999999999976 -3.2439965978881595
-0.09999999999999963 -3.096127158007959
0. -2.965678865077466
0.10000000000000009 -2.858745063700307
0.20000000000000015 -2.783232271508136
0.3000000000000002 -2.748923730159241
0.40000000000000036 -2.7672889010202026
0.5 -2.8513910976138135
0.6000000000000001 -3.016059230427541
0.7000000000000001 -3.2788910222385463
0.8000000000000002 -3.661909117855401
0.9000000000000002 -4.193487542715778
1. -4.910194712660502