-2.9999999999999996 -10.471121585791542
-2.8999999999999995 -10.171620320919885
-2.8 -9.872377632982126
-2.6999999999999997 -9.573527452016647
-2.5999999999999996 -9.275292251678458
-2.5 -8.978001900081434
-2.4 -8.682170553292266
-2.2999999999999994 -8.388557236434085
-2.1999999999999997 -8.098276129232243
-2.1 -7.812882402771215
-1.9999999999999996 -7.534397301305927
-1.8999999999999997 -7.265188908893877
-1.7999999999999996 -7.007546312998408
-1.6999999999999997 -6.763092548702944
-1.5999999999999999 -6.532123452298622
-1.4999999999999998 -6.31342796260964
-1.4 -6.1047690080901695
-1.2999999999999996 -5.903641415964457
-1.2 -5.707890349437201
-1.0999999999999999 -5.516058321259189
-0.9999999999999998 -5.327388810613263
-0.8999999999999998 -5.141600697342356
-0.7999999999999997 -4.95890326501659
-0.6999999999999996 -4.779829272829278
-0.5999999999999995 -4.605313536612246
-0.4999999999999999 -4.436638501685846
-0.3999999999999999 -4.275612767120535
-0.2999999999999998 -4.12485734974796
-0.19999999999999976 -3.9877517781012575
-0.09999999999999963 -3.8684345810162424
0. -3.7725961628526616
0.10000000000000009 -3.706731442918019
0.20000000000000015 -3.678008199631855
0.3000000000000002 -3.6948271609078156
0.40000000000000036 -3.766599849234678
0.5 -3.9044407675423742
0.6000000000000001 -4.122964697675101
0.7000000000000001 -4.441228136096243
0.8000000000000002 -4.884321251681336
0.9000000000000002 -5.484928236076421
1. -6.283854502842847