-10.814669157651426 2.
-10.80793054152215 1.9955567488384283
-10.785714285714288 1.984457795247562
-10.781941675208362 1.9821428571428577
-10.762092102282885 1.9690101509719957
-10.752670244374068 1.9642857142857153
-10.733262786002605 1.9537954143433787
-10.721347873310703 1.946428571428573
-10.7155949841236 1.9425952888895681
-10.696428571428575 1.932910813006946
-10.689436493711149 1.9285714285714306
-10.684984651549788 1.9262826445956733
-10.668560657344313 1.9162878685311409
-10.660261214724104 1.9107142857142883
-10.645418606748311 1.9030591357931987
-10.638308621258227 1.8990902956802191
-10.629068225487469 1.892857142857146
-10.622955726211389 1.8896945690434404
-10.607142857142861 1.8808351675576436
-10.597848390654427 1.8750000000000036
-10.59202164146754 1.8719757568649396
-10.577540387134817 1.8630633511444703
-10.568841003158683 1.857142857142862
-10.547094178483311 1.845133121410952
-10.533311093326295 1.8361949241918891
-10.517857142857146 1.8282043963495704
-10.507187778512977 1.8214285714285765
-10.500600494990055 1.817977241855158
-10.487279707645369 1.8096869156137894
-10.478411590648697 1.8035714285714333
-10.464673071931996 1.7963510998993195
-10.455452294793698 1.7910904589587426
-10.44768977203013 1.78571428571429
-10.443383160095102 1.7827519394095566
-10.428571428571432 1.77462172041162
-10.399879835260304 1.75573831866223
-10.388945228852409 1.7500000000000044
-10.36716079811386 1.7377178739084895
-10.358541792590051 1.7321428571428612
-10.354237268157801 1.7291525463684447
-10.339285714285719 1.7212513737237005
-10.32855403754452 1.7142857142857189
-10.322113608702384 1.7108512931690525
-10.308962019748874 1.702493310335945
-10.300381414268658 1.6964285714285765
-10.286666098091711 1.6890953518102352
-10.278312642447338 1.6842339570609006
-10.270330485469616 1.6785714285714333
-10.264806122536324 1.675610204064169
-10.250000000000004 1.6669685035400033
-10.240456610213032 1.66071428571429
-10.222792745199351 1.6482985938172785
-10.21262422233546 1.6428571428571477
-10.192623539345774 1.631381850726302
-10.1780353900889 1.6215357791250824
-10.16071428571429 1.6122180485518172
-10.153033140880982 1.6071428571428612
-10.148468962197477 1.604693792439499
-10.132904601428072 1.5948476511429623
-10.12476191344282 1.5892857142857189
-10.109989214361221 1.5815735856991902
-10.103345489251746 1.5778119549932095
-10.094043505388752 1.5714285714285756
-10.088920583196536 1.5679301690749838
-10.071428571428577 1.5588537803781337
-10.063140325948794 1.5535714285714324
-10.044846123917736 1.5410307752164574
-10.034641553126356 1.53571428571429
-10.01421546233914 1.5242716638964025
-10.004229957379728 1.5178571428571468
-9.999269423767451 1.5144318295322288
-9.982142857142861 1.505439189215549
-9.973708979212478 1.5000000000000036
-9.968607053337815 1.4972928392389946
-9.953648277351574 1.4878417731011186
-9.945530748680305 1.4821428571428612
-9.93114401175295 1.4744854833637007
-9.924435732667073 1.4706014322477037
-9.915478272374138 1.464285714285718
-9.909313267900675 1.4609944892770121
-9.892857142857148 1.451433366910992
-9.885183393508413 1.4464285714285747
-9.880607972800119 1.4439787374171686
-9.865157101232766 1.4341114368963082
-9.857364834561388 1.4285714285714324
-9.83827649231183 1.4176552984623694
-9.822371064545965 1.4069543585193838
-9.803571428571434 1.3968689504089546
-9.797482904442369 1.3928571428571468
-9.793899511784982 1.3909227594998566
-9.777341793912957 1.380245926931699
-9.770046177184351 1.3750000000000036
-9.754999191947082 1.3668573044677315
-9.750970384443258 1.364479791174369
-9.740801377480723 1.3571428571428612
-9.734976520352529 1.3530046959294992
-9.714285714285719 1.3412783164017155
-9.691748689549176 1.3259359763758836
-9.683442090646592 1.3214285714285747
-9.667254230262643 1.3120222746239598
-9.654604226449345 1.3035714285714324
-9.648134107051954 1.298944607161042
-9.625000000000004 1.286335396862282
-9.624072183557537 1.2857142857142891
-9.623536565582032 1.2854215988306947
-9.603315341213374 1.2721940746144718
-9.59738280165917 1.267857142857146
-9.581472991000611 1.2591517410572681
-9.58095104451617 1.2588097910967706
-9.56892060462887 1.2500000000000036
-9.560039052017595 1.2451350467393425
-9.539629045506231 1.232925809101249
-9.5385612906259 1.2321428571428603
-9.53571428571429 1.2304768087803044
-9.518091640295118 1.2178102433695512
-9.511660380865905 1.214285714285717
-9.498874139884371 1.2069176851197332
-9.483032484954547 1.1964285714285747
-9.474590786165258 1.1907961284812387
-9.450434568887477 1.1785714285714315
-9.446428571428577 1.1763882682978055
-9.427060336469214 1.1645879327061603
-9.421299473688514 1.1607142857142883
-9.405400408182038 1.1525086530649808
-9.403618205072798 1.1514192161283017
-9.390934218934001 1.142857142857146
-9.383198079915296 1.1376460983026595
-9.358462664918548 1.1250000000000036
-9.357142857142861 1.1242739777066246
-9.33757932858014 1.1110555628554044
-9.329951265602325 1.1071428571428603
-9.314490266492005 1.0986123390126883
-9.299733679651336 1.089285714285717
-9.292486105846285 1.0843599216878896
-9.267857142857148 1.0716470150114583
-9.267512609143962 1.0714285714285747
-9.267299246872836 1.0713169922317123
-9.245818453527619 1.0579791664373381
-9.23940755885878 1.0535714285714315
-9.222606861537843 1.0447643419781496
-9.22194785869142 1.044389571738285
-9.209371452588426 1.0357142857142883
-9.200879678912242 1.0312526356461271
-9.178571428571434 1.0185329612193685
-9.177514707966461 1.017857142857146
-9.176867535869796 1.0175163643168181
-9.156073227927452 1.0044996401287998
-9.149589955047132 1.0000000000000027
-9.13350998517192 0.9909877113200993
-9.112902200740328 0.9774195598519375
-9.089285714285719 0.9650335694591012
-9.088124826216383 0.9642857142857171
-9.087420256470205 0.9639126227226145
-9.066807596784672 0.950924194928783
-9.060379090057028 0.9464285714285738
-9.04384444630264 0.9376596821680465
-9.042995543474504 0.9371705372663302
-9.030723809583618 0.9285714285714306
-9.023845165714086 0.9238023954286145
-9.000000000000005 0.9106287290505275
-8.97940837804324 0.896975467248498
-8.971606659545703 0.892857142857145
-8.95607167862619 0.8840714785823813
-8.942093510904305 0.8750000000000018
-8.935081574959776 0.8701265421509055
-8.910714285714292 0.8572435738590727
-8.910559177585553 0.8571428571428594
-8.910465870133052 0.8570931740266117
-8.889174607312045 0.8435936499661665
-8.88305448332784 0.8392857142857171
-8.866414564562831 0.8304257700554256
-8.866249986403789 0.8303214312906748
-8.853612723142565 0.8214285714285738
-8.844822288246055 0.8167498280650776
-8.822344295657432 0.8037545734172022
-8.822083833329954 0.8035714285714306
-8.821428571428577 0.8032286805080266
-8.800638265781647 0.7898723468436746
-8.792080850908725 0.7857142857142883
-8.773420335549863 0.7761126385385451
-8.759340263130166 0.767857142857145
-8.752813300148249 0.7637230542560678
-8.732142857142863 0.7538314613565316
-8.72562476399165 0.7500000000000018
-8.721147454048351 0.7478009193810999
-8.7038114452732 0.7378091395167923
-8.694814015485813 0.7321428571428594
-8.67980044440567 0.7247541968331559
-8.670427145772969 0.7197997148688806
-8.66169521287374 0.7142857142857162
-8.65719754442273 0.7114176339725997
-8.64285714285715 0.704505407303726
-8.629214954531847 0.696428571428573
-8.611184742688684 0.6849059086051232
-8.598073605407425 0.6785714285714306
-8.57020627039863 0.6640412540797263
-8.564612576971799 0.6607142857142874
-8.561989177597905 0.6590307359089929
-8.553571428571434 0.6549455126066563
-8.533291807252363 0.6428571428571441
-8.519626868978033 0.6360682309384647
-8.514169677377833 0.6328803502387217
-8.50184887548605 0.6250000000000018
-8.491080674361225 0.6196410079849004
-8.46979011529872 0.6082437373454583
-8.468072944016582 0.6071428571428585
-8.466988537016345 0.606602292596734
-8.46428571428572 0.6051527021020844
-8.437830507538076 0.5892857142857153
-8.420149426029722 0.5804584566345152
-8.419892132824113 0.5803072877208946
-8.40610315527392 0.571428571428573
-8.375000000000007 0.5550292739509741
-8.373280022417099 0.5539154240880126
-8.371101605632637 0.5527917496979562
-8.342777148912612 0.5357142857142874
-8.329341895362159 0.5269887637847139
-8.31076671107973 0.5178571428571441
-8.285714285714292 0.5045944277179659
-8.279906602338592 0.5011615366751414
-8.278114966271863 0.5000000000000018
-8.27308757712734 0.49747465828261106
-8.256912365435351 0.48790324119864703
-8.24803757118335 0.48214285714285854
-8.233348843663173 0.4747588026959386
-8.224299800725516 0.46985996014510345
-8.215719658637909 0.4642857142857153
-8.196428571428577 0.45404853753151464
-8.187482681160915 0.44821774948210535
-8.183857141673245 0.44642857142857295
-8.176257283411745 0.4423943138252069
-8.158204264692612 0.4285714285714297
-8.142588029965275 0.4214823940069472
-8.107142857142863 0.4030944184872558
-8.094674497316529 0.39535081482241097
-8.089621986296054 0.3928571428571441
-8.079016439636549 0.38723185935588145
-8.058826062637362 0.3750000000000009
-8.049196074487146 0.36873221367400166
-8.025675960618303 0.35714285714285765
-8.01785714285715 0.353005142459188
-8.001716754696215 0.3425137919179022
-7.995156233117021 0.3392857142857153
-7.981325871523353 0.33197946001895584
-7.963834512208367 0.32142857142857206
-7.9555118805673075 0.31604048102939686
-7.930061011701466 0.3035714285714288
-7.928571428571434 0.30278844074000943
-7.906874486871136 0.290053674054346
-7.900113960682759 0.2857142857142865
-7.882543099475756 0.27650861989515096
-7.861226254333324 0.2634690348476232
-7.83928571428572 0.2528345083077683
-7.834524602628628 0.2500000000000009
-7.814353229971456 0.23712935400571045
-7.80401465208217 0.23214285714285765
-7.781743215353247 0.2206343573563636
-7.77311305379055 0.2142857142857153
-7.765918431621928 0.21110202796133049
-7.750000000000005 0.20315103583673544
-7.7192091435864265 0.18472959985414494
-7.706185901643364 0.17857142857142883
-7.67755203447065 0.16408183546555843
-7.669010852567749 0.15905497234359522
-7.660714285714292 0.15520210907883936
-7.639070881113788 0.14285714285714324
-7.6223673236903124 0.1326693924047957
-7.571428571428577 0.10814913251471303
-7.5701324805972074 0.10740207530913182
-7.569561380524957 0.10714285714285765
-7.56825092135011 0.10650732712716415
-7.536939327732264 0.08928571428571441
-7.523021440686557 0.08110999757697535
-7.501073175201227 0.07142857142857117
-7.482142857142863 0.0625139229769367
-7.470654794830116 0.055869041033978384
-7.465357860788749 0.053571428571428825
-7.452588441515133 0.04766054544588272
-7.429742188485962 0.03571428571428559
-7.420007222738467 0.030284269738022118
-7.3928571428571495 0.018963632770465644
-7.390696623149817 0.01785714285714235
-7.367341255872482 0.005103177396933667
-7.354816169500787 0.