-12.573784808187497 2.
-12.573264569444827 1.999632800396749
-12.571428571428573 1.9986474835493384
-12.546389611730687 1.9821428571428577
-12.532239821398768 1.972123464291676
-12.51768934678071 1.9642857142857153
-12.489290277246798 1.9478580554493607
-12.487141555856589 1.946428571428573
-12.486047977126098 1.9456475474319248
-12.482142857142858 1.943524688863591
-12.45974721601326 1.9285714285714306
-12.446803751468936 1.9215036074366463
-12.44244649919782 1.918653557303296
-12.431591866299454 1.9107142857142883
-12.421235614496746 1.9050385913863677
-12.404929327437335 1.8952715797731843
-12.401645283156812 1.892857142857146
-12.399301812151956 1.8915682089981836
-12.392857142857144 1.8876919328368729
-12.374084724725282 1.8750000000000036
-12.363406741185006 1.8691099196655765
-12.356356866668786 1.8644429123805324
-12.346518469696866 1.857142857142862
-12.3228779051251 1.8431470095964526
-12.314281832688284 1.8371436334623477
-12.30357142857143 1.8311779176874499
-12.28932083069199 1.8214285714285765
-12.273229146000443 1.8096398850856312
-12.262371054621847 1.8035714285714333
-12.241680138885359 1.7911931706342186
-12.233732873452885 1.78571428571429
-12.22958491418129 1.782654445735175
-12.214285714285715 1.7740407678719894
-12.20534365523576 1.7678571428571477
-12.188242847577294 1.7552085733416893
-12.17901915701083 1.7500000000000044
-12.161549887899492 1.7394528347227594
-12.151049022182846 1.7321428571428612
-12.145530098324706 1.7280368374779203
-12.125000000000002 1.71637115097837
-12.122011921256862 1.7142857142857189
-12.103759428806262 1.7006766856673243
-12.082242262025712 1.6878770238337184
-12.068979411587954 1.6785714285714333
-12.061968494716023 1.6733205867710863
-12.03994185141781 1.66071428571429
-12.035714285714288 1.658132638877599
-12.018478497242794 1.6463043005514466
-12.014026282142211 1.6428571428571477
-12.003483457634008 1.6364109772410913
-11.978721811507562 1.6185413519842067
-11.966765639024178 1.6071428571428612
-11.935052568735015 1.5915609148244299
-11.922673377302088 1.5845346754604215
-11.90287356362148 1.5714285714285756
-11.892824474059818 1.5642922480451835
-11.85714285714286 1.544091764877181
-11.847620186103857 1.5376188199220904
-11.844104136287406 1.53571428571429
-11.837256791735937 1.5317370726329056
-11.816481224820365 1.5178571428571468
-11.805865472049744 1.5102554770186272
-11.787061814716003 1.5000000000000036
-11.767857142857146 1.488776484505693
-11.760102377708362 1.4836938101726176
-11.757986552236787 1.4821428571428612
-11.752322990700552 1.479036026711543
-11.738743253048554 1.4701084922474363
-11.73082848928201 1.464285714285718
-11.716891683368168 1.45662166332637
-11.710588814310729 1.4528320485764343
-11.701914555423947 1.4464285714285747
-11.695699578642706 1.4430029414143197
-11.67857142857143 1.432676756317738
-11.673803305311786 1.4295250532233617
-11.672515498935988 1.4285714285714324
-11.669414203043337 1.426739983465814
-11.63363601609126 1.401844225353181
-11.61743611643224 1.3928571428571468
-11.589285714285717 1.3761588400586433
-11.58803773597255 1.3752495956626367
-11.587588883863402 1.3750000000000036
-11.586728391824153 1.374488535507691
-11.561381675238161 1.3571428571428612
-11.548197572873997 1.3475033425680625
-11.50530885443084 1.322490342314742
-11.503762341065922 1.3214285714285747
-11.502955772307851 1.320837416967005
-11.500000000000004 1.3191827705806611
-11.477295077025952 1.3035714285714324
-11.464618832107357 1.2964951949929038
-11.460364827012201 1.29364132031185
-11.449843219164679 1.2857142857142891
-11.424632261302083 1.2706407379747047
-11.41847529188535 1.2663049416229333
-11.410714285714288 1.261951875713586
-11.393365353287296 1.2500000000000036
-11.377966327600483 1.2386924487656215
-11.366290790886806 1.2321428571428603
-11.343950762423436 1.2187901524846891
-11.339042863929782 1.214285714285717
-11.333919210909931 1.2117875863894456
-11.321428571428575 1.2050484528247356
-11.29088577536313 1.1846799877845209
-11.278665350029641 1.1785714285714315
-11.253405571989317 1.1649668286835793
-11.243169976485902 1.1585088618456805
-11.232142857142861 1.15295929911262
-11.215799880186848 1.142857142857146
-11.198947566080909 1.1316390582123939
-11.158869114170134 1.110345251405458
-11.15372239044628 1.1071428571428603
-11.151223774322926 1.105469530849704
-11.142857142857146 1.1012147761869784
-11.12375877666774 1.089285714285717
-11.111696684949639 1.0830536227042158
-11.105054380655249 1.0789891238689542
-11.093869718516185 1.0714285714285747
-11.082643702825132 1.0656141165778346
-11.065388062736972 1.0559347554045395
-11.061903734502916 1.0535714285714315
-11.05958655691988 1.0523684029017417
-11.05357142857143 1.048985145381848
-11.032523129332189 1.0357142857142883
-11.016975223351743 1.0251763839010835
-11.002760368324287 1.017857142857146
-10.973998570172649 1.0019425711773886
-10.971614720864752 1.0000000000000027
-10.969424401171352 0.9989722626228756
-10.964285714285717 0.9961819052654715
-10.926807746765098 0.9717813077898407
-10.912356701679059 0.9642857142857171
-10.883251635762011 0.9480788985809756
-10.880665694684062 0.9464285714285738
-10.879385183103956 0.945551534807783
-10.875000000000004 0.9432685758690926
-10.852015404300426 0.9285714285714306
-10.837048930784654 0.9183044995573582
-10.793258952195295 0.8943660761533465
-10.790905477102125 0.892857142857145
-10.789735432453275 0.8920529135093478
-10.785714285714288 0.8899517301658131
-10.762417720950744 0.8750000000000018
-10.7481895442609 0.8674950517093247
-10.744746676593111 0.8653363789670943
-10.732954124818068 0.8571428571428594
-10.703651997536262 0.8407303995072546
-10.70028211179252 0.8385150062129281
-10.696428571428575 0.8365002060344313
-10.672959110137317 0.8214285714285738
-10.658125797638487 0.8112319833294483
-10.643465159537802 0.8035714285714306
-10.610051424561266 0.7862959991979697
-10.60926130631263 0.7857142857142883
-10.608598320348115 0.7854231930732372
-10.607142857142861 0.7846993306895653
-10.563412895488149 0.7587459923309448
-10.54489034394139 0.7500000000000018
-10.517857142857146 0.7362024440183674
-10.5125762365588 0.7331990384025282
-10.51087258996867 0.7321428571428594
-10.505997489376336 0.7297709264466974
-10.48896599110728 0.7200639446356893
-10.479668666931286 0.7142857142857162
-10.467347502551355 0.7065304994897312
-10.428571428571432 0.6870904514710601
-10.417903335917535 0.6807050471022098
-10.413423351184187 0.6785714285714306
-10.40378851054164 0.6736148449654715
-10.381782558851555 0.6607142857142874
-10.371580673177009 0.6542552939360293
-10.347748689818463 0.6428571428571441
-10.339285714285719 0.6384866509977813
-10.321902000787519 0.6284767426996414
-10.316374152719943 0.6250000000000018
-10.300660568617534 0.6172749708663652
-10.297562438281291 0.6154875123437442
-10.284324797282187 0.6071428571428585
-10.27441016401218 0.6022608243404228
-10.250000000000004 0.5893525001184168
-10.249886983372775 0.5892857142857153
-10.249809880867849 0.5892476904592838
-10.226986557736756 0.5760312598812218
-10.219715973990569 0.571428571428573
-10.200790130166004 0.5615865974617735
-10.180949435886443 0.5495243985369997
-10.16071428571429 0.5397374181804953
-10.153941978299557 0.5357142857142874
-10.13431058203367 0.5231378835932681
-10.123409046375267 0.5178571428571441
-10.100256446544705 0.5057655750232275
-10.090579638157601 0.5000000000000018
-10.086031854126086 0.4970793434604994
-10.071428571428577 0.4899865602390463
-10.05828028556029 0.48214285714285854
-10.040213783662189 0.47052867183899316
-10.027374088616842 0.4642857142857153
-10.000165436589018 0.450033087317804
-9.994135216630477 0.44642857142857295
-9.991292756939908 0.4445985914691635
-9.982142857142861 0.4401426551442107
-9.962797786556129 0.4285714285714297
-9.946225491569377 0.4178977588289836
-9.900254109059055 0.3943365360975255
-9.897782393332067 0.3928571428571441
-9.896615435349444 0.39210548435868464
-9.892857142857148 0.3902742454242176
-9.867334947888956 0.3750000000000009
-9.850186173064506 0.3664658060414716
-9.849181527876967 0.36587798013889383
-9.835536847228141 0.35714285714285765
-9.803571428571434 0.3403979890515858
-9.802252648971683 0.3395494702056654
-9.80055956690228 0.3386833419518842
-9.771660767595861 0.32142857142857206
-9.758029059880982 0.3126799023095197
-9.739262548012496 0.3035714285714288
-9.714285714285719 0.2905450087125514
-9.708108803723514 0.28694966782672804
-9.706165980695298 0.2857142857142865
-9.700653412221973 0.28298782530153765
-9.684763861237352 0.273761513466817
-9.67545009549412 0.2678571428571441
-9.660898409205979 0.26067746101594924
-9.650271668479844 0.25505433369596897
-9.64226941496405 0.2500000000000009
-9.625000000000004 0.24107054942044392
-9.61350866436376 0.23444112427010655
-9.609854062642546 0.23214285714285765
-9.600237603675453 0.22719037787794782
-9.582607046583323 0.2142857142857153
-9.567995246165458 0.2078295221954818
-9.53571428571429 0.19172067184728991
-9.519223228172166 0.18186964007985384
-9.512245440391506 0.17857142857142883
-9.496941396134789 0.17081685065552854
-9.479423689341212 0.16071428571428648
-9.47135641213903 0.1557287175721953
-9.446428571428577 0.14411267230082103
-9.44423489721423 0.14285714285714324
-9.422812532540037 0.12972320777770818
-9.412589017862464 0.125
-9.389624023358966 0.11363909038607822
-9.378064312836488 0.10714285714285765
-9.372843954038114 0.10400263776380658
-9.357142857142861 0.09689660903165809
-9.343451213848219 0.08928571428571441
-9.33310996349227 0.08447913555559605
-9.321952103689815 0.07846672211918015
-9.3097941867907 0.07142857142857117
-9.2757535120098 0.05515070240195907
-9.27283802933216 0.053571428571428825
-9.271559472094246 0.05283096272400911
-9.267857142857148 0.051222850531323694
-9.238787428135465 0.03571428571428559
-9.220198720422284 0.027388827344115185
-9.215755869801901 0.02529403110323525
-9.20221207202204 0.01785714285714235
-9.178571428571434 0.007072167206267466
-9.169270088309633 0.001860268052360503
-9.164830807581689 0.