-8.058251234040034 0.
-8.074412258629998 0.0065461197025724616
-8.095236459852208 0.01785714285714235
-8.107142857142863 0.023943307426440796
-8.126246373314636 0.031893582479931126
-8.133108145111867 0.03571428571428559
-8.149146735904996 0.04411506146671229
-8.169543774515237 0.053571428571428825
-8.177998998118348 0.05725734323347442
-8.196428571428577 0.06796650274694738
-8.203746639426544 0.07142857142857117
-8.22917676130432 0.08273607631056556
-8.24024435216902 0.08928571428571441
-8.264861245631508 0.10297224912630032
-8.273375642865728 0.10714285714285765
-8.277114624659225 0.10886278935387139
-8.285714285714292 0.11389369242326985
-8.327826768315255 0.1344346463369508
-8.341436620127114 0.14285714285714324
-8.349655227300143 0.14792609739711615
-8.37057584944421 0.159829455603127
-8.372393680836543 0.16071428571428648
-8.373025373795953 0.16110921095509756
-8.375000000000007 0.16224536195754258
-8.397509732805624 0.1740694820103057
-8.406672860612554 0.17857142857142883
-8.423536964186418 0.18672117859128967
-8.46428571428572 0.21165879447152847
-8.467985348644758 0.21354578741390817
-8.469629565587743 0.2142857142857153
-8.471533057545662 0.21573518293770366
-8.502556833715392 0.23214285714285765
-8.517232494486677 0.23941064395980938
-8.533426309160635 0.2500000000000009
-8.553571428571434 0.2623301009888017
-8.56148616879433 0.2662741948125653
-8.56886263873866 0.2709153848905892
-8.596360479464757 0.2857142857142865
-8.607122325704012 0.29286124914491385
-8.615933245309243 0.2981866490618481
-8.626456055570209 0.3035714285714288
-8.64285714285715 0.31375072755054934
-8.653742981233663 0.31925140375326944
-8.657010580212173 0.32142857142857206
-8.663707843073668 0.32559871147187547
-8.701083287123431 0.3454976282896016
-8.718465174335794 0.35714285714285765
-8.732142857142863 0.36569987792131364
-8.74525352452586 0.37237786652340166
-8.74915978336341 0.3750000000000009
-8.75713771573207 0.3799989717178418
-8.7806305182903 0.3928571428571441
-8.792111320405976 0.39872059306166463
-8.821428571428577 0.4175592026008772
-8.836395264365974 0.42557808998395075
-8.842829233062272 0.4285714285714297
-8.84991478522795 0.43426867133130465
-8.872090199064772 0.44642857142857295
-8.88295296866281 0.451980834838869
-8.90122464903681 0.4642857142857153
-8.910714285714292 0.47024054804569015
-8.92637804865973 0.4790101045537707
-8.932431411280678 0.48214285714285854
-8.941556182780165 0.4883112365560338
-8.948824904222622 0.4923778762983364
-8.963563076532656 0.5000000000000018
-8.97188917163087 0.5056221656738291
-8.987943470845629 0.5154458370262684
-8.992610228696542 0.5178571428571441
-9.000000000000005 0.5224799362168939
-9.018658293103996 0.5319826270934893
-9.024218061859987 0.5357142857142874
-9.03562585682757 0.5428394570798005
-9.064900094562853 0.5584485525160039
-9.084297815760216 0.571428571428573
-9.089285714285719 0.5745325668866537
-9.110162552924999 0.5851103465578591
-9.129300178565451 0.5972886071416621
-9.147455309171471 0.6071428571428585
-9.156289077832758 0.6115993272905937
-9.178571428571434 0.625715282731913
-9.202081939664776 0.638155040638476
-9.212298850767198 0.6428571428571441
-9.223852004313535 0.6519132580055649
-9.240174257604373 0.6607142857142874
-9.248075347683365 0.6646706447490445
-9.267857142857148 0.6777399157203119
-9.269402962563644 0.6785714285714306
-9.294492974306419 0.6911014051387188
-9.319442934878943 0.7067457298329325
-9.333531410896567 0.7142857142857162
-9.339052917942649 0.717903702125759
-9.357142857142861 0.7286878526540823
-9.363615628908391 0.7321428571428594
-9.387440384514978 0.743940494525579
-9.396707766617933 0.7500000000000018
-9.416177048772587 0.7618068383259473
-9.427573197060159 0.767857142857145
-9.43302044308966 0.7705387685249283
-9.446428571428577 0.7792580477124353
-9.458622893385021 0.7857142857142883
-9.480596490004139 0.7967378448563185
-9.490921833187668 0.8035714285714306
-9.509645002740264 0.8162147148337686
-9.518527940185363 0.8214285714285738
-9.523109617974445 0.8239495049765431
-9.53571428571429 0.8326657401830966
-9.567305730894843 0.8508245681067486
-9.580192917531827 0.8571428571428594
-9.593013321238361 0.8686026642476739
-9.60390197225588 0.8750000000000018
-9.608404348248351 0.8783191303503326
-9.625000000000004 0.8892547650033045
-9.63113417162807 0.892857142857145
-9.633420708583252 0.894541284573795
-9.651523302124248 0.9054096252894395
-9.661177849327872 0.9107142857142883
-9.672530870752125 0.9190652544210067
-9.675055488796916 0.9207253834736706
-9.689350610158062 0.9285714285714306
-9.694688202291664 0.9324909309702418
-9.714285714285719 0.9453581174899126
-9.71611467871113 0.9464285714285738
-9.739526744744344 0.9592375081939917
-9.74656124428318 0.9642857142857171
-9.760278784596242 0.9734843283478218
-9.782766610881184 0.9863038206809094
-9.801931566865356 1.0000000000000027
-9.803571428571434 1.0010942363254252
-9.82612438369912 1.0133465518316083
-9.844862205843086 1.0261152983114759
-9.861443074602992 1.0357142857142883
-9.869931713067508 1.0402993716722166
-9.892857142857148 1.0558291468173957
-9.913271189640668 1.067345762071871
-9.92172925257085 1.0714285714285747
-9.930454793318427 1.0789481015208304
-9.94847034677114 1.089285714285717
-9.957635292155732 1.0941872272831432
-9.976077462652231 1.1071428571428603
-9.982142857142861 1.11111278965845
-10.001091613926825 1.1212102486432105
-10.017282402277969 1.132027909027025
-10.036345050675058 1.142857142857146
-10.044099206288127 1.1483230158852358
-10.060058452335907 1.1584402618957546
-10.064331975874357 1.1607142857142883
-10.071428571428577 1.165306714158417
-10.089677795506807 1.1749215837557854
-10.094946844303427 1.1785714285714315
-10.105527873579177 1.1853912890015517
-10.134545291145118 1.201662370342409
-10.151809778195888 1.214285714285717
-10.16071428571429 1.2204882315892807
-10.175907247713809 1.229104264742956
-10.180001578327374 1.2321428571428603
-10.187782681310024 1.237556536262007
-10.20839664961008 1.2500000000000036
-10.219263861279924 1.2561472277440195
-10.250000000000004 1.277959143221688
-10.259821308147403 1.2837500240848092
-10.26375726679871 1.2857142857142891
-10.267551215550613 1.2892245288244109
-10.291437614975353 1.3035714285714324
-10.303993550567801 1.3106298613150154
-10.318664376726243 1.3214285714285747
-10.339285714285719 1.3356293846011429
-10.34378855487935 1.338385146166992
-10.345401789564331 1.339285714285718
-10.347618415828578 1.3409522545942902
-10.365541362163041 1.3518917275673967
-10.374970112272909 1.3571428571428612
-10.386264038052667 1.3656043352466147
-10.388263083876472 1.3669383310610117
-10.402774904060498 1.3750000000000036
-10.428571428571432 1.3926025387413272
-10.428908406453724 1.3927897472806885
-10.429000991118931 1.3928571428571468
-10.429179982456276 1.3929788536341157
-10.474805908815657 1.4193245325225874
-10.487592174630631 1.4285714285714324
-10.51244083503082 1.4453453098633098
-10.514286920476549 1.4464285714285747
-10.515242140692386 1.4469515718615265
-10.517857142857146 1.4488293585382168
-10.544294734031094 1.464285714285718
-10.561159609598246 1.4734823637946413
-10.59699490510502 1.497970409592436
-10.600492663596876 1.5000000000000036
-10.601932916844046 1.5010419880597663
-10.607142857142861 1.504417392730292
-10.62412742428498 1.5144602294287228
-10.630396540807729 1.5178571428571468
-10.648278683399619 1.527487120462938
-10.65991497886707 1.53571428571429
-10.68293130828033 1.5508719759417833
-10.690034586950492 1.5548502254670487
-10.696428571428575 1.559334597044268
-10.71760861096947 1.5714285714285756
-10.736228985712199 1.581325631428994
-10.747626229509383 1.5892857142857189
-10.76976458721217 1.603952917442438
-10.775297150555982 1.6071428571428612
-10.778061254613105 1.6086734633630977
-10.785714285714288 1.614228597681799
-10.80394057806189 1.6250000000000044
-10.822831509870493 1.6354336980259063
-10.833082617831689 1.6428571428571477
-10.852962948386054 1.6563068753915005
-10.860459655312447 1.66071428571429
-10.864342127370138 1.662845860240263
-10.875000000000004 1.6705213356626754
-10.888729437519803 1.6785714285714333
-10.90894885691872 1.6896388000448335
-10.936862885229004 1.7088011484743761
-10.94627471057658 1.7142857142857189
-10.950157127953572 1.7171114315521478
-10.964285714285717 1.7263151932327956
-10.971621484653546 1.730675703069295
-10.974315897585916 1.7321428571428612
-10.97813610391704 1.7349129350691257
-10.993680536579221 1.744121035541303
-11.004509229909024 1.7500000000000044
-11.015151723514705 1.7576839410113498
-11.020719574732405 1.7612867720893428
-11.032858786052778 1.7678571428571477
-11.037367264496229 1.7710979756721876
-11.05357142857143 1.7815445307750233
-11.0608195023625 1.78571428571429
-11.083114107342523 1.7976628928172147
-11.091500524554801 1.8035714285714333
-11.108130483808232 1.8144832396187942
-11.120291454506381 1.8214285714285765
-11.126459479937568 1.8247081040124922
-11.142857142857146 1.8356473663074206
-11.171283918672273 1.8514575019798363
-11.179435168821167 1.857142857142862
-11.19109967339965 1.8653514938915032
-11.194421718069032 1.867455772185238
-11.208614847881202 1.8750000000000036
-11.213840796901671 1.8786604120482409
-11.232142857142861 1.8902079015012356
-11.236843074082866 1.892857142857146
-11.260205074388152 1.9051018422652302
-11.28470320062238 1.9212263544101917
-11.297833345106099 1.9285714285714306
-11.303125757338242 1.9322319913894974
-11.321428571428575 1.9436607944094657
-11.325021187499688 1.94571004821435
-11.326387525006004 1.946428571428573
-11.349857783456805 1.958599871880069
-11.358166777311018 1.9642857142857153
-11.37503195665928 1.9750063913318563
-11.394296245865412 1.9854264651126332
-11.410714285714288 1.9965798220206663
-11.41689800552732 2.