-8.241233005647636 0.
-8.253625504997322 0.006417756143394016
-8.270854684360913 0.014885222586467073
-8.277329056625211 0.01785714285714235
-8.279928520879233 0.019014295824153926
-8.285714285714292 0.021930210143665363
-8.308058857077768 0.031245371441590564
-8.316072246817384 0.03571428571428559
-8.334797404830164 0.04553090953745986
-8.359319341610723 0.05670756024928547
-8.375000000000007 0.06582037120744832
-8.386852617769113 0.07142857142857117
-8.41088449948914 0.08210881438788764
-8.450044577963096 0.10429462987833293
-8.455865529610746 0.10714285714285765
-8.458420207269453 0.10831595854611109
-8.46428571428572 0.1117401306921586
-8.53040080998991 0.14285714285714324
-8.554886320578847 0.16045130731280377
-8.556207750293611 0.16124155005872165
-8.58993014816547 0.17857142857142883
-8.605463196965191 0.18605021774982067
-8.621755347483342 0.19642857142857206
-8.64285714285715 0.20901751709592453
-8.65053977542793 0.21274918777155882
-8.652932211707633 0.2142857142857153
-8.657954258647553 0.21730513744379554
-8.686126867225818 0.23214285714285765
-8.699410094621632 0.23868940964710372
-8.716784743324412 0.2500000000000009
-8.732142857142863 0.2593519646581788
-8.744366462331753 0.26541242181936564
-8.75584590099589 0.2725977516277496
-8.78033950035177 0.2857142857142865
-8.789896635070871 0.292020672985827
-8.802971497773955 0.29988001384050467
-8.810218795819859 0.3035714285714288
-8.821428571428577 0.3104882387961494
-8.836000753119743 0.31851413509033843
-8.841706439886886 0.32142857142857206
-8.850423626542703 0.32722758245139794
-8.858742569740182 0.33182291462339464
-8.873318023865501 0.3392857142857153
-8.881942343827525 0.3450401026630683
-8.897563811903906 0.35451276238078044
-8.9026908178964 0.35714285714285765
-8.910714285714292 0.36213030804241253
-8.928941433961787 0.37135457035050123
-8.934404949839927 0.3750000000000009
-8.945620396638043 0.38198122218475117
-8.96561444561811 0.3928571428571441
-8.97533776646967 0.3977895895632111
-9.000000000000005 0.41353026893269274
-9.020538927934462 0.42446364298453787
-9.026679236053683 0.4285714285714297
-9.03799953966288 0.43617133650400586
-9.041512760492166 0.4381260193301406
-9.057639107689932 0.44642857142857295
-9.064903608062977 0.45130499267312096
-9.08471680502512 0.46337193243359565
-9.086492080717477 0.4642857142857153
-9.089285714285719 0.466026147551478
-9.112073608021927 0.47758527839561715
-9.132902528128891 0.49086621991149304
-9.149692443407282 0.5000000000000018
-9.156334301382115 0.5044474254378652
-9.178323054041481 0.5178074679511537
-9.178419766700772 0.5178571428571441
-9.178571428571434 0.5179513294800735
-9.203743987418738 0.5306797739448266
-9.211295227948636 0.5357142857142874
-9.226873925887928 0.5453747851775859
-9.24934281543957 0.5572742940549462
-9.267857142857148 0.5695805092051449
-9.271271937037957 0.571428571428573
-9.295699646607748 0.5837172135355955
-9.304091621862385 0.5892857142857153
-9.321486121781474 0.6000115100705807
-9.334712113596234 0.6071428571428585
-9.34111253451714 0.6103489216680025
-9.357142857142861 0.6209435927678895
-9.364681556601633 0.6250000000000018
-9.388046463481096 0.6366764215894971
-9.397418741062221 0.6428571428571441
-9.416955020941712 0.654819575616914
-9.427958937542366 0.6607142857142874
-9.4332567046911 0.663348659061783
-9.446428571428577 0.6719949605971687
-9.458734460287916 0.6785714285714306
-9.480856691964412 0.6895429473214056
-9.513429425314516 0.7098287422057616
-9.521810533288734 0.7142857142857162
-9.525081183457834 0.7164123347370079
-9.53571428571429 0.7227094123671938
-9.548436011107869 0.7295985120641433
-9.553498981107348 0.7321428571428594
-9.561437006528339 0.7372874013056689
-9.571662855038376 0.7428102861351844
-9.586002631587704 0.7500000000000018
-9.595221819133966 0.7559556361732085
-9.610507831239625 0.7649587091050689
-9.616302217254042 0.767857142857145
-9.618363529112687 0.7691844370346086
-9.625000000000004 0.7730822908608035
-9.64900259940454 0.7857142857142883
-9.667689886436575 0.7950334512841168
-9.68066231713086 0.8035714285714306
-9.704222637370583 0.819415956045547
-9.707664742317155 0.8214285714285738
-9.709434980671587 0.8223987181514003
-9.714285714285719 0.8257400257794059
-9.754928997995723 0.849014200400859
-9.766233724097932 0.8571428571428594
-9.774226915186286 0.863011759819889
-9.787622318567939 0.8718101779993024
-9.793438628997626 0.8750000000000018
-9.795608470910183 0.8765925915322521
-9.803571428571434 0.8818205738677714
-9.822430864549892 0.892857142857145
-9.841271395504153 0.9031742923277442
-9.872199608950444 0.92443992179009
-9.87927231766703 0.9285714285714306
-9.882189752421244 0.9307049066586108
-9.892857142857148 0.9376847695839947
-9.903830635250339 0.9442338729499351
-9.907846001592784 0.9464285714285738
-9.92778532969235 0.9573000769186768
-9.937551006611494 0.9642857142857171
-9.95663794760971 0.9770418752362291
-9.969917181785572 0.9845879922143173
-9.982142857142861 0.9932981262322862
-9.993696681415214 1.0000000000000027
-10.014661968090905 1.0113533206675367
-10.023812163688998 1.017857142857146
-10.041799077141057 1.0297883868567848
-10.052065236332599 1.0357142857142883
-10.057309262192845 1.038538147561435
-10.071428571428577 1.0485212509845967
-10.080201325916708 1.0535714285714315
-10.102054825650148 1.0653033205842597
-10.11074271354629 1.0714285714285747
-10.127938503714569 1.0827305578857729
-10.139393009968508 1.089285714285717
-10.14520809810141 1.092386951808293
-10.16071428571429 1.1032520289071943
-10.167534465563097 1.1071428571428603
-10.190082684639084 1.1191263202150452
-10.215266914678008 1.135910525792747
-10.227524523525522 1.142857142857146
-10.23250342159077 1.1463564585389925
-10.250000000000004 1.1574219576383387
-10.254234628570309 1.1598673600002272
-10.255829383451387 1.1607142857142883
-10.25816206995107 1.1623466997045009
-10.276981062704198 1.1731752160305922
-10.287173746301747 1.1785714285714315
-10.298796743005664 1.186669222827443
-10.30268102759344 1.189107634090119
-10.31655306706903 1.1964285714285747
-10.321405474888396 1.2000046193080394
-10.339285714285719 1.2120607429839252
-10.34301235969288 1.214285714285717
-10.365239739969946 1.2269520520060144
-10.37220146475324 1.2321428571428603
-10.385383048556838 1.2413623239970848
-10.399622792404267 1.2500000000000036
-10.40715399439777 1.2542834868347361
-10.428571428571432 1.2695692646662335
-10.448935145500634 1.2816415423284484
-10.454414281868187 1.2857142857142891
-10.464826445432038 1.2929652890864105
-10.49164805386362 1.3088132463701374
-10.516887517263516 1.3214285714285747
-10.532895022812992 1.3362781382945483
-10.544738783139818 1.3446620423422528
-10.565534369835673 1.3571428571428612
-10.574243301852412 1.363722768200951
-10.584192576902153 1.370409943951862
-10.59240601275651 1.3750000000000036
-10.607142857142861 1.385131136812447
-10.617312419606632 1.3908232303643926
-10.620086225989507 1.3928571428571468
-10.625420063025139 1.3965125840336023
-10.661757462035478 1.4176485075929088
-10.676747879751817 1.4285714285714324
-10.696428571428575 1.441964395270369
-10.702348805314097 1.4452445246514705
-10.703978952414092 1.4464285714285747
-10.707137459186034 1.4485703489800663
-10.733810954738976 1.464285714285718
-10.747654894577758 1.4718975925130238
-10.761861359455112 1.4821428571428612
-10.785714285714288 1.4981904578515062
-10.788134262751987 1.499516004592464
-10.78880773317775 1.5000000000000036
-10.790123550621864 1.5008818529815189
-10.819254823446318 1.5178571428571468
-10.83425571534167 1.526005999788814
-10.847869770184897 1.53571428571429
-10.874629133418011 1.5534972552550341
-10.874823119725509 1.5536068046263312
-10.875000000000004 1.5537319291377454
-10.905726480640393 1.5714285714285756
-10.92163150147138 1.5799594139914435
-10.934864999340878 1.5892857142857189
-10.960372968022645 1.606360307890247
-10.961717433978759 1.6071428571428612
-10.962393131549751 1.6075213736900542
-10.964285714285717 1.6088510370783426
-11.00765232469771 1.6341838207747488
-11.025155589643047 1.6428571428571477
-11.042298193292464 1.6584596386584964
-11.046091944570454 1.66071428571429
-11.047673024769704 1.6618939664746355
-11.05357142857143 1.6658168640014352
-11.07509362141697 1.6785714285714333
-11.083015723675508 1.6844602875922492
-11.090571239177681 1.6890286093073268
-11.103966225557013 1.6964285714285765
-11.112238187213066 1.702552362557392
-11.124415407452787 1.7105973672048478
-11.131111425311662 1.7142857142857189
-11.13361812926418 1.7161335170043124
-11.142857142857146 1.7222151936706451
-11.159774784596989 1.7321428571428612
-11.17913663689329 1.742744101192776
-11.189239317564097 1.7500000000000044
-11.208981983600342 1.763224968148644
-11.221026917918097 1.7700803307021005
-11.232142857142861 1.7780034983015494
-11.245429998978176 1.78571428571429
-11.265945955905824 1.7968108088188401
-11.294246264706711 1.8159921100842036
-11.303689167552138 1.8214285714285765
-11.308508217340261 1.824012642246239
-11.321428571428575 1.8326939609630708
-11.36700905905798 1.857142857142862
-11.381044064599228 1.8690659557769917
-11.391481167812694 1.8750000000000036
-11.395731119217832 1.8779966332992952
-11.410714285714288 1.8874944490421086
-11.420188394803501 1.892857142857146
-11.442160181571737 1.9044251065427984
-11.451247839368937 1.9107142857142883
-11.469527351116959 1.9224768987948222
-11.48038736145121 1.9285714285714306
-11.484776468855115 1.9316161348004082
-11.500000000000004 1.9411334296934148
-11.509479773952748 1.946428571428573
-11.531676893593547 1.9579503355670065
-11.540956077545728 1.9642857142857153
-11.559818861702396 1.9762494866261937
-11.575732272096765 1.9848535455806484
-11.589285714285717 1.9940266853330293
-11.600125799374363 2.