1.e-10,1.e-6,0.0001574228523148026
1.e-10,2.5118864315095823e-6,0.0008934493087005364
1.e-10,6.30957344480193e-6,0.005042851895768886
1.e-10,0.00001584893192461114,0.028185735757018444
1.e-10,0.000039810717055349695,0.14915441305071614
1.e-10,0.0001,0.7064866428937274
1.778279410038923e-10,1.e-6,0.00027994002989535226
1.778279410038923e-10,2.5118864315095823e-6,0.0015888035665155276
1.778279410038923e-10,6.30957344480193e-6,0.008967714194986317
1.778279410038923e-10,0.00001584893192461114,0.05012198588027142
1.778279410038923e-10,0.000039810717055349695,0.2652433406068698
1.778279410038923e-10,0.0001,1.2563600308206897
3.1622776601683795e-10,1.e-6,0.0004978144053208969
3.1622776601683795e-10,2.5118864315095823e-6,0.00282533787296836
3.1622776601683795e-10,6.30957344480193e-6,0.01594691279899785
3.1622776601683795e-10,0.00001584893192461114,0.08913063978455062
3.1622776601683795e-10,0.000039810717055349695,0.47167199752109845
3.1622776601683795e-10,0.0001,2.234111145688337
5.623413251903491e-10,1.e-6,0.0008852546230977402
5.623413251903491e-10,2.5118864315095823e-6,0.005024257975585441
5.623413251903491e-10,6.30957344480193e-6,0.028358124209120098
5.623413251903491e-10,0.00001584893192461114,0.15850062777740642
5.623413251903491e-10,0.000039810717055349695,0.8387833904678623
5.623413251903491e-10,0.0001,3.972892316722701
1.e-9,1.e-6,0.0015742294511904107
1.e-9,2.5118864315095823e-6,0.008934522771227868
1.e-9,6.30957344480193e-6,0.050428718990801376
1.e-9,0.00001584893192461114,0.281859365069457
1.e-9,0.000039810717055349695,1.4915794032965881
1.e-9,0.0001,7.0648386584551925
1.7782794100389228e-9,1.e-6,0.002799417563487403
1.7782794100389228e-9,2.5118864315095823e-6,0.015887995378320394
1.7782794100389228e-9,6.30957344480193e-6,0.08967603682014087
1.7782794100389228e-9,0.00001584893192461114,0.5012243285209872
1.7782794100389228e-9,0.000039810717055349695,2.6523732232774058
1.7782794100389228e-9,0.0001,12.563048650038255
3.1622776601683795e-9,1.e-6,0.004978145835912008
3.1622776601683795e-9,2.5118864315095823e-6,0.028253475622059127
3.1622776601683795e-9,6.30957344480193e-6,0.1594699707289989
3.1622776601683795e-9,0.00001584893192461114,0.8913092750889141
3.1622776601683795e-9,0.000039810717055349695,4.7167684578572935
3.1622776601683795e-9,0.0001,22.340284628063067
5.623413251903491e-9,1.e-6,0.008852524112402376
5.623413251903491e-9,2.5118864315095823e-6,0.05024250765244216
5.623413251903491e-9,6.30957344480193e-6,0.2835809058050692
5.623413251903491e-9,0.00001584893192461114,1.585001053367528
5.623413251903491e-9,0.000039810717055349695,8.38781630909444
5.623413251903491e-9,0.0001,39.72743254173884
1.e-8,1.e-6,0.01574228527269785
1.e-8,2.5118864315095823e-6,0.08934527370099522
1.e-8,6.30957344480193e-6,0.5042846161590356
1.e-8,0.00001584893192461114,2.818553318433098
1.e-8,0.000039810717055349695,14.916149624937129
1.e-8,0.0001,70.64838526927738
1.7782794100389228e-8,1.e-6,0.02799416357069147
1.7782794100389228e-8,2.5118864315095823e-6,0.1588805869597636
1.7782794100389228e-8,6.30957344480193e-6,0.8967647322246498
1.7782794100389228e-8,0.00001584893192461114,5.012287583783448
1.7782794100389228e-8,0.000039810717055349695,26.524743387928638
1.7782794100389228e-8,0.0001,125.62937860702179
3.162277660168379e-8,1.e-6,0.049781416304641536
3.162277660168379e-8,2.5118864315095823e-6,0.2825341562246213
3.162277660168379e-8,6.30957344480193e-6,1.594697318737712
3.162277660168379e-8,0.00001584893192461114,8.913043685235605
3.162277660168379e-8,0.000039810717055349695,47.167355578050184
3.162277660168379e-8,0.0001,223.40227011570906
5.6234132519034905e-8,1.e-6,0.08852528989609672
5.6234132519034905e-8,2.5118864315095823e-6,0.5024252427387965
5.6234132519034905e-8,6.30957344480193e-6,2.8358245284678625
5.6234132519034905e-8,0.00001584893192461114,15.849935721028174
5.6234132519034905e-8,0.000039810717055349695,83.87776568398961
5.6234132519034905e-8,0.0001,397.2847698765843
1.e-7,1.e-6,0.15742292270093608
1.e-7,2.5118864315095823e-6,0.8934470736315608
1.e-7,6.30957344480193e-6,5.042893550731203
1.e-7,0.00001584893192461114,28.18559666901718
1.e-7,0.000039810717055349695,149.15806519329112
1.e-7,0.0001,706.4900951622683
1.7782794100389227e-7,1.e-6,0.2799410493372936
1.7782794100389227e-7,2.5118864315095823e-6,1.5888075229082164
1.7782794100389227e-7,6.30957344480193e-6,8.967651436087431
1.7782794100389227e-7,0.00001584893192461114,50.12194018086094
1.7782794100389227e-7,0.000039810717055349695,265.23953249175224
1.7782794100389227e-7,0.0001,1256.2604797695747
3.162277660168379e-7,1.e-6,0.49781458605144235
3.162277660168379e-7,2.5118864315095823e-6,2.8253418904629735
3.162277660168379e-7,6.30957344480193e-6,15.947002308295508
3.162277660168379e-7,0.00001584893192461114,89.13144555429318
3.162277660168379e-7,0.000039810717055349695,471.67603193818184
3.162277660168379e-7,0.0001,2234.1734297581747
5.62341325190349e-7,1.e-6,0.8852550687603671
5.62341325190349e-7,2.5118864315095823e-6,5.024258422466157
5.62341325190349e-7,6.30957344480193e-6,28.358204837917874
5.62341325190349e-7,0.00001584893192461114,158.49908566518326
5.62341325190349e-7,0.000039810717055349695,838.7879521501815
5.62341325190349e-7,0.0001,3972.7269920113267
1.e-6,1.e-6,1.5742271894707676
1.e-6,2.5118864315095823e-6,8.934528255550344
1.e-6,6.30957344480193e-6,50.428555547515366
1.e-6,0.00001584893192461114,281.8570134675443
1.e-6,0.000039810717055349695,1491.5543232521882
1.e-6,0.0001,7064.875465465713
1.778279410038923e-6,1.e-6,2.799409448232076
1.778279410038923e-6,2.5118864315095823e-6,15.887999667110837
1.778279410038923e-6,6.30957344480193e-6,89.67637243450382
1.778279410038923e-6,0.00001584893192461114,501.219560792774
1.778279410038923e-6,0.000039810717055349695,2652.4346179800486
1.778279410038923e-6,0.0001,12562.72667937264
3.162277660168379e-6,1.e-6,4.978148150689723
3.162277660168379e-6,2.5118864315095823e-6,28.253346752004717
3.162277660168379e-6,6.30957344480193e-6,159.4696094593308
3.162277660168379e-6,0.00001584893192461114,891.3045769309999
3.162277660168379e-6,0.000039810717055349695,4716.659736580655
3.162277660168379e-6,0.0001,22340.217611644723
5.623413251903491e-6,1.e-6,8.852497748485563
5.623413251903491e-6,2.5118864315095823e-6,50.242130825475186
5.623413251903491e-6,6.30957344480193e-6,283.58211976031185
5.623413251903491e-6,0.00001584893192461114,1584.9768049349764
5.623413251903491e-6,0.000039810717055349695,8387.698336735488
5.623413251903491e-6,0.0001,39728.376281223704
0.00001,1.e-6,15.74216470330769
0.00001,2.5118864315095823e-6,89.3446439452544
0.00001,6.30957344480193e-6,504.2843591210984
0.00001,0.00001584893192461114,2818.541614578977
0.00001,0.000039810717055349695,14916.001040319443
0.00001,0.0001,70647.19908908305
0.00001778279410038923,1.e-6,27.99393794045266
0.00001778279410038923,2.5118864315095823e-6,158.87905366829665
0.00001778279410038923,6.30957344480193e-6,896.7562656833903
0.00001778279410038923,0.00001584893192461114,5012.183755584349
0.00001778279410038923,0.000039810717055349695,26523.722300523503
0.00001778279410038923,0.0001,125632.52855898377
0.000031622776601683795,1.e-6,49.780339422606914
0.000031622776601683795,2.5118864315095823e-6,282.5269805996523
0.000031622776601683795,6.30957344480193e-6,1594.659597432209
0.000031622776601683795,0.00001584893192461114,8912.83900554215
0.000031622776601683795,0.000039810717055349695,47166.966515703796
0.000031622776601683795,0.0001,223402.21460635908
0.00005623413251903491,1.e-6,88.5220576365166
0.00005623413251903491,2.5118864315095823e-6,502.4055251875265
0.00005623413251903491,6.30957344480193e-6,2835.7030906924574
0.00005623413251903491,0.00001584893192461114,15849.437247730219
0.00005623413251903491,0.000039810717055349695,83873.2686519642
0.00005623413251903491,0.0001,397265.56873135583
0.0001,1.e-6,157.41264784454088
0.0001,2.5118864315095823e-6,893.3912684908488
0.0001,6.30957344480193e-6,5042.527543992824
0.0001,0.00001584893192461114,28183.607385700238
0.0001,0.000039810717055349695,149151.66911878344
0.0001,0.0001,706440.6358092899
