1.e-14,1.e-6,9.152647408792489e-7
1.e-14,2.5118864315095823e-6,5.148019515602145e-6
1.e-14,6.30957344480193e-6,0.000028757880692538434
1.e-14,0.00001584893192461114,0.00015372560988521447
1.e-14,0.000039810717055349695,0.0007387283465165051
1.e-14,0.0001,0.003194992898941125
1.7782794100389227e-14,1.e-6,1.6275979331537197e-6
1.7782794100389227e-14,2.5118864315095823e-6,9.154603160210099e-6
1.7782794100389227e-14,6.30957344480193e-6,0.000051138951542468934
1.7782794100389227e-14,0.00001584893192461114,0.00027336594457788224
1.7782794100389227e-14,0.000039810717055349695,0.0013136952715985554
1.7782794100389227e-14,0.0001,0.005681451932406069
3.1622776601683796e-14,1.e-6,2.8943340448761893e-6
3.1622776601683796e-14,2.5118864315095823e-6,0.000016279383083576726
3.1622776601683796e-14,6.30957344480193e-6,0.00009093888412020469
3.1622776601683796e-14,0.00001584893192461114,0.0004861216262756283
3.1622776601683796e-14,0.000039810717055349695,0.0023359572354029463
3.1622776601683796e-14,0.0001,0.010103014329380593
5.6234132519034906e-14,1.e-6,5.146909574673406e-6
5.6234132519034906e-14,2.5118864315095823e-6,0.000028949285020150836
5.6234132519034906e-14,6.30957344480193e-6,0.00016171818292350527
5.6234132519034906e-14,0.00001584893192461114,0.0008644843169467488
5.6234132519034906e-14,0.000039810717055349695,0.0041541204409604356
5.6234132519034906e-14,0.0001,0.017966547509617094
1.e-13,1.e-6,9.15265726964095e-6
1.e-13,2.5118864315095823e-6,0.000051480139629878327
1.e-13,6.30957344480193e-6,0.0002875776641601226
1.e-13,0.00001584893192461114,0.001537250918645501
1.e-13,0.000039810717055349695,0.007387249949624821
1.e-13,0.0001,0.03194845242370337
1.7782794100389227e-13,1.e-6,0.000016275885332760383
1.7782794100389227e-13,2.5118864315095823e-6,0.00009154599577043396
1.7782794100389227e-13,6.30957344480193e-6,0.00051138741886725
1.7782794100389227e-13,0.00001584893192461114,0.0027336951467442586
1.7782794100389227e-13,0.000039810717055349695,0.013136486317217012
1.7782794100389227e-13,0.0001,0.05681297244699627
3.162277660168379e-13,1.e-6,0.000028943130476365203
3.162277660168379e-13,2.5118864315095823e-6,0.00016279390310030054
3.162277660168379e-13,6.30957344480193e-6,0.0009094044970091691
3.162277660168379e-13,0.00001584893192461114,0.004861281393455487
3.162277660168379e-13,0.000039810717055349695,0.023361204072063872
3.162277660168379e-13,0.0001,0.10102786369489843
5.62341325190349e-13,1.e-6,0.00005146926109409306
5.62341325190349e-13,2.5118864315095823e-6,0.000289494786889819
5.62341325190349e-13,6.30957344480193e-6,0.0016171684959712513
5.62341325190349e-13,0.00001584893192461114,0.008644833304817993
5.62341325190349e-13,0.000039810717055349695,0.04154155785559546
5.62341325190349e-13,0.0001,0.17965791971187492
1.e-12,1.e-6,0.00009152673689235743
1.e-12,2.5118864315095823e-6,0.0005148012709711916
1.e-12,6.30957344480193e-6,0.0028757736097588128
1.e-12,0.00001584893192461114,0.015372684610155604
1.e-12,0.000039810717055349695,0.07386956840944317
1.e-12,0.0001,0.3194903394721752
1.7782794100389228e-12,1.e-6,0.00016275953588320858
1.7782794100389228e-12,2.5118864315095823e-6,0.0009154657844093783
1.7782794100389228e-12,6.30957344480193e-6,0.005113938409416711
1.7782794100389228e-12,0.00001584893192461114,0.027337384508120822
1.7782794100389228e-12,0.000039810717055349695,0.13136188190680673
1.7782794100389228e-12,0.0001,0.5681577005888225
3.1622776601683794e-12,1.e-6,0.0002894310378384545
3.1622776601683794e-12,2.5118864315095823e-6,0.0016279532101596207
3.1622776601683794e-12,6.30957344480193e-6,0.009094047355251106
3.1622776601683794e-12,0.00001584893192461114,0.04861354617880725
3.1622776601683794e-12,0.000039810717055349695,0.23359850533396295
3.1622776601683794e-12,0.0001,1.0102875327380139
5.6234132519034904e-12,1.e-6,0.0005146917553593078
5.6234132519034904e-12,2.5118864315095823e-6,0.002894944425515786
5.6234132519034904e-12,6.30957344480193e-6,0.016171647671727594
5.6234132519034904e-12,0.00001584893192461114,0.08644839061147216
5.6234132519034904e-12,0.000039810717055349695,0.41539778313543324
5.6234132519034904e-12,0.0001,1.796695699268167
1.e-11,1.e-6,0.00091526781920215
1.e-11,2.5118864315095823e-6,0.005148006676066499
1.e-11,6.30957344480193e-6,0.02875754063681936
1.e-11,0.00001584893192461114,0.15372665421551693
1.e-11,0.000039810717055349695,0.7387150152749662
1.e-11,0.0001,3.1948036658280485
1.7782794100389227e-11,1.e-6,0.0016275984511086926
1.7782794100389227e-11,2.5118864315095823e-6,0.009154620305032819
1.7782794100389227e-11,6.30957344480193e-6,0.051139910290105964
1.7782794100389227e-11,0.00001584893192461114,0.27337348802046546
1.7782794100389227e-11,0.000039810717055349695,1.313592100293202
1.7782794100389227e-11,0.0001,5.681758278312072
3.1622776601683794e-11,1.e-6,0.0028943257751838348
3.1622776601683794e-11,2.5118864315095823e-6,0.016279475741779965
3.1622776601683794e-11,6.30957344480193e-6,0.09094060367714425
3.1622776601683794e-11,0.00001584893192461114,0.48614035368150504
3.1622776601683794e-11,0.000039810717055349695,2.336083942024424
3.1622776601683794e-11,0.0001,10.103158616355676
5.6234132519034906e-11,1.e-6,0.005146903750719429
5.6234132519034906e-11,2.5118864315095823e-6,0.02894929693443731
5.6234132519034906e-11,6.30957344480193e-6,0.16171643701206012
5.6234132519034906e-11,0.00001584893192461114,0.8644766803565284
5.6234132519034906e-11,0.000039810717055349695,4.154125701957234
5.6234132519034906e-11,0.0001,17.966026708629354
1.e-10,1.e-6,0.009152665438516555
1.e-10,2.5118864315095823e-6,0.051480303470348716
1.e-10,6.30957344480193e-6,0.2875760849367422
1.e-10,0.00001584893192461114,1.537269180113127
1.e-10,0.000039810717055349695,7.387458723902995
1.e-10,0.0001,31.949964853361017
1.778279410038923e-10,1.e-6,0.0162759941851166
1.778279410038923e-10,2.5118864315095823e-6,0.09154646560086557
1.778279410038923e-10,6.30957344480193e-6,0.5113948245872273
1.778279410038923e-10,0.00001584893192461114,2.733681838312923
1.778279410038923e-10,0.000039810717055349695,13.136732271291992
1.778279410038923e-10,0.0001,56.81256287465067
3.1622776601683795e-10,1.e-6,0.028943279871398702
3.1622776601683795e-10,2.5118864315095823e-6,0.16279461665599743
3.1622776601683795e-10,6.30957344480193e-6,0.9093992084783223
3.1622776601683795e-10,0.00001584893192461114,4.861329545641608
3.1622776601683795e-10,0.000039810717055349695,23.361046834584847
3.1622776601683795e-10,0.0001,101.03205434200578
5.623413251903491e-10,1.e-6,0.05146920139799798
5.623413251903491e-10,2.5118864315095823e-6,0.2894945052652834
5.623413251903491e-10,6.30957344480193e-6,1.617169891076496
5.623413251903491e-10,0.00001584893192461114,8.644796499014937
5.623413251903491e-10,0.000039810717055349695,41.54041852502447
5.623413251903491e-10,0.0001,179.6592158985829
1.e-9,1.e-6,0.09152630478109579
1.e-9,2.5118864315095823e-6,0.5148032899147796
1.e-9,6.30957344480193e-6,2.8757714796022174
1.e-9,0.00001584893192461114,15.372719587841875
1.e-9,0.000039810717055349695,73.87140058795069
1.e-9,0.0001,319.4823454378809
