-2.9999999999999996 -10.430624304580592
-2.8999999999999995 -10.131636851590457
-2.8 -9.8331983886828
-2.6999999999999997 -9.535622172811308
-2.5999999999999996 -9.239367925051356
-2.5 -8.945140630994148
-2.4 -8.653977413711027
-2.2999999999999994 -8.367329864864049
-2.1999999999999997 -8.087122392457045
-2.1 -7.815645134346686
-1.9999999999999996 -7.555213571550998
-1.8999999999999997 -7.307549926441601
-1.7999999999999996 -7.073150481269122
-1.6999999999999997 -6.851013627944241
-1.5999999999999999 -6.638966834928618
-1.4999999999999998 -6.434409180880239
-1.4 -6.235060959813834
-1.2999999999999996 -6.039239594699357
-1.2 -5.845918882700895
-1.0999999999999999 -5.6545923742254605
-0.9999999999999998 -5.465140083610908
-0.8999999999999998 -5.277722868275557
-0.7999999999999997 -5.092765748381235
-0.6999999999999996 -4.910874067581072
-0.5999999999999995 -4.7329350456906685
-0.4999999999999999 -4.560426445317573
-0.3999999999999999 -4.395026528010565
-0.2999999999999998 -4.239098589237308
-0.19999999999999976 -4.095974645422394
-0.09999999999999963 -3.969670516841683
0. -3.8651568243051515
0.10000000000000009 -3.7884918122732816
0.20000000000000015 -3.7471212706756822
0.3000000000000002 -3.749505320589334
0.40000000000000036 -3.805997302572671
0.5 -3.9292787006185637
0.6000000000000001 -4.134629739343944
0.7000000000000001 -4.442021990770091
0.8000000000000002 -4.876362133196918
0.9000000000000002 -5.469490967197952
1. -6.261193431686222