-2.9999999999999996 -10.481652390201853
-2.8999999999999995 -10.182046883710537
-2.8 -9.8826375585005
-2.6999999999999997 -9.583530403318768
-2.5999999999999996 -9.284890242770281
-2.5 -8.986963443585672
-2.4 -8.690143035720848
-2.2999999999999994 -8.395013994352738
-2.1999999999999997 -8.10245190626705
-2.1 -7.813708504824524
-1.9999999999999996 -7.530508955784565
-1.8999999999999997 -7.255026583445377
-1.7999999999999996 -6.989674485293485
-1.6999999999999997 -6.736623319489976
-1.5999999999999999 -6.497115002884823
-1.4999999999999998 -6.270959590685621
-1.4 -6.05656006509538
-1.2999999999999996 -5.85151596742942
-1.2 -5.653424384907881
-1.0999999999999999 -5.460399098448043
-0.9999999999999998 -5.2712768911775365
-0.8999999999999998 -5.08555160485082
-0.7999999999999997 -4.9032409384457045
-0.6999999999999996 -4.724817606867878
-0.5999999999999995 -4.551123720404802
-0.4999999999999999 -4.383535646085862
-0.3999999999999999 -4.223880876211993
-0.2999999999999998 -4.074655952669586
-0.19999999999999976 -3.9393712885743484
-0.09999999999999963 -3.82243536289704
0. -3.729452221533474
0.10000000000000009 -3.667037056664304
0.20000000000000015 -3.6428492583602177
0.3000000000000002 -3.665003039479791
0.40000000000000036 -3.742657101612978
0.5 -3.8868345817486825
0.6000000000000001 -4.111161253113525
0.7000000000000001 -4.434576719261489
0.8000000000000002 -4.881935119196377
0.9000000000000002 -5.48574100078088
1. -6.287425435441628