-2.9999999999999996 -10.367727727662869
-2.8999999999999995 -10.091808748205818
-2.8 -9.825797636165401
-2.6999999999999997 -9.571642653794129
-2.5999999999999996 -9.330290603748763
-2.5 -9.10119635305958
-2.4 -8.882486703870201
-2.2999999999999994 -8.67157198634302
-2.1999999999999997 -8.46589497789616
-2.1 -8.263425826949094
-1.9999999999999996 -8.062739292654086
-1.8999999999999997 -7.8629703398961235
-1.7999999999999996 -7.663590162317591
-1.6999999999999997 -7.464347350625518
-1.5999999999999999 -7.265076828282307
-1.4999999999999998 -7.065676313491011
-1.4 -6.866230193238379
-1.2999999999999996 -6.666802164475834
-1.2 -6.46756849308953
-1.0999999999999999 -6.26878939182394
-0.9999999999999998 -6.070898277438425
-0.8999999999999998 -5.874227704812461
-0.7999999999999997 -5.679599707701256
-0.6999999999999996 -5.4875080092759
-0.5999999999999995 -5.299125569558755
-0.4999999999999999 -5.115633451698928
-0.3999999999999999 -4.938652649075319
-0.2999999999999998 -4.770262450699595
-0.19999999999999976 -4.613219836624648
-0.09999999999999963 -4.471067772263976
0. -4.348419081648816
0.10000000000000009 -4.2513375222988685
0.20000000000000015 -4.187574803690852
0.3000000000000002 -4.166952372114546
0.40000000000000036 -4.200969101080356
0.5 -4.302972668573909
0.6000000000000001 -4.488261424078179
0.7000000000000001 -4.775152756219951
0.8000000000000002 -5.186486562795182
0.9000000000000002 -5.751382972310167
1. -6.506804327609988