-2.9999999999999996 -10.225506092871562
-2.8999999999999995 -9.926256348551432
-2.8 -9.627411351585996
-2.6999999999999997 -9.329191947737723
-2.5999999999999996 -9.031940959524285
-2.5 -8.736176645109209
-2.4 -8.442685388411412
-2.2999999999999994 -8.152596633098277
-2.1999999999999997 -7.867466306459314
-2.1 -7.58931320539926
-1.9999999999999996 -7.320418883588463
-1.8999999999999997 -7.062903614870214
-1.7999999999999996 -6.818096800783401
-1.6999999999999997 -6.58596460959715
-1.5999999999999999 -6.365049639299159
-1.4999999999999998 -6.152983607052878
-1.4 -5.9472595117379905
-1.2999999999999996 -5.745830861171889
-1.2 -5.5472926865696435
-1.0999999999999999 -5.350878443550832
-0.9999999999999998 -5.15631921598123
-0.8999999999999998 -4.963651317511541
-0.7999999999999997 -4.773241983146839
-0.6999999999999996 -4.585706199656702
-0.5999999999999995 -4.4018680708646345
-0.4999999999999999 -4.223152369270732
-0.3999999999999999 -4.051177069531095
-0.2999999999999998 -3.888305801532284
-0.19999999999999976 -3.737914107542985
-0.09999999999999963 -3.603781409669666
0. -3.4911079262138083
0.10000000000000009 -3.406241151455264
0.20000000000000015 -3.3565776852174
0.3000000000000002 -3.3511761349623326
0.40000000000000036 -3.400565323027877
0.5 -3.517370841885514
0.6000000000000001 -3.717212443550692
0.7000000000000001 -4.019698777149929
0.8000000000000002 -4.449689137598158
0.9000000000000002 -5.0389656162010095
1. -5.827206570829542