-2.9999999999999996 -10.477985062095609
-2.8999999999999995 -10.178562472981193
-2.8 -9.879435256539475
-2.6999999999999997 -9.580774946793339
-2.5999999999999996 -9.282834535584422
-2.5 -8.986007506226427
-2.4 -8.690882451743313
-2.2999999999999994 -8.398351545187914
-2.1999999999999997 -8.109676902634844
-2.1 -7.826601970272232
-1.9999999999999996 -7.551297230977975
-1.8999999999999997 -7.286161919969956
-1.7999999999999996 -7.033327255501995
-1.6999999999999997 -6.793961148261954
-1.5999999999999999 -6.567761590476612
-1.4999999999999998 -6.353051436525358
-1.4 -6.147381922620919
-1.2999999999999996 -5.9482894754845415
-1.2 -5.753880009263003
-1.0999999999999999 -5.5629094413182205
-0.9999999999999998 -5.374767386373181
-0.8999999999999998 -5.189332843290429
-0.7999999999999997 -5.006893904390444
-0.6999999999999996 -4.828002983020672
-0.5999999999999995 -4.653565057165053
-0.4999999999999999 -4.4849713508208335
-0.3999999999999999 -4.324012745799226
-0.2999999999999998 -4.173217276468757
-0.19999999999999976 -4.035906701618854
-0.09999999999999963 -3.916495814398827
0. -3.820239404050023
0.10000000000000009 -3.753666362356184
0.20000000000000015 -3.7240249902406495
0.3000000000000002 -3.7395594194329433
0.40000000000000036 -3.8097983350090727
0.5 -3.9460849873176693
0.6000000000000001 -4.163138243280012
0.7000000000000001 -4.480141611890739
0.8000000000000002 -4.922388618505497
0.9000000000000002 -5.52241444721397
1. -6.320937531705398