-2.9999999999999996 -10.486214271769635
-2.8999999999999995 -10.188850457189039
-2.8 -9.892947772464296
-2.6999999999999997 -9.599274032484503
-2.5999999999999996 -9.30896612800403
-2.5 -9.023592664760669
-2.4 -8.745186900711756
-2.2999999999999994 -8.476102838419502
-2.1999999999999997 -8.218591411306319
-2.1 -7.974150763172738
-1.9999999999999996 -7.7429375949144035
-1.8999999999999997 -7.523587289098619
-1.7999999999999996 -7.313727990608971
-1.6999999999999997 -7.110748736003616
-1.5999999999999999 -6.912400219871015
-1.4999999999999998 -6.717093354213161
-1.4 -6.5237981479513225
-1.2999999999999996 -6.332053055637675
-1.2 -6.141581324771887
-1.0999999999999999 -5.952406146330374
-0.9999999999999998 -5.764716994630038
-0.8999999999999998 -5.578805943368109
-0.7999999999999997 -5.395155107563251
-0.6999999999999996 -5.214589114528442
-0.5999999999999995 -5.038045476282027
-0.4999999999999999 -4.866965031661337
-0.3999999999999999 -4.70303227442356
-0.2999999999999998 -4.5486172177280375
-0.19999999999999976 -4.406668984057699
-0.09999999999999963 -4.280830085441235
0. -4.175791393877688
0.10000000000000009 -4.097389015753726
0.20000000000000015 -4.052991541611407
0.3000000000000002 -4.051426506481626
0.40000000000000036 -4.1037312321061865
0.5 -4.223127870212989
0.6000000000000001 -4.425657360575091
0.7000000000000001 -4.730939444285324
0.8000000000000002 -5.163440961093164
0.9000000000000002 -5.754286956036981
1. -6.542303784777918