-2.9999999999999996 -10.48302325415798
-2.8999999999999995 -10.183451271118056
-2.8 -9.88409162438309
-2.6999999999999997 -9.585063922373722
-2.5999999999999996 -9.286546216585581
-2.5 -8.9888160168209
-2.4 -8.692297852846403
-2.2999999999999994 -8.397635478042291
-2.1999999999999997 -8.105780325883961
-2.1 -7.818080985998548
-1.9999999999999996 -7.536373674334283
-1.8999999999999997 -7.262897178395569
-1.7999999999999996 -7.000073189958288
-1.6999999999999997 -6.749916689283418
-1.5999999999999999 -6.513382698483906
-1.4999999999999998 -6.289917168185226
-1.4 -6.077691375775642
-1.2999999999999996 -5.874203006165382
-1.2 -5.677130080792487
-1.0999999999999999 -5.484725948913956
-0.9999999999999998 -5.295973099749829
-0.8999999999999998 -5.110446117949767
-0.7999999999999997 -4.928223051589902
-0.6999999999999996 -4.7498051528091265
-0.5999999999999995 -4.576109107928663
-0.4999999999999999 -4.408435881636973
-0.3999999999999999 -4.248598618944936
-0.2999999999999998 -4.099199171163084
-0.19999999999999976 -3.9636745645411477
-0.09999999999999963 -3.846359781835479
0. -3.752827308234627
0.10000000000000009 -3.6897892967037
0.20000000000000015 -3.6647264645690423
0.3000000000000002 -3.6857307364701355
0.40000000000000036 -3.762072592501335
0.5 -3.9047457439605067
0.6000000000000001 -4.1278823318373465
0.7000000000000001 -4.449955691007687
0.8000000000000002 -4.896354466607834
0.9000000000000002 -5.499491186802251
1. -6.300657913718043