-2.9999999999999996 -10.349030895306443
-2.8999999999999995 -10.074525280069304
-2.8 -9.810266363858018
-2.6999999999999997 -9.55806980353057
-2.5999999999999996 -9.318641570088744
-2.5 -9.091203467840138
-2.4 -8.873682158537642
-2.2999999999999994 -8.663458049709593
-2.1999999999999997 -8.45803948391157
-2.1 -8.255494953144895
-1.9999999999999996 -8.054537145493276
-1.8999999999999997 -7.854320123945232
-1.7999999999999996 -7.654416454603654
-1.6999999999999997 -7.454578782101518
-1.5999999999999999 -7.254649275811628
-1.4999999999999998 -7.054573569352051
-1.4 -6.854339029100582
-1.2999999999999996 -6.654121750545573
-1.2 -6.45404666129565
-1.0999999999999999 -6.254505252764545
-0.9999999999999998 -6.0557070108245155
-0.8999999999999998 -5.858155798066427
-0.7999999999999997 -5.662646339204148
-0.6999999999999996 -5.469728613585441
-0.5999999999999995 -5.280396863073955
-0.4999999999999999 -5.096075178230793
-0.3999999999999999 -4.918158139758522
-0.2999999999999998 -4.749038646500252
-0.19999999999999976 -4.591299205461622
-0.09999999999999963 -4.448600503165426
0. -4.325287464637133
0.10000000000000009 -4.227572995358878
0.20000000000000015 -4.163272764966682
0.3000000000000002 -4.1420502609043135
0.40000000000000036 -4.175471870251615
0.5 -4.276794753570391
0.6000000000000001 -4.461396358490863
0.7000000000000001 -4.747476756483819
0.8000000000000002 -5.157876106470567
0.9000000000000002 -5.721677232849812
1. -6.4757853719699146