-2.9999999999999996 -10.486704597601674
-2.8999999999999995 -10.191524468695997
-2.8 -9.898958180885709
-2.6999999999999997 -9.610302689376374
-2.5999999999999996 -9.327305493818933
-2.5 -9.052157856475432
-2.4 -8.787224224665117
-2.2999999999999994 -8.534538845373845
-2.1999999999999997 -8.295127534873039
-2.1 -8.068498824893982
-1.9999999999999996 -7.852814719036278
-1.8999999999999997 -7.645488781480628
-1.7999999999999996 -7.443986363884264
-1.6999999999999997 -7.246280839124497
-1.5999999999999999 -7.05098525152543
-1.4999999999999998 -6.857261482474403
-1.4 -6.66468094410427
-1.2999999999999996 -6.4730440565176535
-1.2 -6.2823526182999405
-1.0999999999999999 -6.092628438453262
-0.9999999999999998 -5.9042792149932035
-0.8999999999999998 -5.717501452637885
-0.7999999999999997 -5.533015229000716
-0.6999999999999996 -5.3514832547309625
-0.5999999999999995 -5.174040321121351
-0.4999999999999999 -5.001973063553437
-0.3999999999999999 -4.836959299378415
-0.2999999999999998 -4.681127969983675
-0.19999999999999976 -4.537212246877696
-0.09999999999999963 -4.408762622266138
0. -4.300258899859138
0.10000000000000009 -4.2176088828872915
0.20000000000000015 -4.168392645628633
0.3000000000000002 -4.1618503403945075
0.40000000000000036 -4.209539384100652
0.5 -4.324982623524874
0.6000000000000001 -4.524017606682469
0.7000000000000001 -4.826013913521577
0.8000000000000002 -5.2549867862349995
0.9000000000000002 -5.841411641566318
1. -6.6234630413765725