-2.9999999999999996 -10.353760761960286
-2.8999999999999995 -10.078910622700864
-2.8 -9.814221752016252
-2.6999999999999997 -9.561554115384089
-2.5999999999999996 -9.321655462216942
-2.5 -9.093826814090654
-2.4 -8.876030181863939
-2.2999999999999994 -8.665633573759981
-2.1999999999999997 -8.460159760141817
-2.1 -8.257660283441348
-1.9999999999999996 -8.056756877502359
-1.8999999999999997 -7.85666359784495
-1.7999999999999996 -7.656882448816604
-1.6999999999999997 -7.457184394973928
-1.5999999999999999 -7.257417493901771
-1.4999999999999998 -7.057511741933314
-1.4 -6.857478081176644
-1.2999999999999996 -6.6574284629520335
-1.2 -6.457582074187768
-1.0999999999999999 -6.2582140188067825
-0.9999999999999998 -6.059653397006511
-0.8999999999999998 -5.862383563549813
-0.7999999999999997 -5.667005228557103
-0.6999999999999996 -5.4743455161357994
-0.5999999999999995 -5.285253255621004
-0.4999999999999999 -5.1010286988145355
-0.3999999999999999 -4.923442347555104
-0.2999999999999998 -4.754472262718155
-0.19999999999999976 -4.596776917812672
-0.09999999999999963 -4.4543305259906
0. -4.331182632236854
0.10000000000000009 -4.233606584522946
0.20000000000000015 -4.169421407824879
0.3000000000000002 -4.14831920235629
0.40000000000000036 -4.181844199738565
0.5 -4.283363613702056
0.6000000000000001 -4.468150429802136
0.7000000000000001 -4.754425257740402
0.8000000000000002 -5.165051742468509
0.9000000000000002 -5.729112591447321
1. -6.483540757252241