-2.9999999999999996 -8.741795355105326
-2.8999999999999995 -8.445192236369602
-2.8 -8.150459465428607
-2.6999999999999997 -7.858537781427856
-2.5999999999999996 -7.57079578636165
-2.5 -7.288995711152938
-2.4 -7.015273466725284
-2.2999999999999994 -6.751721782083471
-2.1999999999999997 -6.499868239842169
-2.1 -6.26005437511926
-1.9999999999999996 -6.031136338123264
-1.8999999999999997 -5.810859166635227
-1.7999999999999996 -5.596715707344312
-1.6999999999999997 -5.386430092837088
-1.5999999999999999 -5.178359741008257
-1.4999999999999998 -4.971534353691823
-1.4 -4.765349836946594
-1.2999999999999996 -4.559572006070785
-1.2 -4.354175165993112
-1.0999999999999999 -4.149201959476601
-0.9999999999999998 -3.944960118215744
-0.8999999999999998 -3.7417310317531824
-0.7999999999999997 -3.540009993241835
-0.6999999999999996 -3.3404188225885774
-0.5999999999999995 -3.1440906087677725
-0.4999999999999999 -2.9521523121370135
-0.3999999999999999 -2.7662748106902693
-0.2999999999999998 -2.58870953508026
-0.19999999999999976 -2.42258750856085
-0.09999999999999963 -2.271728820834418
0. -2.141416977380631
0.10000000000000009 -2.0381130476598144
0.20000000000000015 -1.9701280833921644
0.3000000000000002 -1.9470571844549687
0.40000000000000036 -1.9805132134048438
0.5 -2.0836901359985913
0.6000000000000001 -2.2721219164459825
0.7000000000000001 -2.564653311271718
0.8000000000000002 -2.9849576072291772
0.9000000000000002 -3.563139695730707
1. -4.337152591983954