-2.9999999999999996 -10.478848963989504
-2.8999999999999995 -10.179263261278042
-2.8 -9.879881987359909
-2.6999999999999997 -9.580815236844318
-2.5999999999999996 -9.282243669047762
-2.5 -8.984425997264713
-2.4 -8.687774686133107
-2.2999999999999994 -8.392901941212703
-2.1999999999999997 -8.100728970926534
-2.1 -7.81256615993994
-1.9999999999999996 -7.530192383913385
-1.8999999999999997 -7.255826953300467
-1.7999999999999996 -6.991880507272275
-1.6999999999999997 -6.74044791149655
-1.5999999999999999 -6.502594831913506
-1.4999999999999998 -6.277933682474484
-1.4 -6.0647180165110335
-1.2999999999999996 -5.860498742019412
-1.2 -5.662905757335398
-1.0999999999999999 -5.470147011550152
-0.9999999999999998 -5.281114690420306
-0.8999999999999998 -5.095355350336071
-0.7999999999999997 -4.912961313824374
-0.6999999999999996 -4.734384708844095
-0.5999999999999995 -4.5605316954781845
-0.4999999999999999 -4.392666470372714
-0.3999999999999999 -4.232724748557676
-0.2999999999999998 -4.083160104245899
-0.19999999999999976 -3.9474255674404
-0.09999999999999963 -3.829991410939891
0. -3.7364038692126242
0.10000000000000009 -3.673280043217387
0.20000000000000015 -3.6480743512894103
0.3000000000000002 -3.6690504134499555
0.40000000000000036 -3.7455307865873895
0.5 -3.8882395954420086
0.6000000000000001 -4.1114151593785815
0.7000000000000001 -4.433656027319289
0.8000000000000002 -4.879983709928526
0.9000000000000002 -5.483077834167543
1. -6.284122302961191