-2.9999999999999996 -8.549000710367528
-2.8999999999999995 -8.25315879771698
-2.8 -7.95955258408239
-2.6999999999999997 -7.669354223343014
-2.5999999999999996 -7.384077716273833
-2.5 -7.105711723513343
-2.4 -6.836425422270618
-2.2999999999999994 -6.578165374716579
-2.1999999999999997 -6.331937999367607
-2.1 -6.09738319252839
-1.9999999999999996 -5.872735674969554
-1.8999999999999997 -5.655540864287902
-1.7999999999999996 -5.443266837228897
-1.6999999999999997 -5.233979201734861
-1.5999999999999999 -5.0262952299291905
-1.4999999999999998 -4.819470691558317
-1.4 -4.613065164698206
-1.2999999999999996 -4.4069633239592125
-1.2 -4.201108191413094
-1.0999999999999999 -3.9956005970936364
-0.9999999999999998 -3.7908560976903174
-0.8999999999999998 -3.586981500388465
-0.7999999999999997 -3.3846599475573442
-0.6999999999999996 -3.1845132413583
-0.5999999999999995 -2.9874874068541057
-0.4999999999999999 -2.7948333587006484
-0.3999999999999999 -2.608373612822904
-0.2999999999999998 -2.430221155309481
-0.19999999999999976 -2.2634220168933514
-0.09999999999999963 -2.1120063347031746
0. -1.9810642335538988
0.10000000000000009 -1.8773948958373612
0.20000000000000015 -1.8089205610327168
0.3000000000000002 -1.7855552256824698
0.40000000000000036 -1.8185090456058468
0.5 -1.9213431343380465
0.6000000000000001 -2.1093097588940406
0.7000000000000001 -2.401174606544546
0.8000000000000002 -2.820492652853262
0.9000000000000002 -3.39732567405311
1. -4.169393561629046