-2.9999999999999996 -9.588791147330573
-2.8999999999999995 -9.349042964593473
-2.8 -9.12006422030517
-2.6999999999999997 -8.899588342998653
-2.5999999999999996 -8.685071007637736
-2.5 -8.474169505244303
-2.4 -8.265222391383091
-2.2999999999999994 -8.057096174074854
-2.1999999999999997 -7.849142971824539
-2.1 -7.640954696078975
-1.9999999999999996 -7.432348676880832
-1.8999999999999997 -7.22316912835754
-1.7999999999999996 -7.013448408949329
-1.6999999999999997 -6.803042259254823
-1.5999999999999999 -6.592114282207038
-1.4999999999999998 -6.380652645211148
-1.4 -6.168950885026109
-1.2999999999999996 -5.957097084708992
-1.2 -5.745522501786618
-1.0999999999999999 -5.534550783420316
-0.9999999999999998 -5.324871459962162
-0.8999999999999998 -5.117109250320772
-0.7999999999999997 -4.912073756832889
-0.6999999999999996 -4.710977303055077
-0.5999999999999995 -4.5149067480786576
-0.4999999999999999 -4.325173087357315
-0.3999999999999999 -4.143198489554658
-0.2999999999999998 -3.9705685591916535
-0.19999999999999976 -3.80942437725758
-0.09999999999999963 -3.6628148865862453
0. -3.5348593060511377
0.10000000000000009 -3.431517841611075
0.20000000000000015 -3.360531759296438
0.3000000000000002 -3.331664368882125
0.40000000000000036 -3.3564766254370895
0.5 -3.4481894677308187
0.6000000000000001 -3.621824280592908
0.7000000000000001 -3.8952127830905323
0.8000000000000002 -4.290620449179327
0.9000000000000002 -4.836608967748477
1. -5.569756152015009