-2.9999999999999996 -10.388658185212966
-2.8999999999999995 -10.08990156057866
-2.8 -9.79183070411542
-2.6999999999999997 -9.494823607972329
-2.5999999999999996 -9.199444465643047
-2.5 -8.906560172365602
-2.4 -8.617387892866315
-2.2999999999999994 -8.33361708678911
-2.1999999999999997 -8.057363428978016
-2.1 -7.7909738435209706
-1.9999999999999996 -7.536514659709358
-1.8999999999999997 -7.295131696221873
-1.7999999999999996 -7.066528370635316
-1.6999999999999997 -6.848997483252449
-1.5999999999999999 -6.640049107213017
-1.4999999999999998 -6.437174527677555
-1.4 -6.238351957230442
-1.2999999999999996 -6.042249845562022
-1.2 -5.848077386528454
-1.0999999999999999 -5.655522680900417
-0.9999999999999998 -5.464566967294914
-0.8999999999999998 -5.275452316380751
-0.7999999999999997 -5.0885196414393254
-0.6999999999999996 -4.904527625836427
-0.5999999999999995 -4.72426328661809
-0.4999999999999999 -4.549154255229139
-0.3999999999999999 -4.380900026159111
-0.2999999999999998 -4.2219747999175015
-0.19999999999999976 -4.0754053619520905
-0.09999999999999963 -3.945106237722548
0. -3.836089121191871
0.10000000000000009 -3.7543538543684356
0.20000000000000015 -3.707523114367869
0.3000000000000002 -3.7042296718948196
0.40000000000000036 -3.755157650000146
0.5 -3.873561945946661
0.6000000000000001 -4.074794795756192
0.7000000000000001 -4.378601352913998
0.8000000000000002 -4.809957009837982
0.9000000000000002 -5.4002226458538125
1. -6.18886466465935