-2.9999999999999996 -9.53755332437184
-2.8999999999999995 -9.242521588278283
-2.8 -8.95016793118379
-2.6999999999999997 -8.661786590338387
-2.5999999999999996 -8.379108268484133
-2.5 -8.104203689453747
-2.4 -7.839240753805349
-2.2999999999999994 -7.58584560270621
-2.1999999999999997 -7.344587828296035
-2.1 -7.114518851563441
-1.9999999999999996 -6.893591097418575
-1.8999999999999997 -6.679190805287303
-1.7999999999999996 -6.469040851501106
-1.6999999999999997 -6.261347909639638
-1.5999999999999999 -6.0549456415472385
-1.4999999999999998 -5.849207976185121
-1.4 -5.643815085509131
-1.2999999999999996 -5.438631871714669
-1.2 -5.233695112602902
-1.0999999999999999 -5.029117989446427
-0.9999999999999998 -4.82508420738833
-0.8999999999999998 -4.622112328714124
-0.7999999999999997 -4.420578179323748
-0.6999999999999996 -4.221289023611316
-0.5999999999999995 -4.025105084712131
-0.4999999999999999 -3.8333061772084904
-0.3999999999999999 -3.6475760850327776
-0.2999999999999998 -3.470270890349051
-0.19999999999999976 -3.304377242407839
-0.09999999999999963 -3.1537753584017123
0. -3.0237971899555447
0.10000000000000009 -2.9207511454614465
0.20000000000000015 -2.852866303832169
0.3000000000000002 -2.8300829834609735
0.40000000000000036 -2.8634463883514054
0.5 -2.9664362753526343
0.6000000000000001 -3.154452448571962
0.7000000000000001 -3.446119245824679
0.8000000000000002 -3.8650144727732165
0.9000000000000002 -4.4409690222713945
1. -5.211766486594248