-2.9999999999999996 -9.221108797786648
-2.8999999999999995 -8.923201134531885
-2.8 -8.626460468118655
-2.6999999999999997 -8.33147735814608
-2.5999999999999996 -8.039198684836558
-2.5 -7.750914393821889
-2.4 -7.468349518993291
-2.2999999999999994 -7.193592840463785
-2.1999999999999997 -6.928786134001539
-2.1 -6.675581864743335
-1.9999999999999996 -6.4345058239279265
-1.8999999999999997 -6.204606464922604
-1.7999999999999996 -5.9838332382232995
-1.6999999999999997 -5.769603541400578
-1.5999999999999999 -5.5596658032537
-1.4999999999999998 -5.35233552525545
-1.4 -5.146480122553527
-1.2999999999999996 -4.941548648258801
-1.2 -4.737285025101234
-1.0999999999999999 -4.533726298515623
-0.9999999999999998 -4.330994909033426
-0.8999999999999998 -4.1293909017120205
-0.7999999999999997 -3.929456021982074
-0.6999999999999996 -3.7317508786151876
-0.5999999999999995 -3.537305985029536
-0.4999999999999999 -3.34727034094745
-0.3999999999999999 -3.1634370463846846
-0.2999999999999998 -2.988031108570149
-0.19999999999999976 -2.8240778954466954
-0.09999999999999963 -2.675373161972566
0. -2.5471554664771503
0.10000000000000009 -2.4460130143300165
0.20000000000000015 -2.3798957356619477
0.3000000000000002 -2.3585284019399784
0.40000000000000036 -2.3935018488065984
0.5 -2.4980541830822376
0.6000000000000001 -2.687817154195442
0.7000000000000001 -2.981843974786032
0.8000000000000002 -3.404208820581761
0.9000000000000002 -3.9853319162748035
1. -4.763620591412664