-2.9999999999999996 -8.755478561557432
-2.8999999999999995 -8.538182712820657
-2.8 -8.325256234079015
-2.6999999999999997 -8.1147762231469
-2.5999999999999996 -7.905428234312809
-2.5 -7.696374386830098
-2.4 -7.487154411446464
-2.2999999999999994 -7.2774843749934375
-2.1999999999999997 -7.067250588228444
-2.1 -6.856282293963858
-1.9999999999999996 -6.6446391638117674
-1.8999999999999997 -6.432253742467147
-1.7999999999999996 -6.219129944662579
-1.6999999999999997 -6.005458670387587
-1.5999999999999999 -5.791293923236631
-1.4999999999999998 -5.576932721735612
-1.4 -5.3626481371756975
-1.2999999999999996 -5.148828915028778
-1.2 -4.935941181278435
-1.0999999999999999 -4.724677904236318
-0.9999999999999998 -4.5158083994858735
-0.8999999999999998 -4.310146296422418
-0.7999999999999997 -4.108518130807139
-0.6999999999999996 -3.9116503638888713
-0.5999999999999995 -3.7200023137779192
-0.4999999999999999 -3.5342912529851223
-0.3999999999999999 -3.3554054654455783
-0.2999999999999998 -3.184676097828458
-0.19999999999999976 -3.0241517268811333
-0.09999999999999963 -2.876762023370893
0. -2.7470487495217917
0.10000000000000009 -2.641007309480308
0.20000000000000015 -2.5665501031889466
0.3000000000000002 -2.533498110927262
0.40000000000000036 -2.553368061249228
0.5 -2.6392463335951475
0.6000000000000001 -2.805997373332815
0.7000000000000001 -3.0712557052578866
0.8000000000000002 -3.457075626696581
0.9000000000000002 -3.9918525123238537
1. -4.712136301464328