-10.72690039858102 0.
-10.733560328956035 7.93633506960199e-6
-10.733571001138152 0.006667027584632717
-10.740164342084471 0.006674842825188868
-10.746694514349125 0.006682425176802692
-10.746705227833617 0.013241179899250758
-10.753173572567619 0.013248648288074934
-10.759581386308934 0.013255898256329748
-10.759592141064951 0.019717287039634674
-10.765940678771354 0.019724429646698384
-10.772231154588411 0.019731367152001564
-10.772241950587158 0.026098231076503834
-10.778474059526452 0.026105067339703216
-10.784653383516519 0.02611171078166762
-10.784664220731006 0.03238676880034603
-10.790786059485411 0.03239331667938515
-10.790796948944644 0.03858545047700969
-10.802884660942642 0.03859181499569293
-10.814764426498092 0.03859783749367908
-10.814786328244415 0.05072370105832571
-10.826469528747392 0.05072955735331299
-10.84926722915566 0.0507349663033248
-10.849311543211849 0.07402731341574986
-10.871397307054846 0.07403243932611858
-10.892818834218401 0.07403707621262645
-10.892863800145845 0.09614397273840383
-10.913663944709683 0.09614837899766435
-10.93388136314549 0.09615238779993959
-10.93392698068692 0.1171886345439628
-10.953596668969285 0.11719245336071384
-10.972750422175015 0.11719594530101721
-10.972796691113723 0.1372604409342013
-10.991463485573234 0.13726377483435892
-11.009669812931794 0.13726683708043713
-11.009716733081433 0.15644538458951138
-11.027486877547998 0.15644831421142488
-11.044843164234216 0.1564510159596504
-11.044890735431409 0.17481853640356596
-11.061853734790255 0.17482112597016508
-11.078442451103276 0.1748235227831619
-11.078490673202216 0.19244582039427607
-11.094722697344366 0.1924481216306206
-11.110614352659884 0.1924502585853889
-11.110663225528217 0.20938544203152207
-11.126229683178234 0.20938749701869017
-11.141485077156156 0.20938941102784633
-11.141534600671834 0.22568904816843852
-11.156492115556519 0.22569089145519586
-11.171164078839691 0.22569261300306867
-11.171214252888655 0.24140267692262082
-11.185612202031875 0.24140433710997208
-11.199746959894243 0.24140589156791686
-11.199797784368458 0.25656754156837797
-11.213679510495854 0.25656904251377766
-11.227317763816702 0.256570451148467
-11.227369238612704 0.2712206820795024
-11.240773016535943 0.27122204382265863
-11.253950807961392 0.27122332457736076
-11.254002932979095 0.2853955102663352
-11.266962747836503 0.2853967497485357
-11.279712162668392 0.2853979178544916
-11.27976493781014 0.2991222687041288
-11.292311117714647 0.2991234003325901
-11.304660856195616 0.2991244687918066
-11.304714281365346 0.31242841931346665
-11.316874016159762 0.31242945540807504
-11.328849864642347 0.3124304353777974
-11.328903939745036 0.3253389741497905
-11.340701709769588 0.32533992529968214
-11.352326931616565 0.32534082640096756
-11.352381656557618 0.3378767784192445
-11.363839589659314 0.33787765376961637
-11.37513525185728 0.33787848433679646
-11.375190626542139 0.35006275376892526
-11.386328797372432 0.3500635612533816
-11.397314045233562 0.35006432853710917
-11.397370069567325 0.36191610836085253
-11.408206752095646 0.36191685489088976
-11.418899041718698 0.36191756522445717
-11.418955715605769 0.3734545190275543
-11.42950759742648 0.37345521064805876
-11.43992289354055 0.3734558695844432
-11.439980216884468 0.3846942898467529
-11.450262582106417 0.38469493186435655
-11.460415527355417 0.3846955442897776
-11.46047350005852 0.39565049070620867
-11.470500386192901 0.3956510877958238
-11.480404446711114 0.39565165802433466
-11.480463068674483 0.4063370788143218
-11.49024740187269 0.4063376351080251
-11.499914993062337 0.40633816696069736
-11.49997426418539 0.41676700561496827
-11.509527976347576 0.4167675247765206
-11.518970572032972 0.4167680216480429
-11.519030492213735 0.42695231116123755
-11.528364622834948 0.4269527964488514
-11.53759285038613 0.42695326136379236
-11.53765341952052 0.4369042076730112
-11.546778204622994 0.4369046619924492
-11.555801928179184 0.43690509765298813
-11.55586314616166 0.4466331537327043
-11.564788096248371 0.4466335796823865
-11.573616489801394 0.4466339885089694
-11.573678356524068 0.45614892035034643
-11.5824123251566 0.456149320259819
-11.591053936956083 0.4561497044259188
-11.59111645230925 0.4654606499443163
-11.599667696644719 0.4654610259071833
-11.608130506145335 0.46546138736912746
-11.608193670017116 0.47457690913025075
-11.616569904421008 0.4745772630324647
-11.624861372795117 0.4745776035551189
-11.624925185071447 0.4835057360821484
-11.633133628745155 0.4835060696263981
-11.641260743822961 0.4835063908053543
-11.641325204387508 0.4922546831219181
-11.649372623803124 0.4922549978487196
-11.657341940169786 0.4922553011295251
-11.657407048903986 0.5008308551028747
-11.665299795718344 0.5008311524088683
-11.673117470587657 0.5008314391037392
-11.673183227370563 0.5092409440760072
-11.680927272390445 0.5092412252298775
-11.688599097783545 0.5092414965322694
-11.68866550249194 0.5174912606628198
-11.696266466179164 0.5174915268191864
-11.703797897860568 0.5174917838165315
-11.703864950368686 0.5255877625032248
-11.711328130304095 0.5255880147147974
-11.718724313863646 0.5255882583996667
-11.718792014043434 0.533536080099749
-11.72612240971038 0.5335363193279887
-11.733388204125989 0.5335365506079022
-11.733456551846869 0.5413415403388839
-11.740658887045512 0.5413417674633805
-11.747798886016291 0.5413419871694469
-11.747867881145227 0.5490091879356986
-11.754946624307223 0.5490094037624367
-11.761965175608218 0.5490096126569822
-11.762034818009518 0.556543805017932
-11.76899420064734 0.5565440102865951
-11.775895423724387 0.5565442090699142
-11.775965713260247 0.5639499290399701
-11.782809746755195 0.5639501244304094
-11.789597548750582 0.5639503137467521
-11.789668485280155 0.5712318691947577
-11.796400976187314 0.5712320553327334
-11.803079066563042 0.5712322357756252
-11.80315064994322 0.578393721472293
-11.809775213969573 0.5783938989345794
-11.816347117874558 0.5783940710515603
-11.816419347959581 0.5854393824964659
-11.822939422752427 0.585439551815402
-11.829408493262319 0.5854397161122534
-11.829481369903913 0.5923725622572796
-11.835900226770397 0.5923727239248306
-11.842269656113418 0.5923728808693552
-11.84234317916059 0.599196795842611
-11.848663933824916 0.599196950314003
-11.854936763694003 0.5991971003394092
-11.855010932993288 0.6059154542623928
-11.861236555485936 0.6059156019593691
-11.867415686525923 0.605915745467308
-11.867490501921157 0.6125317544481865
-11.873623825683715 0.6125318957619311
-11.879712026232353 0.6125320331252249
-11.879787487564819 0.6190487685024018
-11.885831217844698 0.619048903796168
-11.891831131997591 0.6190490353612673
-11.891907239105878 0.6254694322637312
-11.897863960707067 0.6254695618752099
-11.903778115768988 0.6254696879644083
-11.90385486848905 0.6317965532485809
-11.909727052937919 0.631796677492036
-11.91555786631627 0.6317967984054704
-11.9156352644815 0.6380328180222634
-11.921425276660383 0.6380329371904627
-11.927175062250694 0.6380330532079228
-11.92725310569171 0.6441807990483975
-11.93296320998751 0.6441809134143585
-11.938634184095735 0.6441810247969244
-11.938712872640682 0.6502429610602178
-11.944345238650866 0.6502430708787903
-11.949939525492603 0.6502431778703195
-11.950018858966757 0.6562216669932903
-11.955575566800835 0.6562217725025928
-11.96109520361361 0.6562218753310691
-11.961175181839835 0.6621191835153729
-11.966658227050592 0.6621192849380977
-11.97210516885177 0.6621193838168594
-11.972185791649995 0.667937686185809
-11.977597089825407 0.6679377837304091
-11.982973213845089 0.6679378788592669
-11.98305448103285 0.6736792642738418
-11.988395872076586 0.6736793581356133
-11.993702981892024 0.6736794497018694
-11.993784893284005 0.6793459252625573
-11.999058145409787 0.6793460156246258
-12.004297974805407 0.6793461038040045
-12.004380530213682 0.6849395990627499
-12.009587343676376 0.6849396860969723
-12.014761560251118 0.6849397710544707
-12.01484475948512 0.6904621419588475
-12.019986770069309 0.690462225826636
-12.02509697861114 0.6904623077173021
-12.02518082147753 0.6959153403070824
-12.03025960376243 0.6959154211601588
-12.035307349407956 0.6959155001298052
-12.035391835710957 0.701300914004344
-12.04040890612883 0.7013009919854317
-12.045395677324418 0.701301068171289
-12.045480806865228 0.70662051974457
-12.050437626568929 0.706620594988028
-12.055364857848227 0.7066206685193458
-12.055450630425801 0.7118757540780996
-12.060348607979687 0.7118758267105058
-12.06521768257119 0.711875897709104
-12.065304097981333 0.7170681562881278
-12.070144591888589 0.7170682264288146
-12.07495684416568 0.7170682950095918
-12.075043902201884 0.7221992110972262
-12.07982822328013 0.7221992788587733
-12.084584941064996 0.722199345130174
-12.084672641518006 0.7272703512158346
-12.08940205513412 0.7272704167045241
-12.094104481865964 0.7272704807689703
-12.09419282452377 0.7322829597436726
-12.098868552697885 0.7322830230599074
-12.103517889475008 0.7322830850141961
-12.103606874122983 0.7372383724341375
-12.108230097510845 0.7372384336728283
-12.11282750501537 0.7372384936084988
-12.112917131436086 0.7421378798309644
-12.117488991198176 0.7421379390818872
-12.12203559151151 0.7421379970855609
-12.122125859485205 0.7469827292857009
-12.126647459050375 0.746982786633827
-12.131144337366807 0.7469828427875222
-12.131235246670638 0.7517741268638842
-12.135707653401392 0.7517741823896869
-12.140155859646688 0.7517742367711089
-12.140247410055464 0.7565132391472096
-12.144671656821439 0.7565132929269465
-12.149072207182732 0.7565133456097584
-12.14916439846835 0.7612011949384269
-12.153541485134074 0.761201247044403
-12.157895363506865 0.7612012980984748
-12.157988195438794 0.7658390868751965
-12.16231909027128 0.7658391373760083
-12.166627249628949 0.7658391868676504
-12.166720721973778 0.77042797295868
-12.17100636297517 0.7704280219194415
-12.175269726665931 0.7704280699116198
-12.175363839187721 0.7749688780022124
-12.179605135357733 0.7749689254847656
-12.183824598333658 0.7749689720373023
-12.18391935079381 0.7794627950050184
-12.188117183326392 0.7794628410681289
-12.192293613308772 0.7794628862378896
-12.192389005465913 0.7839106864555808
-12.196544228884282 0.7839107311551198
-12.200678467469247 0.7839107749961871
-12.200774499079468 0.7883134855689377
-12.204887942313256 0.7883135289580518
-12.208980806021344 0.7883135715218876
-12.209077476837962 0.7926720974618893
-12.213149944246037 0.792672139591159
-12.217202225519106 0.7926721809267554
-12.217299535293037 0.7969874002698161
-12.221331807635302 0.7969874411874024
-12.225344275783945 0.7969874813414233
-12.225442597300002 0.8012602462085883
-12.229352349477539 0.8012602859603366
-12.233185668328684 0.8012603249976182
-12.233285543004083 0.8054914625644873
-12.23709994309455 0.8054915012142454
-12.24089562697265 0.805491539180957
-12.24099618210717 0.8096818527122569
-12.244773318589077 0.8096818903055434
-12.248532104680384 0.8096819272406672
-12.248633340070933 0.8138321969830814
-12.252373938702014 0.8138322335582379
-12.2560965415788 0.8138322694989834
-12.256198457019833 0.81794325354243
-12.259903221420224 0.8179432891360594
-12.263590333980867 0.8179433241179592
-12.263692929265709 0.8220157592266388
-12.267362541833062 0.8220157938737005
-12.271014836192958 0.822015827930701
-12.271118111110797 0.8260504303355419
-12.274753233887786 0.8260504640694396
-12.278371362224211 0.8260504972339866
-12.278475316565187 0.830047963388622
-12.282076592062417 0.8300479962412869
-12.285661187416164 0.8300480285444044
-12.285765820966784 0.8340090358466745
-12.289333872943827 0.8340090678486439
-12.292885549980275 0.834009099320009
-12.292990862525398 0.8379343068008611
-12.296526296732523 0.8379343379813502
-12.300045652464632 0.8379343686493633
-12.300151643787894 0.8418244176308975
-12.303655048670876 0.8418244480178686
-12.307142663146358 0.8418244779097194
-12.307249333028283 0.8456799926340268
-12.310721280398484 0.845680022254254
-12.314177717353303 0.8456800513959831
-12.31428506557371 0.8495016396263173
-12.317726111245491 0.8495016685054465
-12.32115191872567 0.8495016969220038
-12.32125994506145 0.8532899505177334
-12.324670629458831 0.8532899786803396
-12.328066340412411 0.8532900063956391
-12.32817504463932 0.8570455018623417
-12.331555893373668 0.8570455293319827
-12.334922026214539 0.8570455563689539
-12.335031408106376 0.8607688553849309
-12.33838293252679 0.8607688821841977
-12.341719991672008 0.8607689085648341
-12.341830051000214 0.8644605584852478
-12.345152748718137 0.864460584635812
-12.348461225100216 0.8644606103812171
-12.348571961634432 0.8681211447209826
-12.351866317023976 0.8681211702436409
-12.355146688579559 0.8681211953740717
-12.35525810208794 0.8717511342705675
-12.35852458676324 0.8717511591852853
-12.361777318899469 0.8717511837201922
-12.361889409147812 0.8753510343767963
-12.365128482418699 0.8753510587027462
-12.36835402845848 0.8753510826608122
-12.368466795210333 0.8789213397722058
-12.371678904517502 0.8789213635278061
-12.374877706124861 0.8789213869269826
-12.374991149143334 0.8824625330871158
-12.378176730474124 0.8824625562900659
-12.381349218060663 0.8824625791476074
-12.381463337105545 0.885975085241167
-12.38462281539136 0.8859751079084808
-12.387769408504884 0.8859751302409771
-12.387884203335075 0.8894594558191521
-12.391017992831424 0.8894594779671898
-12.394139100527633 0.8894594997905971
-12.394254570899093 0.8929160934318889
-12.397363075549174 0.8929161150763878
-12.400459096747342 0.8929161364060567
-12.400575242414714 0.8963454360628467
-12.40365885619738 0.8963454572189486
-12.406730180020825 0.8963454780696529
-12.406847000737354 0.8997479114011924
-12.40990610800029 0.8997479320834716
-12.412953114102434 0.8997479524694334
-12.41307060961864 0.903123937161893
-12.416105585397496 0.9031239573843809
-12.419128644274243 0.9031239773192956
-12.41924681433902 0.9064739213934705
-12.422258024663202 0.9064739411696804
-12.425257497952332 0.9064739606667402
-12.425376342313623 0.909798262773979
-12.42836414449944 0.9097982821169288
-12.431340385267648 0.9097983011888445
-12.431459903669626 0.913097350895739
-12.4344246466014 0.9130973698179732
-12.43737799961963 0.9130973884769955
-12.437498191805798 0.9163715665393383
-12.44044021620554 0.9163715850529482
-12.443371018213147 0.9163716033108876
-12.443491883925828 0.9196212819373814
-12.44641152261204 0.9196213000540253
-12.449320102570367 0.9196213179222711
-12.449441641548608 0.9228468610284439
-12.452339219684744 0.9228468787593651
-12.455225899020576 0.9228468962489033
-12.455348111001637 0.9260486597016655
-12.458223946334705 0.9260486770577101
-12.46108903917415 0.9260486941791405
-12.461211923895217 0.9292270260323919
-12.464066326985016 0.9292270430240261
-12.466910140378204 0.9292270597875787
-12.467033697572425 0.932382300509258
-12.469866972011836 0.9323823171465836
-12.472689806148912 0.9323823335621338
-12.472814035548499 0.9355148162530796
-12.475626478175272 0.9355148325458492
-12.478428626594068 0.9355148486229331
-12.47855352792981 0.9386248992279085
-12.481345429030224 0.9386249151855399
-12.484127178816012 0.9386249309333674
-12.48425275181607 0.9417128684445825
-12.48702439532086 0.941712884076173
-12.489786027298525 0.941712899503642
-12.489912271689269 0.9447790361570925
-12.492663935362152 0.9447790514714315
-12.49540572428117 0.9447790665871397
-12.495532639787825 0.9478237080520628
-12.498264595406987 0.9478237230576443
-12.500986810119493 0.9478237378699024
-12.501114396465033 0.9508471834316391
-12.50382690999787 0.9508471981366735
-12.506529813630147 0.9508472126535157
-12.506658070535241 0.9538497553900508
-12.50935140230667 0.9538497698024766
-12.512035252424367 0.9538497840316721
-12.5121641796085 0.9568317109841142
-12.514838584463133 0.9568317251116087
-12.51750363323044 0.9568317390606722
-12.517633230411004 0.9597933313979211
-12.520288957869425 0.9597933452479103
-12.522935452202528 0.9597933589241118
-12.52306571909477 0.9627348921019493
-12.525703013504208 0.9627349056816183
-12.528331195219238 0.9627349190919926
-12.528462131537026 0.965656663006822
-12.531081232216641 0.9656566763231238
-12.533691338172362 0.9656566894744798
-12.533822943627834 0.9685589086119281
-12.536424085008862 0.9685589216715931
-12.539016347244328 0.9685589345705224
-12.539148621547229 0.9714418881491106
-12.541732033308204 0.9714419009586551
-12.544306679175582 0.9714419136115405
-12.54443962203444 0.9743058557216174
-12.547005529231692 0.9743058682873512
-12.549562781524498 0.9743058807003742
-12.54969639264561 0.9771510604384986
-12.552245015839247 0.9771510727665333
-12.554785092916127 0.977151084945682
-12.554919372003859 0.9799777465446318
-12.557450927379426 0.9799777586408882
-12.559974043283718 0.9799777705919643
-12.560108990041282 0.9827861535465424
-12.562623689527255 0.9827861654167576
-12.56513005410248 0.982786177145384
-12.565265668230145 0.9855765163341819
-12.56776371961146 0.9855765279839162
-12.570253538612914 0.9855765394955428
-12.570389819810051 0.9883490652988197
-12.572871426837809 0.9883490767334627
-12.575344902040419 0.9883490880333731
-12.575481850004588 0.9911040264471935
-12.57794721250209 0.9911040376719713
-12.580404541804684 0.9911040487652888
-12.58054215623112 0.993841621512065
-12.58299147019641 0.9938416325320449
-12.585432847722537 0.9938416434237388
-12.585571128304975 0.9965620680593097
-12.588004586009978 0.9965620788794072
-12.590430202205424 0.9965620895742974
-12.590569148635899 0.9992655795916756
-12.592986938722339 0.9992655902166588
-12.595396980449474 0.9992656007194223
-12.595536592417805 1.0019523656493319
-12.59793889999001 1.0019523760838276
-12.600333550619075 1.0019523863990023
-12.600473827813639 1.0046226319073253
-12.602860834528345 1.0046226421558235
-12.605240274025803 1.0046226522878148
-12.605381216133232 1.0072765802700603
-12.607753100286521 1.0072765903369196
-12.610117505300604 1.007276600290003
-12.610259112005377 1.0099144089629093
-12.612616048616845 1.0099144188523606
-12.614965592560383 1.009914428630688
-12.615107863545697 1.0125363126210563
-12.617450024439966 1.0125363223372081
-12.619784877570606 1.0125363319448115
-12.619927812516952 1.0151424823756772
-12.622255366402632 1.0151424919225196
-12.624575695900555 1.0151425013633149
-12.624719294488115 1.0177331059375474
-12.627032407034294 1.0177331153189562
-12.629338377077515 1.0177331245967474
-12.62948263898321 1.0203083676781721
-12.631781472893593 1.0203083768979122
-12.634073244730942 1.0203083860163957
-12.634218169630369 1.0228684487085242
-12.636502884715119 1.022868457770254
-12.638780616736986 1.022868466733022
-12.638926204304527 1.0254135269554754
-12.641196957549926 1.0254135358627503
-12.643460805356844 1.0254135446732933
-12.643607055264441 1.027943777236001
-12.645864000900435 1.0279437859922773
-12.648114117369603 1.0279437946539893
-12.648261029288141 1.0304593713292363
-12.65050431885384 1.0304593799378734
-12.652740854203639 1.0304593884540538
-12.652888427801313 1.0329604780464559
-12.655118210208542 1.0329604865107205
-12.657341312061115 1.0329604948845776
-12.657489547004971 1.0354472632990515
-12.659705968599916 1.0354472716221204
-12.661915782041914 1.0354472798567749
-12.66206467799677 1.0379198901645739
-12.664267882619818 1.0379198983495366
-12.666464550261333 1.0379199064480238
-12.66661410689137 1.0403785189509054
-12.66880423593517 1.0403785270007675
-12.67098789796696 1.0403785349660402
-12.671138114932866 1.0428233072586257
-12.673315307398713 1.0428233151763115
-12.67548610164774 1.042823323011243
-12.675636978609981 1.0452544100416332
-12.677801371162548 1.045254417829988
-12.679959433145934 1.0452544255373744
-12.680110969762305 1.047671979666078
-12.682262696782807 1.047671987327871
-12.684408159760219 1.0476719949104338
-12.68456035568702 1.050076165967664
-12.686699549324853 1.0500761735055906
-12.688832544349397 1.050076180965979
-12.688985399241487 1.0524671163073736
-12.691112189464393 1.0524671237240577
-12.693232845432062 1.0524671310648512
-12.693386358942254 1.0548449756256668
-12.69550087358506 1.0548449829236637
-12.697609317282792 1.0548449901473738
-12.697763489061803 1.0572098864952055
-12.699865853873796 1.0572098936770027
-12.701962210026176 1.0572099007860754
-12.702117039723898 1.059561989172148
-12.704207378414877 1.0595619962401688
-12.706291769729535 1.0595620032369863
-12.706447256993775 1.0619014216460643
-12.70852569127881 1.0619014286026685
-12.710598238490565 1.0619014354895517
-12.710754382966584 1.0642283196885116
-12.71282103260955 1.0642283265359989
-12.714881854523338 1.064228333315209
-12.715038655855734 1.0665428169003188
-12.717093638711644 1.0665428236409291
-12.719142852244257 1.0665428303146693
-12.7193003100753 1.068845044757614
-12.721343742131472 1.0688450513935306
-12.723381462352181 1.0688450579639481
-12.723539576323127 1.0711351326566412
-12.725571571739247 1.0711351391899913
-12.72759791190931 1.071135145659179
-12.727756681658425 1.0734132079573995
-12.729777352805522 1.0734132143902573
-12.731792424416623 1.0734132207602554
-12.731951849581732 1.0756793960261464
-12.7339613070801 1.0756794023605334
-12.735965219891778 1.075679408633331
-12.736125300108583 1.0779338202767947
-12.738123652864703 1.0779338265146823
-12.740116514940762 1.0779338326922183
-12.740277249842805 1.080176602211243
-12.742264605085271 1.080176608354553
-12.744246522829243 1.080176614438719
-12.744407912048711 1.0824078614586685
-12.746384375363228 1.0824078675092754
-12.748355453552891 1.0824078735019163
-12.748517496720321 1.0846277158138173
-12.75048317208376 1.0846277217735492
-12.752443513904762 1.084627727676464
-12.7526062106494 1.0868362812743189
-12.754561200462982 1.0868362871449593
-12.756510907541582 1.0868362929599031
-12.75667425748981 1.0890336720770584
-12.758618662611418 1.0890336778603473
-12.76055783504638 1.089033683589033
-12.760721837824104 1.0912200007336332
-12.762655757599775 1.0912200064312685
-12.764584493993448 1.091220012075367
-12.764749149224022 1.0933953780649204
-12.766672681518607 1.0933953836785582
-12.768591079007198 1.0933953892397008
-12.768756386312797 1.095559913234783
-12.770669627539862 1.0955599187660408
-12.772577781822942 1.095559924245819
-12.77274374082406 1.0977137137829425
-12.774646785975008 1.0977137192333979
-12.77654479134428 1.097713724633366
-12.776711401659732 1.099856885657037
-12.778604344332203 1.0998568910282307
-12.780492293699528 1.0998568963499054
-12.780659554945537 1.1019895332438943
-12.782542487371089 1.1019895385373304
-12.784420472295825 1.1019895437821927
-12.784588384088515 1.104111759400041
-12.786461397159608 1.1041117646171879
-12.788329507875254 1.1041117697866842
-12.788498069827966 1.1062236654814679
-12.790361253124287 1.10622367062376
-12.792219578564481 1.106223675719303
-12.792388790289092 1.1083253513726785
-12.794242232103212 1.108325356441516
-12.796090859927077 1.1083253614644852
-12.796260721033999 1.1104169155150339
-12.798104508396424 1.1104169205117853
-12.79994352501329 1.110416925463528
-12.80011403511108 1.1124984549344217
-12.801948253814656 1.1124984598604233
-12.803777744408187 1.1124984647422562
-12.803948903103944 1.1145700652682635
-12.805773637727698 1.114570070124821
-12.807593686279434 1.1145700749380303
-12.807765493178502 1.1166318407918818
-12.809580827110889 1.1166318455802706
-12.811391516423202 1.1166318503261135
-12.811563971129384 1.1186838744442436
-12.81336998659097 1.11868387916571
-12.81517139830949 1.1186838838454145
-12.815344500424636 1.1207262578530979
-12.817141278490256 1.1207262625088608
-12.818933493125751 1.1207262671236273
-12.819107242250169 1.1227590813595283
-12.820894862870539 1.122759085950778
-12.82267795982027 1.1227590905017797
-12.822852355552932 1.1247824340419283
-12.824630897575753 1.1247824385698284
-12.82640495514433 1.1247824430582127
-12.826579997082677 1.1267964037394256
-12.828349538273242 1.126796408205114
-12.830114633692986 1.1267964126320023
-12.830290321431814 1.1288010770747625
-12.832050938493131 1.128801081479352
-12.833807147943961 1.1288010858458404
-12.833983481078056 1.1307965394766533
-12.8357352496705 1.1307965438212313
-12.83748264829935 1.1307965481283921
-12.837659626420054 1.1327828752016267
-12.839402621180561 1.132782879487257
-12.841141283120356 1.132782883736139
-12.841318905818703 1.1347601673553762
-12.843053200379515 1.1347601715830988
-12.844783198767699 1.1347601757747272
-12.8449614656324 1.136728497913621
-12.84668713263939 1.1367285020844535
-12.848408539636033 1.1367285062198316
-12.848587450255394 1.1386879477425005
-12.850304561385963 1.1386879518574384
-12.852017448191456 1.1386879559375473
-12.852197002150357 1.1406385966185097
-12.853905628130919 1.1406386006785263
-12.855610065003258 1.140638604704326
-12.85579026188578 1.1425805232479869
-12.857490472508855 1.1425805272540346
-12.859186528780548 1.1425805312264645
-12.859367368170377 1.1445138052861705
-12.8610592323113 1.1445138092391816
-12.862746976405873 1.1445138131591608
-12.862928457882676 1.1464385193558322
-12.86461204351593 1.1464385232567187
-12.86629154296408 1.1464385271251467
-12.866473666108247 1.1483547410654984
-12.868149040323416 1.1483547449151528
-12.869820361778794 1.14835474873291
-12.870003126167411 1.150262545027273
-12.871670355184802 1.1502625488265688
-12.87333356443945 1.150262552594517
-12.87351696964912 1.1521620048742693
-12.87517611883502 1.1521620086240618
-12.876831280834462 1.152162012343044
-12.877015326439597 1.1540531932776625
-12.878666460321197 1.1540531969787886
-12.880313639179201 1.1540532006496311
-12.880498324752736 1.1559361819633727
-12.882141507032733 1.1559361856166521
-12.88378076604575 1.155936189240163
-12.883966091159644 1.157811041728388
-12.885601384730515 1.157811045334623
-12.887232786391797 1.157811048911594
-12.88741875061543 1.1596778424567367
-12.889046217573407 1.159677846016713
-12.890669823586826 1.1596778495479192
-12.890856426488709 1.1615366531351166
-12.892476128147441 1.1615366566496035
-12.894091999441006 1.1615366601358041
-12.894279240587885 1.1633875418681932
-12.895891237491805 1.1633875453379443
-12.897499434230886 1.1633875487798826
-12.897687313188142 1.1652305758935715
-12.899291665125556 1.1652305793193247
-12.900892246725828 1.1652305827177294
-12.901080763056582 1.1670658215964531
-12.902677529072472 1.1670658249789314
-12.90427055421258 1.1670658283345157
-12.904459707479202 1.1688933445239833
-12.906048945887749 1.168893347863895
-12.907634472521714 1.1688933511773578
-12.907824262285018 1.1707132093992987
-12.909406030681884 1.1707132126973374
-12.910984116051226 1.1707132159693632
-12.911174541869276 1.1725254801352807
-12.912748897143594 1.1725254833921261
-12.914319597789222 1.172525486623386
-12.914510659220547 1.174330219848025
-12.916077657566689 1.174330223064343
-12.917641029340528 1.1743302262554947
-12.917832725940405 1.1761274908700299
-12.919392422869487 1.1761274940464737
-12.920948520945869 1.176127497198161
-12.921140852268644 1.1779173547631154
-12.922693302619793 1.1779173579003244
-12.924242181506607 1.177917361013179
-12.924435147105095 1.1796998723310756
-12.92598040505649 1.1796998754296766
-12.927522118606106 1.1796998785043176
-12.927715718031388 1.181475103632072
-12.929253837111066 1.1814751066926799
-12.930788438531032 1.1814751097297136
-12.930982671333973 1.183243107990777
-12.932513704430416 1.1832431110139936
-12.934041246293935 1.183243114014015
-12.934236112021265 1.185003944010268
-12.93576011139377 1.1850039469966842
-12.937280645649965 1.185003949960276
-12.937476143849208 1.1867576695836837
-12.938993161138049 1.1867576725338782
-12.940506739122013 1.1867576754616125
-12.940702869338173 1.1885043419056458
-12.942212955574547 1.1885043448201864
-12.943719628017204 1.1885043477126236
-12.94391638979458 1.1902440174834503
-12.94541959541037 1.1902440203628937
-12.94691941244812 1.1902440232205833
-12.947116805327799 1.1919767521480376
-12.948613180165115 1.1919767549929294
-12.950106191349299 1.1919767578164109
-12.950304214872974 1.1937026010647431
-12.95179380819353 1.1937026038756189
-12.953280062499697 1.1937026066654204
-12.953478716205755 1.195421618743836
-12.954961576700045 1.1954216215212206
-12.956441122537042 1.1954216242778608
-12.956640405963979 1.1971338590508491
-12.958116581760265 1.1971338617952576
-12.95958946697914 1.1971338645192455
-12.959789379662261 1.1988393752167081
-12.9612589183354 1.1988393779286457
-12.96272519023813 1.1988393806204798
-12.962979507799153 1.2005382198480252
-12.964382888146181 1.200538222527622
-12.965748823163679 1.2005382251884642
-12.966120997250576 1.2022304449354897
-12.967483709916444 1.2022304475834826
-12.968843331915147 1.2022304502132422
-12.96921845789799 1.2039161018650502
-12.970574881287341 1.2039161044821287
-12.971928238919656 1.2039161070812565
-12.972306319860273 1.2055952414268178
-12.973656502288932 1.2055952440134299
-12.975003643544932 1.2055952465823685
-12.975384682552226 1.2072679138238216
-12.976728671679595 1.2072679163804068
-12.978069643898822 1.2072679189195907
-12.978453644126388 1.2089341686812465
-12.979791486967105 1.2089341712082367
-12.981126336850089 1.2089341737180928
-12.981513301492628 1.2105940550552692
-12.98284504442796 1.2105940575530882
-12.984173818047475 1.2105940600340355
-12.984563750343941 1.2122476214417235
-12.985889439132912 1.2122476239107876
-12.987212181944997 1.2122476263632374
-12.98760508517842 1.213894915784601
-12.988924764968697 1.2138949182253194
-12.990241521823405 1.2138949206496756
-12.99063739932485 1.2155359854843946
-12.991951114663381 1.215535987897168
-12.993261929815294 1.2155359902938279
-12.993660784954459 1.2171708774062793
-12.99496857979787 1.2171708797915024
-12.996273496916386 1.2171708821608551
-12.996675333108467 1.218799637888145
-12.99797725083323 1.2187996402462054
-12.999276313012622 1.218799642588634
-12.999681133720161 1.220422312748477
-13.00097721713254 1.2204223150797546
-13.002270466901784 1.2204223173956354
-13.00267827563332 1.2220389472940882
-13.003968566979085 1.222038949598957
-13.005256046311475 1.2220389518886594
-13.005666846617356 1.2236495863277115
-13.006951387591304 1.2236495886065384
-13.008233137913855 1.2236495908704257
-13.008646933386187 1.2252542741554486
-13.009925765141436 1.2252542764085945
-13.01120182734409 1.225254278647023
-13.011618621628362 1.2268530545940837
-13.012891784785447 1.2268530568219032
-13.014162199230071 1.2268530590352236
-13.014581996011414 1.2284459709782622
-13.0158495306672 1.2284459731811035
-13.017114337196386 1.2284459753696602
-13.017537140209706 1.2300330661675394
-13.018799085946087 1.2300330683457446
-13.020058323891767 1.230033070509876
-13.020484136910113 1.2316143825532981
-13.021740532802538 1.2316143847072036
-13.022994240994423 1.2316143868472427
-13.023423067844863 1.2331899620655444
-13.02467395247067 1.233189964195481
-13.025922169244492 1.2331899663117545
-13.026354013796391 1.234759846179578
-13.027599425242975 1.2347598482858708
-13.028842188448568 1.2347598503786998
-13.029277054619598 1.2363240759225433
-13.0305170304924 1.2363240780055114
-13.03175437750159 1.2363240800752122
-13.032192269251043 1.2378826918798627
-13.033426846681358 1.2378826939398202
-13.034658814395721 1.2378826959867035
-13.035099735733041 1.2394357342015558
-13.03632895138569 1.2394357362388115
-13.037555576244104 1.2394357382631824
-13.037999531226959 1.2409832426084442
-13.039223421307767 1.2409832446233013
-13.040444739293848 1.2409832466254602
-13.040891732024356 1.242525256398248
-13.042110332287498 1.2425252583910051
-13.043326378936843 1.2425252603712473
-13.043776413564183 1.2440618144515732
-13.044989759319368 1.244061816422524
-13.046200569726677 1.2440618183811394
-13.046653650446348 1.2455929552377947
-13.047861776565854 1.2455929571872273
-13.049067385391888 1.2455929591245016
-13.049523516447923 1.2471187168208338
-13.05072645737349 1.2471187187490322
-13.051926898851894 1.247118720665246
-13.052386084541695 1.248639136864838
-13.053583874291268 1.248639138772081
-13.054779182235247 1.2486391406675106
-13.055241426889852 1.250154252639758
-13.056434099064198 1.25015425452632
-13.057624306873066 1.250154256401237
-13.058089614886264 1.2516641010268306
-13.059277202675448 1.2516641028929818
-13.060462343341033 1.2516641047476529
-13.060930719146091 1.2531687185239648
-13.062113255335817 1.2531687203699706
-13.063293361448745 1.253168722204659
-13.063764809531962 1.2546681412510368
-13.064942326509792 1.2546681430771585
-13.066117430265637 1.2546681448921224
-13.066591955157124 1.2561624049550915
-13.067764484918568 1.2561624067615857
-13.068934618123887 1.2561624085570793
-13.06941222440587 1.2576515450154562
-13.070579798560358 1.257651546802576
-13.071744992638596 1.2576515485788498
-13.072225684942486 1.2591355964487678
-13.07338833471921 1.259135598216762
-13.07454862071649 1.2591355999740619
-13.07503240372319 1.2606145939139128
-13.076190159976841 1.260614595663026
-13.077345568567646 1.260614597401594
-13.077832447001972 1.262088571716884
-13.078985340218365 1.2620885734473566
-13.08013590171109 1.2620885751674316
-13.080625880355585 1.2635575638155545
-13.081773940657156 1.2635575655276239
-13.082919684999576 1.26355756722944
-13.08341276868011 1.2650216038243738
-13.08455602583132 1.265021605518273
-13.085696982615925 1.2650216072020612
-13.086193176215723 1.2664807250189813
-13.08733165962835 1.2664807266949398
-13.088467858097594 1.2664807283609272
-13.088967166539776 1.2679349603407448
-13.090100905278113 1.2679349619989886
-13.091232374329541 1.2679349636473989
-13.091734802595845 1.2693843424012234
-13.092863825381773 1.2693843440419745
-13.09399059357308 1.2693843456730276
-13.094496146693716 1.2708289034865545
-13.095620481911709 1.2708289051100319
-13.096742577465664 1.2708289067239444
-13.097251260521988 1.2722686755617703
-13.098370936223995 1.2722686771681895
-13.099488387033293 1.2722686787651747
-13.100000205156617 1.2737036902750414
-13.101115249066867 1.273703691864614
-13.102228082698884 1.273703693444882
-13.102743041071514 1.2751339789618503
-13.103853480591221 1.2751339805347857
-13.104961724292675 1.2751339820985428
-13.10547982815264 1.2765595726490988
-13.106585690364618 1.2765595742056017
-13.10768937106614 1.2765595757530517
-13.108210625698876 1.277980502059144
-13.10931193737207 1.2779805035994172
-13.110411081692686 1.2779805051307604
-13.110935492438205 1.2793967976137735
-13.112032280032132 1.279396799138016
-13.113126914283669 1.2793968006534497
-13.113654486531303 1.2808084894381115
-13.114746776200409 1.28080849094652
-13.115836926391811 1.2808084924462382
-13.116367665588417 1.2822156073644653
-13.117455483186355 1.2822156088572325
-13.118541175027918 1.2822156103414268
-13.119075086670787 1.2836181809361065
-13.120158457754608 1.2836181824134225
-13.121239716662133 1.283618183882281
-13.121776806296587 1.2850162394109932
-13.122855756130864 1.2850162408730457
-13.123932607229742 1.2850162423267542
-13.124472880465943 1.2864098117654326
-13.1255474340268 1.286409813212406
-13.126619902156005 1.2864098146511471
-13.12716336464633 1.2877989266976844
-13.128233546625419 1.2877989281297604
-13.129301656341443 1.2877989295537142
-13.129848313801608 1.2891836126315064
-13.130914148609982 1.2891836140488637
-13.131977924190686 1.2891836154582075
-13.132527782382823 1.290563897719644
-13.133589294154776 1.2905638991224595
-13.134648759603172 1.2905639005173677
-13.135201824345927 1.2919398098472663
-13.136259036942723 1.2919398112357132
-13.137314215990695 1.291939812616358
-13.13787049316299 1.2933113766353441
-13.138923430176556 1.2933113780095937
-13.139974346288495 1.2933113793761446
-13.140533841817104 1.2946786254439786
-13.141582526573629 1.2946786268041994
-13.142629202950022 1.2946786281568232
-13.143191922820716 1.296041583375675
-13.144236378384203 1.2960415847220332
-13.145278837965137 1.2960415860608945
-13.145844788216193 1.2974002772785673
-13.146885037391943 1.2974002786112262
-13.14792330286056 1.2974002799364872
-13.148492489592916 1.2987547337495902
-13.14952855493094 1.298754735068711
-13.15056264871682 1.2987547363805314
-13.151135078079372 1.300104979137604
-13.152166981877745 1.3001049804433458
-13.153196926160236 1.3001049817418828
-13.1537726043641 1.3014510395464705
-13.154800368672259 1.3014510408389897
-13.155826185383736 1.3014510421243983
-13.156405118693096 1.3027929408380794
-13.157428765315075 1.3027929421175304
-13.158450476144154 1.3027929433899637
-13.159032670882112 1.304130708635332
-13.160052221379722 1.3041307099018666
-13.161069847774401 1.304130711161475
-13.161655310325356 1.3054643683250746
-13.162670786021296 1.3054643695788428
-13.163684349192051 1.305464370825775
-13.164273085985934 1.3067939450609911
-13.165284507966865 1.3067939463021403
-13.166294028889693 1.3067939475365424
-13.166886046428445 1.308119463766448
-13.167893435547994 1.3081194649951238
-13.168898934967386 1.30811946621714
-13.169494239804056 1.3094409491372987
-13.170497616685775 1.3094409503536446
-13.171499115117651 1.309440951563417
-13.172097713864547 1.3107584256446436
-13.173097098904815 1.310758426848801
-13.174094616639406 1.31075842804647
-13.174696515970899 1.31207191753755
-13.175691929341776 1.3120719187296581
-13.176685486446445 1.3120719199153617
-13.177290693089587 1.313381448845729
-13.178282154741614 1.313381450025925
-13.17927177106364 1.3133814511997994
-13.179880291810479 1.3146870433821738
-13.180867821475436 1.3146870445505938
-13.181853516644738 1.3146870457127726
-13.182465358349152 1.315988724745758
-13.183448975542753 1.3159887259025354
-13.184430768974572 1.3159887270531516
-13.185045938544121 1.3172865163237955
-13.18602566256868 1.3172865174690613
-13.187003573466217 1.3172865186082454
-13.187622077874073 1.3185804412945599
-13.188597927821109 1.3185804424284444
-13.189571975178108 1.3185804435563249
-13.19019382145616 1.3198705226297707
-13.191165816208965 1.319870523752402
-13.192136018812262 1.3198705248691054
-13.192761214055198 1.3211567830970385
-13.193729372291358 1.3211567842085428
-13.194695748723372 1.3211567853141948
-13.195324300088414 1.3224392452622777
-13.196288640282281 1.3224392463627792
-13.19725120892348 1.3224392474575029
-13.197883123625555 1.3237179314920797
-13.19884366405069 1.3237179325817012
-13.199802443081994 1.323717933665618
-13.200437728403646 1.3249928639560553
-13.2013944871352 1.3249928650349179
-13.20234949454036 1.3249928661081478
-13.202988157823608 1.3262640646291404
-13.203941152740681 1.326264065697363
-13.204892406308609 1.3262640667600247
-13.205534454960093 1.3275315552938678
-13.206483703748038 1.3275315563515686
-13.207431221075094 1.3275315574037787
-13.208076662562712 1.3287953575426086
-13.209022182715415 1.3287953585899035
-13.209965981207661 1.3287953596317772
-13.210614823066985 1.3300554927797779
-13.211556631889085 1.3300554938167815
-13.212496728764497 1.3300554948484318
-13.213148978593747 1.33131198222401
-13.214087093202835 1.3313119832508353
-13.215023505493482 1.3313119842723744
-13.215679170956838 1.3325648469103029
-13.216613608285613 1.332564847927061
-13.217546352839786 1.3325648489385997
-13.218205441661514 1.3338141076921304
-13.219136218459903 1.3338141086989317
-13.220065311944232 1.3338141097005785
-13.220727831918678 1.335059785243526
-13.22165496475592 1.3350597862404785
-13.222580423657423 1.335059787232341
-13.223246382646936 1.3363019000611338
-13.224169887913623 1.3363019010483446
-13.225091728541749 1.3363019020305291
-13.225761134465989 1.3375404724662343
-13.22668102837609 1.337540473443809
-13.227599266864711 1.33754047441642
-13.228272127721562 1.338775522606738
-13.229188426314392 1.3387755235747805
-13.230103078623765 1.3387755245379214
-13.230779402468833 1.3400070704591514
-13.23169212161101 1.3400070714177645
-13.23260320352971 1.340007072371537
-13.233282998492234 1.3412351358305172
-13.234192153879576 1.3412351367798023
-13.23509968102639 1.3412351377243068
-13.235782955300873 1.3424597383603247
-13.236688562460293 1.3424597393003819
-13.237592550286088 1.3424597402357177
-13.238279312132928 1.3436808975223946
-13.239181386424276 1.3436808984533224
-13.240081850213834 1.3436808993795872
-13.240772107970473 1.3448986326267367
-13.241670664588355 1.3448986335486326
-13.242567619462168 1.344898634465923
-13.243261381526317 1.3461129628213833
-13.244156435501882 1.3461129637343432
-13.245049896417937 1.3461129646427548
-13.245747171262087 1.3473239070941938
-13.246638737464787 1.3473239079983126
-13.2475287192203 1.3473239088979392
-13.248229515384823 1.3485314842746379
-13.24911760852414 1.3485314851700092
-13.250004125757275 1.3485314860609434
-13.250708451855717 1.3497357130355514
-13.251593086482858 1.3497357139222679
-13.252476153674412 1.3497357148046016
-13.253184018390384 1.3509366118948696
-13.254065208899956 1.3509366127730218
-13.25494484037501 1.3509366136468455
-13.255656252459906 1.3521341992173344
-13.256534013091557 1.3521342000870127
-13.257410223021116 1.3521342009524155
-13.25812519130449 1.353328493216181
-13.258999536144527 1.3533284940774741
-13.259872338547115 1.3533284949345439
-13.260590871928313 1.3545195119547988
-13.261461814911288 1.3545195128077943
-13.262331223654524 1.3545195136566184
-13.263053331107175 1.355707273348371
-13.263920886017441 1.3557072741931557
-13.264786914819597 1.3557072750338197
-13.265512605386169 1.3568917951654922
-13.266376785859432 1.356891796002151
-13.267239448290944 1.3568917968347398
-13.2679687310934 1.3580730950297617
-13.268829550618213 1.3580730958583793
-13.269688860103189 1.3580730966829764
-13.270421744333964 1.3592511904213584
-13.27127921625322 1.359251191242018
-13.272135186070912 1.3592511920587058
-13.272871681002309 1.360426098678592
-13.273725818514698 1.360426099491376
-13.274578461800946 1.3604261003002363
-13.275318576776117 1.3615978369994346
-13.276169392937568 1.3615978378044236
-13.27701872268623 1.361597838605537
-13.27776246712583 1.3627664224430303
-13.27860997485092 1.3627664232403045
-13.279456003915273 1.3627664240337503
-13.280203387317567 1.363931871931186
-13.281047599380907 1.3639318727208247
-13.281890340475021 1.3639318735066812
-13.28264137241429 1.3650942022498416
-13.283482301451892 1.3650942030319229
-13.28432176715199 1.3650942038102678
-13.28507645728012 1.366253430050521
-13.285914115790744 1.366253430825122
-13.286750318536534 1.3662534315960317
-13.287508676583343 1.3674095718517625
-13.288343076929817 1.3674095726189592
-13.289176029025798 1.3674095733825096
-13.289938064798731 1.3685626440405323
-13.290769219209245 1.3685626448004
-13.291598932826 1.368562645556665
-13.292364656216234 1.3697126628736167
-13.293192576785618 1.3697126636262298
-13.29401906396108 1.3697126643752835
-13.294788484937468 1.3708596444789989
-13.29561318362845 1.3708596452244306
-13.296436456269149 1.3708596459663458
-13.297209584875993 1.372003604857215
-13.298031073520436 1.3720036055955376
-13.29885114340272 1.3720036063303862
-13.29962798977339 1.3731445598826937
-13.300446280073501 1.373144560613979
-13.301263158844744 1.3731445613418314
-13.302043733187286 1.3742825253050779
-13.302858836716814 1.374282526029396
-13.303672535896606 1.3742825267503231
-13.304456848505229 1.3754175167505291
-13.305268776710637 1.3754175174679504
-13.30607930769194 1.375417518182021
-13.306867368939262 1.3765495497230158
-13.307676133140884 1.3765495504336087
-13.308483507191182 1.3765495511408912
-13.309275327540192 1.3776786396055822
-13.310080938933364 1.3776786403094152
-13.310885167195792 1.377678641009977
-13.311680757187151 1.378804801661605
-13.31248322684333 1.378804802358745
-13.313284320337774 1.3788048030526532
-13.31408369060052 1.3799280510360294
-13.314883029468376 1.3799280517265426
-13.315680999092567 1.379928052413863
-13.316484160338286 1.381048402756592
-13.317280379244789 1.3810484034405444
-13.318075235775375 1.3810484041213418
-13.318882198800527 1.382165871735027
-13.319675308452004 1.3821658724124832
-13.3204670625456 1.382165873086822
-13.32127783823929 1.3832804727682573
-13.322067849222462 1.3832804734392814
-13.322856511416683 1.3832804741072255
-13.323671110744463 1.38439222053957
-13.324458033527481 1.3843922212042252
-13.325243614241964 1.384392221865837
-13.326062048267195 1.3855011296197768
-13.32684589320064 1.385501130278126
-13.327628402738036 1.3855011309334677
-13.32845068260614 1.3866072144683603
-13.329231459924014 1.3866072151204647
-13.330010908470982 1.3866072157695974
-13.330837045420475 1.3877104894346048
-13.331614765241172 1.3877104900805255
-13.332391162869337 1.3877104907235098
-13.333221168225572 1.3888109687587131
-13.333995840552843 1.3888109693985105
-13.33476919721975 1.3888109700354063
-13.335603082399272 1.3899086665729101
-13.336374717123162 1.3899086672066434
-13.337145042673201 1.3899086678375099
-13.337982819183356 1.3910035969025312
-13.338751426081124 1.3910035975302595
-13.33951873024646 1.391003598155155
-13.340360409686946 1.3920957736670974
-13.34112599842398 1.3920957742888789
-13.341890290825445 1.3920957749078609
-13.342735884888153 1.3931852106813776
-13.343498465018854 1.3931852112972698
-13.344259755166838 1.3931852119103956
-13.345109275635025 1.3942719216564368
-13.345868856603696 1.394271922266496
-13.346627153899018 1.3942719228738218
-13.34748061265151 1.3953559202006707
-13.348237203793207 1.3953559208049535
-13.348992517527963 1.3953559214065352
-13.349849926540328 1.39643721982083
-13.35060353708171 1.3964372204193916
-13.351355876440124 1.396437221015284
-13.352217247779068 1.3975158339230283
-13.352967886839235 1.3975158345159233
-13.353717260898472 1.397515835106181
-13.354582606728258 1.3985917758137403
-13.355330283319558 1.3985917764010234
-13.35607670105055 1.3985917769857
-13.356946033633088 1.399665058700787
-13.35769075666193 1.3996650592825115
-13.358434226930163 1.39966505986166
-13.359307558624682 1.4007356956943082
-13.360049336892313 1.400735696270527
-13.360789868458609 1.4007356968442
-13.361667211720892 1.4018036998077232
-13.362406053924182 1.4018037003784882
-13.363143655445471 1.4018037009467377
-13.364025022831246 1.4028690839586797
-13.364760937563446 1.4028690845240428
-13.365495617593522 1.40286908508692
-13.366381021761898 1.4039318609699918
-13.367114017513378 1.4039318615300045
-13.367845784503636 1.4039318620875603
-13.36873523820735 1.4049920435705663
-13.369465323366345 1.4049920441252786
-13.37019418566651 1.404992044677563
-13.371087701767893 1.4060496443963164
-13.371814884621212 1.4060496449457782
-13.372540850480053 1.4060496454928408
-13.37343844193402 1.407104675991066
-13.374162730667761 1.4071046765353266
-13.374885808233797 1.4071046770772162
-13.375787488109376 1.4081571508074422
-13.37650889080961 1.4081571513465505
-13.377229088131788 1.4081571518833158
-13.378134869594662 1.4092070812077573
-13.378853394248122 1.4092070817417617
-13.3795707192765 1.4092070822734504
-13.38048061559844 1.4102544794648804
-13.381196270093183 1.4102544799938284
-13.381910730679593 1.4102544805204877
-13.382824755237316 1.4112993577630975
-13.383537547363382 1.411299358287036
-13.384249151262075 1.4112993588087128
-13.385167317540994 1.4123417281989616
-13.385877254991042 1.4123417287179376
-13.386586009859332 1.4123417292346783
-13.387508331449771 1.413381602782135
-13.38821542181972 1.4133816032961943
-13.3889213352186 1.4133816038080445
-13.389847825824887 1.4144189934362172
-13.39055207661452 1.4144189939454053
-13.391255156009287 1.4144189944524101
-13.39218582943488 1.4154539119995664
-13.392887248048465 1.4154539125039283
-13.393587500809309 1.4154539130061328
-13.394522370976349 1.4164863702261097
-13.395220964723222 1.41648637072569
-13.395918398125827 1.4164863712231381
-13.39685747906429 1.4175163797861445
-13.397553255159439 1.4175163802809874
-13.398247876385552 1.4175163807737228
-13.399191182236377 1.41854395226713
-13.399884147801016 1.4185439527572785
-13.400575963939021 1.4185439532453445
-13.401523508955712 1.4195690991744683
-13.402213671017838 1.419569099659966
-13.402902689063305 1.4195691001434052
-13.403854487616238 1.420591831932279
-13.404541853111176 1.420591832413168
-13.405228079967406 1.420591832892023
-13.406184146539418 1.4216121618841617
-13.406868722310364 1.4216121623604843
-13.40755216478892 1.4216121628347969
-13.40851251397896 1.4226301002939516
-13.409194306777499 1.4226301007657494
-13.409874971598727 1.4226301012355607
-13.41083961812082 1.4236456583464654
-13.411518634607441 1.4236456588137798
-13.412196528400985 1.4236456592791307
-13.41316548708633 1.424658847148239
-13.413841733830939 1.4246588476111106
-13.414516863136233 1.4246588480720415
-13.415490148942533 1.425669677728256
-13.416163632424926 1.4256696781867246
-13.416836003691687 1.4256696786432754
-13.41781363168371 1.4266781610386672
-13.418484358294073 1.426678161492773
-13.419153977882779 1.4266781619449835
-13.420135963257446 1.4276843079555048
-13.42080393929681 1.427684308405287
-13.421470813479162 1.427684308853196
-13.422457171548128 1.4286881292793836
-13.423122403228849 1.4286881297248815
-13.423786538188228 1.428688130168528
-13.424777284386593 1.429689635736199
-13.425439777832777 1.4296896361774507
-13.426101179664702 1.4296896366168728
-13.427096329554102 1.4306888379778127
-13.427756090802061 1.4306888384148564
-13.428414765514608 1.430688838850092
-13.429414334781145 1.4316857465827335
-13.430071369779823 1.4316857470156072
-13.43072732329406 1.4316857474466937
-13.431731327746206 1.4326803720567898
-13.432385642357598 1.4326803724855304
-13.433038880507997 1.4326803729125048
-13.434047336088591 1.433672724833792
-13.434698936088141 1.4336727252584365
-13.435349464622988 1.4336727256813355
-13.436362387394915 1.4346628152761913
-13.437011278471932 1.4346628156967762
-13.437659103053715 1.434662816115636
-13.438676509213293 1.4356506536757279
-13.439322696971326 1.435650654092289
-13.439967823177126 1.4356506545071457
-13.440989729050257 1.4366362502540728
-13.44163321900748 1.4366362506666464
-13.442275652329347 1.4366362510775348
-13.443302074374945 1.4376196151634628
-13.443942871964524 1.4376196155720837
-13.444582617809838 1.4376196159790395
-13.445613572619648 1.4386007584873282
-13.446251683190097 1.4386007588920315
-13.446888746881926 1.4386007592950891
-13.447924251178959 1.4395796902409121
-13.448559679994496 1.4395796906417324
-13.449194066771948 1.4395796910409264
-13.450234137417619 1.4405564203718852
-13.450866889658498 1.4405564207688568
-13.451498604677049 1.4405564211642208
-13.452543258669207 1.4415309587609517
-13.453173339432052 1.4415309591541081
-13.453802387763877 1.441530959545676
-13.454851642233436 1.4425033152224482
-13.455479056531566 1.442503315611823
-13.456105443165857 1.4425033159996279
-13.45715931538583 1.4434734995049383
-13.457784068149563 1.4434734998905647
-13.458407797992843 1.4434735002746395
-13.459466305379166 1.444441521291798
-13.460088401456119 1.4444415216737088
-13.46070947933253 1.444441522054086
-13.461772639436136 1.445407390201796
-13.46239208359153 1.4454073905800235
-13.463010514243132 1.4454073909567355
-13.46407834476735 1.446371115789667
-13.464695141684278 1.4463711161642432
-13.465310929771325 1.4463711165373219
-13.466383448551536 1.4473327075466784
-13.466997602831247 1.447332707917635
-13.467610752932464 1.447332708287112
-13.468687977959092 1.4482921749011923
-13.469299494121252 1.448292175268561
-13.469910010734088 1.448292175634467
-13.470991960137328 1.4492495272192192
-13.471600842620273 1.4492495275830308
-13.472208730161164 1.4492495279453972
-13.47329542222574 1.4502047738049668
-13.473901675386731 1.4502047741652522
-13.474506938191336 1.4502047745241091
-13.47559839134585 1.4511579239013828
-13.4762020194613 1.4511579242581725
-13.476804661784746 1.4511579246135504
-13.477900894609997 1.4521089866906913
-13.478501901875708 1.4521089870440151
-13.479101927892803 1.452108987395944
-13.48020295912741 1.4530579712949234
-13.480801349658787 1.4530579716448115
-13.481398763464249 1.453057971993321
-13.482504611993047 1.4540048867764428
-13.483100389825307 1.4540048871229243
-13.483695195433967 1.4540048874680438
-13.484805880298747 1.454949742138464
-13.485399049387125 1.4549497424815685
-13.48599125073413 1.454949742823327
-13.487106791136044 1.4558925463255674
-13.487697355355984 1.4558925466653236
-13.488286956296983 1.4558925470037494
-13.48940737159149 1.4568333082242058
-13.489995334738829 1.456833308560642
-13.490582339050157 1.456833308895764
-13.491707648754126 1.4577720366632074
-13.492293014545268 1.4577720369963525
-13.49287742592412 1.4577720373281986
-13.494007649716421 1.4587087404142747
-13.494590421788507 1.4587087407441564
-13.4951722438531 1.4587087410727542
-13.496307401574738 1.4596434281924728
-13.496887583485794 1.4596434285191189
-13.497466819775525 1.4596434288444962
-13.498606931432139 1.4605761086567197
-13.499184526661232 1.4605761089801577
-13.49976118063682 1.4605761093023417
-13.500906266397907 1.461506790410265
-13.50148127834528 1.4615067907305215
-13.502055353388913 1.4615067910495394
-13.503205433588453 1.4624354820011665
-13.503777865575666 1.462435482318269
-13.504349364991125 1.4624354826341472
-13.505504460141495 1.4633621919227626
-13.50607431541153 1.4633621922367372
-13.506643242424305 1.4633621925495026
-13.507803373199506 1.4642869286141365
-13.508370654916899 1.4642869289250102
-13.508937012674307 1.4642869292346885
-13.510102199925786 1.465209700460579
-13.510666911176719 1.4652097007683778
-13.511230702748005 1.465209701074995
-13.512400967497832 1.466130515794044
-13.51296311129023 1.4661305160987932
-13.513524339666667 1.4661305164023752
-13.51469970311396 1.467049382893599
-13.515259282377585 1.4670493831953242
-13.515817950472552 1.4670493834958964
-13.51699843399284 1.467966309985873
-13.517555451579366 1.4679663102846
-13.518111562228427 1.4679663105821872
-13.51929718738064 1.4688813052454988
-13.519851646063717 1.468881305541252
-13.520405202024694 1.4688813058358796
-13.521595990542922 1.4697943767955481
-13.522147893018246 1.4697943770883528
-13.522698896971274 1.469794377380045
-13.523894870774663 1.4707055327079668
-13.524444219660024 1.4707055329978471
-13.524992674207606 1.4707055332866286
-13.526193855400747 1.4716147810040012
-13.526740653236075 1.4716147812909817
-13.52728656090312 1.4716147815768763
-13.528492971775501 1.4725221296546223
-13.529037221022898 1.4725221299387272
-13.52958058425676 1.472522130221759
-13.53079224728751 1.4734275865809463
-13.531333950331277 1.473427586862199
-13.531874771501773 1.4734275871423919
-13.533091709355775 1.4743311596546471
-13.53363086850243 1.4743311599330715
-13.534169149901869 1.4743311602104487
-13.535391385443699 1.4752328566983692
-13.535928002921985 1.4752328569739888
-13.536463746765163 1.4752328572485736
-13.53769130304661 1.4761326854861325
-13.538225381007495 1.4761326857589703
-13.5387585894317 1.4761326860307853
-13.53999148970189 1.4770306537437357
-13.540523030218559 1.477030654013814
-13.541053705283558 1.4770306542828826
-13.54229197299339 1.4779267691491524
-13.54282097806122 1.4779267694164944
-13.543349121749243 1.4779267696828389
-13.544592780544697 1.4788210393329273
-13.545119252081246 1.4788210395975556
-13.545644866296957 1.4788210398611983
-13.546893940029364 1.479713471878565
-13.547417879874319 1.4797134721405014
-13.547940966444779 1.4797134724014644
-13.549195479165135 1.480604074322915
-13.549716889080276 1.480604074582182
-13.550237449754905 1.480604074840487
-13.551497425726659 1.4814928541565555
-13.552016307395801 1.4814928544131747
-13.55253434384631 1.4814928546688433
-13.553799807535343 1.4823798188241697
-13.554316162564279 1.4823798190781625
-13.554831676384618 1.4823798193312163
-13.556102652472102 1.4832649757249206
-13.556616482388526 1.4832649759763084
-13.557129475094808 1.483264976226769
-13.558405988469158 1.4841483322128217
-13.558917294722585 1.4841483324616258
-13.559427767753009 1.4841483327095137
-13.560709843520875 1.485029895597103
-13.561218627482557 1.4850298958433443
-13.56172658219731 1.4850298960886807
-13.56301424568537 1.4859096731425747
-13.563520508648187 1.485909673386274
-13.564025946329346 1.4859096736290793
-13.565319223075775 1.4867876720699853
-13.56582296625414 1.486787672311163
-13.566325888105576 1.4867876725514577
-13.567624803879047 1.4876638995563778
-13.568126028408773 1.4876638997950542
-13.568626435556014 1.4876639000328589
-13.569931016340345 1.4885383627354416
-13.570429723278533 1.488538362971637
-13.570927616768651 1.4885383632069715
-13.572237888779435 1.4894110686978617
-13.572734079104329 1.4894110689315962
-13.573229459905802 1.4894110691644802
-13.574545449589396 1.4902820244916621
-13.57503912420024 1.4902820247229556
-13.5755319932028 1.4902820249534088
-13.576853727230342 1.491151237122549
-13.577344886947225 1.491151237351421
-13.57783524496171 1.4911512375794629
-13.579162750243965 1.4920187135542482
-13.579651395807655 1.4920187137807177
-13.58013924356584 1.4920187140063677
-13.58147254724629 1.4928844607088387
-13.581958679318067 1.4928844609329253
-13.582444017472492 1.4928844611562024
-13.583783146933841 1.4937484854670866
-13.584266766095304 1.4937484856888092
-13.58474959521909 1.4937484859097323
-13.586094578084348 1.4946107946687712
-13.586575684837225 1.4946107948881486
-13.587056005423884 1.4946107951067364
-13.58840686956647 1.49547139511301
-13.588885464332416 1.4954713953300611
-13.589363276795641 1.4954713955463323
-13.590720050326054 1.4963302935585823
-13.59119613344644 1.4963302937733252
-13.591671438119894 1.4963302939872982
-13.593034149404884 1.4971874967242444
-13.593507721140567 1.497187496936698
-13.593980518277666 1.497187497148391
-13.595349195932958 1.4980430112890488
-13.595820256464053 1.4980430114992307
-13.59629054623773 1.498043011708662
-13.59766521913176 1.4988968438926529
-13.598133768557405 1.4988968441005814
-13.598601551059861 1.4988968443077686
-13.599982248322128 1.4997490011356307
-13.600448286660212 1.4997490013413235
-13.600913561902678 1.4997490015462844
-13.602300312926099 1.5005994895797774
-13.602763840113008 1.5005994897832524
-13.60322660802546 1.5005994899860045
-13.604619442457635 1.5014483157484138
-13.605080458347983 1.501448315949688
-13.605540718778892 1.5014483161502488
-13.606939666539652 1.5022954861266853
-13.607398170905991 1.5022954863257763
-13.607855923622024 1.5022954865241627
-13.60926101489884 1.5031410071618598
-13.609717007431364 1.503141007358785
-13.610172252117092 1.5031410075550142
-13.611583517369587 1.5039848852636228
-13.612036997675832 1.5039848854583988
-13.612489733933428 1.503984885652488
-13.613907203896943 1.5048271268043676
-13.614358171501461 1.5048271269970113
-13.614808398850384 1.5048271271889768
-13.616232104536001 1.5056677381194847
-13.616680558880043 1.5056677383100128
-13.617128276756711 1.5056677384998718
-13.618558249463597 1.5065067255076479
-13.619004189904768 1.506506725696077
-13.619449397662214 1.5065067258838454
-13.62088566896444 1.5073440952310968
-13.621329094776353 1.5073440954174433
-13.621771791683889 1.5073440956031376
-13.623214393448482 1.5081798535159185
-13.623655303820396 1.5081798537001987
-13.624095489063246 1.508179853883835
-13.625544453452479 1.5090140065523239
-13.625982847488926 1.5090140067345537
-13.62642052016785 1.509014006916148
-13.627875879631782 1.5098465604949236
-13.628311756352186 1.509846560675119
-13.62874691548311 1.5098465608546872
-13.630208702773741 1.5106775214630006
-13.630642061112018 1.5106775216411774
-13.631074705625627 1.5106775218187352
-13.632542953791564 1.5115068955407795
-13.632973792595726 1.5115068957169535
-13.63340392133707 1.5115068958925162
-13.634878663737846 1.512334688777694
-13.63530698176957 1.5123346889518805
-13.63573459349764 1.5123346891254636
-13.637215863796913 1.513160907188652
-13.637641659731116 1.5131609073608665
-13.638066753118414 1.5131609075324854
-13.639554585294272 1.5139855567542977
-13.639977857718671 1.513985556924555
-13.64040043135077 1.5139855570942249
-13.641894859690508 1.5148086434212704
-13.642315607105164 1.514808643589586
-13.642735659480259 1.5148086437573218
-13.644236718600746 1.515630173102464
-13.644654939417588 1.5156301732688526
-13.645072468946022 1.515630173434669
-13.646580193777112 1.516450151677279
-13.64699588631947 1.5164501518417555
-13.647410891323261 1.5164501520056677
-13.648925317126704 1.5172685849918777
-13.649338479628806 1.5172685851544567
-13.649750958341158 1.517268585316479
-13.651272120710836 1.5180854788594322
-13.65168275131731 1.5180854790201286
-13.652092701882097 1.5180854791802751
-13.653620636738456 1.5189008390603735
-13.654028733503807 1.5189008392192014
-13.654436153975073 1.518900839377487
-13.65597089759068 1.5197146713426364
-13.656376458478755 1.51971467149961
-13.656781346820166 1.5197146716560486
-13.658322935790524 1.520526981421902
-13.658725958673976 1.5205269815770357
-13.659128312758295 1.5205269817316416
-13.660676784044986 1.5213377749818402
-13.661077266704707 1.5213377751351478
-13.66147708431322 1.5213377752879347
-13.663032475218507 1.5221470576743463
-13.663430415343056 1.5221470578258418
-13.66382769416501 1.5221470579768237
-13.665390042343402 1.522954835119779
-13.665785437528422 1.5229548352694762
-13.666180175160443 1.5229548354186668
-13.667749518637358 1.523761112907194
-13.66814236638497 1.5237611130551065
-13.66853456033045 1.5237611132025193
-13.670110937479421 1.5245658965945756
-13.670501235197616 1.524565896740717
-13.670890882866122 1.5245658968863656
-13.672474332439297 1.5253691917090677
-13.6728620774413 1.525369191853451
-13.673249176147925 1.5253691919973487
-13.67483973727155 1.5261710037472
-13.675224926775176 1.526171003889839
-13.675609473739906 1.526171004031999
-13.677207185909205 1.526971338175115
-13.677589817036202 1.5269713383160228
-13.67797180938326 1.526971338456458
-13.6795767124783 1.5277702004287914
-13.679956782253669 1.527770200567981
-13.680336217010842 1.5277702007067047
-13.68194835129964 1.5285675959142648
-13.682325856650952 1.5285675960517493
-13.682702730748897 1.528567596188774
-13.684322136889511 1.5293635300078483
-13.684697074646193 1.5293635301436401
-13.685071384917745 1.5293635302789788
-13.686698103965812 1.5301580080563486
-13.687070470858432 1.5301580081904607
-13.687442214037869 1.530158008324126
-13.689076287445577 1.5309510353772833
-13.6894460801051 1.5309510355097282
-13.68981525282742 1.5309510356417328
-13.691456722454989 1.5317426172590927
-13.691823937412028 1.5317426173898832
-13.6921905362122 1.5317426175202393
-13.693839444334628 1.532532758961353
-13.694204078018668 1.5325327590905011
-13.694568099330844 1.5325327592192213
-13.69622448863327 1.5333214657149847
-13.69658653737188 1.533321465842503
-13.696947977528634 1.533321465969599
-13.698611891123017 1.534108742722461
-13.698971351141045 1.5341087428483613
-13.699330206372554 1.5341087429738458
-13.701001687792632 1.5348945951580133
-13.701358555211389 1.5348945952823079
-13.701714821644615 1.5348945954061926
-13.703393914856212 1.535679028167836
-13.703748185692621 1.5356790282905368
-13.704101859350486 1.5356790284128337
-13.70578860876475 1.5364620468702879
-13.706140278930487 1.5364620469914068
-13.706491355730998 1.5364620471121275
-13.70818580619403 1.537243656356093
-13.708534871494654 1.5372436564756415
-13.708883347250048 1.537243656594798
-13.710585544058462 1.5380238616885389
-13.710932000192521 1.5380238618065287
-13.711277870608356 1.5380238619241324
-13.712987859516755 1.5388026679036735
-13.713331702074855 1.5388026680201168
-13.713674962749113 1.538802668136179
-13.715392789969293 1.539580080010501
-13.715734014433185 1.5395800801254085
-13.716074660855332 1.539580080239941
-13.717800373065565 1.5403561029911739
-13.718138974807177 1.540356103104557
-13.718477002357217 1.540356103217571
-13.720210646709994 1.5411307418011846
-13.72054662099046 1.5411307419130549
-13.720882024937962 1.5411307420245615
-13.72262364906617 1.5419040013695566
-13.722956991034838 1.541904001479925
-13.723289766537949 1.5419040015899352
-13.725039418553846 1.5426758865990315
-13.725370123247261 1.5426758867079093
-13.725700265351696 1.5426758868164343
-13.727457993866174 1.543446402366256
-13.727786056207039 1.543446402473654
-13.728113559845044 1.5434464025807046
-13.729879413957809 1.5442155535219664
-13.730204828753939 1.5442155536278954
-13.73052968874324 1.5442155537334825
-13.732303718067401 1.5449833448911723
-13.73262648001063 1.5449833449956434
-13.732948691053364 1.5449833450997774
-13.734730945708048 1.5457497812733378
-13.735051049373133 1.5457497813763614
-13.735370606054744 1.5457497814790533
-13.7371611366798 1.546514867442562
-13.737478576523301 1.5465148675441487
-13.737795473311422 1.5465148676454088
-13.739594331063543 1.547278608147756
-13.739909101422674 1.5472786082479166
-13.740223332665987 1.5472786083477557
-13.742030569247369 1.5480410081128229
-13.742342664338821 1.5480410082115674
-13.74265422426589 1.5480410083099958
-13.744469891909208 1.5488020720368292
-13.74477930582796 1.5488020721341682
-13.745088188546038 1.548802072231196
-13.746912340026217 1.5495618045941812
-13.74721906674432 1.549561804690125
-13.747525266238146 1.5495618047857622
-13.749357954894675 1.5503202104347966
-13.749661988260003 1.550320210529355
-13.749965498390553 1.550320210623612
-13.751806778112647 1.551077294184275
-13.752108111847631 1.5510772942774582
-13.752408926350862 1.551077294370345
-13.754258851612748 1.551833060444067
-13.754557479313078 1.5518330605358854
-13.754855591798627 1.551833060627412
-13.756714217626353 1.5525875137916436
-13.75701013275967 1.5525875138821066
-13.75730553670956 1.5525875139722827
-13.759172918739194 1.5533406587806597
-13.75946611464372 1.5533406588697776
-13.759758803411 1.5533406589586127
-13.761634997856804 1.5540924999411219
-13.761925467739987 1.5540925000289039
-13.76221543454737 1.5540925001164083
-13.764100498227338 1.5548430417795498
-13.764388235164445 1.5548430418660057
-13.764675473102914 1.5548430419521888
-13.766569463444819 1.5555922887791396
-13.766854460377498 1.555592288864279
-13.767138962404879 1.5555922889491502
-13.76904193745772 1.5563402453999235
-13.769324187192549 1.556340245483756
-13.76960594613205 1.556340245567325
-13.771517964560596 1.5570869160789305
-13.771797459767592 1.5570869161614656
-13.772076468306343 1.557086916243741
-13.773997589422821 1.5578323052303427
-13.774274322633916 1.5578323053115894
-13.774550573321436 1.5578323053925816
-13.776480857075711 1.5585764172456527
-13.776754820683209 1.5585764173256207
-13.777028305929866 1.5585764174053383
-13.778967812926773 1.5593192564938199
-13.779238999181763 1.559319256572518
-13.779509711257207 1.5593192566509702
-13.781458502763472 1.5600608273214216
-13.781726903774217 1.560060827398859
-13.781994834805776 1.560060827476055
-13.783952972758847 1.5608011340528085
-13.784218580489146 1.5608011341289945
-13.784483722460177 1.560801134204943
-13.786451269479025 1.5615401809902545
-13.786714075746527 1.5615401810651979
-13.786976420494758 1.561540181139908
-13.788953439894454 1.562277972414107
-13.789213436368943 1.5622779724878164
-13.789472975584761 1.562277972561297
-13.791459531376287 1.5630145125829351
-13.791716709577944 1.5630145126554198
-13.791973434802657 1.5630145127276796
-13.793969591711416 1.563749805733679
-13.794223943009028 1.5637498058049473
-13.794477845633091 1.563749805875995
-13.796483669099002 1.5644838560817935
-13.796735184708156 1.5644838561518544
-13.796986255969369 1.5644838562216987
-13.799001812179103 1.5652166678213952
-13.799250483160314 1.565216667890257
-13.799498714141961 1.5652166679589066
-13.801524070014949 1.5659482451254052
-13.801769887271776 1.5659482451930766
-13.802015268900755 1.5659482452605396
-13.80405049210786 1.566678592145692
-13.804293446384985 1.5666785922121815
-13.804535969429878 1.5666785922784663
-13.806581128411207 1.5674077130132127
-13.806821210292453 1.5674077130785287
-13.807060865361573 1.567407713143644
-13.80911602933908 1.5681356118381538
-13.809353229245398 1.5681356119023044
-13.809590006784775 1.5681356119662584
-13.811655245759743 1.568862292710069
-13.811889553947168 1.5688622927730627
-13.812123444238523 1.5688622928358635
-13.81419882901242 1.5695877596980183
-13.814430235569981 1.5695877597598633
-13.81466122872864 1.569587759821519
-13.81674683092128 1.5703120168507045
-13.816975325768858 1.5703120169114086
-13.817203411741616 1.5703120169719276
-13.819299303791066 1.5710350681966077
-13.819524876677214 1.5710350682561793
-13.819750045240179 1.5710350683155692
-13.821856300418817 1.571756917744121
-13.82207894091855 1.5717569178025679
-13.822301181674925 1.5717569178608368
-13.82441787411081 1.5724775694816835
-13.824637571623315 1.5724775695390136
-13.824856874001142 1.5724775695961695
-13.826984078681019 1.573197027377912
-13.827200822427352 1.5731970274341331
-13.827417175677203 1.5731970274901839
-13.829554968458972 1.5739152953817326
-13.829768747479699 1.5739152954368527
-13.82998214067233 1.573915295491806
-13.832130598304687 1.574632377422511
-13.832341401457462 1.5746323774765378
-13.832551823481415 1.5746323775304014
-13.834711023621331 1.575348277410181
-13.834918839578437 1.575348277463122
-13.835126279137578 1.5753482775159036
-13.837296300344724 1.5760629992353723
-13.837501117590564 1.5760629992872353
-13.8377055632016 1.5760629993389421
-13.839886484976438 1.5767765467695376
-13.84008829180497 1.5767765468203303
-13.840289731794885 1.57677654687097
-13.842481634581864 1.577488923865079
-13.842680419093973 1.5774889239148087
-13.842878841597425 1.5774889239643888
-13.845081806797818 1.5782001343554721
-13.84527755689866 1.5782001344041459
-13.845472949855324 1.578200134452674
-13.847687059838394 1.578910182055389
-13.847879763234655 1.578910182103015
-13.848072114386516 1.5789101821504978
-13.850297452524668 1.5796190707608235
-13.850487096721782 1.5796190708074083
-13.85067639361035 1.5796190708538536
-13.852913044271814 1.5803268042492098
-13.853099616571122 1.5803268042947611
-13.853285846534611 1.5803268043401761
-13.85553389511153 1.5810333862795463
-13.855717382607377 1.5810333863240709
-13.855900532777817 1.581033386368463
-13.85816006569738 1.5817388205925127
-13.85834045527415 1.5817388206360181
-13.85852051257444 1.5817388206793939
-13.860791617327806 1.5824431109105905
-13.860968895656887 1.5824431109530839
-13.861145846797772 1.5824431109954507
-13.86342861193241 1.5831462609381808
-13.863602765469116 1.583146260979669
-13.863776596946131 1.5831462610210336
-13.866071112108346 1.5838482743617204
-13.866242127088757 1.58384827440221
-13.866412825179074 1.58384827444258
-13.868719181122001 1.5845491548497976
-13.86888704355973 1.584549154889296
-13.869054594318946 1.5845491549286777
-13.871372882912004 1.585248906053269
-13.87153757859491 1.5852489060917831
-13.871701967853793 1.5852489061301833
-13.874032282116096 1.5859475316053717
-13.87419379660293 1.585947531642908
-13.874355009964049 1.5859475316803335
-13.87669744407269 1.5866450351218369
-13.876855762689646 1.5866450351584023
-13.877013785523973 1.5866450351948602
-13.879368434837085 1.5873414202010032
-13.879523542674297 1.5873414202366043
-13.879678360117707 1.587341420272101
-13.882045321192013 1.5880366904239265
-13.88219720309997 1.5880366904585703
-13.88234880004968 1.5880366904931122
-13.884728170666419 1.588730849354492
-13.884876811252301 1.5887308493881847
-13.885025172363221 1.588730849421779
-13.887417051535849 1.5894239005395223
-13.887562435159788 1.5894239005722708
-13.887707544840813 1.5894239006049233
-13.890112032854484 1.5901158475088875
-13.890254143625734 1.590115847540698
-13.890395986035921 1.5901158475724158
-13.892813184446624 1.5908066937756122
-13.89295200621966 1.5908066938064913
-13.893090565264362 1.5908066938372802
-13.895520576938674 1.5914964428359826
-13.895656093309203 1.5914964428659366
-13.895791352636087 1.5914964428958034
-13.898234281768676 1.592185098169653
-13.898366476069539 1.5921850981986883
-13.898498419064525 1.5921850982276393
-13.900954371189885 1.592872663239751
-13.901083226486904 1.592872663267874
-13.901211836270033 1.5928726632959154
-13.90368091830251 1.5935591414929822
-13.90380641739022 1.593559141520199
-13.903931676811398 1.593559141547337
-13.906413997059326 1.5942445363597328
-13.90653612245661 1.5942445363860498
-13.906658014091283 1.5942445364122904
-13.909153682278305 1.5949288512541742
-13.909272416223946 1.5949288512795974
-13.90939092236867 1.5949288513049469
-13.911900049666576 1.5956120895743637
-13.9120153741147 1.5956120895988992
-13.91213047678261 1.5956120896233636
-13.914653175833802 1.5962942547023464
-13.914765072449223 1.596294254726
-13.914876753365396 1.5962942547495855
-13.917413138298889 1.5969753500042547
-13.917521588452342 1.5969753500270327
-13.91762982904908 1.5969753500497452
-13.92018001552198 1.5976553788304095
-13.92028500028526 1.597655378852318
-13.920389781697235 1.5976553788741634
-13.922953886916137 1.598334344515418
-13.923055387057103 1.5983343445364626
-13.923156690116405 1.598334344557447
-13.92573483286065 1.5990122503782718
-13.925832828838146 1.5990122503984587
-13.925930634069221 1.5990122504185877
-13.928522934718918 1.5996890997224449
-13.928617406677558 1.5996890997417799
-13.928710888350311 1.5996890997610596
-13.930343134008742 1.6003648958357055
-13.930425437609703 1.6003648958544783
-13.930507585177102 1.600364895873203
-13.931311181704743 1.6010396419908193
-13.931392298461075 1.6010396420092812
-13.931473261511012 1.601039642027696
-13.932272349200508 1.6017133414455298
-13.93235228814411 1.6017133414636846
-13.932432075689654 1.6017133414817932
-13.933226648162119 1.602385997442198
-13.933305418310757 1.602385997460049
-13.933384039350887 1.602385997477855
-13.93417409044339 1.6030576132081409
-13.93425170080038 1.603057613225692
-13.934329164319644 1.6030576132431986
-13.935114687982349 1.6037281919557276
-13.935191147536324 1.603728191972982
-13.935267462504633 1.6037281919901925
-13.936048452868725 1.6043977368824682
-13.93612377059335 1.6043977368994295
-13.936198945965675 1.6043977369163478
-13.936975397366092 1.6050662511711082
-13.93704958221974 1.6050662511877796
-13.937123626935799 1.605066251204409
-13.937895533836643 1.6057337379897172
-13.937968594762156 1.605733738006102
-13.93804151774617 1.6057337380224457
-13.938808874800028 1.60640020049178
-13.938880820724417 1.606400200507882
-13.93895263088481 1.6064002005239433
-13.939715432879314 1.6070656418162856
-13.939786272713508 1.6070656418321079
-13.93985697894266 1.6070656418478901
-13.940615220868182 1.6077300650878166
-13.940684963506705 1.6077300651033624
-13.940754574680634 1.6077300651188688
-13.941508251686697 1.6083934734166359
-13.941576906007406 1.6083934734319083
-13.941645430985488 1.6083934734471426
-13.94239453839067 1.6090558698987751
-13.942462113254456 1.6090558699137778
-13.942529560879152 1.6090558699287427
-13.943274094133121 1.6097172576161216
-13.943340598383676 1.6097172576308574
-13.94340697748028 1.6097172576455563
-13.944146932250984 1.6103776396365033
-13.944212374714455 1.6103776396509752
-13.94427769409076 1.6103776396654113
-13.945013066218019 1.6110370190137744
-13.945077455702725 1.611037019027986
-13.945141724148732 1.611037019042162
-13.945872509581001 1.611695398787901
-13.945935854877213 1.6116953988018552
-13.945999081164917 1.6116953988157745
-13.94672527607576 1.6123527819850445
-13.946787585955354 1.6123527819987442
-13.946849778838397 1.61235278201241
-13.947571379532398 1.6130091716176447
-13.947632662748605 1.6130091716310933
-13.94769383096203 1.6130091716445083
-13.948410833923786 1.6136645706845036
-13.948471099210906 1.6136645706977037
-13.948531251470865 1.6136645707108712
-13.949243653363466 1.6143189821708668
-13.949302909436566 1.6143189821838215
-13.94936205444002 1.6143189821967443
-13.950069852075499 1.6149724090485051
-13.950128107630155 1.6149724090612176
-13.950186254054614 1.6149724090738988
-13.950889444426009 1.6156248542757963
-13.950946708137998 1.6156248542882694
-13.95100386464123 1.6156248543007117
-13.951702444907 1.6162763207978046
-13.951758725432034 1.616276320810041
-13.95181490065178 1.6162763208222475
-13.952508868111856 1.6169268115463606
-13.952564174085323 1.6169268115583635
-13.95261937663904 1.6169268115703368
-13.953308728814287 1.6175763294401413
-13.953363068850905 1.6175763294519132
-13.953417307335439 1.6175763294636563
-13.954102041861248 1.618224877384747
-13.95415542455485 1.6182248773962908
-13.9542087075462 1.6182248774078067
-13.954888822246252 1.6188724582727811
-13.95494125616948 1.6188724582840999
-13.95499359222251 1.6188724582953908
-13.95566908505968 1.6195190749839263
-13.955720578763737 1.6195190749950226
-13.955771976411912 1.619519075006092
-13.956442845554914 1.6201647303850222
-13.956493407569239 1.6201647303958988
-13.95654387532432 1.6201647304067488
-13.957210119095823 1.6208094273301406
-13.957259757927833 1.6208094273408
-13.957309304279601 1.6208094273514337
-13.957970921160102 1.6214531686606621
-13.958019645294927 1.6214531686711073
-13.958068278710925 1.621453168681527
-13.958725267331463 1.622095957205351
-13.958773085231677 1.6220959572155844
-13.958820814156955 1.6220959572257931
-13.959473173343248 1.6227377957804299
-13.959520093448573 1.6227377957904543
-13.959566926305369 1.6227377958004545
-13.960214655006576 1.6233786871896532
-13.960260685733651 1.623378687199471
-13.960306630921183 1.6233786872092653
-13.960949728298376 1.6240186342243812
-13.960994878040438 1.6240186342339953
-13.961039943934567 1.6240186342435863
-13.961678409268737 1.6246576396636532
-13.961722686395396 1.624657639673066
-13.961766881348415 1.6246576396824564
-13.962400714109393 1.6252957062742592
-13.962444126966336 1.6252957062834734
-13.962487459306672 1.6252957062926654
-13.963116659118022 1.6259328368108124
-13.963159216026765 1.6259328368198303
-13.963201694058723 1.6259328368288264
-13.963826260697306 1.6265690340158199
-13.96386796995493 1.6265690340246441
-13.963909601958441 1.626569034033447
-13.964529535389888 1.6272043006197545
-13.96457040526875 1.6272043006283874
-13.964611199499084 1.6272043006369994
-13.96522649981371 1.6278386393411242
-13.965266538561231 1.627838639349568
-13.965306503248765 1.6278386393579918
-13.965917170716338 1.628472052886542
-13.965956386554712 1.6284720528947996
-13.965995529904665 1.6284720529030372
-13.966601564953157 1.6291045439507958
-13.966639966079102 1.6291045439588694
-13.966678296271272 1.6291045439669236
-13.967279699493202 1.6297361152169167
-13.967317294077699 1.6297361152248087
-13.967354819266209 1.6297361152326817
-13.967951591387786 1.6303667693562476
-13.967988387575854 1.6303667693639603
-13.968025115888928 1.6303667693716544
-13.968617257828678 1.6309965090285106
-13.968653263739085 1.630996509036046
-13.968689203278755 1.6309965090435639
-13.96927671608501 1.6316253368818745
-13.969311939810062 1.6316253368892355
-13.969347098651953 1.631625336896579
-13.969929983551737 1.6322532555530218
-13.969964433156996 1.6322532555602103
-13.969998819350064 1.6322532555673819
-13.970577077715491 1.6328802676672147
-13.970610761239554 1.632880267674233
-13.970644382805844 1.6328802676812348
-13.971218016149402 1.6335063758383614
-13.971250941603673 1.633506375845212
-13.9712838065381 1.6335063758520463
-13.971852816568177 1.634131582669081
-13.971884991936578 1.6341315826757659
-13.971917108206647 1.6341315826824347
-13.972481496725516 1.6347558907507687
-13.972512929964322 1.6347558907572899
-13.97254430550995 1.6347558907637958
-13.9731040745349 1.6353793026636598
-13.973134773572436 1.6353793026700199
-13.973165416305662 1.635379302676365
-13.973720567960248 1.6360018209768947
-13.97375054069671 1.6360018209830955
-13.973780458501498 1.636001820989282
-13.974330995092732 1.6366234482485815
-13.974360249399917 1.6366234482546254
-13.974389450131913 1.6366234482606552
-13.974935374108558 1.6372441870258592
-13.974963917829651 1.6372441870317482
-13.97499240931595 1.6372441870376235
-13.975533723277344 1.6378640398449604
-13.9755615642267 1.6378640398506967
-13.975589354265633 1.6378640398564197
-13.976126060935076 1.6384830092312743
-13.976153206898015 1.6384830092368599
-13.976180303258953 1.6384830092424325
-13.976712405557782 1.6391010976994067
-13.976738864290324 1.6391010977048437
-13.976765274713404 1.639101097710268
-13.977292775663663 1.639718307753243
-13.977318554892364 1.6397183077585331
-13.977344287088329 1.6397183077638111
-13.977867189902996 1.6403346418860076
-13.977892297324685 1.6403346418911533
-13.977917358974619 1.6403346418962872
-13.978435666984865 1.640950102580326
-13.97846011026646 1.640950102585329
-13.978484509021616 1.6409501025903206
-13.978998225674701 1.641564692308283
-13.979022012453045 1.6415646923131455
-13.979045755934663 1.641564692317997
-13.979554884917627 1.6421784135314839
-13.979578022799167 1.6421784135362079
-13.97960111859817 1.642178413540921
-13.980105663658374 1.6427912687011124
-13.98012816021906 1.6427912687056996
-13.980150615895944 1.6427912687102764
-13.980650580952483 1.6434032602579898
-13.980672443737532 1.6434032602624424
-13.980694266822132 1.6434032602668847
-13.981189655928487 1.6440143906326339
-13.981210892452197 1.6440143906369535
-13.981232090443505 1.6440143906412634
-13.981722907796117 1.6446246622453158
-13.98174352554167 1.6446246622495047
-13.981764105907644 1.6446246622536838
-13.982250355863847 1.6452340775061185
-13.982270362283106 1.6452340775101781
-13.982290332460444 1.6452340775142287
-13.982772019494519 1.645842638814993
-13.982791422007852 1.6458426388189256
-13.982810789401846 1.645842638822849
-13.983287918113565 1.6464503485618158
-13.983306724109685 1.646450348565623
-13.983325496094043 1.6464503485694215
-13.983798071262768 1.6470572091264453
-13.983816288098506 1.6470572091301288
-13.983834472015129 1.6470572091338038
-13.984302498539824 1.6476632228787762
-13.98432013353996 1.647663222882338
-13.984337736698784 1.6476632228858918
-13.98480121960916 1.6482683921787977
-13.98481828006627 1.6482683921822394
-13.984835309745092 1.6482683921856736
-13.985294254192668 1.6488727193766457
-13.98531074736695 1.6488727193799695
-13.985327210811283 1.6488727193832855
-13.9857816221045 1.64947620681266
-13.985797555223597 1.6494762068158673
-13.98581345964646 1.6494762068190674
-13.986263343218974 1.6500788568174372
-13.986278723477804 1.6500788568205298
-13.986294076059583 1.6500788568236155
-13.986739437479965 1.6506806717118854
-13.986754272040564 1.650680671714865
-13.986769079928836 1.650680671717838
-13.987209924894255 1.651281653807277
-13.987224220885617 1.6512816538101454
-13.987238491194999 1.6512816538130073
-13.987674825522268 1.6518818054053033
-13.987688590040198 1.6518818054080622
-13.987702329852205 1.6518818054108149
-13.988134159508645 1.6524811287981263
-13.988147399615597 1.6524811288007772
-13.98816061597846 1.6524811288034222
-13.98858794704637 1.6530796262684315
-13.988600669771294 1.6530796262709764
-13.988613369699836 1.6530796262735152
-13.989036208390063 1.6536773000894804
-13.989048420728274 1.6536773000919205
-13.989060611203753 1.6536773000943552
-13.989478963865244 1.6542741525251616
-13.989490672778254 1.6542741525274989
-13.989502360748212 1.6542741525298308
-13.98991623383128 1.6548701858300432
-13.989927446246693 1.654870185832279
-13.989938638624848 1.6548701858345098
-13.990348038726367 1.655465402249423
-13.990358761537715 1.6554654022515591
-13.990369465203793 1.6554654022536905
-13.990774399010755 1.65605980401938
-13.9907846390774 1.6560598040214178
-13.990794860877045 1.6560598040234513
-13.99119533525243 1.6566533933668242
-13.99120509939938 1.6566533933687653
-13.991214846143963 1.6566533933707024
-13.991610868028253 1.6572461725095464
-13.991620163046086 1.657246172511393
-13.991629441512625 1.657246172513235
-13.992021017987195 1.65783814365627
-13.992029850631903 1.6578381436580227
-13.992038667562927 1.6578381436597718
-13.99242580580695 1.658429309006697
-13.992434182799855 1.6584293090083577
-13.992442544903296 1.6584293090100148
-13.992825252228078 1.6590196707515596
-13.992833180255689 1.6590196707531302
-13.992841094204762 1.6590196707546971
-13.993219378052585 1.659609231072669
-13.99322686376648 1.6596092310741504
-13.993234336199547 1.6596092310756283
-13.993608204105973 1.660197992142961
-13.993615254122712 1.6601979921443548
-13.993622291643204 1.6601979921457457
-13.993991751255622 1.6607859561265477
-13.993998372156641 1.6607859561278557
-13.99400498133295 1.6607859561291607
-13.994370040412083 1.661373125178763
-13.994376238743595 1.6613731251799861
-13.994382426108976 1.661373125181207
-13.994743092558956 1.6619595014462099
-13.994748874831814 1.6619595014473503
-13.994754646884255 1.661959501448488
-13.99511092870075 1.6625450870668093
-13.995116301390384 1.662545087067868
-13.995121664592522 1.6625450870689242
-13.995473569868192 1.6631298841698448
-13.995478539414515 1.6631298841708233
-13.995483500193574 1.6631298841717996
-13.995831037136409 1.6637138948760106
-13.995835609943732 1.6637138948769101
-13.995840174691413 1.6637138948778079
-13.99618335161324 1.6642971212974567
-13.996187534050193 1.664297121298279
-13.996191709122602 1.6642971212990991
-13.996530534480558 1.6648795655378352
-13.99653433287996 1.664879565538581
-13.996538124597482 1.6648795655393254
-13.996872606894744 1.6654612296923457
-13.996876027553594 1.665461229693017
-13.996879442200875 1.6654612296936868
-13.997209590077183 1.6660421158477807
-13.997212639256542 1.6660421158483787
-13.997215683082391 1.6660421158489753
-13.997541505289613 1.6666222260825703
-13.997544189214533 1.6666222260830963
-13.99754686843183 1.666622226083621
-13.997868373796837 1.667201562466827
-13.997870698656316 1.6672015624672822
-13.997873019441972 1.6672015624677365
-13.99819021691945 1.6677801270623898
-13.998192188866337 1.6677801270627757
-13.998194157361212 1.6677801270631607
-13.998507055985021 1.6683579219228684
-13.998508681135984 1.668357921923186
-13.998510303444835 1.668357921923503
-13.998818912366575 1.6689349490936864
-13.998820196802011 1.6689349490939374
-13.998821478993422 1.6689349490941878
-13.999125807422487 1.6695112106121264
-13.99912675718652 1.6695112106123118
-13.999127705292887 1.6695112106124967
-13.999427762585961 1.670086708507371
-13.999428383686329 1.670086708507492
-13.99942900370375 1.670086708507613
-13.999724799292146 1.6706614448005466
-13.999725097700178 1.6706614448006047
-13.999725395588431 1.6706614448006627
-13.999871619195249 1.6709485279757956
-14. 1.671201994903619