-2.9999999999999996 -10.368311483820701
-2.8999999999999995 -10.06891581335522
-2.8 -9.769842539992089
-2.6999999999999997 -9.471262976375913
-2.5999999999999996 -9.173448752772627
-2.5 -8.876815143907162
-2.4 -8.581992451784053
-2.2999999999999994 -8.289909001715612
-2.1999999999999997 -8.001894422619467
-2.1 -7.719733497486161
-1.9999999999999996 -7.445625977185082
-1.8999999999999997 -7.181919557098255
-1.7999999999999996 -6.930539891069107
-1.6999999999999997 -6.692375915861992
-1.5999999999999999 -6.4668206098011085
-1.4999999999999998 -6.251949770192892
-1.4 -6.045288496886877
-1.2999999999999996 -5.844431946810852
-1.2 -5.647634627697503
-1.0999999999999999 -5.45375400105113
-0.9999999999999998 -5.262277609850669
-0.8999999999999998 -5.073148602587534
-0.7999999999999997 -4.886647740959014
-0.6999999999999996 -4.70332166924814
-0.5999999999999995 -4.52408498157517
-0.4999999999999999 -4.3502856441611355
-0.3999999999999999 -4.183640937152019
-0.2999999999999998 -4.026606984488108
-0.19999999999999976 -3.882430559847084
-0.09999999999999963 -3.7552054387423195
0. -3.650317604063527
0.10000000000000009 -3.574122220464417
0.20000000000000015 -3.5337423813460536
0.3000000000000002 -3.537804999878175
0.40000000000000036 -3.5965413748625252
0.5 -3.721839653263787
0.6000000000000001 -3.928967364816012
0.7000000000000001 -4.237432880801529
0.8000000000000002 -4.6724064994156995
0.9000000000000002 -5.265987486144116
1. -6.058450528488858