-2.9999999999999996 -9.204190634831907
-2.8999999999999995 -8.911395443243336
-2.8 -8.622369554956522
-2.6999999999999997 -8.338779295571115
-2.5999999999999996 -8.062663927328513
-2.5 -7.796161846232715
-2.4 -7.54102673229073
-2.2999999999999994 -7.297911511801019
-2.1999999999999997 -7.066097179817631
-2.1 -6.843597970517567
-1.9999999999999996 -6.627854927512703
-1.8999999999999997 -6.416462608359547
-1.7999999999999996 -6.207643763490797
-1.6999999999999997 -6.000119663713106
-1.5999999999999999 -5.793224132459891
-1.4999999999999998 -5.586521744583095
-1.4 -5.379886721271706
-1.2999999999999996 -5.173322003696136
-1.2 -4.966855069588478
-1.0999999999999999 -4.7607170512577905
-0.9999999999999998 -4.555016373586051
-0.8999999999999998 -4.350263863424885
-0.7999999999999997 -4.147013408912255
-0.6999999999999996 -3.9460042239436564
-0.5999999999999995 -3.7481277035525578
-0.4999999999999999 -3.55475597887807
-0.3999999999999999 -3.367464293735476
-0.2999999999999998 -3.188778388834705
-0.19999999999999976 -3.0215718193671663
-0.09999999999999963 -2.869978396475203
0. -2.739095073166234
0.10000000000000009 -2.635333647572228
0.20000000000000015 -2.566826502198109
0.3000000000000002 -2.5430925427620648
0.40000000000000036 -2.575591216379107
0.5 -2.677545090753973
0.6000000000000001 -2.864188031848187
0.7000000000000001 -3.1542233614582957
0.8000000000000002 -3.570773105969483
0.9000000000000002 -4.143563104349515
1. -4.910076372568832