-2.9999999999999996 -10.48109434912026
-2.8999999999999995 -10.18149349874848
-2.8 -9.882091238280193
-2.6999999999999997 -9.582994604965998
-2.5999999999999996 -9.284367407667041
-2.5 -8.986472306740936
-2.4 -8.68968982336363
-2.2999999999999994 -8.39462272653711
-2.1999999999999997 -8.102154233913538
-2.1 -7.813556312280884
-1.9999999999999996 -7.530554583941048
-1.8999999999999997 -7.25534503177982
-1.7999999999999996 -6.9903425056796555
-1.6999999999999997 -6.737685394053838
-1.5999999999999999 -6.4985879585425455
-1.4999999999999998 -6.272811005499745
-1.4 -6.058703614990565
-1.2999999999999996 -5.85387420454833
-1.2 -5.655910007095991
-1.0999999999999999 -5.462960806470583
-0.9999999999999998 -5.273854493021074
-0.8999999999999998 -5.088147920063715
-0.7999999999999997 -4.905812195671222
-0.6999999999999996 -4.727355842420357
-0.5999999999999995 -4.553653814338837
-0.4999999999999999 -4.385960653519509
-0.3999999999999999 -4.226239868750522
-0.2999999999999998 -4.076967909944546
-0.19999999999999976 -3.941585515418936
-0.09999999999999963 -3.824519784116844
0. -3.7314335868720336
0.10000000000000009 -3.668893686199403
0.20000000000000015 -3.6443985442613864
0.3000000000000002 -3.66629543783986
0.40000000000000036 -3.7436613892330204
0.5 -3.887513307712288
0.6000000000000001 -4.1116762301127086
0.7000000000000001 -4.434737992737599
0.8000000000000002 -4.881840021113663
0.9000000000000002 -5.485398759327927
1. -6.286998607656966