-2.9999999999999996 -10.453841908418411
-2.8999999999999995 -10.154687271852787
-2.8 -9.855993892065705
-2.6999999999999997 -9.558009983217838
-2.5999999999999996 -9.261122215290778
-2.5 -8.965927479900667
-2.4 -8.673304760361235
-2.2999999999999994 -8.3845100960081
-2.1999999999999997 -8.101278201628656
-2.1 -7.825758545898756
-1.9999999999999996 -7.560343843869605
-1.8999999999999997 -7.307119428568835
-1.7999999999999996 -7.067219256814311
-1.6999999999999997 -6.840315443984773
-1.5999999999999999 -6.624677018979705
-1.4999999999999998 -6.417839466995182
-1.4 -6.21728871246034
-1.2999999999999996 -6.02109388726005
-1.2 -5.827950206950206
-1.0999999999999999 -5.6371942424563475
-0.9999999999999998 -5.4485638942830965
-0.8999999999999998 -5.262172819204048
-0.7999999999999997 -5.078371024678022
-0.6999999999999996 -4.897843553407549
-0.5999999999999995 -4.721481333720437
-0.4999999999999999 -4.550614609977071
-0.3999999999999999 -4.387013898643526
-0.2999999999999998 -4.233300926487565
-0.19999999999999976 -4.092580827866321
-0.09999999999999963 -3.9688448191328924
0. -3.8676221718990353
0.10000000000000009 -3.794832369614427
0.20000000000000015 -3.757633834535392
0.3000000000000002 -3.7647771362109412
0.40000000000000036 -3.8259282779131163
0.5 -3.9533804051101527
0.6000000000000001 -4.162555456428585
0.7000000000000001 -4.473023842809048
0.8000000000000002 -4.909929500210084
0.9000000000000002 -5.505407646488956
1. -6.299591940879573