-2.9999999999999996 -10.204360341604106
-2.8999999999999995 -9.906367321279046
-2.8 -9.60949028457571
-2.6999999999999997 -9.31432584797468
-2.5999999999999996 -9.021758907373354
-2.5 -8.733068733484938
-2.4 -8.449969502141052
-2.2999999999999994 -8.174585058114978
-2.1999999999999997 -7.909186617048507
-2.1 -7.655644327148411
-1.9999999999999996 -7.414827593375022
-1.8999999999999997 -7.186104703540679
-1.7999999999999996 -6.967551928220398
-1.6999999999999997 -6.7566290276281284
-1.5999999999999999 -6.550891946557719
-1.4999999999999998 -6.3484385033486666
-1.4 -6.148022703989937
-1.2999999999999996 -5.948913868584078
-1.2 -5.750786759673029
-1.0999999999999999 -5.55357830287467
-0.9999999999999998 -5.357429717816639
-0.8999999999999998 -5.162662730326327
-0.7999999999999997 -4.969626145920337
-0.6999999999999996 -4.779067418273709
-0.5999999999999995 -4.591834018433704
-0.4999999999999999 -4.409370299205557
-0.3999999999999999 -4.233225815974026
-0.2999999999999998 -4.065732333416436
-0.19999999999999976 -3.9098797713151474
-0.09999999999999963 -3.769477834308031
0. -3.649458407912988
0.10000000000000009 -3.5561665819982955
0.20000000000000015 -3.497386546224848
0.3000000000000002 -3.4825355110411844
0.40000000000000036 -3.5232939215367836
0.5 -3.6325404600055657
0.6000000000000001 -3.8261848573634802
0.7000000000000001 -4.123633068750929
0.8000000000000002 -4.549102971676631
0.9000000000000002 -5.133308578088108
1. -5.914858750705773