-2.9999999999999996 -8.689924041742742
-2.8999999999999995 -8.473688914662524
-2.8 -8.261379882867153
-2.6999999999999997 -8.051216789922366
-2.5999999999999996 -7.841945357113471
-2.5 -7.632864374424796
-2.4 -7.423540377380224
-2.2999999999999994 -7.213715282005153
-2.1999999999999997 -7.003281488921419
-2.1 -6.792196084619813
-1.9999999999999996 -6.580299685458289
-1.8999999999999997 -6.367675957561547
-1.7999999999999996 -6.1543711790520375
-1.6999999999999997 -5.9404434637872585
-1.5999999999999999 -5.726183763675781
-1.4999999999999998 -5.511720259725549
-1.4 -5.297318740517768
-1.2999999999999996 -5.083390481973851
-1.2 -4.870686867649378
-1.0999999999999999 -4.6595968797425735
-0.9999999999999998 -4.451046619791921
-0.8999999999999998 -4.245791429384344
-0.7999999999999997 -4.044579505017816
-0.6999999999999996 -3.848018971610877
-0.5999999999999995 -3.656792243381903
-0.4999999999999999 -3.471383907317431
-0.3999999999999999 -3.292660393063649
-0.2999999999999998 -3.1219708530679013
-0.19999999999999976 -2.961348217963562
-0.09999999999999963 -2.8138744884672833
0. -2.683969333584398
0.10000000000000009 -2.577702041471315
0.20000000000000015 -2.5029863336274554
0.3000000000000002 -2.4696128990295243
0.40000000000000036 -2.4891111703079343
0.5 -2.5745428195159508
0.6000000000000001 -2.7407738053990474
0.7000000000000001 -3.005422664314574
0.8000000000000002 -3.390537203334546
0.9000000000000002 -3.9245076804154957
1. -4.643881166928318