-2.9999999999999996 -10.123236739033633
-2.8999999999999995 -9.825552031622946
-2.8 -9.529149105284601
-2.6999999999999997 -9.234710986098747
-2.5999999999999996 -8.943242516871875
-2.5 -8.656153806509918
-2.4 -8.375299982664224
-2.2999999999999994 -8.102877047255886
-2.1999999999999997 -7.84106762438546
-2.1 -7.591453200199151
-1.9999999999999996 -7.354383974693525
-1.8999999999999997 -7.128723387871806
-1.7999999999999996 -6.912240395589686
-1.6999999999999997 -6.702337594629251
-1.5999999999999999 -6.496771916641852
-1.4999999999999998 -6.293866018852769
-1.4 -6.0925417210014094
-1.2999999999999996 -5.892253923050864
-1.2 -5.692750837260117
-1.0999999999999999 -5.494062567897526
-0.9999999999999998 -5.296272842056761
-0.8999999999999998 -5.099706936847608
-0.7999999999999997 -4.904866162580344
-0.6999999999999996 -4.7123657109340344
-0.5999999999999995 -4.523217403768763
-0.4999999999999999 -4.33861968640215
-0.3999999999999999 -4.160290030282529
-0.2999999999999998 -3.9905020748674973
-0.19999999999999976 -3.832188249063568
-0.09999999999999963 -3.689178671921083
0. -3.566463530056681
0.10000000000000009 -3.4705111557138473
0.20000000000000015 -3.4091575236831826
0.3000000000000002 -3.392071884006461
0.40000000000000036 -3.430676671080959
0.5 -3.5381876665161913
0.6000000000000001 -3.730343023395747
0.7000000000000001 -4.026527359671024
0.8000000000000002 -4.450621127709304
0.9000000000000002 -5.0333344683861965
1. -5.81304626399548