-2.9999999999999996 -10.482483807104206
-2.8999999999999995 -10.18287224112185
-2.8 -9.883449022541926
-2.6999999999999997 -9.584323724618352
-2.5999999999999996 -9.285650729139114
-2.5 -8.987679214164723
-2.4 -8.690781194640353
-2.2999999999999994 -8.395537562713857
-2.1999999999999997 -8.102794733369734
-2.1 -7.813790846678418
-1.9999999999999996 -7.530216365555831
-1.8999999999999997 -7.254222006197374
-1.7999999999999996 -6.988218990932145
-1.6999999999999997 -6.734410075204992
-1.5999999999999999 -6.494119253909711
-1.4999999999999998 -6.267252984167846
-1.4 -6.0522672202966765
-1.2999999999999996 -5.846824752271552
-1.2 -5.648463977320383
-1.0999999999999999 -5.4553009841617595
-0.9999999999999998 -5.2661174434076825
-0.8999999999999998 -5.0803805040684615
-0.7999999999999997 -4.8980855388701725
-0.6999999999999996 -4.719703245960743
-0.5999999999999995 -4.54609591982133
-0.4999999999999999 -4.3785760204998665
-0.3999999999999999 -4.218988944575214
-0.2999999999999998 -4.069907079389134
-0.19999999999999976 -3.93481578861161
-0.09999999999999963 -3.818069068385178
0. -3.7253192342355725
0.10000000000000009 -3.6632527688979013
0.20000000000000015 -3.6393859210782065
0.3000000000000002 -3.6620093447655644
0.40000000000000036 -3.740239919258487
0.5 -3.8849754791440936
0.6000000000000001 -4.110012307631812
0.7000000000000001 -4.433858100478818
0.8000000000000002 -4.881535655545615
0.9000000000000002 -5.485653663304823
1. -6.287544079755343