-8.445246927414468 0.
-8.451257245856748 0.002605693685794108
-8.46428571428572 0.010137971687244729
-8.480684918337404 0.01785714285714235
-8.489613318478911 0.022922663695780443
-8.500904377623872 0.02839055304665461
-8.516904027805927 0.03571428571428559
-8.526369321485376 0.04115470713149705
-8.547187026562353 0.052294548169612654
-8.549951316104558 0.053571428571428825
-8.550877777227184 0.054110158840279254
-8.553571428571434 0.055565567781185266
-8.586234682649799 0.07142857142857117
-8.60061389580877 0.079877220838247
-8.603396273132047 0.08139354034069335
-8.620223231490272 0.08928571428571441
-8.64285714285715 0.10196507969225532
-8.650749031405152 0.10556447943325775
-8.653354295563128 0.10714285714285765
-8.65912027471428 0.1103954835142833
-8.701710210927931 0.13108652924298614
-8.72090506416083 0.14285714285714324
-8.732142857142863 0.14926949637798614
-8.749364351152625 0.15726998691233351
-8.75495350410083 0.16071428571428648
-8.76717633030033 0.16772098034577976
-8.788709857081322 0.17857142857142883
-8.798497343133644 0.18315767423041596
-8.821428571428577 0.196715753606175
-8.846723585134756 0.20922671154447947
-8.85826487217439 0.2142857142857153
-8.872468402170659 0.22449368043413198
-8.88750569273895 0.23214285714285765
-8.893177816863716 0.23565015091297248
-8.910714285714292 0.2456154889701896
-8.919314867207941 0.2500000000000009
-8.923412767759398 0.2525396964090225
-8.941142002887894 0.2617715994224241
-8.95365539810373 0.2678571428571441
-8.964946851717945 0.27486777251355576
-8.975311075728838 0.28077650086005335
-8.985452679247512 0.2857142857142865
-8.988993318170333 0.28791562208022103
-9.000000000000005 0.2941972743757173
-9.018311449556535 0.3035714285714288
-9.039336728512113 0.31356122572614975
-9.05183994048079 0.32142857142857206
-9.078850357111062 0.33719864285078405
-9.084806668912762 0.3401815233603065
-9.089285714285719 0.34300157497934247
-9.116872346846506 0.35714285714285765
-9.12991882708953 0.36526947970361956
-9.13213792450941 0.36642955795526255
-9.149709679303113 0.3750000000000009
-9.178571428571434 0.39184825870161255
-9.18006544746051 0.39255833907932924
-9.180540181239609 0.3928571428571441
-9.18156698121565 0.39345625338598733
-9.230850853923389 0.4181155435010382
-9.247481149936002 0.4285714285714297
-9.267857142857148 0.4404421214326053
-9.27673482378421 0.44465303524316013
-9.279561020174642 0.44642857142857295
-9.285688481784739 0.44999483921409134
-9.313653748153904 0.4642857142857153
-9.326571488969234 0.470399987920441
-9.345299803234843 0.48214285714285854
-9.357142857142861 0.48901943855709984
-9.37346508397085 0.49673555463440433
-9.37867744753256 0.5000000000000018
-9.390015526958797 0.5065745339631889
-9.412169921892922 0.5178571428571441
-9.422374552856946 0.5226679465714703
-9.443259119054945 0.5357142857142874
-9.446428571428577 0.5375467710126802
-9.470320199583904 0.5487931029403654
-9.494706750160711 0.5632270643178572
-9.510878391123185 0.571428571428573
-9.516980888625843 0.5751752508462626
-9.53571428571429 0.5857421852200604
-9.540660815533409 0.5882964083218916
-9.542711903884173 0.5892857142857153
-9.546102353850504 0.5913633279129584
-9.565250999152298 0.6012355144552561
-9.577515395630138 0.6071428571428585
-9.58921672680983 0.614299511780894
-9.59900037976239 0.6198000759524795
-9.609811316966693 0.6250000000000018
-9.613559671211235 0.6272880657577558
-9.625000000000004 0.6337092172188505
-9.643150098320376 0.6428571428571441
-9.66451098908026 0.6528120878982362
-9.677296575175127 0.6607142857142874
-9.70545833708119 0.6768059531305246
-9.708972533438995 0.6785714285714306
-9.710571931800164 0.6793141850685416
-9.714285714285719 0.6814827540520527
-9.761847102479257 0.7047734366470086
-9.777313199934985 0.7142857142857162
-9.803571428571434 0.7292105520607652
-9.807995773171426 0.7312579882228611
-9.812629796558802 0.7339545307403332
-9.844777307782316 0.7500000000000018
-9.859321680068494 0.7567070925577326
-9.892857142857148 0.7761541483483683
-9.906782962054987 0.7829291218747203
-9.91323400930673 0.7857142857142883
-9.921259290781448 0.7913947152991483
-9.945446101954454 0.8035714285714306
-9.956009221702969 0.8087981556594093
-9.975339618585345 0.8214285714285738
-9.982142857142861 0.8255628155585288
-10.001894777239588 0.8353353302663713
-10.02060452295364 0.8469780474478723
-10.039720857903918 0.8571428571428594
-10.047170383095123 0.8619944948095499
-10.06789337036905 0.8742929597880966
-10.069297425532136 0.8750000000000018
-10.071428571428577 0.8762925407930222
-10.095303911686088 0.8880820748056424
-10.102625956588858 0.892857142857145
-10.118000958611647 0.9021716202937595
-10.141790288521268 0.9144990851528929
-10.16071428571429 0.9268123307233314
-10.164034872343917 0.9285714285714306
-10.188885560903996 0.9407943163906323
-10.197556838226742 0.9464285714285738
-10.21583580321061 0.9574528749278377
-10.228771752780997 0.9642857142857171
-10.234923432578348 0.9673010277700484
-10.250000000000004 0.9765867926791438
-10.28274330799962 0.9934513384000789
-10.297263915025416 1.0000000000000027
-10.314326832228923 1.0128653664457872
-10.323827837257237 1.017857142857146
-10.328326647916283 1.020048956131033
-10.339285714285719 1.0271070011514407
-10.355700696919321 1.0357142857142883
-10.363174017500413 1.0404919463572266
-10.374483752874278 1.046531820853719
-10.388659938411584 1.0535714285714315
-10.398189287011464 1.0596478568834256
-10.413100017102076 1.0683342891347039
-10.419342950988264 1.0714285714285747
-10.421550786750911 1.072832699792679
-10.428571428571432 1.0769133791515708
-10.452316379429211 1.089285714285717
-10.471515558749365 1.0985540311072732
-10.484965949055743 1.1071428571428603
-10.513776146759998 1.1241838007805738
-10.516086621441293 1.1253541042831747
-10.517857142857146 1.1264796170376608
-10.54950064530564 1.142857142857146
-10.563407312278144 1.151604251830089
-10.564373203798953 1.152160355045507
-10.581804408643151 1.1607142857142883
-10.607142857142861 1.1755914945896402
-10.611249737438978 1.1777500525122075
-10.612927019776143 1.1785714285714315
-10.615646218900983 1.1802721009230561
-10.63560271233713 1.1907366003897213
-10.647249677973173 1.1964285714285747
-10.658512056972734 1.2040118743197423
-10.664771869886117 1.2079543739772252
-10.676577092916105 1.214285714285717
-10.696428571428575 1.2273027995017962
-10.703023826272956 1.2308238061739836
-10.704904718198117 1.2321428571428603
-10.708621924643296 1.2345815277858048
-10.735608579534901 1.2500000000000036
-10.749256329833962 1.2572915911760685
-10.764311817244284 1.267857142857146
-10.785714285714288 1.2818968568329048
-10.79091455447653 1.2846742319618407
-10.792397130610054 1.2857142857142891
-10.795331490740194 1.2876377267194705
-10.837359343793327 1.3110995598127673
-10.85210521652431 1.3214285714285747
-10.875000000000004 1.3364020229193656
-10.878936911070658 1.3384983320715866
-10.88229835931168 1.3407453861480532
-10.91112790888677 1.3571428571428612
-10.925678555235928 1.3648642889528189
-10.940215107388845 1.3750000000000036
-10.964285714285717 1.3906529781961119
-10.9671140760599 1.3922914705023102
-10.96817604113103 1.3928571428571468
-10.969721606623065 1.393944321324616
-10.989878428181688 1.4055957429350956
-10.99950641794922 1.41071428571429
-11.011502111244678 1.41912814917964
-11.013887858307525 1.420634714518652
-11.028848269371101 1.4285714285714324
-11.05357142857143 1.4445242145541792
-11.056196868277967 1.4459034834872675
-11.05695718805645 1.4464285714285747
-11.058485062918958 1.4474112982980802
-11.088566400579058 1.464285714285718
-11.10359961026395 1.472137220804357
-11.142857142857146 1.4978514341155647
-11.145736068083231 1.4994242149547867
-11.146577219039546 1.5000000000000036
-11.148098912938353 1.5010483540162447
-11.168615722461105 1.5127054269363551
-11.178453868815659 1.5178571428571468
-11.190569314266822 1.5261718514323555
-11.193494237427634 1.5279845617712446
-11.208296604355514 1.53571428571429
-11.232142857142861 1.5507990007078014
-11.236020223913188 1.5527959552173671
-11.239500069833493 1.555042871109559
-11.269276275516559 1.5714285714285756
-11.283938253111026 1.5789266350920856
-11.299324901231227 1.5892857142857189
-11.321428571428575 1.60368975165082
-11.326155229676795 1.6061975254932168
-11.328135511840232 1.6071428571428612
-11.329975868804686 1.6088523166180835
-11.356776859837044 1.6250000000000044
-11.368002371571222 1.633542382828618
-11.36962385482288 1.634639056678866
-11.384241479839844 1.6428571428571477
-11.389752265883262 1.6470495468233528
-11.40964902084803 1.660501232741039
-11.410028122626505 1.66071428571429
-11.41020752279258 1.6608156382986312
-11.410714285714288 1.6611899138364912
-11.4396202076149 1.6785714285714333
-11.4554324437919 1.6874849398130545
-11.49076017908931 1.7124377501035806
-11.493841119184658 1.7142857142857189
-11.495130529971586 1.7152596082914027
-11.500000000000004 1.7185297480689732
-11.522767469673493 1.7321428571428612
-11.540276521269739 1.7419446957460574
-11.551287484380165 1.7500000000000044
-11.572452695652709 1.7644905391305459
-11.581061434786275 1.7695019987570362
-11.589285714285717 1.7754886910252
-11.606539540502917 1.78571428571429
-11.625641179038498 1.7963003356208764
-11.63568220570539 1.8035714285714333
-11.655142189773336 1.8167427236689573
-11.663095416434928 1.8214285714285765
-11.667219534492242 1.823698950244414
-11.67857142857143 1.8315104173645897
-11.711746823758839 1.8505077781053805
-11.725378564315523 1.857142857142862
-11.739201513719433 1.8692688741724615
-11.749054384284054 1.8750000000000036
-11.75411667723113 1.8777480931252066
-11.767857142857146 1.8874960268343477
-11.777138896553193 1.892857142857146
-11.78071938231091 1.8954295907478986
-11.796834744336838 1.9049187654183504
-11.807588640383653 1.9107142857142883
-11.818421924468694 1.918458472249121
-11.82380773444115 1.921904404031089
-11.83622344430378 1.9285714285714306
-11.840815196880248 1.9318369606239525
-11.85714285714286 1.942237661641805
-11.864518638717353 1.946428571428573
-11.886976629008778 1.958318959912532
-11.895608811465426 1.9642857142857153
-11.91294344264331 1.9754458313858052
-11.93079421375766 1.9852697286770402
-11.946428571428573 1.9959796861197683
-11.953636960184763 2.