-12.061539465544652 2.
-12.035714285714288 1.9860618810587338
-12.010856429706559 1.9692572854872612
-12.001621753393904 1.9642857142857153
-11.983575184269197 1.9538578939966973
-11.96670936197449 1.94237241331939
-11.946428571428573 1.9313697283969882
-11.942229099195355 1.9285714285714306
-11.92362497333805 1.9152750053323926
-11.898978953427312 1.9012243621140366
-11.886515254555398 1.892857142857146
-11.880126689358383 1.888260376414041
-11.85714285714286 1.875659344294804
-11.856163721578813 1.8750000000000036
-11.855603633487569 1.8746921552689457
-11.83553245081762 1.8614649384079094
-11.829675934083221 1.857142857142862
-11.814036748009364 1.8485216353161622
-11.813323058147782 1.8480496740847343
-11.801497162619052 1.8392857142857189
-11.792560225517917 1.8343450977535651
-11.772873136411372 1.8224317701394215
-11.771524891278291 1.8214285714285765
-11.767857142857146 1.8192531909655196
-11.749741806089222 1.8071944959250184
-11.744891783597545 1.8035714285714333
-11.73326323667837 1.7966526473356783
-11.721263305541962 1.78571428571429
-11.70899351446059 1.7796298685364587
-11.67857142857143 1.7618305576932958
-11.665480002418382 1.7526182852306142
-11.660816706329928 1.7500000000000044
-11.651944064222562 1.74467452713023
-11.633818697908676 1.7321428571428612
-11.62433091565046 1.7251338168699126
-11.605118027397534 1.7142857142857189
-11.589285714285717 1.7047371404896214
-11.580453990783225 1.6981949161290748
-11.5714278609417 1.6928570007597727
-11.550925235750531 1.6785714285714333
-11.540131957615673 1.6705450370482993
-11.52284614959225 1.66071428571429
-11.500000000000004 1.6468518259470777
-11.495469993685063 1.6437631441201361
-11.49429123656726 1.6428571428571477
-11.491492334778304 1.6411556098128077
-11.468437643570477 1.6250000000000044
-11.456247145832926 1.6158934279762764
-11.440936104392748 1.6071428571428612
-11.410714285714288 1.5895414054551251
-11.4104169709355 1.5893451772414764
-11.410332656030226 1.5892857142857189
-11.41010415956406 1.589163689055673
-11.389043902975018 1.57576264797643
-11.38293094227233 1.5714285714285756
-11.369272192692943 1.5618598471757021
-11.32327329545249 1.5360832305190728
-11.322712783927718 1.53571428571429
-11.322429430623869 1.535514113875231
-11.321428571428575 1.5349746390639192
-11.295572870287591 1.5178571428571468
-11.280470407168414 1.5096655100051137
-11.278733047620115 1.5085391047616952
-11.266947962494681 1.5000000000000036
-11.238352656253097 1.4833848169649082
-11.235542190609461 1.4814629904495416
-11.216110447370822 1.464285714285718
-11.194840481337996 1.4538890465895475
-11.154974200701677 1.4309948401403387
-11.15138793118966 1.4285714285714324
-11.149540555599616 1.427234746022938
-11.142857142857146 1.4233724686158507
-11.108748966979283 1.3996787780327198
-11.096442335237917 1.3928571428571468
-11.072821646336486 1.3788500435530144
-11.067180830732056 1.3750000000000036
-11.064253866021696 1.3728635125099506
-11.05357142857143 1.3669096722900553
-11.039304151186757 1.3571428571428612
-11.031304909470627 1.3526895533227004
-11.02100372357852 1.3457992552843008
-11.012331759578469 1.339285714285718
-10.999649430618376 1.3322129710191852
-10.990622184439058 1.326695865459243
-10.983625678739605 1.3214285714285747
-10.978526267429636 1.318580460799791
-10.964285714285717 1.3098629956487065
-10.95515268848362 1.3035714285714324
-10.95006799284335 1.300727884282959
-10.936118593902771 1.2913477097908794
-10.928662352941041 1.2857142857142891
-10.910823512105052 1.2750218452781557
-10.8950140945335 1.2638543239504463
-10.875000000000004 1.252595057310189
-10.871244319170899 1.2500000000000036
-10.852983475353074 1.236546162072246
-10.845157424783057 1.2321428571428603
-10.830223643834477 1.2231875859097547
-10.817339619953046 1.214285714285717
-10.810467641351156 1.2093350431583438
-10.786969182529598 1.1964285714285747
-10.785714285714288 1.1957493546003652
-10.765850569255894 1.1825441718631104
-10.757965766587846 1.1785714285714315
-10.741773037799996 1.169783178988573
-10.72717156202006 1.1607142857142883
-10.720094782745615 1.15598104345088
-10.696428571428575 1.1439786852544493
-10.694628064814609 1.142857142857146
-10.674530609356866 1.1293795924143453
-10.648358407962025 1.1153859673066933
-10.635208439432244 1.1071428571428603
-10.628789644572185 1.1028134996569952
-10.607142857142861 1.0917348132463136
-10.603246768891278 1.089285714285717
-10.600806139094114 1.088018370675968
-10.582022594804993 1.0764526238961478
-10.574640831165555 1.0714285714285747
-10.55616716383597 1.0612334327671968
-10.538094325910313 1.0495239919607977
-10.517857142857146 1.0390798281608609
-10.512547697429056 1.0357142857142883
-10.509257476236211 1.033994352390101
-10.491687981433302 1.0230909751419146
-10.484068041154224 1.017857142857146
-10.468733518590557 1.0098247248533214
-10.463863497653694 1.0070584138164556
-10.453615769688737 1.0000000000000027
-10.447951111095291 0.9961240634952313
-10.428571428571432 0.9855550409273608
-10.403666256466282 0.9692667487067474
-10.394102526726172 0.9642857142857171
-10.37489931968157 0.9535512925077443
-10.36378710431825 0.9464285714285738
-10.358266993069178 0.9426323156718821
-10.339285714285719 0.9327114530756369
-10.332836636743954 0.9285714285714306
-10.328902207209554 0.9264947271561974
-10.312344435919703 0.9161025413874908
-10.304600323839244 0.9107142857142883
-10.289607242819944 0.9027928371503009
-10.28421440859259 0.8997000245756626
-10.274391469760111 0.892857142857145
-10.267697159090826 0.8893177110389807
-10.250000000000004 0.8791607929210778
-10.24353928393918 0.8750000000000018
-10.239610886377251 0.8729221772754512
-10.223084746099758 0.8625259079229082
-10.21536643867313 0.8571428571428594
-10.196220072193292 0.846386871581517
-10.179696628637078 0.8354892457011589
-10.16071428571429 0.8255340361207253
-10.154340736761256 0.8214285714285738
-10.13569486664565 0.8085753123851589
-10.126146122401728 0.8035714285714306
-10.104393680388196 0.7923073075062117
-10.093226533842149 0.7857142857142883
-10.087943970614393 0.7824112058771249
-10.071428571428577 0.7746178045655636
-10.059763938786578 0.767857142857145
-10.04098161614681 0.7560893910563546
-10.028105371644846 0.7500000000000018
-10.000257398188399 0.7357657653519665
-9.994034278739484 0.7321428571428594
-9.99116582638225 0.730338263294982
-9.982142857142861 0.7260521561109305
-9.961975392428785 0.7142857142857162
-9.94532799210364 0.7037915444364176
-9.89658937988889 0.6793178759777794
-9.895315588055379 0.6785714285714306
-9.894725270578235 0.6781978030272136
-9.892857142857148 0.6773045982456383
-9.864606438831952 0.6607142857142874
-9.84693306268668 0.6520419588912381
-9.845364557582371 0.6512157686593314
-9.83207150189554 0.6428571428571441
-9.803571428571434 0.6281141169647952
-9.799843562322588 0.6257455732497714
-9.794972212858386 0.6232801568573922
-9.767662753376426 0.6071428571428585
-9.754919182991468 0.5990161634017088
-9.734733064120924 0.5892857142857153
-9.714285714285719 0.5786509190698137
-9.705028112652311 0.5732800917552545
-9.702109778314423 0.571428571428573
-9.693845857072265 0.5673405999858829
-9.681452627143848 0.5601380459998042
-9.671123190216047 0.5535714285714306
-9.65785743564195 0.5469999414430413
-9.643676784947534 0.5394496427037936
-9.63781202460937 0.5357142857142874
-9.625000000000004 0.5290196382280277
-9.610744242633341 0.5207082943304764
-9.606275549986849 0.5178571428571441
-9.594689324250439 0.5117950077072315
-9.578949051829797 0.5000000000000018
-9.565631811791606 0.4940164947845389
-9.53571428571429 0.4786908215118446
-9.517986410144218 0.4678312893997303
-9.510708808839714 0.4642857142857153
-9.49531063918864 0.4562049849805856
-9.478987067436885 0.44642857142857295
-9.471280542649108 0.441458177184467
-9.446428571428577 0.42933183504299244
-9.445159747555 0.4285714285714297
-9.424332255085952 0.4151335489828112
-9.396131969719944 0.40065496537256085
-9.383127784313931 0.3928571428571441
-9.376978958812904 0.3888899225231359
-9.357142857142861 0.3792071904115959
-9.350125491103457 0.3750000000000009
-9.345421896900469 0.37265580795152253
-9.32866999900054 0.3628374287713214
-9.319792056750499 0.35714285714285765
-9.296782636309063 0.34507081297609776
-9.287120786464747 0.3392857142857153
-9.282554168548103 0.3363463091475243
-9.267857142857148 0.3291904076150862
-9.254878435764567 0.32142857142857206
-9.246137839996585 0.3170847108564594
-9.234443022623262 0.31025425261820594
-9.223977459598338 0.3035714285714288
-9.196743264659075 0.2893486529318148
-9.191879908778649 0.2857142857142865
-9.178571428571434 0.2792020451996837
-9.142440913452216 0.25722610302384474
-9.127457218359153 0.2500000000000009
-9.095269317953312 0.23333957787637605
-9.09229169925353 0.23154166014929523
-9.089285714285719 0.23010393570660437
-9.06235968455147 0.2142857142857153
-9.047334603657777 0.20481879355416055
-9.000000000000005 0.18118266259985738
-8.996726810182368 0.1792260665349561
-8.995342639650744 0.17857142857142883
-8.992307356802685 0.17703289993196503
-8.96402181178843 0.16071428571428648
-8.950989666810388 0.1526592094950665
-8.929958328288855 0.14285714285714324
-8.910714285714292 0.1332516318385153
-8.899801404763434 0.12718257619017148
-8.896171583476491 0.125
-8.885534765894034 0.11996409603594849
-8.875165850062306 0.11425254427325449
-8.863204156670397 0.10714285714285765
-8.850718987219869 0.10128477398459967
-8.83012109078333 0.09102421815666517
-8.827157969360178 0.08928571428571441
-8.821428571428577 0.08651344422272
-8.80243716407056 0.07522685290017517
-8.793934356039935 0.07142857142857117
-8.774131034413735 0.06196906402560298
-8.758609815192061 0.053571428571428825
-8.751808720448553 0.04963825591029103
-8.732142857142863 0.041109250272399755
-8.72201512833373 0.03571428571428559
-8.713821552790298 0.032050024843772285
-8.699088464480283 0.024468021389657757
-8.687021797294987 0.01785714285714235
-8.67322591971301 0.011783387485969854
-8.651435407269119 0.0017156528823942807
-8.648233685073878 0.