-10.20557112190542 2.
-10.177519955728002 1.9855039911455998
-10.169160076025749 1.9804536990805657
-10.16071428571429 1.9763918733314307
-10.140219670608916 1.9642857142857153
-10.123801981389482 1.953811032293534
-10.108493855854165 1.946428571428573
-10.075936159592729 1.9294729462042612
-10.074418502682072 1.9285714285714306
-10.073707757623046 1.9281155913325367
-10.071428571428577 1.9270102329376284
-10.044071531613016 1.9107142857142883
-10.029379304289769 1.9012669962849067
-10.012087148343882 1.892857142857146
-9.982142857142861 1.8771400112883576
-9.979609354455182 1.8755067005375397
-9.978570408149718 1.8750000000000036
-9.976380353378268 1.873847499247085
-9.954279615192629 1.857142857142862
-9.892857142857148 1.8266366496995738
-9.88648708624122 1.822702582751762
-9.883896520123917 1.8214285714285765
-9.878470600735936 1.8185512630043341
-9.841975033853835 1.7958907075149533
-9.821393064547692 1.78571428571429
-9.803571428571434 1.7762174169685654
-9.793787929916656 1.7698138425881034
-9.781622459054482 1.763467348953757
-9.759559803314549 1.7500000000000044
-9.749000847454926 1.743056973366163
-9.727093215181458 1.7321428571428612
-9.714285714285719 1.7252714415778918
-9.700543201444074 1.7170342168540476
-9.696374583431096 1.7142857142857189
-9.684768154401423 1.7083822023088597
-9.677212116580007 1.7038432909697185
-9.665994454138986 1.6964285714285765
-9.654439014671727 1.6905407684942322
-9.637069184922595 1.6809852655559512
-9.63342587405068 1.6785714285714333
-9.625000000000004 1.6740244585457527
-9.60842644405255 1.66402899690378
-9.603434579878535 1.66071428571429
-9.59076957679518 1.6538682010733252
-9.576776840122557 1.6428571428571477
-9.564347707471823 1.6371304585056414
-9.53571428571429 1.6219648587823663
-9.517950526070127 1.6106956090716942
-9.510913072692569 1.6071428571428612
-9.495742003468878 1.599148400693779
-9.479347526005503 1.5892857142857189
-9.471476171933459 1.584276194184742
-9.446428571428577 1.572228866863492
-9.44507376702349 1.5714285714285756
-9.424085277302266 1.5580400873966944
-9.395098947329142 1.5433055037515455
-9.382314530376014 1.53571428571429
-9.376328157221781 1.5318772256985058
-9.357142857142861 1.5225782433296091
-9.349212125130046 1.5178571428571468
-9.343860580069778 1.5152006874425306
-9.32785223236336 1.5058581249559033
-9.318684729320406 1.5000000000000036
-9.294967332442837 1.4875648950599993
-9.285905176844405 1.4821428571428612
-9.281635686644448 1.4793871483854009
-9.267857142857148 1.4726584566211791
-9.25389909170647 1.464285714285718
-9.244576011984597 1.459629488111207
-9.233730775392534 1.4532538449214973
-9.22314193381538 1.4464285714285747
-9.19586645039382 1.4320304329359095
-9.191311518827538 1.4285714285714324
-9.178571428571434 1.4222296404498476
-9.14271844970399 1.4000277386306355
-9.12817142866749 1.3928571428571468
-9.097728870131611 1.3766886311691815
-9.093619338511527 1.3741332751548425
-9.089285714285719 1.3719885220267525
-9.064864803362285 1.3571428571428612
-9.049685777805726 1.347205701581717
-9.000416271435682 1.3215118257157101
-9.000279792333359 1.3214285714285747
-9.00021446390084 1.321385678648408
-9.000000000000005 1.3212790093645017
-8.971011554481896 1.3035714285714324
-8.953946380279378 1.2949250096584155
-8.952317223055847 1.2940348731826008
-8.939652230319403 1.2857142857142891
-8.910714285714292 1.2702130681085766
-8.907763664511313 1.2684472670977414
-8.906866434415223 1.267857142857146
-8.904363783336485 1.2665870423815848
-8.885192360866746 1.2551043849695125
-8.877438405418808 1.2500000000000036
-8.861611149791555 1.2419634843274077
-8.85647866555331 1.2391528759678074
-8.845835894969639 1.2321428571428603
-8.821428571428577 1.2190487232841036
-8.815883252512739 1.2153947780688847
-8.81366210405455 1.214285714285717
-8.808938033991481 1.211787606798298
-8.770900342489053 1.1886770743593367
-8.749103143218978 1.1785714285714315
-8.732142857142863 1.1700639321111836
-8.719815974975532 1.163179662147754
-8.715753803265418 1.1607142857142883
-8.704003862203365 1.1550864867263888
-8.695311286223882 1.1502234570409424
-8.683198305172517 1.142857142857146
-8.673336864683778 1.1367611984918202
-8.648104430404423 1.1250000000000036
-8.64285714285715 1.1223548321745325
-8.62428724764466 1.1108568361853584
-8.616333311125633 1.1071428571428603
-8.598935871000155 1.0983586027714614
-8.583143697171549 1.089285714285717
-8.575941089315753 1.0848117821368533
-8.553571428571434 1.0743304993980658
-8.54852895770285 1.0714285714285747
-8.544958196362591 1.0697059249868062
-8.5260996301029 1.0590657882651389
-8.517152543856103 1.0535714285714315
-8.501673761526861 1.046093819123202
-8.492527485019824 1.0413626398611093
-8.483346610878753 1.0357142857142883
-8.477771011228171 1.0330172263257982
-8.46428571428572 1.0260310955325966
-8.450151533070954 1.017857142857146
-8.440209506994606 1.013041901398923
-8.4294812352775 1.0069608958016474
-8.418206461521374 1.0000000000000027
-8.388421361311858 0.9848271294052298
-8.381665618835337 0.9808097333757937
-8.375000000000007 0.9776576232298995
-8.351977866915174 0.9642857142857171
-8.33595701292867 0.954237168842841
-8.31946554969675 0.9464285714285738
-8.285714285714292 0.9291746238059577
-8.284930665804708 0.9287281525533473
-8.284678294427305 0.9285714285714306
-8.28395612939805 0.9282197973081816
-8.26168811592986 0.9155195196711743
-8.253959091209675 0.9107142857142883
-8.237217733793335 0.9025564532413366
-8.232435200008485 0.9000584685731274
-8.220863398114 0.892857142857145
-8.196428571428577 0.8803350933485641
-8.189996356908425 0.876286442904032
-8.187289777299302 0.8750000000000018
-8.1814452250328 0.8720033307208466
-8.161008777569045 0.8571428571428594
-8.14422950824784 0.8497255269218638
-8.107142857142863 0.8311388089773306
-8.094986572538028 0.8238598283495406
-8.089876659139463 0.8214285714285738
-8.078840365757305 0.815768073151462
-8.057966945125058 0.8035714285714306
-8.047962065510402 0.7975504440407803
-8.021822320318039 0.7857142857142883
-8.01785714285715 0.7837913236591678
-7.9978303408857565 0.7718625032514232
-7.988885567311655 0.767857142857145
-7.968581354340733 0.7580019851538617
-7.954045788667922 0.7500000000000018
-7.947650669568806 0.7461841518005272
-7.928571428571434 0.7376245690760941
-7.918623163687034 0.7321428571428594
-7.911119383960632 0.7286524482206991
-7.896430013155542 0.720713997368895
-7.885423292067067 0.7142857142857162
-7.855317905739144 0.6996350097192581
-7.8469482387639165 0.6948960665329338
-7.83928571428572 0.6914486211336826
-7.815982389805149 0.6785714285714306
-7.799461231699432 0.6686791822315454
-7.781774500808056 0.6607142857142874
-7.772241445133596 0.6562659966875692
-7.750000000000005 0.6452108481088805
-7.746829760472651 0.6434911907626146
-7.745748808386581 0.6428571428571441
-7.742800233299133 0.6414171895169698
-7.7000656008148 0.6171297369798996
-7.677951230708981 0.6071428571428585
-7.660714285714292 0.5987110423749114
-7.648044091477332 0.5918197531331071
-7.643737269625642 0.5892857142857153
-7.63106936973361 0.5833567310895793
-7.623009853472617 0.5789694578769078
-7.610205877378223 0.571428571428573
-7.600533038767891 0.5656076779607107
-7.571428571428577 0.5516737759370764
-7.550710082928322 0.5398579834143389
-7.541565722211138 0.5357142857142874
-7.521016708208188 0.5256319130702094
-7.507058206453364 0.5178571428571441
-7.50085288114393 0.5141151380569307
-7.482142857142863 0.5056245413465277
-7.4720515664115625 0.5000000000000018
-7.464562675876347 0.4964839637466989
-7.4500585369242645 0.4885597211865784
-7.439207565547996 0.48214285714285854
-7.425365998581998 0.47564108599788835
-7.409229006101864 0.46756008693465834
-7.403695439823624 0.4642857142857153
-7.400459765754774 0.4627651897061904
-7.3928571428571495 0.4589562668679168
-7.370418395119388 0.44642857142857295
-7.353802457960673 0.4386176344492778
-7.350810636559485 0.4369807298309629
-7.336612569348756 0.4285714285714297
-7.303571428571435 0.4123140937961747
-7.30158244527889 0.41111208237279584
-7.300707910804715 0.4107142857142865
-7.298747333729756 0.4097494667459509
-7.268516685191624 0.3928571428571441
-7.2550339562535475 0.3847074944635782
-7.233696976609221 0.3750000000000009
-7.214285714285721 0.36544817806370133
-7.203172755627844 0.3593654488744331
-7.1994211621583535 0.35714285714285765
-7.189237980118933 0.3521333103095001
-7.16623743066049 0.3392857142857153
-7.1559789586054 0.33308992256463643
-7.130325189060819 0.32142857142857206
-7.125000000000006 0.31881161688133997
-7.104587923441832 0.30765384388306316
-7.097684797452052 0.3035714285714288
-7.078912500518943 0.2943539286752168
-7.066250766111311 0.2857142857142865
-7.035714285714292 0.2716017769333332
-7.007682392898619 0.2556063785631357
-6.995297652220245 0.2500000000000009
-6.967334151101248 0.2363239730773916
-6.956456143830533 0.23013734266246644
-6.946428571428577 0.22561523522426707
-6.9259745010076195 0.2142857142857153
-6.908727737469117 0.20396873822046402
-6.857142857142863 0.1794764927763186
-6.855961418839862 0.17880771623202918
-6.855434683334793 0.17857142857142883
-6.854232909068109 0.17798943895647845
-6.82277538478009 0.16071428571428648
-6.808919794647247 0.15250175535626642
-6.787266706810374 0.14285714285714324
-6.767857142857149 0.13352794501194154
-6.756241602741641 0.1273231080231012
-6.752201535334428 0.125
-6.740115197029653 0.11945161083450095
-6.730875278402364 0.11453923003381394
-6.717938358717313 0.10714285714285765
-6.705954468650157 0.10166624912711342
-6.6816727165507785 0.08990597188158311
-6.68058076185737 0.08928571428571441
-6.678571428571434 0.08833482245536217
-6.656931818981863 0.0757564933464856
-6.647007033426274 0.07142857142857117
-6.623638207920189 0.06044192729832254
-6.610718996917394 0.053571428571428825
-6.6051750576790935 0.05039355989275407
-6.58928571428572 0.04356881503192689
-6.574397201304868 0.03571428571428559
-6.562288104027415 0.030314763662624422
-6.55239602296869 0.025235081120547953
-6.538942712308747 0.01785714285714235
-6.5268166222301565 0.0124938184111123
-6.5000040251594955 8.050318980323823e-7
-6.50000254017834 0.