-12.608611206223184 2.
-12.601693446269666 1.9939470250317815
-12.583193319852654 1.9821428571428577
-12.571428571428573 1.974174263399357
-12.561845957893633 1.9662022369927037
-12.558724746646382 1.9642857142857153
-12.553117327818189 1.9606234655636383
-12.534754477301552 1.946428571428573
-12.524437602194842 1.9379696224181764
-12.508990277537745 1.9285714285714306
-12.482142857142858 1.9112125843083447
-12.481641627664684 1.9108145316099225
-12.481472805651464 1.9107142857142883
-12.481162560713553 1.9105182264284277
-12.457295530549866 1.892857142857146
-12.444221452469627 1.8825842809346494
-12.431366500319571 1.8750000000000036
-12.407604121635517 1.8600922528985366
-12.404674486032969 1.857142857142862
-12.401381965151703 1.85543789268395
-12.392857142857144 1.8502411600759707
-12.36204957909922 1.8275900841801613
-12.351403081082678 1.8214285714285765
-12.33145019580619 1.8091471820183855
-12.323639532555166 1.8035714285714333
-12.319449131424852 1.8003958880007485
-12.30357142857143 1.791256195031381
-12.295732987291553 1.78571428571429
-12.278609957557217 1.7728494370599899
-12.253383918448803 1.757819640832622
-12.242254145753902 1.7500000000000044
-12.236341056234426 1.7455889316102624
-12.214285714285715 1.7330277894889408
-12.213020660653669 1.7321428571428612
-12.212327229418777 1.7317511601694742
-12.192927700024775 1.7185573171379067
-12.187343443600735 1.7142857142857189
-12.174007025168063 1.706229976462188
-12.152477193150812 1.6909331327984143
-12.130628474860895 1.6785714285714333
-12.125000000000002 1.6751887813586936
-12.109571436136669 1.6637999984869571
-12.10411717123738 1.66071428571429
-12.09370571754228 1.6544554292227458
-12.081144541755505 1.6428571428571477
-12.068094246597841 1.636381150680437
-12.035714285714288 1.6174088792924879
-12.024387225442212 1.609408269197277
-12.020368116066683 1.6071428571428612
-12.011780052033973 1.6023560104067984
-11.980649710756177 1.5824414864201977
-11.95859176066173 1.5714285714285756
-11.946428571428573 1.5648965068394682
-11.933253940733236 1.5562063547104996
-11.917383916797698 1.547762497645258
-11.897928922592323 1.53571428571429
-11.888506504000192 1.5294415563428228
-11.86584658707425 1.5178571428571468
-11.85714285714286 1.5130763804366794
-11.84110299041428 1.5032079733457193
-11.836411990858359 1.5000000000000036
-11.823537388283967 1.493278906228225
-11.818139730713984 1.4899434824286368
-11.806789887507465 1.4821428571428612
-11.796033425690705 1.4765076005761495
-11.77825958571327 1.4663662028569426
-11.775247200038038 1.464285714285718
-11.767857142857146 1.4601487305762983
-11.752399167859851 1.4495201664280337
-11.74652840359705 1.4464285714285747
-11.734836802774726 1.4398245034120913
-11.72138894076324 1.4285714285714324
-11.708707227077834 1.4225442688701522
-11.67857142857143 1.4057960124334334
-11.663650336638835 1.395841361243666
-11.658065888368961 1.3928571428571468
-11.647056115006846 1.3865540801442293
-11.629435329326906 1.3750000000000036
-11.62053604089398 1.368749934678351
-11.598939602066203 1.3571428571428612
-11.589285714285717 1.3515884259591138
-11.575716761225205 1.34199950489782
-11.56086536010162 1.3336016434488984
-11.542511279755345 1.3214285714285747
-11.533162616946813 1.314796048039213
-11.512473049619906 1.3035714285714324
-11.500000000000004 1.2963365031307523
-11.487514555704395 1.288211374573411
-11.484082397853575 1.2857142857142891
-11.47574577860988 1.2808634414362645
-11.44630348021326 1.2607393039573518
-11.426611927753546 1.2500000000000036
-11.410714285714288 1.2407422615859618
-11.40131860445049 1.2340219933956202
-11.397878983809566 1.2321428571428603
-11.391177482546878 1.2282354965093782
-11.375361987060396 1.214285714285717
-11.35946485533801 1.2066784575038305
-11.321428571428575 1.1866435182733435
-11.31193868408673 1.1804694060398004
-11.308044275219256 1.1785714285714315
-11.299829377489395 1.1742515897835952
-11.266614415328588 1.1538199740771429
-11.24425114521672 1.142857142857146
-11.232142857142861 1.1364554886049465
-11.218655897793708 1.1276973918698339
-11.201686949385062 1.1189088184484435
-11.182257302563404 1.1071428571428603
-11.173017107155342 1.1011108642832212
-11.149110836426935 1.089285714285717
-11.142857142857146 1.0859519364195354
-11.12459781446134 1.0750804371077356
-11.119017384821756 1.0714285714285747
-11.103435819426828 1.0635443067425117
-11.100815048363753 1.061979847470111
-11.0880048531403 1.0535714285714315
-11.078265260731943 1.0486326621393287
-11.055285077978908 1.0360570155957838
-11.05476445259784 1.0357142857142883
-11.05357142857143 1.0350734994705189
-11.033545557237556 1.0218623171239205
-11.025537421999118 1.017857142857146
-11.008970421061347 1.0089369413551292
-10.997542270389946 1.0000000000000027
-10.987457228642295 0.9953656971286868
-10.964285714285717 0.9831284063753492
-10.941647883967182 0.9688132803494236
-10.932656691048557 0.9642857142857171
-10.914140775057591 0.9542567264400921
-10.901505317114797 0.9464285714285738
-10.895385425869689 0.9423514862546369
-10.875000000000004 0.9320493880277088
-10.869396848541761 0.9285714285714306
-10.850098638684802 0.9156945579773286
-10.820060994518123 0.8997264846179123
-10.809024678522352 0.892857142857145
-10.803657816341207 0.8892684367317614
-10.785714285714288 0.880164903887569
-10.777425823070534 0.8750000000000018
-10.772161390150302 0.8722894208872045
-10.75679451135532 0.8629268120146527
-10.748183705622012 0.8571428571428594
-10.726434803684134 0.8452869607368285
-10.712126197533463 0.8361461890647393
-10.696428571428575 0.8281715388463002
-10.685622015519174 0.8214285714285738
-10.667568893294044 0.8093433641983365
-10.656204705341171 0.8035714285714306
-10.630179589074626 0.7903216321006408
-10.62377677596349 0.7857142857142883
-10.618534113631744 0.7834360344165114
-10.607142857142861 0.7778462255772363
-10.571677973317517 0.7570929767650707
-10.556439467319805 0.7500000000000018
-10.52303033132068 0.7331774948355658
-10.520402424290722 0.7316338008561445
-10.517857142857146 0.7304444599246329
-10.489702436774126 0.7142857142857162
-10.474804944847767 0.7050390110304487
-10.428571428571432 0.6821861034439545
-10.42399417127517 0.6794868800306828
-10.422042662216294 0.6785714285714306
-10.417791708048465 0.6764154844668369
-10.390592816126878 0.6607142857142874
-10.378139958627086 0.6529434368460132
-10.356720704067417 0.6428571428571441
-10.339285714285719 0.6339836239479251
-10.327573986301063 0.6273423455969329
-10.323782486660818 0.6250000000000018
-10.312911774850766 0.6197252121130115
-10.303397789720123 0.6143204420559787
-10.291803827019182 0.6071428571428585
-10.279615376182807 0.6012197819062974
-10.260880794469506 0.5914618731796155
-10.257372794437424 0.5892857142857153
-10.255225381846792 0.5882406379163578
-10.250000000000004 0.5855144839207531
-10.23170829579597 0.5750869122693798
-10.225822680127626 0.571428571428573
-10.210339797331027 0.5634965308947777
-10.185474716726382 0.5486193423690118
-10.16071428571429 0.5368355579887778
-10.15879606623864 0.5357142857142874
-10.137771013772543 0.5224457972454939
-10.128143952733192 0.5178571428571441
-10.107430701073161 0.5072004259289189
-10.095148893434661 0.5000000000000018
-10.089451596638867 0.4963953949579434
-10.071428571428577 0.4877813001388356
-10.061823711028804 0.48214285714285854
-10.042701490104935 0.4700311305504439
-10.0306947777016 0.4642857142857153
-10.004928549539502 0.45098570990790066
-9.99718287306334 0.44642857142857295
-9.993578353933902 0.44414147207036425
-9.982142857142861 0.4386589291030143
-9.965012341762293 0.4285714285714297
-9.94772792448581 0.41759727224569687
-9.902632499484389 0.3948122141825925
-9.899316299107758 0.3928571428571441
-9.897769845559738 0.3918746023166255
-9.892857142857148 0.3895159308748397
-9.868241461549362 0.3750000000000009
-9.851367119991007 0.36670199542677206
-9.849743933363559 0.36576549904157574
-9.836054365077356 0.35714285714285765
-9.803571428571434 0.3403443009610134
-9.802303946524267 0.3395392106951487
-9.800642459518059 0.3386999204750403
-9.771328877169365 0.32142857142857206
-9.757654309573168 0.31275485237108214
-9.738492521373754 0.3035714285714288
-9.714285714285719 0.2910855549426925
-9.707357558079044 0.2870999169556212
-9.705149051011425 0.2857142857142865
-9.69884757500483 0.2826266578581089
-9.683761393182026 0.2739620070778823
-9.67401088325277 0.2678571428571441
-9.659787471573612 0.26089964854242265
-9.64762359841055 0.2545247196821103
-9.640378067113126 0.2500000000000009
-9.625000000000004 0.24211586290804554
-9.612076631751226 0.23472753079261288
-9.607924610649867 0.23214285714285765
-9.596949734629046 0.2265328040686665
-9.58003150384062 0.2142857142857153
-9.566176075766492 0.2081933562752747
-9.53571428571429 0.19307534282701422
-9.517438543304545 0.1822265770533784
-9.509663909732275 0.17857142857142883
-9.492576150411027 0.16994380151077593
-9.476510689813527 0.16071428571428648
-9.469144563591883 0.1561710872816251
-9.446428571428577 0.1456084574154506
-9.441611216273369 0.14285714285714324
-9.420830375562202 0.13011963917327485
-9.38491964513551 0.1126982147413873
-9.375051717520334 0.10714285714285765
-9.370595517548319 0.10445232506176616
-9.357142857142861 0.09833941777814204
-9.34092113042025 0.08928571428571441
-9.328772274796103 0.08361159781636207
-9.320001686383673 0.07885680558040864
-9.307272651203268 0.07142857142857117
-9.27193566748863 0.05438713349772506
-9.270443571191942 0.053571428571428825
-9.269785168396126 0.05318582346363332
-9.267857142857148 0.05233815591771851
-9.237072490323447 0.03571428571428559
-9.219163789689416 0.027595813490688847
-9.213347284716637 0.024812314086182674
-9.200908779861212 0.01785714285714235
-9.178571428571434 0.007487314091389585
-9.168850173207131 0.0019442510728602258
-9.164297745873569 0.