-11.934600853934239 2.
-11.917307833831353 1.987967004662301
-11.88468047911233 1.9697932386796095
-11.876250398752953 1.9642857142857153
-11.872007882907956 1.961312709132696
-11.85714285714286 1.9533542283727607
-11.846610862554984 1.946428571428573
-11.840404800439922 1.9430809600879853
-11.82717503752355 1.934564992495293
-11.818837923814234 1.9285714285714306
-11.805078961526995 1.921127064837461
-11.797485022198924 1.9166398615826434
-11.78927771916309 1.9107142857142883
-11.78350908868557 1.907583896548604
-11.767857142857146 1.8983032799147948
-11.759685688874407 1.892857142857146
-11.74193574827749 1.8801842789159346
-11.73243475582546 1.8750000000000036
-11.714002346831638 1.8642290407949034
-11.70599057791501 1.857142857142862
-11.698026311765446 1.8532518805040592
-11.67857142857143 1.8420712858010289
-11.6553975762355 1.8260633418957628
-11.64700180771805 1.8214285714285765
-11.63083434127155 1.8118811539686002
-11.618591963078181 1.8035714285714333
-11.612260802415214 1.7989764109455342
-11.589285714285717 1.7862206082054914
-11.588543224409516 1.78571428571429
-11.569479212153738 1.7718184432835438
-11.548772152130027 1.7597544304260095
-11.534536675204421 1.7500000000000044
-11.527124079191644 1.7445751841616763
-11.504922435495564 1.7321428571428612
-11.500000000000004 1.7291999621796519
-11.482886780815637 1.717708358122592
-11.478354244678753 1.7142857142857189
-11.467519377220865 1.7077895897298916
-11.442436134930116 1.6900842015854112
-11.421997985950254 1.6785714285714333
-11.410714285714288 1.671793513933216
-11.398900056932016 1.6630771314707449
-11.394714164147228 1.66071428571429
-11.386748113957005 1.6559210513628333
-11.372649633861057 1.6428571428571477
-11.357985049455374 1.6355458472517874
-11.321428571428575 1.614018072063721
-11.313867279113966 1.6086551156057833
-11.311191749448986 1.6071428571428612
-11.30560337798126 1.6039778184533988
-11.271291930762487 1.581455899561793
-11.2516143270047 1.5714285714285756
-11.232142857142861 1.560750940037031
-11.223923979459498 1.555215204108105
-11.214201679185926 1.5499831929800454
-11.191570876832794 1.53571428571429
-11.180475736343137 1.5281905670170914
-11.160442983087343 1.5178571428571468
-11.142857142857146 1.5081043341180091
-11.132981608749898 1.5019751068214529
-11.130109694822732 1.5000000000000036
-11.12225030840893 1.4958786331103608
-11.11056392882387 1.4886014999495165
-11.10120880181298 1.4821428571428612
-11.088081986478292 1.4752407455614893
-11.077158205175506 1.4690030696065328
-11.070350648679069 1.464285714285718
-11.05357142857143 1.4548862831885803
-11.04404745604052 1.448333365934757
-11.040409247761252 1.4464285714285747
-11.033140142426786 1.4423423141996459
-11.01663699638848 1.4285714285714324
-11.00112256754686 1.421204057919204
-10.964285714285717 1.4008655493771194
-10.955000156001876 1.3947142545139153
-10.951484237945499 1.3928571428571468
-10.94449913005318 1.3888998260106389
-10.923113554351927 1.3750000000000036
-10.912384722969211 1.3675230554061617
-10.892821381028636 1.3571428571428612
-10.875000000000004 1.3470079133250668
-10.866405458790418 1.3410046225276355
-10.856776780568225 1.3356410703993626
-10.835045763834314 1.3214285714285747
-10.824088886232119 1.3137536513250092
-10.804999238813085 1.3035714285714324
-10.785714285714288 1.292558869885612
-10.777565757105869 1.2873439914359732
-10.775277316048454 1.2857142857142891
-10.769659306357907 1.2825032898430129
-10.736052686310677 1.2599323198807255
-10.717473068087426 1.2500000000000036
-10.696428571428575 1.237969974585499
-10.689969246591758 1.233434722110223
-10.687552811683155 1.2321428571428603
-10.682773840084987 1.229411910874143
-10.66510686017239 1.214285714285717
-10.647850134147625 1.2061442588847644
-10.607142857142861 1.185120459202583
-10.599321661550224 1.1801356676899593
-10.59604385921317 1.1785714285714315
-10.589009511677094 1.1749447594782776
-10.55354437937597 1.1535768384105243
-10.531192890107672 1.142857142857146
-10.517857142857146 1.1359500292233156
-10.504761497150154 1.1276191291414017
-10.487693375017184 1.1189672464320113
-10.46771861425722 1.1071428571428603
-10.458387220701782 1.1011796987167903
-10.43376943385937 1.089285714285717
-10.428571428571432 1.0865751646337216
-10.409195423962482 1.075303772350365
-10.40310801691319 1.0714285714285747
-10.38590280975264 1.0628948476648157
-10.384894324816248 1.0623068493224697
-10.371208541730415 1.0535714285714315
-10.36204765241601 1.0490190409453728
-10.339285714285719 1.0368530740288966
-10.337380113552227 1.0357142857142883
-10.316687847453833 1.0223767162235227
-10.307419406502012 1.017857142857146
-10.287859470715818 1.0075718941431653
-10.277829580444154 1.0000000000000027
-10.269283518166887 0.9961432963666264
-10.250000000000004 0.9862027732836456
-10.223155953960358 0.969654523493646
-10.212212728092211 0.9642857142857171
-10.1892175499301 0.9521292242717365
-10.1797741656343 0.9464285714285738
-10.175291159718556 0.9435131966277206
-10.16071428571429 0.936336954474049
-10.147871617238206 0.9285714285714306
-10.129910828519384 0.9168749771532694
-10.091241575707667 0.896819743712963
-10.084706641505578 0.892857142857145
-10.081592289825718 0.8908243991777169
-10.071428571428577 0.8858010650387831
-10.053635715229252 0.8750000000000018
-10.041927689346506 0.8690998235835883
-10.034299382391595 0.8645686949502558
-10.022908798722131 0.8571428571428594
-9.993694963636882 0.8415961355845214
-9.9880791248171 0.838098460750869
-9.982142857142861 0.835158866265048
-9.959567933091291 0.8214285714285738
-9.943943178221797 0.8112113643556436
-9.928515993502362 0.8035714285714306
-9.893189345603748 0.7857807262636083
-9.893095522482765 0.7857142857142883
-9.89302006428724 0.7856817014282695
-9.892857142857148 0.7856024218125857
-9.847214449850346 0.7591285386013622
-9.827423649265894 0.7500000000000018
-9.803571428571434 0.738092322439539
-9.795698077556729 0.7337175273458003
-9.793088039595533 0.7321428571428594
-9.7855162615698 0.7285318237425331
-9.77145990359919 0.7207080192801651
-9.760836123705678 0.7142857142857162
-9.74941510389069 0.707259836364722
-9.714285714285719 0.6900532949125111
-9.699641456800578 0.6815002800684589
-9.693336143795758 0.6785714285714306
-9.679484877845884 0.6716112612834637
-9.660418665952154 0.6607142857142874
-9.651760843844912 0.6553621169453061
-9.625000000000004 0.6428875800989724
-9.624946837727883 0.6428571428571441
-9.624908918441756 0.6428389265454948
-9.601503834053235 0.6296992331893554
-9.593807495070045 0.6250000000000018
-9.576748522550378 0.6167931526327841
-9.57216393732224 0.6144327874644491
-9.560247931400951 0.6071428571428585
-9.55305085744081 0.6036755427975544
-9.53571428571429 0.5947354486032994
-9.526245034067179 0.5892857142857153
-9.519539348701942 0.5860507268832453
-9.504638755673833 0.5776436774366642
-9.494518907924835 0.571428571428573
-9.467705862230668 0.5578268867318492
-9.456960243806343 0.5514650940958772
-9.446428571428577 0.5465062594981349
-9.427767916286186 0.5357142857142874
-9.410643475278116 0.5250141620872366
-9.395466178128308 0.5178571428571441
-9.36252337474879 0.5010761035211875
-9.360668087229584 0.5000000000000018
-9.359814980259829 0.4994655753766084
-9.357142857142861 0.4982020255566697
-9.329492592587098 0.48214285714285854
-9.314589755644835 0.472796334585321
-9.296613871002634 0.4642857142857153
-9.267857142857148 0.4495868917942225
-9.264041870719558 0.4471916258560906
-9.262431963545243 0.44642857142857295
-9.258949931002881 0.44464712905771986
-9.236770942057259 0.4285714285714297
-9.178571428571434 0.40051504711051233
-9.168972364991639 0.39477695557310355
-9.164932032552358 0.3928571428571441
-9.156204545455127 0.3883837662338827
-9.122677931853456 0.36832155648645326
-9.099170067092443 0.35714285714285765
-9.089285714285719 0.35207492742548663
-9.073872364278559 0.34236838428714744
-9.053382554737635 0.33210508237609826
-9.03510030091139 0.32142857142857206
-9.026635770970774 0.3161014172344183
-9.000269632543818 0.3035714285714288
-9.000000000000005 0.3034333712696231
-8.977012704724489 0.29031174476939015
-8.96961976924621 0.2857142857142865
-8.95247006932352 0.277363128992441
-8.948878758760852 0.2754900374664562
-8.936587597077226 0.2678571428571441
-8.929048622039222 0.26419027559215813
-8.910714285714292 0.25464180294365324
-8.902734683206223 0.2500000000000009
-8.8971479174978 0.24728672635670268
-8.88096958290198 0.2380917977053194
-8.871350423456526 0.23214285714285765
-8.84585091827732 0.21917018365546337
-8.839055886478015 0.2142857142857153
-8.833533270901915 0.21186477439104756
-8.821428571428577 0.2058772805990392
-8.786921374333133 0.18547286799051754
-8.77219417307893 0.17857142857142883
-8.739793256989607 0.16224436568363565
-8.737124240711196 0.16071428571428648
-8.735903696877571 0.15996211776734448
-8.732142857142863 0.15821495540556896
-8.705227350872192 0.14285714285714324
-8.689887549530399 0.13345106152249286
-8.671597879933413 0.125
-8.64285714285715 0.11073319583642505
-8.638422946860176 0.10802969634225246
-8.636491801227447 0.10714285714285765
-8.6321496326887 0.10500135510916753
-8.604091230206993 0.08928571428571441
-8.591482104118722 0.08170357917625726
-8.568770581731718 0.07142857142857117
-8.553571428571434 0.06404875139944011
-8.53941634747364 0.05640244479098744
-8.534546498109512 0.053571428571428825
-8.520013148532207 0.0468597725635842
-8.51398038703597 0.04363249402137903
-8.50019954854481 0.03571428571428559
-8.48927712154176 0.030716004263076968
-8.46428571428572 0.01861749910608168
-8.46287517636646 0.01785714285714235
-8.44028276416048 0.004800590025047846
-8.429205012846795 0.