-10.219684944217871 2.
-10.201926023590634 1.9903852047181259
-10.182180344498233 1.977849645386069
-10.16071428571429 1.9669878693968998
-10.156366529070965 1.9642857142857153
-10.136823839234761 1.9512066607244787
-10.127414026351614 1.946428571428573
-10.108200791758865 1.9359258726374877
-10.096447311108127 1.9285714285714306
-10.090718435079529 1.92471345584124
-10.071428571428577 1.9148530627932505
-10.064836675571481 1.9107142857142883
-10.045946599455158 1.89795353725183
-10.036009437590891 1.892857142857146
-10.015864138112832 1.8817442561939979
-10.005190745697556 1.8750000000000036
-9.99994928364245 1.8714387147000862
-9.982142857142861 1.8622497031304919
-9.974086021144151 1.857142857142862
-9.955653408807583 1.844583603952775
-9.924798208387761 1.8278167845346989
-9.914777608867684 1.8214285714285765
-9.909823024120252 1.818035395175956
-9.892857142857148 1.8092056769183893
-9.88404319449204 1.8035714285714333
-9.878641686963405 1.8007283373926848
-9.863900512604829 1.7915056117647543
-9.855550453846993 1.78571428571429
-9.834832718059639 1.7741094007547886
-9.82025797179328 1.764519834212778
-9.80282855746833 1.7500000000000044
-9.776564843574274 1.7375441741422932
-9.745739594340673 1.7205764902967093
-9.736002014559393 1.7142857142857189
-9.731136094157344 1.710915638311394
-9.714285714285719 1.7016166394604495
-9.68756364413955 1.6839158426006673
-9.677428118355081 1.6785714285714333
-9.65722569900492 1.6671594255152735
-9.647282140475927 1.66071428571429
-9.642297970611937 1.6572546915919038
-9.625000000000004 1.648122180288376
-9.616880641601622 1.6428571428571477
-9.611986397666302 1.6402544223904076
-9.596799987046545 1.6306400025906962
-9.588773088992589 1.6250000000000044
-9.574270115530435 1.6172888340367741
-9.567820192861054 1.613564038572214
-9.558676861208166 1.6071428571428612
-9.552319627101257 1.603821788865468
-9.53571428571429 1.5948919484973842
-9.526518338148652 1.5892857142857189
-9.52017683870217 1.5861782248832945
-9.505150545469494 1.5775413194775352
-9.495413413700252 1.5714285714285756
-9.469966145336864 1.5582789433530895
-9.458255705969087 1.5512060016633304
-9.446428571428577 1.545520136939368
-9.429822060912638 1.53571428571429
-9.412467148589927 1.524649427424877
-9.398372869795981 1.5178571428571468
-9.368360472247105 1.5022435230208524
-9.364579248636907 1.5000000000000036
-9.36280948305475 1.4988666748176254
-9.357142857142861 1.4961228249683929
-9.333636590881852 1.4821428571428612
-9.318007526227529 1.4721127804687848
-9.301880269759467 1.464285714285718
-9.267857142857148 1.4464714883874459
-9.267806239621425 1.4464387520757187
-9.267785310279736 1.4464285714285747
-9.267741059131195 1.4464053546833844
-9.244039822244241 1.4285714285714324
-9.178571428571434 1.3961806821041183
-9.174493760082001 1.3936726765550338
-9.17282770433514 1.3928571428571468
-9.169321105738007 1.3910070782904613
-9.130154843145919 1.3668261742279642
-9.110445108376213 1.3571428571428612
-9.089285714285719 1.3459439626139833
-9.081453172408482 1.340852222661165
-9.07159332061837 1.3357472355522475
-9.047938241539626 1.3214285714285747
-9.036681715309728 1.314092228366631
-9.015361028886888 1.3035714285714324
-9.000000000000005 1.2954122751793742
-8.987772869189108 1.2881597118764692
-8.984015896694332 1.2857142857142891
-8.97349021096789 1.2804123279078654
-8.964351338486635 1.2749868751598203
-8.953407881635123 1.267857142857146
-8.94127902228746 1.2617441955425122
-8.924858633382234 1.2528288695335918
-8.920519351717378 1.2500000000000036
-8.910714285714292 1.244783204314155
-8.894799491639546 1.2353258159578102
-8.889918552336654 1.2321428571428603
-8.877393687039623 1.2254787374079266
-8.862826262569175 1.214285714285717
-8.85007679376567 1.2085560698182984
-8.821428571428577 1.1944505794529965
-8.801607675658069 1.1825356077255336
-8.792944631128126 1.1785714285714315
-8.773664672361894 1.1690186487580947
-8.75891226856657 1.1607142857142883
-8.752298053563864 1.156683246430088
-8.732142857142863 1.1474313110052128
-8.72403006194408 1.142857142857146
-8.703996375923973 1.1306292962437814
-8.664614939273015 1.1114944164260336
-8.656921384891737 1.1071428571428603
-8.653457969341979 1.1050226918458943
-8.64285714285715 1.1001332393794838
-8.623709310332684 1.089285714285717
-8.609841584668423 1.0826826026479717
-8.603685949152455 1.0792628101695136
-8.590697576817467 1.0714285714285747
-8.55590847657034 1.0540388381712127
-8.55508601641059 1.0535714285714315
-8.554714267908826 1.0533428607039532
-8.553571428571434 1.0528132496682217
-8.523530497208009 1.0357142857142883
-8.506054446882334 1.0273605391949658
-8.502358255418024 1.0254716510836062
-8.489800143367177 1.017857142857146
-8.46428571428572 1.0050489666257514
-8.457632795548214 1.001330583747504
-8.455442077268742 1.0000000000000027
-8.449598462068382 0.9970625495565351
-8.41164832301489 0.9748131925398829
-8.389065923189246 0.9642857142857171
-8.375000000000007 0.9571965903408106
-8.360855107537391 0.9492575499210973
-8.356219836656397 0.9464285714285738
-8.342846092359645 0.9399977899005005
-8.336290173421606 0.9363133938871107
-8.323623818057818 0.9285714285714306
-8.314383217239762 0.9228376422663365
-8.285714285714292 0.9086780414293729
-8.265671917503608 0.8968656164992819
-8.257117367545545 0.892857142857145
-8.23844158366687 0.8834026024476609
-8.223857381728331 0.8750000000000018
-8.217186518846082 0.8708484105165013
-8.196428571428577 0.8611018999295288
-8.18956360604489 0.8571428571428594
-8.184712286929221 0.8547996002429885
-8.167494410652079 0.845072546441016
-8.158082289173032 0.8392857142857171
-8.14317261189669 0.8320797633349519
-8.132317884792766 0.8264635769585551
-8.12413469146652 0.8214285714285738
-8.119162960736194 0.8190245507099077
-8.107142857142863 0.8128023322166671
-8.091169481248052 0.8035714285714306
-8.072950492489442 0.7925527586449723
-8.05792868198947 0.7857142857142883
-8.023896052741986 0.7690649248341126
-8.020756773139532 0.767277216800669
-8.01785714285715 0.7659647652802928
-7.9891407965970185 0.7500000000000018
-7.9740421151625025 0.7409058626817888
-7.954706997002784 0.7321428571428594
-7.928571428571434 0.7193109677423601
-7.921835106324608 0.7156329787350817
-7.919555857314943 0.7142857142857162
-7.9133718341418104 0.7112457953997913
-7.875006059584711 0.6892845023687748
-7.851461375906875 0.6785714285714306
-7.83928571428572 0.6725714788525918
-7.824561183555292 0.6636591918603729
-7.803654139073617 0.6535879706718672
-7.788038951156279 0.6428571428571441
-7.775950483628764 0.6376670461313925
-7.750000000000005 0.6251353498850465
-7.7267965812360435 0.6117835408956509
-7.716651376242293 0.6071428571428585
-7.694057008651865 0.5959542588732303
-7.676890509815142 0.5860504694655448
-7.660714285714292 0.5786316792556763
-7.647926900427921 0.571428571428573
-7.629030657429067 0.5599081542284754
-7.584597778180065 0.5383481270645847
-7.579933835218152 0.5357142857142874
-7.5778365152099525 0.534432696958012
-7.571428571428577 0.5314828555443079
-7.547329746458521 0.5178571428571441
-7.529820225764347 0.5095354737242985
-7.528211043646221 0.5086435055564733
-7.513840823519783 0.5000000000000018
-7.482142857142863 0.48419648597478027
-7.479422514391649 0.482686925693101
-7.478519118320678 0.48214285714285854
-7.475894573813115 0.48089320047690887
-7.455566413817295 0.46960100295082885
-7.446751128932424 0.4642857142857153
-7.43081893534827 0.4566933557874915
-7.422174817356643 0.4522921063284713
-7.412461013461975 0.44642857142857295
-7.406668859583285 0.44366622808334544
-7.3928571428571495 0.4366277969855483
-7.382208158265623 0.43070122548973533
-7.378683392937961 0.4285714285714297
-7.369244291497008 0.4238488582994009
-7.335704296381134 0.40428771215234693
-7.311042077853578 0.3928571428571441
-7.303571428571435 0.3891148862707503
-7.286258110631657 0.3784626635879569
-7.278791615627899 0.3750000000000009
-7.262334319284453 0.366752578142604
-7.245471469262939 0.35714285714285765
-7.237825104176395 0.3524349791647232
-7.214285714285721 0.3415099132307686
-7.210383963515921 0.3392857142857153
-7.189450907954023 0.32639553269491195
-7.178750497986522 0.32142857142857206
-7.155164770204779 0.30960438261238377
-7.1445825870821364 0.3035714285714288
-7.139780618755964 0.30061530482023713
-7.125000000000006 0.29375647383751957
-7.11088983655427 0.2857142857142865
-7.092449220182305 0.27436729882068445
-7.047420401980697 0.252341223253282
-7.04330757641076 0.2500000000000009
-7.0414426091687305 0.2488543353091135
-7.035714285714292 0.2462022051893662
-7.010990680015383 0.23214285714285765
-6.993126241156276 0.2236252482312544
-6.992039295375374 0.22302071235349885
-6.977558689567815 0.2142857142857153
-6.946428571428577 0.19875987639171733
-6.943559546073337 0.19700237649962027
-6.939554502839847 0.19505375771082623
-6.9104207297965985 0.17857142857142883
-6.897265360085281 0.17054692798294546
-6.875864879488947 0.16071428571428648
-6.857142857142863 0.15144197550525185
-6.84571566037358 0.14514258221100018
-6.841885119408133 0.14285714285714324
-6.830666265537803 0.13756182453613075
-6.820970123777285 0.13223454667311518
-6.808794903593988 0.125
-6.796583442421985 0.1192547400870323
-6.7754251115339015 0.10865645087820841
-6.772865763691863 0.10714285714285765
-6.767857142857149 0.10469004329816478
-6.747176014942766 0.09342193986859115
-6.7401440812873314 0.08928571428571441
-6.721674111781064 0.08066517764378833
-6.7195937817500635 0.07963304206429633
-6.705558680368606 0.07142857142857117
-6.69877120701408 0.06738861574004229
-6.678571428571434 0.05835059457272784
-6.669875131928638 0.053571428571428825
-6.6632344894596685 0.05050404074907622
-6.647293544730321 0.04196986248250845
-6.636430447557459 0.03571428571428559
-6.622123221418686 0.029146784287691574
-6.6056361143685525 0.021127222873708718
-6.599906215351776 0.01785714285714235
-6.596667331017696 0.016380819510747102
-6.58928571428572 0.012820154933383066
-6.565406661851464 0.