-8.977583819491675 0.
-8.983441445180581 0.0033117109638851616
-9.000000000000005 0.012049238977643206
-9.012232429489579 0.01785714285714235
-9.036219597520901 0.028470366210106235
-9.048516487496235 0.03571428571428559
-9.076337795916722 0.05098184489762936
-9.084023689181969 0.054623833592178705
-9.089285714285719 0.05777685593356008
-9.117268630899922 0.07142857142857117
-9.131611855617074 0.07989379969484212
-9.132935192731303 0.0805558185965971
-9.151495924549632 0.08928571428571441
-9.178571428571434 0.1044920975920629
-9.182604426196669 0.1063362576178104
-9.183932628077633 0.10714285714285765
-9.186870329069032 0.10880263724237693
-9.234065530262683 0.13175832251889297
-9.252153911979134 0.14285714285714324
-9.267857142857148 0.15181594213777938
-9.281248249754292 0.1580360643348575
-9.28559481955697 0.16071428571428648
-9.295112355450946 0.16616532823304642
-9.319753575881766 0.17857142857142883
-9.330950553278461 0.18380988934430942
-9.351293990444006 0.19642857142857206
-9.357142857142861 0.19979887145096153
-9.37879268861819 0.20995574799064975
-9.385755449436854 0.2142857142857153
-9.400912381916616 0.223039619240466
-9.41885369323549 0.23214285714285765
-9.427071517111239 0.23601426800632552
-9.446428571428577 0.2480984329493907
-9.45016991465066 0.2500000000000009
-9.475637829721302 0.26201529119859934
-9.50526950545127 0.2796253296616822
-9.517221117618261 0.2857142857142865
-9.521738916950065 0.2885093594671311
-9.53571428571429 0.2964504930182077
-9.545606421622733 0.3015930013897403
-9.54968159917265 0.3035714285714288
-9.556348030447298 0.30769817751802986
-9.569684495610947 0.31463452944923986
-9.583674258764043 0.32142857142857206
-9.593763274292028 0.3276759165701675
-9.608312511699397 0.33594821662559404
-9.615184042344849 0.3392857142857153
-9.617580416030734 0.3407696310795689
-9.625000000000004 0.34498794122155285
-9.648826990983002 0.35714285714285765
-9.668284372798688 0.36634312544026404
-9.682104068243886 0.3750000000000009
-9.712119394420977 0.3924238788841956
-9.71296928025896 0.3928571428571441
-9.713360887596393 0.39304210819500973
-9.714285714285719 0.39359163220222815
-9.764424920782602 0.4185435872720529
-9.780461249487475 0.4285714285714297
-9.803571428571434 0.4419551889612583
-9.810233105479346 0.44509623604699033
-9.817012257103936 0.44911673713507305
-9.846862116094504 0.4642857142857153
-9.860582584082206 0.4707406260407039
-9.892857142857148 0.4898366777236056
-9.90746505167534 0.497078418236363
-9.914133305602737 0.5000000000000018
-9.922413057187626 0.5059111828660976
-9.946003244241119 0.5178571428571441
-9.956814376774027 0.5229228389309117
-9.97740728006953 0.5357142857142874
-9.982142857142861 0.538435617766484
-10.004805732305734 0.549038853538856
-10.028149122804816 0.5627726817038212
-10.045312719493744 0.571428571428573
-10.051763008453138 0.5753616840236608
-10.071428571428577 0.586389591019044
-10.077179650160542 0.5892857142857153
-10.102277787064414 0.6009730140156906
-10.112267914170353 0.6071428571428585
-10.134283032722765 0.6197137494016962
-10.14481197847842 0.6250000000000018
-10.149600857093839 0.6272226857240915
-10.16071428571429 0.6340653937553649
-10.178252329567187 0.6428571428571441
-10.199883990801663 0.6528803446968121
-10.212627105422856 0.6607142857142874
-10.240828378237326 0.676737104218895
-10.244498883406717 0.6785714285714306
-10.246161335199936 0.6793391615314439
-10.250000000000004 0.6815683967976911
-10.297612950042563 0.7047631242772043
-10.319646696953772 0.7142857142857162
-10.343976096067614 0.7312047807864808
-10.345511563569127 0.7321428571428594
-10.3489290056908 0.7340715154238762
-10.381000582518729 0.7500000000000018
-10.395443640395934 0.7566255576351022
-10.428571428571432 0.7757376539622207
-10.44315438448752 0.7827976945310704
-10.44795029825526 0.7857142857142883
-10.457733046327528 0.7915466092655077
-10.466488273530125 0.7959880595796918
-10.482253015845798 0.8035714285714306
-10.490774923587344 0.8089878724253907
-10.509194382320509 0.8196960193212464
-10.512695269415861 0.8214285714285738
-10.517857142857146 0.8244950676821068
-10.539491331696082 0.8349588765179297
-10.560680736096982 0.8478504329336838
-10.57853291832132 0.8571428571428594
-10.585391392769223 0.8614931500175871
-10.607142857142861 0.8741138188927753
-10.608846629855709 0.8750000000000018
-10.60963247545502 0.8754979236624338
-10.632724949874932 0.8877407243107305
-10.643090074816156 0.892857142857145
-10.655899884634522 0.9009628802159559
-10.660242241381152 0.9034770197048037
-10.67491886755014 0.9107142857142883
-10.680090512617697 0.9139818974764635
-10.696428571428575 0.9234288506791026
-10.706347802636117 0.9285714285714306
-10.72967174558816 0.9397799365966568
-10.740125793530716 0.9464285714285738
-10.762569976619906 0.9596568524668401
-10.771523497143487 0.9642857142857171
-10.77570339514658 0.9662878923992588
-10.785714285714288 0.9726356657070179
-10.804130014696621 0.9821428571428594
-10.82502862900089 0.9921371313426821
-10.837446962440577 1.0000000000000027
-10.846537880587535 1.005692423882497
-10.86385652498987 1.0156284478551196
-10.868411679249823 1.017857142857146
-10.870009154627175 1.0188553119317119
-10.875000000000004 1.0217134198528264
-10.902252188893883 1.0357142857142883
-10.920615182240264 1.0444483921233791
-10.964285714285717 1.0705629892919406
-10.965520715732568 1.0711815711392045
-10.966080069884839 1.0714285714285747
-10.966765018932877 1.0719244323580064
-11.000733724414461 1.089285714285717
-11.013626551325311 1.0972746897349408
-11.018724651508663 1.100173501730306
-11.033078449008423 1.1071428571428603
-11.05357142857143 1.1190265835893145
-11.061874091997062 1.123339467314877
-11.065298668945884 1.1250000000000036
-11.07092226074381 1.1284701664344796
-11.08611692184663 1.136348044202106
-11.099563258439426 1.142857142857146
-11.110178945823279 1.1493927822639192
-11.123273050572482 1.1567974672573555
-11.13137783337894 1.1607142857142883
-11.142857142857146 1.167333658722554
-11.159642997970687 1.1752142575487232
-11.165034067807733 1.1785714285714315
-11.176836664359309 1.1853673328718637
-11.208181049336034 1.2012209329899397
-11.227769553455527 1.214285714285717
-11.232142857142861 1.2170593958945712
-11.253198242805793 1.227931780010274
-11.271944406360886 1.240103166986466
-11.289823323572493 1.2500000000000036
-11.298648733143445 1.25455596765703
-11.321428571428575 1.2693333786313028
-11.352983802814691 1.2857142857142891
-11.3632841382129 1.2940853990711547
-11.380458127123964 1.3035714285714324
-11.387317932492712 1.3082506992157477
-11.407699573614977 1.3208256290087128
-11.408858300544987 1.3214285714285747
-11.410714285714288 1.3225991415612492
-11.434101332244552 1.3346083049796649
-11.441022033604353 1.339285714285718
-11.455148004571805 1.3481724580572214
-11.471470068604631 1.3571428571428612
-11.477973456513961 1.3615481658400697
-11.499873842827991 1.3749747685656013
-11.49992259114734 1.3750000000000036
-11.500000000000004 1.3750484770903668
-11.525087186737338 1.3878397055096796
-11.532564025948988 1.3928571428571468
-11.547924209156259 1.402441984688398
-11.570495976195438 1.4144722333323454
-11.589285714285717 1.427017129750367
-11.59214510716995 1.4285714285714324
-11.616657621764237 1.4409541899328708
-11.624891854606682 1.4464285714285747
-11.641944148969227 1.4569602583652772
-11.65549620475655 1.464285714285718
-11.662069794510414 1.4675860410979213
-11.67857142857143 1.4779644155660874
-11.7089438240091 1.4939255209124696
-11.722241894897467 1.5000000000000036
-11.737501328757869 1.511785980037292
-11.74885617486802 1.5178571428571468
-11.753307606383355 1.520767050151905
-11.767857142857146 1.5294092364388057
-11.779715781046582 1.53571428571429
-11.784998069904582 1.5391424711237773
-11.799839378458687 1.547174981451124
-11.812594733855846 1.5535714285714324
-11.823122904075953 1.5603754191848136
-11.834076859037244 1.5668153718074525
-11.84330445358521 1.5714285714285756
-11.846585516550272 1.573540039547093
-11.85714285714286 1.5797239329997366
-11.875371097869467 1.5892857142857189
-11.89531918854042 1.5995075908633494
-11.906667604500159 1.6071428571428612
-11.927097787348854 1.6211338431840607
-11.936982018769978 1.6268893105317233
-11.946428571428573 1.6338076042048124
-11.96160559198 1.6428571428571477
-11.981104676048524 1.6537790647903003
-12.008543485240057 1.6731372684765873
-12.017623773265905 1.6785714285714333
-12.022373747514438 1.681239536211403
-12.035714285714288 1.6906809433257433
-12.07767277314021 1.7142857142857189
-12.089148941022035 1.7249726453472682
-12.101065239872739 1.7321428571428612
-12.106045405686368 1.735933776005588
-12.125000000000002 1.7487964822678341
-12.126991123709626 1.7500000000000044
-12.149757296091337 1.7629056836388806
-12.156385431123539 1.7678571428571477
-12.168921022077942 1.7766413472727356
-12.183911619034868 1.78571428571429
-12.190192541442757 1.7905329202828817
-12.207174327910954 1.8021491512964811
-12.209686994542842 1.8035714285714333
-12.214285714285715 1.8067976275694502
-12.233258010862698 1.81763411211318
-12.238279291323716 1.8214285714285765
-12.247716602209298 1.8281147490132925
-12.27576437673353 1.844847124653299
-12.292003061194357 1.857142857142862
-12.30357142857143 1.8653484850306947
-12.315188755623053 1.8726765345896794
-12.319216595476549 1.8750000000000036
-12.32453809307398 1.8791933329005133
-12.335933923707909 1.8863846438298504
-12.347146503801076 1.892857142857146
-12.356394240059517 1.9001497234166713
-12.362892444006837 1.9047213459442265
-12.373268632741901 1.9107142857142883
-12.392857142857144 1.9248436269793263
-12.39759226649003 1.9276244038448533
-12.398795437009662 1.9285714285714306
-12.400749818427373 1.9301499636854764
-12.418205705311765 1.9413588589376491
-12.42683212189305 1.946428571428573
-12.437798173055356 1.9552975082460735
-12.43802687568349 1.9554625179938423
-12.453025442854628 1.9642857142857153
-12.458793048781619 1.9689556759579627
-12.47509039492648 1.9807323646995822
-12.47748605180248 1.9821428571428577
-12.478407758174354 1.9828898769365582
-12.482142857142858 1.9855926752860302
-12.504466415569564 2.