-11.724891244243441 2.
-11.710583845456462 1.9935975166229944
-11.67857142857143 1.9772972911205127
-11.662473478814078 1.9675053042371857
-11.655815748450465 1.9642857142857153
-11.64168849325384 1.9569091272221977
-11.62410764669129 1.946428571428573
-11.615851495538498 1.9411154151780163
-11.590041370661739 1.9285714285714306
-11.589285714285717 1.928175043151013
-11.568604629493295 1.9148505026727722
-11.542166622981691 1.9012904674534834
-11.52810811163578 1.892857142857146
-11.521472378802176 1.8885626670967115
-11.500000000000004 1.8780597114399074
-11.49490711925678 1.8750000000000036
-11.491512019263824 1.873302403852768
-11.473178328132246 1.8625071915164133
-11.464866256467388 1.857142857142862
-11.443466215924442 1.84583610032775
-11.427465234040259 1.835935524620525
-11.410714285714288 1.8276912627151356
-11.400354207282643 1.8214285714285765
-11.38181787782456 1.8093507101493795
-11.370094043504663 1.8035714285714333
-11.345565890776399 1.7905417495838547
-11.339271128794483 1.78571428571429
-11.333822819149235 1.7832354361701581
-11.321428571428575 1.7767818123054768
-11.288887192409081 1.7565082758039035
-11.275754952329338 1.7500000000000044
-11.248376617722952 1.7353896092588794
-11.240506355423754 1.7304701574866828
-11.232142857142861 1.7263122215572455
-11.21244748738721 1.7142857142857189
-11.19620979052905 1.7036151847513388
-11.15173005155987 1.680346010311978
-11.148830801287692 1.6785714285714333
-11.147438874740129 1.6776550821948373
-11.142857142857146 1.6753705659227487
-11.118925438794365 1.66071428571429
-11.103360124696815 1.6528148820822244
-11.100783961873937 1.651271779053789
-11.087999744068721 1.6428571428571477
-11.078269654583904 1.6379174976546533
-11.055304664028819 1.6253466470914821
-11.05477816065581 1.6250000000000044
-11.054437134498995 1.6248268588144912
-11.05357142857143 1.6243529830945356
-11.025489673039768 1.6071428571428612
-11.008020722468023 1.5983958555064
-11.006876144984199 1.5978038004254156
-10.992712234325131 1.5892857142857189
-10.984299473420403 1.5852829624587814
-10.964285714285717 1.5751090993227663
-10.959411043284097 1.5724035056288992
-10.957792912323928 1.5714285714285756
-10.953456769695814 1.5692627825105951
-10.913345685579504 1.5459022914555325
-10.891346879467234 1.53571428571429
-10.875000000000004 1.5275223176968575
-10.863148383172518 1.5202274662226438
-10.858038917112843 1.5178571428571468
-10.846803678242788 1.5122178785057034
-10.825401569671259 1.5000000000000036
-10.815693022686418 1.4940042526055777
-10.790216745651271 1.4821428571428612
-10.785714285714288 1.4798753932324509
-10.766668841223208 1.4680948031839343
-10.758501719636788 1.464285714285718
-10.740622681650372 1.4552673934729343
-10.725221700564099 1.4464285714285747
-10.718204113721379 1.442073462970014
-10.696428571428575 1.4318811710694392
-10.690671441863035 1.4285714285714324
-10.67033747285402 1.4159325054292005
-10.634947423438447 1.398418056116264
-10.625308104136284 1.3928571428571468
-10.620896574966922 1.3901063992923346
-10.607142857142861 1.3836357974204843
-10.592197969966117 1.3750000000000036
-10.58167483844666 1.3699063962607632
-10.571667543199906 1.364237919931452
-10.56016658070047 1.3571428571428612
-10.52977457386515 1.3416692004873187
-10.523773578594515 1.338102427138244
-10.517857142857146 1.3353058453293256
-10.493954184045814 1.3214285714285747
-10.477231098588724 1.3133033625748904
-10.475141568262282 1.312114543490405
-10.461363270185299 1.3035714285714324
-10.428571428571432 1.2868096676848202
-10.42714825875334 1.2859989196779074
-10.426689878495868 1.2857142857142891
-10.425378329098281 1.285075665819659
-10.40385650931312 1.272800126708808
-10.395907247615252 1.267857142857146
-10.379432808042685 1.2598277241057527
-10.373856300563242 1.2569141172555076
-10.362750917596394 1.2500000000000036
-10.339285714285719 1.2379684684836976
-10.33173524741256 1.2336529505174925
-10.329312323756442 1.2321428571428603
-10.322942158816963 1.228874146049109
-10.302903340837076 1.214285714285717
-10.286361784713838 1.2070133573429507
-10.250000000000004 1.1892982824939935
-10.236393888923098 1.181292650786813
-10.230434276908012 1.1785714285714315
-10.217146413342295 1.1720007112398898
-10.197053414176844 1.1607142857142883
-10.188061329099272 1.1552448770372923
-10.161016485184554 1.142857142857146
-10.16071428571429 1.1427072694804998
-10.138830147092882 1.1293768277242853
-10.129289798467012 1.1250000000000036
-10.108105326413135 1.1144782081397722
-10.095108416781125 1.1071428571428603
-10.089268429329481 1.1035748855626792
-10.071428571428577 1.0953640826501676
-10.06067608629531 1.089285714285717
-10.05286514262 1.085573028524002
-10.039037444764434 1.077906796761403
-10.028271518307282 1.0714285714285747
-9.99939520765843 1.0570218986745452
-9.993311187084378 1.0535714285714315
-9.990566137628953 1.0518867724742131
-9.982142857142861 1.0479910736440052
-9.960530747545668 1.0357142857142883
-9.944939478355595 1.0282736099568357
-9.941008669114217 1.0260839804628743
-9.927411629858257 1.017857142857146
-9.892857142857148 1.000540383121118
-9.892144151622853 1.0001425982468612
-9.891908893648548 1.0000000000000027
-9.891280651637672 0.9996847017561077
-9.846605087680864 0.9735361253209733
-9.826730120918361 0.9642857142857171
-9.803571428571434 0.9526298289287221
-9.795416726102232 0.9480595119224144
-9.792740081362373 0.9464285714285738
-9.785011932672312 0.942716672248749
-9.771306641051826 0.9350243860753524
-9.760733882364525 0.9285714285714306
-9.749402912567408 0.9215479889150933
-9.714285714285719 0.9042200027651015
-9.6998792317776 0.8957384393587686
-9.693724303465839 0.892857142857145
-9.680281146409381 0.8860562292818779
-9.661077024964802 0.8750000000000018
-9.65229990318153 0.8695400193636962
-9.6258838920426 0.8571428571428594
-9.625000000000004 0.8566947275093701
-9.602237358143894 0.8438382426569389
-9.594831562351375 0.8392857142857171
-9.577528550907235 0.830922861247128
-9.573964517595266 0.82907861780477
-9.56153371279723 0.8214285714285738
-9.55398069736998 0.817775289097435
-9.53571428571429 0.8083153118165844
-9.52750914101092 0.8035714285714306
-9.507465438224429 0.7913640552122603
-9.495148413294167 0.7857142857142883
-9.467505867832351 0.7720726021379001
-9.456625117743807 0.7658178335940988
-9.446428571428577 0.7611577990553435
-9.426551494290791 0.7500000000000018
-9.409367668698371 0.7395550376889002
-9.393173801920181 0.7321428571428594
-9.357142857142861 0.7142867439147613
-9.357141486830205 0.7142859883482471
-9.357141028460614 0.7142857142857162
-9.357139794024137 0.7142851016619716
-9.31125478920317 0.6877490421593686
-9.29129535068823 0.6785714285714306
-9.267857142857148 0.666906656844227
-9.260224269455577 0.6622408603946015
-9.2495712346752 0.6570571040778974
-9.229209651493159 0.6428571428571441
-9.213204769288682 0.6359304747136951
-9.178571428571434 0.6190305347201752
-9.163365962960665 0.6101839502650126
-9.156792073932886 0.6071428571428585
-9.142294130393195 0.599887397507211
-9.115231773299415 0.5840965024829758
-9.089285714285719 0.5720589007132446
-9.08817956962998 0.571428571428573
-9.066574618672284 0.5581136476941175
-9.035310784289464 0.5427764425721797
-9.022951666361582 0.5357142857142874
-9.01733866023611 0.5322465536670666
-9.000000000000005 0.5241697016020606
-8.988966968364823 0.5178571428571441
-8.981085417836027 0.5140742264243485
-8.967558077309631 0.506488384538077
-8.956915554189736 0.5000000000000018
-8.943335679609701 0.4934757212209204
-8.928019555607818 0.4856039111215642
-8.922349871210805 0.48214285714285854
-8.918932012121358 0.4804993118614451
-8.910714285714292 0.4762715365866619
-8.88983754906653 0.4642857142857153
-8.873159039768822 0.4539396206176667
-8.857105748757336 0.44642857142857295
-8.822003717907817 0.4286864578672773
-8.821842150621702 0.4285714285714297
-8.82171235861903 0.42851467113333896
-8.821428571428577 0.42837439801317956
-8.776469676349224 0.4018489218730146
-8.757292369868413 0.3928571428571441
-8.732142857142863 0.3801257136535865
-8.725905508400402 0.37624746974849277
-8.72324602736764 0.3750000000000009
-8.717437405331694 0.3720589096377669
-8.691552776679766 0.35714285714285765
-8.67970332004763 0.3497736217047622
-8.657349089106543 0.3392857142857153
-8.64285714285715 0.3319494472679345
-8.630054557308933 0.32398908853821595
-8.62459578741366 0.32142857142857206
-8.612660544548627 0.3153892517668675
-8.592138244102763 0.3035714285714288
-8.582743906130789 0.29773693305955806
-8.55708107870163 0.2857142857142865
-8.553571428571434 0.28394138601579666
-8.533967209476815 0.2717779866760681
-8.5072090619973 0.2585846695423166
-8.492252842172183 0.2500000000000009
-8.48541999977423 0.24577314290229868
-8.46428571428572 0.23591430695891003
-8.457703257743729 0.23214285714285765
-8.452993516438843 0.22988441757348177
-8.435437328479933 0.22005539144687258
-8.425942072632367 0.2142857142857153
-8.400496997989098 0.20152797102639042
-8.387486332882666 0.19393130485204058
-8.375000000000007 0.1881532231112395
-8.358141662256768 0.17857142857142883
-8.345921437702422 0.17275571611191243
-8.337672821085937 0.1681797214971006
-8.32524782082651 0.16071428571428648
-8.313521574519635 0.15515282795321816
-8.291476604420351 0.14400960659835516
-8.28954879605883 0.14285714285714324
-8.288598114733153 0.14228037705337115
-8.285714285714292 0.14089402941426687
-8.242119752259326 0.11586176383385016
-8.222923243320887 0.10714285714285765
-8.196428571428577 0.09420218741222453
-8.190282283211559 0.09051497192911828
-8.187558238393747 0.08928571428571441
-8.18086500718429 0.08617300143685735
-8.165138016164946 0.07768668248129718
-8.154366834957532 0.07142857142857117
-8.142431179769991 0.06437090690314573
-8.118122273659226 0.053571428571428825
-8.107142857142863 0.048330974941916516
-8.089871982933674 0.039168460556123996
-8.083804195331583 0.03571428571428559
-8.06547321538078 0.027380357361868057
-8.063833249904427 0.02651906430482942
-8.04843204230334 0.01785714285714235
-8.039029376305983 0.013622696167375992
-8.01785714285715 0.0035594855116443114
-8.01112474773766 0.