-8.692491394030307 0.
-8.702562971130929 0.005915977202387346
-8.720063495277492 0.01544127048406807
-8.72522181228149 0.01785714285714235
-8.726972018011994 0.018891310683316398
-8.732142857142863 0.02171957290043469
-8.760614957488917 0.03571428571428559
-8.775068625241218 0.0442994393339573
-8.776046006312498 0.0447907987375018
-8.79465033103636 0.053571428571428825
-8.821428571428577 0.06864248342540691
-8.825661256996748 0.07058203431493659
-8.827052504763632 0.07142857142857117
-8.82987021191706 0.07311689952626743
-8.850370681119216 0.08349729234758563
-8.86256158971122 0.08928571428571441
-8.874579730295249 0.09651262536952387
-8.88416798054731 0.10183359610946141
-8.895322375561502 0.10714285714285765
-8.910714285714292 0.11588601979953062
-8.923566268793024 0.12242960338425402
-8.928954978243278 0.125
-8.937965473665127 0.13045023759016683
-8.947759718539269 0.13544805629214718
-8.963263899157837 0.14285714285714324
-8.972376228084418 0.1483818972402613
-8.991355578145587 0.15898540134340333
-8.99496769574297 0.16071428571428648
-9.000000000000005 0.16359008178905032
-9.022518621047555 0.17406770436191898
-9.029816230956314 0.17857142857142883
-9.045832587280493 0.1877379460275268
-9.07096140361239 0.2000934335632376
-9.089285714285719 0.21143012801081174
-9.09495534861327 0.2142857142857153
-9.120028842859643 0.22599423142807318
-9.151707453636895 0.2446272050130931
-9.162356738117692 0.2500000000000009
-9.16721383914023 0.2522715178862418
-9.178571428571434 0.2589604719981011
-9.23483337539776 0.2857142857142865
-9.25682856398906 0.30136571279781155
-9.261194057522811 0.3035714285714288
-9.263188263704679 0.30450520440192275
-9.267857142857148 0.3074034851911085
-9.295607339685533 0.32142857142857206
-9.314021525481039 0.3300528377609364
-9.328891815813837 0.3392857142857153
-9.357142857142861 0.3555397056267724
-9.359541175084884 0.35666319355445264
-9.360313556281339 0.35714285714285765
-9.362002647559802 0.3581148152262461
-9.39539465608391 0.3750000000000009
-9.410662145205661 0.38215328524458414
-9.427895288073138 0.3928571428571441
-9.446428571428577 0.40352291446908684
-9.457185141266773 0.40856297174664746
-9.468222191847929 0.41507300979815653
-9.494913082010909 0.4285714285714297
-9.504954282399451 0.4347234292343982
-9.520235716470989 0.4433328575799127
-9.526659144302753 0.44642857142857295
-9.53571428571429 0.45164006908460674
-9.553385156301358 0.4607515401683022
-9.560718285589147 0.4642857142857153
-9.572835363577491 0.47170992985835536
-9.57703962397114 0.47387778949148807
-9.594188514225404 0.48214285714285854
-9.601770666397545 0.48678872386335037
-9.625000000000004 0.49987718480604837
-9.625242823424593 0.5000000000000018
-9.651876367879813 0.5124818692811823
-9.660528453296127 0.5178571428571441
-9.679442162337574 0.5287455753246588
-9.693217710952108 0.5357142857142874
-9.699518058288927 0.5386678169136463
-9.714285714285719 0.5473838024852036
-9.74891633277571 0.5645024477305753
-9.760059390142612 0.571428571428573
-9.77075946288662 0.5779909645655357
-9.783762512357164 0.5853239310428613
-9.791975881791375 0.5892857142857153
-9.794826521935377 0.5910346956129269
-9.803571428571434 0.5959680758752111
-9.825640257084636 0.6071428571428585
-9.845723026732381 0.616569680367812
-9.888834793300905 0.642052672945896
-9.890422115192974 0.6428571428571441
-9.89101997144388 0.6432245771397973
-9.892857142857148 0.6442626206989885
-9.915802083238017 0.6561252976381127
-9.925299866176136 0.6607142857142874
-9.942261187832992 0.6686906195762612
-9.958114708131102 0.6785714285714306
-9.982142857142861 0.6924615719296163
-9.98805797942756 0.6952455469716332
-9.994081080266495 0.6988162160532996
-10.02451727789804 0.7142857142857162
-10.036001463023517 0.7213711359667281
-10.046045952574042 0.7270663333719529
-10.056521225167014 0.7321428571428594
-10.071428571428577 0.7407878449318934
-10.085134077687082 0.7472588987483011
-10.089515783765572 0.7500000000000018
-10.099018144056139 0.7555179145255142
-10.123215552397829 0.767857142857145
-10.134351669297892 0.7731296661404246
-10.154416747211325 0.7857142857142883
-10.16071428571429 0.7893824447356854
-10.181758852609185 0.7993625151924517
-10.18845939200164 0.8035714285714306
-10.202927861452864 0.8120141437191455
-10.221306548259566 0.8214285714285738
-10.229795708057278 0.8254694298171188
-10.250000000000004 0.8375919619357353
-10.277860177532293 0.8515708216364022
-10.290439925080904 0.8571428571428594
-10.305625724527504 0.8682680020483593
-10.318689738947844 0.8750000000000018
-10.32475321090722 0.8779065006757012
-10.339285714285719 0.8871263626331665
-10.350380357376634 0.892857142857145
-10.355537845913348 0.8961075691826714
-10.371134156034412 0.9043445973645499
-10.384067038606085 0.9107142857142883
-10.394760929430765 0.9174763855424217
-10.406179234575552 0.9240929897722543
-10.415249404009984 0.9285714285714306
-10.418441779189125 0.9305973584478924
-10.428571428571432 0.936485839660925
-10.44766043397827 0.9464285714285738
-10.46814462182974 0.9563710756340553
-10.480475573097266 0.9642857142857171
-10.506529435718054 0.9798773157150409
-10.51288335135787 0.9831376154427147
-10.517857142857146 0.9863533458225664
-10.543782102782806 1.0000000000000027
-10.56211130289947 1.0090063108486813
-10.604231196257595 1.0351319535372348
-10.605328135387834 1.0357142857142883
-10.605849442384805 1.0359729686658996
-10.607142857142861 1.0367834905106923
-10.655107404691329 1.061835661918881
-10.676078313350676 1.0714285714285747
-10.698366584384205 1.0888981116945908
-10.6989518240022 1.089285714285717
-10.700151691391778 1.0900303382783578
-10.731701178423336 1.1071428571428603
-10.746943383384567 1.114897037608805
-10.762009766206031 1.1250000000000036
-10.785714285714288 1.1399239542706257
-10.789830536308331 1.142033892738337
-10.791049603836008 1.142857142857146
-10.793255433779436 1.1443653724701752
-10.812639913750218 1.1553291601071027
-10.82292880722188 1.1607142857142883
-10.834622829735125 1.1687897197672639
-10.838630299441363 1.171297488459703
-10.852426456969564 1.1785714285714315
-10.875000000000004 1.193163531760864
-10.879495443942565 1.1955294826400626
-10.88353625360954 1.1981358221504816
-10.913217196301053 1.214285714285717
-10.927749781391917 1.2215929008644775
-10.94365709315865 1.2321428571428603
-10.964285714285717 1.2449196858678881
-10.971034466970774 1.248650249462992
-10.973668810932732 1.2500000000000036
-10.97767769431386 1.2526783960056322
-10.994246354148661 1.261865014884557
-11.005909978731783 1.267857142857146
-11.016857108319503 1.2752000069075313
-11.024603809436297 1.2799207618872623
-11.035847628294064 1.2857142857142891
-11.05357142857143 1.2968072282924954
-11.063104236717546 1.3016648669422093
-11.06594416130427 1.3035714285714324
-11.071721180626524 1.3072013789824508
-11.097643583263087 1.3214285714285747
-11.11030713178336 1.3279385736433325
-11.142857142857146 1.3490438640762354
-11.153806987544728 1.3549528882053448
-11.157029628516495 1.3571428571428612
-11.162839612976532 1.361139351166738
-11.175678715433675 1.3684356854846982
-11.188182708304481 1.3750000000000036
-11.198034216744373 1.381821728079701
-11.20791785206889 1.3880121418423528
-11.21710153023571 1.3928571428571468
-11.232142857142861 1.402562510301128
-11.243381427068705 1.4084665717291216
-11.253095342037495 1.4149047826932168
-11.277241575278197 1.4285714285714324
-11.28929722229705 1.434997698397737
-11.30564508995352 1.4464285714285747
-11.321428571428575 1.4568336755383786
-11.331543565183201 1.4622627155347923
-11.335750797249013 1.464285714285718
-11.340021967926283 1.46800439358526
-11.376851375666263 1.488915439152466
-11.392348481701253 1.5000000000000036
-11.410714285714288 1.5124373325592906
-11.41792767192951 1.516414465614102
-11.423750887530224 1.5204644632203337
-11.454592598701941 1.53571428571429
-11.500000000000004 1.5698121221650005
-11.502048281257053 1.5710189151771656
-11.502867564551075 1.5714285714285756
-11.503627919669585 1.572154155362492
-11.546673463114553 1.5978081645199511
-11.565552102498488 1.6071428571428612
-11.5861696630392 1.624376789750701
-11.587827415656196 1.6252916597259084
-11.589285714285717 1.6262989395360457
-11.618729675508265 1.6428571428571477
-11.635199332777182 1.6515315620159976
-11.64853687924785 1.66071428571429
-11.675161384413077 1.6778894197397625
-11.676370534232818 1.6785714285714333
-11.676974556102852 1.6788908030651486
-11.67857142857143 1.6799486630363045
-11.724295021120804 1.705140995775845
-11.743615370616142 1.7142857142857189
-11.764002979602427 1.7313720244919173
-11.765366070018738 1.7321428571428612
-11.76591709034459 1.7325308676453721
-11.767857142857146 1.733758858906013
-11.796641621863934 1.7500000000000044
-11.808102012689329 1.7580489739664413
-11.81035943408872 1.7593566846108333
-11.826335959157058 1.7678571428571477
-11.833136286986441 1.772658456888431
-11.852144139552856 1.7847145421962889
-11.854015646521967 1.78571428571429
-11.854702717522791 1.786202313638304
-11.85714285714286 1.7877583312094885
-11.884980148065848 1.8035714285714333
-11.901690957712264 1.8125189513146953
-11.91448424582556 1.8214285714285765
-11.939561503200045 1.8379123006400135
-11.94315470042386 1.8399404884866613
-11.946428571428573 1.8422535475528505
-11.9723128245453 1.857142857142862
-11.989347685535684 1.866416177178582
-12.024920861529798 1.890698458020248
-12.028605988170344 1.892857142857146
-12.030486065324572 1.8939027869350893
-12.035714285714288 1.897558103293143
-12.075567596232535 1.920600766467781
-12.091769383540282 1.9285714285714306
-12.107223385963785 1.9428732486213294
-12.113112310659172 1.946428571428573
-12.11617097531286 1.9481943763660015
-12.125000000000002 1.954802468600823
-12.1405625110589 1.9642857142857153
-12.159347092010764 1.9752734387407056
-12.184775638692747 1.9940979848814067
-12.194079444721151 2.