-10.236545721685614 2.
-10.228682774024188 1.9957365548048367
-10.19610349307446 1.9750650156708236
-10.174672345352135 1.9642857142857153
-10.16071428571429 1.9567722763643873
-10.148702666807669 1.9488308952098974
-10.143908286575526 1.946428571428573
-10.133921485457645 1.9410700113772439
-10.113545788831214 1.9285714285714306
-10.103719122038042 1.9221133184495374
-10.080823730159532 1.9107142857142883
-10.071428571428577 1.9057001970002192
-10.056416190936128 1.895859618955635
-10.050368910439174 1.892857142857146
-10.037699910178054 1.8861114106070413
-10.019435138437439 1.8750000000000036
-10.010688099950338 1.8692909514385088
-9.986107507943618 1.857142857142862
-9.982142857142861 1.8550398630010152
-9.963641342222914 1.8429860172697081
-9.940361193748215 1.83092938160679
-9.924653163571996 1.8214285714285765
-9.917168312845519 1.8165663374309027
-9.892857142857148 1.8046120050179422
-9.891134212542717 1.8035714285714333
-9.889989931196299 1.802997986239263
-9.868835163572633 1.7905186815711929
-9.86140029752506 1.78571428571429
-9.842205909708467 1.7755840390845536
-9.823293374915144 1.7639127535884054
-9.803571428571434 1.7542452609481307
-9.796520398163132 1.7500000000000044
-9.791820142464188 1.7476497427785551
-9.775132579811403 1.7378306268948673
-9.766306394730053 1.7321428571428612
-9.751439208342001 1.724712158331605
-9.74256514623069 1.719941600674713
-9.733783852254119 1.7142857142857189
-9.72917884224404 1.7113070886940545
-9.714285714285719 1.7036428628524618
-9.683553945322744 1.6847177823640278
-9.670994083730012 1.6785714285714333
-9.644476191638066 1.6646095240419028
-9.637995305585779 1.66071428571429
-9.63492580312592 1.6587291250891072
-9.625000000000004 1.653871595520811
-9.606675773967552 1.6428571428571477
-9.594444227738585 1.636745988404864
-9.587292718957336 1.6325414562085383
-9.575582512442638 1.6250000000000044
-9.56418743328934 1.6193053704849936
-9.545031465267725 1.6090062930535485
-9.542139124346926 1.6071428571428612
-9.540317746521632 1.6062221649813928
-9.53571428571429 1.6036300164572603
-9.51279655678811 1.5892857142857189
-9.498742247836844 1.5818913067102294
-9.49501976770626 1.5795674750301822
-9.483204270885732 1.5714285714285756
-9.45346197138791 1.554978108563299
-9.450141555474897 1.5528288317621683
-9.446428571428577 1.550927274845038
-9.422244327520014 1.53571428571429
-9.407285861892058 1.5256856847644507
-9.391895687739986 1.5178571428571468
-9.36006585240923 1.5005845990532771
-9.359124263636247 1.5000000000000036
-9.358665031444925 1.4996955651395911
-9.357142857142861 1.4989305809031697
-9.329948489510478 1.4821428571428612
-9.315503211923797 1.472613643329531
-9.298844707887083 1.464285714285718
-9.267857142857148 1.447719168980206
-9.26635054751893 1.4467298904962185
-9.265744811110787 1.4464285714285747
-9.264473619472588 1.445751866751663
-9.242130539485078 1.4285714285714324
-9.178571428571434 1.3969453014794588
-9.173583304142355 1.3938547677429627
-9.171552022288273 1.3928571428571468
-9.167252668163867 1.3905933907756332
-9.128992132175403 1.3670587164220667
-9.108662318422367 1.3571428571428612
-9.089285714285719 1.3470005498492519
-9.080132094144522 1.341116438313957
-9.068343183556205 1.335097208139815
-9.0453902213741 1.3214285714285747
-9.034578143795047 1.314512942669567
-9.011953680602458 1.3035714285714324
-9.000000000000005 1.2973598201450205
-8.98506757990207 1.2887007697338762
-8.980350544288116 1.2857142857142891
-8.96694234496382 1.2791027547070515
-8.96099096541834 1.2756589497734794
-8.948638736418582 1.267857142857146
-8.937682343970321 1.26246353120594
-8.916131144519841 1.2510833717611138
-8.914412143774934 1.2500000000000036
-8.910714285714292 1.248088718151033
-8.890180613726614 1.2362495915403962
-8.883652542046613 1.2321428571428603
-8.866531678355768 1.2233063356711558
-8.85424871086991 1.214285714285717
-8.844094650495805 1.2097524984722714
-8.821428571428577 1.1980255926988255
-8.797491484022903 1.1833588460525668
-8.78786642798778 1.1785714285714315
-8.767602839719281 1.1678062822295718
-8.755916949640024 1.1607142857142883
-8.750314976766326 1.1570798617895957
-8.732142857142863 1.1481571536940285
-8.723354038180307 1.142857142857146
-8.704305913459384 1.130567388736699
-8.668573570723895 1.1122861427162096
-8.659948018814925 1.1071428571428603
-8.655873472130839 1.1045395912881224
-8.64285714285715 1.0982527210312805
-8.627741081568994 1.089285714285717
-8.617412574268648 1.0841968005680167
-8.607540168226626 1.0784919663546795
-8.596325798261443 1.0714285714285747
-8.566847260834166 1.0562265950239782
-8.56232978811243 1.0535714285714315
-8.560221745471877 1.0522413651913425
-8.553571428571434 1.0490722994757569
-8.530747139123196 1.0357142857142883
-8.514866926589264 1.0279733853178543
-8.511784838836538 1.026214460804125
-8.498328117217644 1.017857142857146
-8.46428571428572 1.0004937570350236
-8.463643349634662 1.0001284729302142
-8.463435619290443 1.0000000000000027
-8.462884371827112 0.9997197315082813
-8.41853307359223 0.9734362424244152
-8.399052797747474 0.9642857142857171
-8.375000000000007 0.9521278142639806
-8.36753258137438 0.9479220551536995
-8.365091126987283 0.9464285714285738
-8.358034644926072 0.9430355004137869
-8.343498778820932 0.9348716728072457
-8.333166547269238 0.9285714285714306
-8.32155923055429 0.9214024396034315
-8.285714285714292 0.9038217687183412
-8.271761208801108 0.8956477582397824
-8.265753759249572 0.892857142857145
-8.252472863191374 0.8862088583525614
-8.23278027268186 0.8750000000000018
-8.22384396099108 0.8695169220875014
-8.197083327958328 0.8571428571428594
-8.196428571428577 0.8568163967246347
-8.173213159584673 0.843928796654497
-8.165497931634105 0.8392857142857171
-8.148214508965832 0.831071383921123
-8.143563919827956 0.8287127839655932
-8.131433616220013 0.8214285714285738
-8.124231440179729 0.8180108548211997
-8.107142857142863 0.8093591459879903
-8.096893117912636 0.8035714285714306
-8.077362422340395 0.7916703726747816
-8.064384561781228 0.7857142857142883
-8.035432359652672 0.7713721862162499
-8.026380912623372 0.7661523889039001
-8.01785714285715 0.7622526457197143
-7.996052865406961 0.7500000000000018
-7.979324642578544 0.7398493571985805
-7.962456400993679 0.7321428571428594
-7.928571428571434 0.7154229759805579
-7.927053050073655 0.7145893899852718
-7.926542017614363 0.7142857142857162
-7.925044630927413 0.7135803547569122
-7.903067263102584 0.7015294045223426
-7.894471731362893 0.696428571428573
-7.878013145800174 0.6886830851256827
-7.870166974045884 0.6847476805234631
-7.859745958347237 0.6785714285714306
-7.83928571428572 0.6685080977759341
-7.8295930078903755 0.662652826993356
-7.815749983799789 0.6560071396171008
-7.796498720471752 0.6428571428571441
-7.781673757776688 0.6365223913018081
-7.750000000000005 0.6213426414199583
-7.731589912485257 0.6108248746458083
-7.723469260219781 0.6071428571428585
-7.705185724098533 0.5981800019625636
-7.682094981823556 0.5850095750638626
-7.660714285714292 0.5753303837021972
-7.6536972548848565 0.571428571428573
-7.6331636845082915 0.5590815488126308
-7.593513900391079 0.5401313515067878
-7.585559412204076 0.5357142857142874
-7.58202935537634 0.5335941289247348
-7.571428571428577 0.5288044886794347
-7.55170234505778 0.5178571428571441
-7.536951259236894 0.5109616804188075
-7.531481937962814 0.5079893266931546
-7.517882834723201 0.5000000000000018
-7.482142857142863 0.4825415247214728
-7.481606402891627 0.4822501479931054
-7.481423657689143 0.48214285714285854
-7.4808849902089385 0.4818912837560738
-7.457524443114207 0.46920939709144616
-7.4491332377607 0.4642857142857153
-7.432254657375857 0.45640621138197357
-7.425192415859671 0.4528956260290773
-7.414164806812583 0.44642857142857295
-7.407772320184502 0.4434455359631029
-7.3928571428571495 0.4360346687391674
-7.382803674350043 0.43058212227285075
-7.379373190098004 0.4285714285714297
-7.369996027637036 0.4239992055274069
-7.335361742230513 0.40435622298247065
-7.309820616967763 0.3928571428571441
-7.303571428571435 0.3898126762871188
-7.285017976749987 0.37871069036429006
-7.276772308231296 0.3750000000000009
-7.258095266945128 0.36590476767473934
-7.24223585606057 0.35714285714285765
-7.235229574925574 0.3529540850148871
-7.214285714285721 0.34353786432016076
-7.206585497604304 0.3392857142857153
-7.186127388925451 0.32706023650062654
-7.173594964092136 0.32142857142857206
-7.145169409225212 0.30760531041647
-7.134630539279074 0.30164532071561556
-7.110934301740307 0.2857142857142865
-7.035714285714292 0.25126181355561794
-7.034064513795692 0.2503299543837212
-7.033328494224343 0.2500000000000009
-7.031655040863588 0.24918815102985992
-6.9870358841190665 0.22402139460476
-6.965285235260639 0.2142857142857153
-6.946428571428577 0.20515214493058753
-6.935454455801436 0.19862339455400058
-6.919358844787884 0.19101462610043374
-6.896682209122803 0.17857142857142883
-6.886719650935591 0.1726560698128834
-6.859959569585019 0.16071428571428648
-6.857142857142863 0.15935420283736068
-6.834746470566509 0.14733642017241433
-6.827006779318682 0.14285714285714324
-6.809135670729751 0.13460143728262253
-6.804511403670757 0.13233085216272134
-6.791823995411274 0.125
-6.784576401026183 0.12165614836619287
-6.767857142857149 0.11345902194916402
-6.756284834572826 0.10714285714285765
-6.747407644956253 0.10305295756267885
-6.734226073502933 0.09601192815655768
-6.722540434643369 0.08928571428571441
-6.7092163076991795 0.0831567384601648
-6.6898112855437395 0.07367654282303171
-6.685896930525486 0.07142857142857117
-6.684038202968159 0.07033521654922659
-6.678571428571434 0.0679202509559671
-6.652125858083412 0.053571428571428825
-6.633033220345082 0.04482192735955692
-6.631782604340744 0.044213663725290786
-6.616902765631651 0.03571428571428559
-6.58928571428572 0.022551382263368502
-6.582849486066893 0.019144388500907716
-6.580588662020241 0.01785714285714235
-6.573797088846851 0.014759417769369065
-6.557773447337056 0.006302453389732676
-6.546664877234442 0.