-2.9999999999999996 -5.528558569264908
-2.9499999999999997 -5.4302144640985555
-2.8999999999999995 -5.3315103208390475
-2.8499999999999996 -5.23260173777991
-2.8 -5.133474029379784
-2.75 -5.034101126051468
-2.6999999999999997 -4.934648135709462
-2.6499999999999995 -4.8350841205202375
-2.5999999999999996 -4.735381502566297
-2.5499999999999994 -4.635653905395275
-2.5 -4.535856628918789
-2.45 -4.436039687598499
-2.4 -4.336186864938007
-2.3499999999999996 -4.236293390189996
-2.2999999999999994 -4.136392521340126
-2.2499999999999996 -4.0364581905935255
-2.1999999999999997 -3.9364996538794905
-2.15 -3.836520230916153
-2.1 -3.736427786766958
-2.05 -3.636262993945118
-1.9999999999999996 -3.5355067298375893
-1.9499999999999997 -3.4349077041820015
-1.8999999999999997 -3.3332197501675287
-1.8499999999999999 -3.2308506595774946
-1.7999999999999996 -3.1277870363631055
-1.75 -3.0244565095889895
-1.6999999999999997 -2.921365980368674
-1.6499999999999997 -2.819458929328906
-1.5999999999999999 -2.719130417249909
-1.5499999999999996 -2.6208479800672144
-1.4999999999999998 -2.5249618980152246
-1.4499999999999997 -2.4310516469363166
-1.4 -2.3391198195382423
-1.3499999999999996 -2.248971387325239
-1.2999999999999996 -2.1611511514977306
-1.25 -2.0771621170905226
-1.2 -2.0004248268178473
-1.1499999999999997 -1.9389237535830504
-1.0999999999999999 -1.906101125605742
-1.0499999999999998 -1.924879388958244
-0.9999999999999998 -2.02449118014049
-0.9499999999999996 -2.229839245260462
-0.8999999999999998 -2.5462511622423194
-0.8500000000000001 -2.9870158037790855
-0.7999999999999997 -3.545716241119363
-0.7499999999999999 -4.187037172238943
-0.6999999999999996 -4.832700786887732
-0.6499999999999998 -5.413772537621322
-0.5999999999999995 -5.987882938605152
-0.5499999999999998 -6.565691440751091
-0.4999999999999999 -7.120722306664523
-0.4499999999999996 -7.669718305159762
-0.3999999999999999 -8.209820645195979
-0.34999999999999964 -8.743909248587505
-0.2999999999999998 -9.278908853349252
-0.25 -9.807617542914493
-0.19999999999999976 -10.332346709623467
-0.1499999999999999 -10.853822142580114
-0.09999999999999963 -11.375249754853732
-0.049999999999999815 -11.894887833973094
0. -12.413214000580805