-2.9999999999999996 -7.077267294232645
-2.9499999999999997 -6.97866268250515
-2.8999999999999995 -6.879666442796485
-2.8499999999999996 -6.78049687812675
-2.8 -6.681273377176822
-2.75 -6.581704846728279
-2.6999999999999997 -6.481884815110548
-2.6499999999999995 -6.38213855217509
-2.5999999999999996 -6.28246384340611
-2.5499999999999994 -6.18276362015313
-2.5 -6.082994656980042
-2.45 -5.983204739526494
-2.4 -5.883380639667301
-2.3499999999999996 -5.783513832612204
-2.2999999999999994 -5.6836420641241645
-2.2499999999999996 -5.583734071807748
-2.1999999999999997 -5.483804300336889
-2.15 -5.383851577110282
-2.1 -5.283724876178522
-2.05 -5.183321385045981
-1.9999999999999996 -5.082324888922369
-1.9499999999999997 -4.981504403086523
-1.8999999999999997 -4.87940942348568
-1.8499999999999999 -4.776416576987838
-1.7999999999999996 -4.672473631572107
-1.75 -4.5680420045327175
-1.6999999999999997 -4.463604084455664
-1.6499999999999997 -4.360138833109359
-1.5999999999999999 -4.258064051878461
-1.5499999999999996 -4.157780041256565
-1.4999999999999998 -4.05947434152319
-1.4499999999999997 -3.9626515405691998
-1.4 -3.8671156202168318
-1.3499999999999996 -3.7721176719558454
-1.2999999999999996 -3.6773402470741625
-1.25 -3.5820643058324606
-1.2 -3.4857001840979462
-1.1499999999999997 -3.3881444911545864
-1.0999999999999999 -3.2884696282633845
-1.0499999999999998 -3.1863142564106783
-0.9999999999999998 -3.08083140510437
-0.9499999999999996 -2.970081981065471
-0.8999999999999998 -2.8433376353287247
-0.8500000000000001 -2.7304390976137523
-0.7999999999999997 -2.657072604702274
-0.7499999999999999 -2.6398509046509333
-0.6999999999999996 -2.6748780054685954
-0.6499999999999998 -2.7319962154525013
-0.5999999999999995 -2.880358882939598
-0.5499999999999998 -3.1490955075058764
-0.4999999999999999 -3.5073382776393283
-0.4499999999999996 -3.939216086426019
-0.3999999999999999 -4.4128018932090605
-0.34999999999999964 -4.908655312676899
-0.2999999999999998 -5.419947685634096
-0.25 -5.9330959354219
-0.19999999999999976 -6.4472479805474
-0.1499999999999999 -6.959702350830414
-0.09999999999999963 -7.473727676459724
-0.049999999999999815 -7.9873776067953
0. -8.50065566204429