-2.9999999999999996 -7.806763960295398
-2.9499999999999997 -7.706991323649517
-2.8999999999999995 -7.606689974835317
-2.8499999999999996 -7.506358372066881
-2.8 -7.406709302007249
-2.75 -7.306273260292723
-2.6999999999999997 -7.204831288856951
-2.6499999999999995 -7.104282433198408
-2.5999999999999996 -7.004730514740865
-2.5499999999999994 -6.905150768463964
-2.5 -6.805506460274071
-2.45 -6.705835562756854
-2.4 -6.606138011034196
-2.3499999999999996 -6.506388742195305
-2.2999999999999994 -6.406645285335272
-2.2499999999999996 -6.306853483102898
-2.1999999999999997 -6.207050678250984
-2.15 -6.107215909736635
-2.1 -6.006938269240131
-2.05 -5.905483639095441
-1.9999999999999996 -5.803432864032381
-1.9499999999999997 -5.701644275823888
-1.8999999999999997 -5.5977771955470415
-1.8499999999999999 -5.492087555968207
-1.7999999999999996 -5.38438202547004
-1.75 -5.275306095431519
-1.6999999999999997 -5.165290736653715
-1.6499999999999997 -5.055535023622208
-1.5999999999999999 -4.946648533362608
-1.5499999999999996 -4.838923577781105
-1.4999999999999998 -4.732213348345286
-1.4499999999999997 -4.626302098047473
-1.4 -4.521292916468239
-1.3499999999999996 -4.416413864769191
-1.2999999999999996 -4.3121320882280445
-1.25 -4.207482387285638
-1.2 -4.102596400902595
-1.1499999999999997 -3.9972707210330833
-1.0999999999999999 -3.8909851432878573
-1.0499999999999998 -3.783445341392067
-0.9999999999999998 -3.674853697857579
-0.9499999999999996 -3.5642928766067667
-0.8999999999999998 -3.447825851587057
-0.8500000000000001 -3.3626153891147665
-0.7999999999999997 -3.355362559348145
-0.7499999999999999 -3.4687238294521965
-0.6999999999999996 -3.7113982812593784
-0.6499999999999998 -4.045411089842206
-0.5999999999999995 -4.470875928404744
-0.5499999999999998 -4.958502418686566
-0.4999999999999999 -5.460629017568736
-0.4499999999999996 -5.971166317683198
-0.3999999999999999 -6.482314845836943
-0.34999999999999964 -6.992654912133061
-0.2999999999999998 -7.506099501263313
-0.25 -8.016230412132582
-0.19999999999999976 -8.525913592481608
-0.1499999999999999 -9.03229383323337
-0.09999999999999963 -9.540437349547735
-0.049999999999999815 -10.048961598283858
0. -10.557749309649175