-2.9999999999999996 -7.403132269939366
-2.9499999999999997 -7.304228212330682
-2.8999999999999995 -7.204896673604857
-2.8499999999999996 -7.105427936115986
-2.8 -7.006094721400977
-2.75 -6.906302295159875
-2.6999999999999997 -6.8060627666555495
-2.6499999999999995 -6.706108492118314
-2.5999999999999996 -6.6064656259257815
-2.5499999999999994 -6.506796638863226
-2.5 -6.407059988360749
-2.45 -6.307300916467089
-2.4 -6.207509606328889
-2.3499999999999996 -6.107673248103923
-2.2999999999999994 -6.007834712375465
-2.2499999999999996 -5.907956807049928
-2.1999999999999997 -5.80805990628089
-2.15 -5.70813771423033
-2.1 -5.607971943102645
-2.05 -5.5072960895477765
-1.9999999999999996 -5.406025926308655
-1.9499999999999997 -5.304953708902688
-1.8999999999999997 -5.202396860692923
-1.8499999999999999 -5.098698461672043
-1.7999999999999996 -4.99376570653348
-1.75 -4.888103578282739
-1.6999999999999997 -4.782175091662291
-1.6499999999999997 -4.677011803126
-1.5999999999999999 -4.5730778937728935
-1.5499999999999996 -4.470738559102354
-1.4999999999999998 -4.370080317075074
-1.4499999999999997 -4.270675860474126
-1.4 -4.172406269673671
-1.3499999999999996 -4.074508727332442
-1.2999999999999996 -3.9768917609121006
-1.25 -3.878759532352495
-1.2 -3.7797327894555113
-1.1499999999999997 -3.679658928144345
-1.0999999999999999 -3.5776890434164184
-1.0499999999999998 -3.4733729146566867
-0.9999999999999998 -3.3659580525513677
-0.9499999999999996 -3.2533151608744117
-0.8999999999999998 -3.1257407226974636
-0.8500000000000001 -3.0130983090980687
-0.7999999999999997 -2.9439711765032834
-0.7499999999999999 -2.9408006334851073
-0.6999999999999996 -3.0113392384970346
-0.6499999999999998 -3.1392106887611244
-0.5999999999999995 -3.3798623440826474
-0.5499999999999998 -3.737619986297118
-0.4999999999999999 -4.162794506206762
-0.4499999999999996 -4.6345682379295505
-0.3999999999999999 -5.128422454937909
-0.34999999999999964 -5.632714950296424
-0.2999999999999998 -6.1458952047893955
-0.25 -6.6580409181538975
-0.19999999999999976 -7.170260658356498
-0.1499999999999999 -7.679886276510798
-0.09999999999999963 -8.191101954948053
-0.049999999999999815 -8.702268208101366
0. -9.213349212577276