-2.9999999999999996 -7.828203807696659
-2.9499999999999997 -7.728358621359081
-2.8999999999999995 -7.627976452876588
-2.8499999999999996 -7.527573106911702
-2.8 -7.427897813539357
-2.75 -7.327408400707141
-2.6999999999999997 -7.22586694717295
-2.6499999999999995 -7.125269009917598
-2.5999999999999996 -7.025724594318949
-2.5499999999999994 -6.926152211736636
-2.5 -6.82651552488693
-2.45 -6.7268519063502294
-2.4 -6.627162096333045
-2.3499999999999996 -6.527420020143501
-2.2999999999999994 -6.427684417544236
-2.2499999999999996 -6.327899729668
-2.1999999999999997 -6.228104701265221
-2.15 -6.128277159241619
-2.1 -6.027990270833484
-2.05 -5.9264713359366405
-1.9999999999999996 -5.8243562285247075
-1.9499999999999997 -5.722508709665698
-1.8999999999999997 -5.618534116982763
-1.8499999999999999 -5.512681749876968
-1.7999999999999996 -5.4047509513670065
-1.75 -5.295399770638741
-1.6999999999999997 -5.185057886341178
-1.6499999999999997 -5.074939047587873
-1.5999999999999999 -4.965665257996585
-1.5499999999999996 -4.8575238785674655
-1.4999999999999998 -4.750351052721131
-1.4499999999999997 -4.64394746543599
-1.4 -4.538431006085963
-1.3499999999999996 -4.433023891266861
-1.2999999999999996 -4.328221448840337
-1.25 -4.223021255110673
-1.2 -4.11754017569256
-1.1499999999999997 -4.01146959289862
-1.0999999999999999 -3.904106221143186
-1.0499999999999998 -3.79474688987343
-0.9999999999999998 -3.6827924787306703
-0.9499999999999996 -3.565604892129426
-0.8999999999999998 -3.4355115721728438
-0.8500000000000001 -3.3220467555111184
-0.7999999999999997 -3.2589224621780994
-0.7499999999999999 -3.2773682715310084
-0.6999999999999996 -3.3981654074456906
-0.6499999999999998 -3.6115364434214823
-0.5999999999999995 -3.94154788601044
-0.5499999999999998 -4.3674944913995315
-0.4999999999999999 -4.83490966961196
-0.4499999999999996 -5.3270692541402225
-0.3999999999999999 -5.828795498923946
-0.34999999999999964 -6.334331020507952
-0.2999999999999998 -6.8452860929143995
-0.25 -7.354101001610757
-0.19999999999999976 -7.863071214377814
-0.1499999999999999 -8.369015397440354
-0.09999999999999963 -8.8768821782854
-0.049999999999999815 -9.385223089386159
0. -9.89387929898393