-2.9999999999999996 -7.320055863838013
-2.9499999999999997 -7.221250564585171
-2.8999999999999995 -7.122029554559033
-2.8499999999999996 -7.022659388765713
-2.8 -6.923362311219161
-2.75 -6.823643612063195
-2.6999999999999997 -6.723542151893349
-2.6499999999999995 -6.623656306703618
-2.5999999999999996 -6.524002966725448
-2.5499999999999994 -6.424323704837073
-2.5 -6.32457642490047
-2.45 -6.224807205715017
-2.4 -6.125005108223662
-2.3499999999999996 -6.025158732370524
-2.2999999999999994 -5.925309262726342
-2.2499999999999996 -5.825421458375126
-2.1999999999999997 -5.725513742811247
-2.15 -5.625581506699032
-2.1 -5.52542859786676
-2.05 -5.424842359345422
-1.9999999999999996 -5.32366221351187
-1.9499999999999997 -5.2226727886554265
-1.8999999999999997 -5.120267769072935
-1.8499999999999999 -5.016801137415431
-1.7999999999999996 -4.912193207850767
-1.75 -4.806934477233474
-1.6999999999999997 -4.701494205706557
-1.6499999999999997 -4.596887020740088
-1.5999999999999999 -4.493563098521103
-1.5499999999999996 -4.39190175219538
-1.4999999999999998 -4.2920280182194945
-1.4499999999999997 -4.1935051064115445
-1.4 -4.096215896968478
-1.3499999999999996 -3.9994568574818055
-1.2999999999999996 -3.9031767421087764
-1.25 -3.8068319285214396
-1.2 -3.7104378578856343
-1.1499999999999997 -3.6147895422337064
-1.0999999999999999 -3.5208929209788686
-1.0499999999999998 -3.4320942184748615
-0.9999999999999998 -3.355053389747955
-0.9499999999999996 -3.301868006484956
-0.8999999999999998 -3.2899752210380986
-0.8500000000000001 -3.386824340773027
-0.7999999999999997 -3.651467727286438
-0.7499999999999999 -4.083402705403302
-0.6999999999999996 -4.599203310894018
-0.6499999999999998 -5.114237564439811
-0.5999999999999995 -5.650346846087283
-0.5499999999999998 -6.202125122218988
-0.4999999999999999 -6.739613689236505
-0.4499999999999996 -7.272357545965713
-0.3999999999999999 -7.798081209782028
-0.34999999999999964 -8.318942892109739
-0.2999999999999998 -8.840956736350693
-0.25 -9.357955430986173
-0.19999999999999976 -9.872931139042585
-0.1499999999999999 -10.384390881234703
-0.09999999999999963 -10.896866267336502
-0.049999999999999815 -11.408927761778942
0. -11.920692333335907