-2.9999999999999996 -7.82764440508751
-2.9499999999999997 -7.727801157399066
-2.8999999999999995 -7.6274211481822025
-2.8499999999999996 -7.5270197186584555
-2.8 -7.427345125699803
-2.75 -7.326857138260641
-2.6999999999999997 -7.225318341159598
-2.6499999999999995 -7.124721714293384
-2.5999999999999996 -7.025177098390954
-2.5499999999999994 -6.925604519216416
-2.5 -6.825967628891754
-2.45 -6.726303816015407
-2.4 -6.626613799297739
-2.3499999999999996 -6.52687153105681
-2.2999999999999994 -6.427135718724606
-2.2499999999999996 -6.327350840840399
-2.1999999999999997 -6.227555604694342
-2.15 -6.127727869500814
-2.1 -6.027441227589949
-2.05 -5.925924008687788
-1.9999999999999996 -5.823810616903931
-1.9499999999999997 -5.721964667547182
-1.8999999999999997 -5.617992937108795
-1.8499999999999999 -5.51214489753324
-1.7999999999999996 -5.404220078538896
-1.75 -5.294876178027959
-1.6999999999999997 -5.184542877678089
-1.6499999999999997 -5.07443347413512
-1.5999999999999999 -4.965169517386759
-1.5499999999999996 -4.857038250579561
-1.4999999999999998 -4.749875760949508
-1.4499999999999997 -4.643481261285106
-1.4 -4.537970143487788
-1.3499999999999996 -4.432560504031931
-1.2999999999999996 -4.327738253968876
-1.25 -4.222484366529421
-1.2 -4.116880393832933
-1.1499999999999997 -4.010547826284426
-1.0999999999999999 -3.9026395995131034
-1.0499999999999998 -3.792156907628083
-0.9999999999999998 -3.677882091255737
-0.9499999999999996 -3.5558621043985847
-0.8999999999999998 -3.4152979000449646
-0.8500000000000001 -3.2789613461260254
-0.7999999999999997 -3.1660338745711902
-0.7499999999999999 -3.0835716607917933
-0.6999999999999996 -3.0322039863730716
-0.6499999999999998 -2.994748417836898
-0.5999999999999995 -3.0151100540860254
-0.5499999999999998 -3.1286255758988384
-0.4999999999999999 -3.338323703293476
-0.4499999999999996 -3.6509267553449063
-0.3999999999999999 -4.043665868010562
-0.34999999999999964 -4.488992576922443
-0.2999999999999998 -4.968551001482293
-0.25 -5.461505113181807
-0.19999999999999976 -5.962580071834573
-0.1499999999999999 -6.464630236154301
-0.09999999999999963 -6.9705910947755845
-0.049999999999999815 -7.47800840047602
0. -7.986224327658176