-2.9999999999999996 -7.8244310769808685
-2.9499999999999997 -7.724598917233516
-2.8999999999999995 -7.624231258146813
-2.8499999999999996 -7.523840790240563
-2.8 -7.424170203573836
-2.75 -7.323690369365619
-2.6999999999999997 -7.222166767509823
-2.6499999999999995 -7.121577636521235
-2.5999999999999996 -7.022031874804838
-2.5499999999999994 -6.922458171053723
-2.5 -6.8228201167889875
-2.45 -6.723155192242666
-2.4 -6.623463993169299
-2.3499999999999996 -6.523720626411159
-2.2999999999999994 -6.4239836144964855
-2.2499999999999996 -6.324197650015082
-2.1999999999999997 -6.2244012261229145
-2.15 -6.124572387144885
-2.1 -6.024287157636577
-2.05 -5.92277975952842
-1.9999999999999996 -5.820676191435816
-1.9499999999999997 -5.7188392395534065
-1.8999999999999997 -5.614883921393273
-1.8499999999999999 -5.509060716173111
-1.7999999999999996 -5.401170262214305
-1.75 -5.291868328323638
-1.6999999999999997 -5.181584776105785
-1.6499999999999997 -5.0715306425137
-1.5999999999999999 -4.962325552722814
-1.5499999999999996 -4.854257448182914
-1.4999999999999998 -4.747164900713663
-1.4499999999999997 -4.640844416879647
-1.4 -4.535408736830092
-1.3499999999999996 -4.4300760339150225
-1.2999999999999996 -4.325326317951258
-1.25 -4.220142899519794
-1.2 -4.1146028699642825
-1.1499999999999997 -4.008330015786768
-1.0999999999999999 -3.900477169397337
-1.0499999999999998 -3.7900503073297718
-0.9999999999999998 -3.6758350551641423
-0.9499999999999996 -3.5538927707124506
-0.8999999999999998 -3.413428936742312
-0.8500000000000001 -3.2772672452614877
-0.7999999999999997 -3.164647521351964
-0.7499999999999999 -3.08272468068895
-0.6999999999999996 -3.0321954205830535
-0.6499999999999998 -2.9960084701617435
-0.5999999999999995 -3.018440313480113
-0.5499999999999998 -3.134902281297238
-0.4999999999999999 -3.347934079575352
-0.4499999999999996 -3.6635150082980075
-0.3999999999999999 -4.058387907436161
-0.34999999999999964 -4.5050231966055705
-0.2999999999999998 -4.985315206802078
-0.25 -5.4786622291021
-0.19999999999999976 -5.979944471443396
-0.1499999999999999 -6.48210965964185
-0.09999999999999963 -6.98813590499471
-0.049999999999999815 -7.495591818480464
0. -8.00383229966984