-2.9999999999999996 -7.830968344499324
-2.9499999999999997 -7.731113540843232
-2.8999999999999995 -7.630720660901411
-2.8499999999999996 -7.5303078083214094
-2.8 -7.430629040569428
-2.75 -7.33013255722388
-2.6999999999999997 -7.228577927099597
-2.6499999999999995 -7.127973490153855
-2.5999999999999996 -7.028430068076237
-2.5499999999999994 -6.9288586606055125
-2.5 -6.829222983004289
-2.45 -6.729560328396757
-2.4 -6.6298715436033255
-2.3499999999999996 -6.530130419939618
-2.2999999999999994 -6.430395857494469
-2.2499999999999996 -6.3306121117806535
-2.1999999999999997 -6.230818113203758
-2.15 -6.130991528104194
-2.1 -6.030703414547761
-2.05 -5.929175963149297
-1.9999999999999996 -5.827052336339467
-1.9499999999999997 -5.725197013219004
-1.8999999999999997 -5.621208185146357
-1.8499999999999999 -5.515334276736694
-1.7999999999999996 -5.407373666371227
-1.75 -5.297986065657762
-1.6999999999999997 -5.18760097420664
-1.6499999999999997 -5.0774340471616055
-1.5999999999999999 -4.968108843919145
-1.5499999999999996 -4.859911889139919
-1.4999999999999998 -4.752676700277189
-1.4499999999999997 -4.646205329692353
-1.4 -4.540615969197759
-1.3499999999999996 -4.435126718702842
-1.2999999999999996 -4.330229784063451
-1.25 -4.22490404409257
-1.2 -4.119236360621319
-1.1499999999999997 -4.012847227043905
-1.0999999999999999 -3.9048925301056894
-1.0499999999999998 -3.7943743865945714
-0.9999999999999998 -3.6800840735138127
-0.9499999999999996 -3.5580801102153843
-0.8999999999999998 -3.417622711495547
-0.8500000000000001 -3.2815741261981604
-0.7999999999999997 -3.169392209553841
-0.7499999999999999 -3.0887204454381454
-0.6999999999999996 -3.0411643961524346
-0.6499999999999998 -3.0110565913870366
-0.5999999999999995 -3.043915290239149
-0.5499999999999998 -3.1751907494285256
-0.4999999999999999 -3.4047773559152428
-0.4499999999999996 -3.734778391040222
-0.3999999999999999 -4.1397467502688965
-0.34999999999999964 -4.592416650476459
-0.2999999999999998 -5.075965719303195
-0.25 -5.57096873986219
-0.19999999999999976 -6.073064480052638
-0.1499999999999999 -6.575606137442442
-0.09999999999999963 -7.081797014595479
-0.049999999999999815 -7.5893171325551645
0. -8.097574158935751