-2.9999999999999996 -7.067757817066578
-2.9499999999999997 -6.969159009921359
-2.8999999999999995 -6.870169274630603
-2.8499999999999996 -6.771005517894975
-2.8 -6.671784147874495
-2.75 -6.572219967773291
-2.6999999999999997 -6.472408093235248
-2.6499999999999995 -6.372665878046844
-2.5999999999999996 -6.272990549517499
-2.5499999999999994 -6.173289718351415
-2.5 -6.07352012636187
-2.45 -5.973729608686886
-2.4 -5.873904870822654
-2.3499999999999996 -5.77403747135436
-2.2999999999999994 -5.674165056337346
-2.2499999999999996 -5.574256478735254
-2.1999999999999997 -5.474326067874503
-2.15 -5.37437275081077
-2.1 -5.27424680981482
-2.05 -5.173848618194405
-1.9999999999999996 -5.072857450389441
-1.9499999999999997 -4.972041868823408
-1.8999999999999997 -4.8699558949562745
-1.8499999999999999 -4.766976824547487
-1.7999999999999996 -4.663053243979019
-1.75 -4.558645753722837
-1.6999999999999997 -4.454237165622935
-1.6499999999999997 -4.350805455065242
-1.5999999999999999 -4.24876755200731
-1.5499999999999996 -4.148524502657518
-1.4999999999999998 -4.05026593772483
-1.4499999999999997 -3.9534951773991165
-1.4 -3.8580147385465184
-1.3499999999999996 -3.7630760942678467
-1.2999999999999996 -3.668357280060376
-1.25 -3.573140973440171
-1.2 -3.4768334216126306
-1.1499999999999997 -3.3793328003932155
-1.0999999999999999 -3.279711040683401
-1.0499999999999998 -3.177611193265649
-0.9999999999999998 -3.0721896400543702
-0.9499999999999996 -2.96152293482157
-0.8999999999999998 -2.834888471039266
-0.8500000000000001 -2.7221882935953348
-0.7999999999999997 -2.649184821459718
-0.7499999999999999 -2.6326183437316097
-0.6999999999999996 -2.668602140269785
-0.6499999999999998 -2.726829423174608
-0.5999999999999995 -2.876592239522577
-0.5499999999999998 -3.146826131695751
-0.4999999999999999 -3.5063104229820916
-0.4499999999999996 -3.9390860278497626
-0.3999999999999999 -4.413251601867243
-0.34999999999999964 -4.909475226283846
-0.2999999999999998 -5.421022393049448
-0.25 -5.934351911023465
-0.19999999999999976 -6.4486340330507375
-0.1499999999999999 -6.961205358139178
-0.09999999999999963 -7.4753285190712315
-0.049999999999999815 -7.989058047620455
0. -8.502403219069908