-2.9999999999999996 -7.784038546256776
-2.9499999999999997 -7.6843390102758065
-2.8999999999999995 -7.58411912378375
-2.8499999999999996 -7.483859860202843
-2.8 -7.384237237290542
-2.75 -7.283855032162743
-2.6999999999999997 -7.1825134459283735
-2.6499999999999995 -7.0820141344546
-2.5999999999999996 -6.982454641695923
-2.5499999999999994 -6.8828674618628085
-2.5 -6.783215460293108
-2.45 -6.683537215244391
-2.4 -6.583831849177685
-2.3499999999999996 -6.48407532045028
-2.2999999999999994 -6.384323936176113
-2.2499999999999996 -6.284524953561721
-2.1999999999999997 -6.184714300339826
-2.15 -6.084872238704603
-2.1 -5.984603931132868
-2.05 -5.883214208818752
-1.9999999999999996 -5.78122838840725
-1.9499999999999997 -5.679499317085666
-1.8999999999999997 -5.575740860311747
-1.8499999999999999 -5.4702157314233535
-1.7999999999999996 -5.362738138437347
-1.75 -5.25394103460489
-1.6999999999999997 -5.144256884489907
-1.6499999999999997 -5.034870049940464
-1.5999999999999999 -4.926377583555598
-1.5499999999999996 -4.819076875490006
-1.4999999999999998 -4.712838503948571
-1.4499999999999997 -4.607429714185808
-1.4 -4.502937640897882
-1.3499999999999996 -4.398594519111233
-1.2999999999999996 -4.294834551221996
-1.25 -4.190722848114585
-1.2 -4.086389917721802
-1.1499999999999997 -3.981707864613514
-1.0999999999999999 -3.8762778409604994
-1.0499999999999998 -3.770088062003567
-0.9999999999999998 -3.663874804615358
-0.9499999999999996 -3.5578649904793247
-0.8999999999999998 -3.4504432597223285
-0.8500000000000001 -3.3832215445540545
-0.7999999999999997 -3.408895872053446
-0.7499999999999999 -3.571385941609454
-0.6999999999999996 -3.866774115483155
-0.6499999999999998 -4.243568346295853
-0.5999999999999995 -4.697788701531687
-0.5499999999999998 -5.202099142700821
-0.4999999999999999 -5.713071298427633
-0.4499999999999996 -6.228263753179773
-0.3999999999999999 -6.741864662939551
-0.34999999999999964 -7.253543728493527
-0.2999999999999998 -7.767777120177871
-0.25 -8.278396085460875
-0.19999999999999976 -8.788390996064466
-0.1499999999999999 -9.295017327267713
-0.09999999999999963 -9.803349688350268
-0.049999999999999815 -10.312018402548809
0. -10.820922337258777