-2.9999999999999996 -5.444543518471734
-2.9499999999999997 -5.346200746631894
-2.8999999999999995 -5.247498099338838
-2.8499999999999996 -5.148590853747909
-2.8 -5.049463636464626
-2.75 -4.950091736431222
-2.6999999999999997 -4.850640629726417
-2.6499999999999995 -4.751077550420022
-2.5999999999999996 -4.6513747891262405
-2.5499999999999994 -4.551647051378793
-2.5 -4.451849629521183
-2.45 -4.352032549471315
-2.4 -4.252179579408002
-2.3499999999999996 -4.152285967901358
-2.2999999999999994 -4.052384949977283
-2.2499999999999996 -3.952450484675088
-2.1999999999999997 -3.852491801614087
-2.15 -3.752512244228863
-2.1 -3.6524199811789924
-2.05 -3.5522564245131134
-1.9999999999999996 -3.4515014155653523
-1.9499999999999997 -3.350903570114539
-1.8999999999999997 -3.249217793521277
-1.8499999999999999 -3.146852083029887
-1.7999999999999996 -3.043793333174336
-1.75 -2.9404691790890807
-1.6999999999999997 -2.837387010472535
-1.6499999999999997 -2.7354908553315873
-1.5999999999999999 -2.635177141073978
-1.5499999999999996 -2.536916783627951
-1.4999999999999998 -2.441067095797284
-1.4499999999999997 -2.347220513785837
-1.4 -2.2554061281394913
-1.3499999999999996 -2.1654830884036795
-1.2999999999999996 -2.078102899112596
-1.25 -1.9949802604831806
-1.2 -1.9199343419136012
-1.1499999999999997 -1.8616543085270565
-1.0999999999999999 -1.8346496460037067
-1.0499999999999998 -1.8629734997260854
-0.9999999999999998 -1.9759912994524111
-0.9499999999999996 -2.1965337374495153
-0.8999999999999998 -2.526637906893041
-0.8500000000000001 -2.97701990279629
-0.7999999999999997 -3.541317051163681
-0.7499999999999999 -4.185503376329038
-0.6999999999999996 -4.832552032607485
-0.6499999999999998 -5.4142758063956
-0.5999999999999995 -5.988723314427282
-0.5499999999999998 -6.566729828817499
-0.4999999999999999 -7.121880943968192
-0.4499999999999996 -7.670975145168775
-0.3999999999999999 -8.211160053372394
-0.34999999999999964 -8.745323346793844
-0.2999999999999998 -9.280396553542984
-0.25 -9.809172742119292
-0.19999999999999976 -10.33395922913283
-0.1499999999999999 -10.855494661476289
-0.09999999999999963 -11.376977010714072
-0.049999999999999815 -11.896662276011186
0. -12.415029964862223