-2.9999999999999996 -4.910589439162861
-2.9499999999999997 -4.812251087519862
-2.8999999999999995 -4.713553399671759
-2.8499999999999996 -4.614650588133588
-2.8 -4.515524999046021
-2.75 -4.416156425252765
-2.6999999999999997 -4.316711563491452
-2.6499999999999995 -4.21715158703326
-2.5999999999999996 -4.117448350540279
-2.5499999999999994 -4.017720146788535
-2.5 -3.9179222430623284
-2.45 -3.818104703325989
-2.4 -3.7182512450787684
-2.3499999999999996 -3.618357181191771
-2.2999999999999994 -3.518455671081025
-2.2499999999999996 -3.4185207637708888
-2.1999999999999997 -3.3185616036866667
-2.15 -3.218581616950279
-2.1 -3.1184899868553657
-2.05 -3.0183305934881304
-1.9999999999999996 -2.917579875614891
-1.9499999999999997 -2.8169862021625542
-1.8999999999999997 -2.7153081630417946
-1.8499999999999999 -2.61295469816146
-1.7999999999999996 -2.5099141940312966
-1.75 -2.406615378907962
-1.6999999999999997 -2.30356944932002
-1.6499999999999997 -2.2017267172905606
-1.5999999999999999 -2.1014972847192346
-1.5499999999999996 -2.0033819768382055
-1.4999999999999998 -1.9077995917918769
-1.4499999999999997 -1.8144631405654403
-1.4 -1.7236464336809003
-1.3499999999999996 -1.6357023001886941
-1.2999999999999996 -1.5522542555632737
-1.25 -1.4768976110844299
-1.2 -1.416880919632117
-1.1499999999999997 -1.3865214691364376
-1.0999999999999999 -1.4076023688592745
-1.0499999999999998 -1.5088977153840446
-0.9999999999999998 -1.7139063152160747
-0.9499999999999996 -2.0266967698691167
-0.8999999999999998 -2.431098516326221
-0.8500000000000001 -2.9294528730688314
-0.7999999999999997 -3.520212486744735
-0.7499999999999999 -4.177481914466567
-0.6999999999999996 -4.830667396655613
-0.6499999999999998 -5.415248336095352
-0.5999999999999995 -5.991140744343652
-0.5499999999999998 -6.569959274170854
-0.4999999999999999 -7.1255835311142075
-0.4499999999999996 -7.675040416002215
-0.3999999999999999 -8.215518267464304
-0.34999999999999964 -8.749939831323026
-0.2999999999999998 -9.28526373464255
-0.25 -9.81426831758871
-0.19999999999999976 -10.339248193400204
-0.1499999999999999 -10.86098565479181
-0.09999999999999963 -11.382652227030734
-0.049999999999999815 -11.902496300217646
0. -12.421003754017132