-2.9999999999999996 -7.458639144035949
-2.9499999999999997 -7.358826250780806
-2.8999999999999995 -7.258480052961168
-2.8499999999999996 -7.158108634853109
-2.8 -7.0584450109045855
-2.75 -6.957979347112938
-2.6999999999999997 -6.856482156725852
-2.6499999999999995 -6.755906055556683
-2.5999999999999996 -6.6563583020728
-2.5499999999999994 -6.556782643485457
-2.5 -6.457142565974688
-2.45 -6.357475709057257
-2.4 -6.257782454759915
-2.3499999999999996 -6.158037178528872
-2.2999999999999994 -6.058298081491285
-2.2499999999999996 -5.958510228314783
-2.1999999999999997 -5.858711739964901
-2.15 -5.758880982566477
-2.1 -5.658598208405829
-2.05 -5.55710788194355
-1.9999999999999996 -5.455021392238484
-1.9499999999999997 -5.353200084706557
-1.8999999999999997 -5.249273306123333
-1.8499999999999999 -5.14349329392986
-1.7999999999999996 -5.035662626848042
-1.75 -4.926433738945681
-1.6999999999999997 -4.816236837365002
-1.6499999999999997 -4.7062790825308385
-1.5999999999999999 -4.597176849030479
-1.5499999999999996 -4.489219489512271
-1.4999999999999998 -4.382250298937169
-1.4499999999999997 -4.276061862530071
-1.4 -4.170763896762285
-1.3499999999999996 -4.065577949429094
-1.2999999999999996 -3.960980295942796
-1.25 -3.855971641149707
-1.2 -3.750648320343705
-1.1499999999999997 -3.644693174282743
-1.0999999999999999 -3.537371463855825
-1.0499999999999998 -3.4279298681380523
-0.9999999999999998 -3.31564538100066
-0.9499999999999996 -3.197639798487571
-0.8999999999999998 -3.065592239322122
-0.8500000000000001 -2.947798820366859
-0.7999999999999997 -2.8753545422546543
-0.7499999999999999 -2.8759414484720893
-0.6999999999999996 -2.969601771599273
-0.6499999999999998 -3.15038391630754
-0.5999999999999995 -3.4500610370652143
-0.5499999999999998 -3.85398935840124
-0.4999999999999999 -4.30810271199722
-0.4499999999999996 -4.793051238074134
-0.3999999999999999 -5.291103987519131
-0.34999999999999964 -5.794843495099986
-0.2999999999999998 -6.304959904042121
-0.25 -6.813401604984942
-0.19999999999999976 -7.322216528224961
-0.1499999999999999 -7.828120829908344
-0.09999999999999963 -8.335994687283296
-0.049999999999999815 -8.844359430263431
0. -9.353045175629376