-2.9999999999999996 -7.129370810746257
-2.9499999999999997 -7.030341947322536
-2.8999999999999995 -6.9308708041725575
-2.8499999999999996 -6.831277632478538
-2.8 -6.731898815195953
-2.75 -6.632013377165387
-2.6999999999999997 -6.531599761968669
-2.6499999999999995 -6.431559253047447
-2.5999999999999996 -6.331929583893663
-2.5499999999999994 -6.232273543885018
-2.5 -6.132550288011195
-2.45 -6.03280400389639
-2.4 -5.9330262889434815
-2.3499999999999996 -5.833202556626087
-2.2999999999999994 -5.7333778026112086
-2.2499999999999996 -5.633512375710328
-2.1999999999999997 -5.5336291092654495
-2.15 -5.433719582376314
-2.1 -5.333537603685395
-2.05 -5.232748824045369
-1.9999999999999996 -5.1313652941252235
-1.9499999999999997 -5.030188884930572
-1.8999999999999997 -4.927441090681503
-1.8499999999999999 -4.82345155314293
-1.7999999999999996 -4.718111483064221
-1.75 -4.611944803531575
-1.6999999999999997 -4.50540779475111
-1.6499999999999997 -4.399554797644815
-1.5999999999999999 -4.294869955195926
-1.5499999999999996 -4.191705418797945
-1.4999999999999998 -4.090108834740589
-1.4499999999999997 -3.989681728675279
-1.4 -3.8903362202393743
-1.3499999999999996 -3.7913031401859416
-1.2999999999999996 -3.692574284824281
-1.25 -3.5933139229013182
-1.2 -3.493201764042846
-1.1499999999999997 -3.392023655063807
-1.0999999999999999 -3.2888742086811966
-1.0499999999999998 -3.1830948574184736
-0.9999999999999998 -3.073603334608282
-0.9499999999999996 -2.9574248807955126
-0.8999999999999998 -2.823370671180928
-0.8500000000000001 -2.697223841509416
-0.7999999999999997 -2.599462718455555
-0.7499999999999999 -2.5377645830793525
-0.6999999999999996 -2.50459296930439
-0.6499999999999998 -2.4700982458066445
-0.5999999999999995 -2.485216553786119
-0.5499999999999998 -2.5870860886908846
-0.4999999999999999 -2.7803633983561413
-0.4499999999999996 -3.0787035547212565
-0.3999999999999999 -3.4620388629689063
-0.34999999999999964 -3.9030969653857266
-0.2999999999999998 -4.382198344498041
-0.25 -4.87648830396837
-0.19999999999999976 -5.3794080199115095
-0.1499999999999999 -5.883939579888015
-0.09999999999999963 -6.392283564763753
-0.049999999999999815 -6.901762718800124
0. -7.41177370933746