-2.9999999999999996 -6.837895765187145
-2.9499999999999997 -6.73920523274342
-2.8999999999999995 -6.640112734751903
-2.8499999999999996 -6.540857238243971
-2.8 -6.441602213477343
-2.75 -6.341969333928588
-2.6999999999999997 -6.242028672539152
-2.6499999999999995 -6.142222563370899
-2.5999999999999996 -6.04255701723658
-2.5499999999999994 -5.942865781670462
-2.5 -5.843106115445214
-2.45 -5.743325072379172
-2.4 -5.6435104057828696
-2.3499999999999996 -5.543652358143341
-2.2999999999999994 -5.443790149539296
-2.2499999999999996 -5.343890811963464
-2.1999999999999997 -5.243970495882841
-2.15 -5.144026555519187
-2.1 -5.043888620772604
-2.05 -4.943406780751399
-1.9999999999999996 -4.842331531841431
-1.9499999999999997 -4.741438588849617
-1.8999999999999997 -4.639210593925638
-1.8499999999999999 -4.5360143836701265
-1.7999999999999996 -4.4317858107415695
-1.75 -4.3269986211155285
-1.6999999999999997 -4.222129384070456
-1.6499999999999997 -4.118172283503797
-1.5999999999999999 -4.01555910820286
-1.5499999999999996 -3.914681384477146
-1.4999999999999998 -3.815700331040942
-1.4499999999999997 -3.718147737825885
-1.4 -3.6218660807625054
-1.3499999999999996 -3.526135171945404
-1.2999999999999996 -3.430772417089901
-1.25 -3.33517346530334
-1.2 -3.239090846124634
-1.1499999999999997 -3.1429719680914334
-1.0999999999999999 -3.0470599354749397
-1.0499999999999998 -2.9532926856591803
-0.9999999999999998 -2.8655531393345255
-0.9499999999999996 -2.791211507541924
-0.8999999999999998 -2.7395327669406395
-0.8500000000000001 -2.7726115476820032
-0.7999999999999997 -2.9564868138345526
-0.7499999999999999 -3.3160255012900755
-0.6999999999999996 -3.7859469794041205
-0.6499999999999998 -4.274511265468575
-0.5999999999999995 -4.79739505971191
-0.5499999999999998 -5.34376182956038
-0.4999999999999999 -5.879393102333248
-0.4499999999999996 -6.41243980616555
-0.3999999999999999 -6.939288317229441
-0.34999999999999964 -7.461615088926007
-0.2999999999999998 -7.9852859129814435
-0.25 -8.503846628561776
-0.19999999999999976 -9.020138065761568
-0.1499999999999999 -9.53295508596349
-0.09999999999999963 -10.046632869577454
-0.049999999999999815 -10.55970053562389
0. -11.072326958032104