-8.542377563447337 0.
-8.545356230603575 0.0016430395935715936
-8.553571428571434 0.0058917200142163395
-8.572608708482505 0.014049686874928469
-8.57926524097949 0.01785714285714235
-8.59464566812512 0.02607199076787925
-8.615073338896094 0.03571428571428559
-8.62374765524917 0.039536183235881595
-8.64285714285715 0.050749954368059846
-8.648762671585958 0.053571428571428825
-8.674584980500969 0.06508300389980715
-8.685282100245868 0.07142857142857117
-8.709297806480775 0.0847167041532968
-8.718667189483254 0.08928571428571441
-8.722783807201692 0.09115752427394863
-8.732142857142863 0.09681161088104506
-8.753147285426579 0.10714285714285765
-8.773887039564313 0.11665116351571037
-8.817807127271326 0.14213285402569298
-8.819258685788926 0.14285714285714324
-8.819797106701857 0.14318343580248705
-8.821428571428577 0.14409582714122493
-8.84478921506967 0.15604215698606794
-8.854537078624203 0.16071428571428648
-8.868407904099245 0.1691755620372959
-8.870987731244927 0.1706261176775561
-8.887490841835687 0.17857142857142883
-8.910714285714292 0.19196778105305956
-8.91693967726073 0.19518349311928418
-8.919515817249662 0.19642857142857206
-8.92374191539429 0.19903409736457167
-8.941339486684578 0.2081606740916584
-8.95397056313771 0.2142857142857153
-8.965209130646723 0.22124388815637186
-8.975885517302034 0.2273199606032632
-8.985803323268696 0.23214285714285765
-9.000000000000005 0.24042046069272338
-9.014197663341609 0.24716046733168007
-9.0187139376397 0.2500000000000009
-9.028447475009019 0.2556894950018034
-9.06313220167503 0.27308784537928155
-9.083131538368308 0.2857142857142865
-9.089285714285719 0.28932439176428293
-9.110311755881284 0.29936622025231596
-9.131255853551819 0.311965456424649
-9.14961953207416 0.32142857142857206
-9.158153107168157 0.32551223570922794
-9.178571428571434 0.33781354770441663
-9.206028903865171 0.35165136208411063
-9.218395348472425 0.35714285714285765
-9.233307581422963 0.3680900877131634
-9.246698226903417 0.3750000000000009
-9.252932208715727 0.3779849868282854
-9.267857142857148 0.3874438676009646
-9.278348328365224 0.3928571428571441
-9.301568677522939 0.40397197878112845
-9.33509579284597 0.42416201571205114
-9.343648105250745 0.4285714285714297
-9.346911767698572 0.4306176464602878
-9.357142857142861 0.436495374436527
-9.37642160709828 0.44642857142857295
-9.397083464648999 0.45629759278448834
-9.409716578633695 0.4642857142857153
-9.436953481085066 0.48024783907415625
-9.440638083996037 0.48214285714285854
-9.442349799029406 0.48295861162269293
-9.446428571428577 0.48553231191814916
-9.474589960534628 0.5000000000000018
-9.492675458238534 0.5086077654951531
-9.507351597871686 0.5178571428571441
-9.53571428571429 0.5344138907714671
-9.537513699566878 0.5353544029437698
-9.538251940026827 0.5357142857142874
-9.539455032472999 0.5364624350660288
-9.562117745334184 0.5482907366474521
-9.572964014442782 0.5535714285714306
-9.585644303695643 0.5614425678323025
-9.591368886738056 0.5647023487761835
-9.605202684783425 0.571428571428573
-9.625000000000004 0.5829301742469077
-9.634443483152031 0.5873970176553094
-9.63745757560449 0.5892857142857153
-9.644014695189918 0.5930886533236981
-9.671606600784179 0.6071428571428585
-9.684320889134515 0.6131358221730991
-9.714285714285719 0.6308921198535344
-9.731463370585073 0.6394216115972728
-9.736972980919214 0.6428571428571441
-9.747917278938798 0.6495834557877593
-9.75406187153879 0.6527590542636732
-9.770543690416767 0.6607142857142874
-9.778665617337559 0.6656954479610624
-9.800383071169668 0.6779337570910773
-9.801706257777122 0.6785714285714306
-9.803571428571434 0.6796433097413077
-9.828703179501659 0.6914022212425284
-9.854596860250807 0.7066336577644474
-9.869774239375376 0.7142857142857162
-9.875478090059831 0.7177615248451801
-9.892857142857148 0.7275011491416414
-9.902079719632377 0.7321428571428594
-9.90659966679312 0.7348913619300541
-9.923953853719178 0.7437806578275952
-9.936939873627477 0.7500000000000018
-9.948145606298775 0.7567994501688187
-9.960027837832666 0.7634341389951054
-9.969277503843438 0.767857142857145
-9.972471909797529 0.7697913323262116
-9.982142857142861 0.7751814379319191
-10.003179937032261 0.7857142857142883
-10.023534259754314 0.795293148049141
-10.036807495527544 0.8035714285714306
-10.062821879978806 0.8197072331386197
-10.065996819304516 0.8214285714285738
-10.067537507383157 0.8222067842376575
-10.071428571428577 0.8247984297570143
-10.09814412928509 0.8392857142857171
-10.115893421913333 0.8482498870459088
-10.129246774873167 0.8571428571428594
-10.136503490074423 0.8619850162708333
-10.156639359440337 0.874185014745211
-10.158229724266338 0.8750000000000018
-10.158803032658264 0.8753822506112066
-10.16071428571429 0.8765393722115782
-10.19084275609378 0.892857142857145
-10.207650520794417 0.9013270386982626
-10.250000000000004 0.9281472223632914
-10.250582100541958 0.9284550084630396
-10.25083506988658 0.9285714285714306
-10.251120552213045 0.9287955390140388
-10.283791264605563 0.9464285714285738
-10.296655466633887 0.954954620958941
-10.298657159032127 0.9561600032349986
-10.314598235141112 0.9642857142857171
-10.339285714285719 0.979470701990854
-10.342851664685258 0.9814296670629519
-10.344252992718081 0.9821428571428594
-10.34641315119379 0.9835683445244738
-10.366466563663506 0.994563830124445
-10.377165963428725 1.0000000000000027
-10.389144414196975 1.0078854028748951
-10.394378166996875 1.0110184905422344
-10.407862116969081 1.017857142857146
-10.428571428571432 1.0305135579724736
-10.436026857470667 1.0342231999344413
-10.438297140161298 1.0357142857142883
-10.443045028624447 1.038609005724891
-10.484543262834363 1.0602342045759885
-10.501664592442962 1.0714285714285747
-10.517857142857146 1.0812514815595726
-10.529435514271377 1.0869700400028712
-10.54045612387705 1.0938055104896982
-10.565631807343056 1.1071428571428603
-10.577641464402733 1.1130431356908863
-10.607142857142861 1.1312443646245862
-10.630546176735368 1.142857142857146
-10.638983510119372 1.1492252734524477
-10.660835776843133 1.1607142857142883
-10.669299439272764 1.1661401121454498
-10.687489646242817 1.1767836435342796
-10.691083477708293 1.1785714285714315
-10.696428571428575 1.1817611502485974
-10.71781400389731 1.1921514849348274
-10.724472439013763 1.1964285714285747
-10.736829365121409 1.2045087301671416
-10.753995353681184 1.214285714285717
-10.760810727063237 1.2192664260159267
-10.778183207522282 1.230636641504459
-10.780937384437134 1.2321428571428603
-10.785714285714288 1.23534989761996
-10.805336623604411 1.2460755324219788
-10.810809996072566 1.2500000000000036
-10.8214543261592 1.2571480080889854
-10.849225041067285 1.2730121346436896
-10.866939022778608 1.2857142857142891
-10.875000000000004 1.291123552794641
-10.890619635502514 1.3004475014709307
-10.896332756051617 1.3035714285714324
-10.90437302461955 1.309446033495342
-10.912042195803194 1.3140201322679372
-10.925602105156733 1.3214285714285747
-10.933924327292194 1.3275008488272793
-10.94653121319497 1.3357348140675684
-10.953037646194009 1.339285714285718
-10.964285714285717 1.3468055827050591
-10.978174108353604 1.3543651783292834
-10.982063228424312 1.3571428571428612
-10.988811393255558 1.3620479929368292
-10.998948333895228 1.3680674760781013
-11.011687773601821 1.3750000000000036
-11.020742214000492 1.381565842914191
-11.031252728410987 1.3883934028250575
-11.039470031760088 1.3928571428571468
-11.05357142857143 1.4022256501926602
-11.064298475673022 1.4085688762939723
-11.068255607089535 1.41071428571429
-11.073891053840052 1.4147782107680138
-11.086208322035262 1.4220440498786662
-11.098273639964564 1.4285714285714324
-11.107977740805286 1.4355473089818043
-11.116759030742482 1.4412089490056426
-11.126429290256501 1.4464285714285747
-11.142857142857146 1.4572534129390347
-11.152405648343061 1.4623760131885346
-11.15511580034912 1.464285714285718
-11.160481310107942 1.4678105477358772
-11.19825257426882 1.4889209137176689
-11.21406884244663 1.5000000000000036
-11.232142857142861 1.5117953320416264
-11.240431529313694 1.5161994084229802
-11.247539726992807 1.5209365168271356
-11.273617831670022 1.53571428571429
-11.28675999911097 1.5426480001778105
-11.321428571428575 1.5655886579793439
-11.332469488450542 1.5714285714285756
-11.335960755179709 1.574335008178803
-11.362612723310994 1.5892857142857189
-11.373374333666344 1.596753704695307
-11.379768918822773 1.6009537837645587
-11.390826999916772 1.6071428571428612
-11.410714285714288 1.621143049206287
-11.415702866035437 1.6240022839357753
-11.417033235588972 1.6250000000000044
-11.41954039959116 1.6267652227753784
-11.445909859179697 1.6428571428571477
-11.459910884383316 1.6508749659804849
-11.473040707060958 1.66071428571429
-11.497825057170491 1.678136440005531
-11.49853895241757 1.6785714285714333
-11.498917801329661 1.678787868305502
-11.500000000000004 1.6795971035845279
-11.527646477419728 1.6964285714285765
-11.543643989006332 1.7055569164844533
-11.555328636261834 1.7142857142857189
-11.56234129059507 1.7196745990238478
-11.577027419184596 1.7296911981226364
-11.581361372259012 1.7321428571428612
-11.583001176615902 1.7333997646768244
-11.589285714285717 1.7376767463066676
-11.609625936880514 1.7500000000000044
-11.627600126458455 1.7601942604225993
-11.637913461582597 1.7678571428571477
-11.657549328009582 1.7815098656019206
-11.664522728776 1.78571428571429
-11.668200577542411 1.7877884559200945
-11.67857142857143 1.7954539324025838
-11.692060528232187 1.8035714285714333
-11.696894025116062 1.8072359478803595
-11.709823779823397 1.8151781011781836
-11.720981168726032 1.8214285714285765
-11.730795276650321 1.828840944669941
-11.737216537180123 1.8331575931503146
-11.748185146779484 1.8392857142857189
-11.752316778112204 1.8423937872347071
-11.767857142857146 1.8528056361428478
-11.775122763378063 1.857142857142862
-11.796776785936913 1.8692160713840504
-11.804680077119809 1.8750000000000036
-11.819917934728442 1.8854121583742627
-11.832474951289894 1.892857142857146
-11.839023828337414 1.896480948618235
-11.85714285714286 1.909066964633686
-11.882208927270446 1.9235582145459134
-11.889118483538825 1.9285714285714306
-11.90099373637422 1.9373416044177025
-11.901389259471866 1.9375792909627716
-11.917480197375426 1.946428571428573
-11.92367210209726 1.9509798652948351
-11.942812328432147 1.9635624656864303
-11.944131823993697 1.9642857142857153
-11.946428571428573 1.9658273645712443
-11.968284673585504 1.9777716367114717
-11.986241780097576 1.990105498876658
-12.003247743280372 2.