-9.258340900313035 0.
-9.260912925795 0.0013888434124291749
-9.267857142857148 0.004918552538870635
-9.288698576980305 0.013688856032510799
-9.296108568409885 0.01785714285714235
-9.313424476475747 0.026970609580862615
-9.332201282521341 0.03571428571428559
-9.340050584688216 0.039132740205214844
-9.357142857142861 0.049056110307801326
-9.366695395160383 0.053571428571428825
-9.391538217850101 0.06454949928712317
-9.403228960352036 0.07142857142857117
-9.429572292669851 0.08591445853396973
-9.436525264877611 0.08928571428571441
-9.439558712010792 0.09065968616927123
-9.446428571428577 0.09479519883630516
-9.471622527537338 0.10714285714285765
-9.491113352167483 0.11606304385221922
-9.53571428571429 0.1419302006716885
-9.537068127253164 0.14258637454936807
-9.537693785607932 0.14285714285714324
-9.53847531194096 0.14340934810247763
-9.572889426002513 0.16071428571428648
-9.588467161731842 0.16802085336791883
-9.605436526529193 0.17857142857142883
-9.625000000000004 0.189913100607896
-9.634062559920128 0.19461605944454696
-9.637796234080513 0.19642857142857206
-9.643878760406164 0.2002043235098041
-9.658158588401571 0.2076539966054023
-9.67175984104411 0.2142857142857153
-9.682078603380713 0.22072713646671627
-9.695401831886338 0.22836608066298147
-9.703118570518162 0.23214285714285765
-9.714285714285719 0.23871012241561473
-9.73091772148961 0.246673598559223
-9.736166582086089 0.2500000000000009
-9.747384254161673 0.25661970797519196
-9.779207258271327 0.27272997691716583
-9.7995762044189 0.2857142857142865
-9.803571428571434 0.28808422445004833
-9.826248006077465 0.2990361130702226
-9.848450459386651 0.3125472347344722
-9.865496347305955 0.32142857142857206
-9.873490199819942 0.32530196003601297
-9.892857142857148 0.3371189815971958
-9.921059980874773 0.35150228953933293
-9.933643789997864 0.35714285714285765
-9.948532812137431 0.3682779909989149
-9.961397303301002 0.3750000000000009
-9.967449872484625 0.37793859693164844
-9.982142857142861 0.3873712167512062
-9.992638576167836 0.3928571428571441
-10.015625396783342 0.40401777778619063
-10.048223820273211 0.42393047834035613
-10.057104912396744 0.4285714285714297
-10.060525270781095 0.43075208870092574
-10.071428571428577 0.43710676400885173
-10.089275349081738 0.44642857142857295
-10.110139444535184 0.456543539664394
-10.122215553149465 0.4642857142857153
-10.14793639128504 0.4795872782570081
-10.152836649007986 0.48214285714285854
-10.15514068155666 0.48325757797438484
-10.16071428571429 0.4868241304401266
-10.186004440566576 0.5000000000000018
-10.204738388110968 0.5090523223778085
-10.218514079613314 0.5178571428571441
-10.247953892631358 0.5353050642405579
-10.248741326982048 0.5357142857142874
-10.249110559860707 0.5358921737421465
-10.250000000000004 0.53643082871075
-10.29951251651427 0.5615260681257199
-10.321737081120887 0.571428571428573
-10.344544310197055 0.5882339951034483
-10.346199434107247 0.5892857142857153
-10.349756811052758 0.5913799336391232
-10.380278149894089 0.6071428571428585
-10.39451610135474 0.6139539225861972
-10.428571428571432 0.634429996613747
-10.440551137225677 0.6404612011262953
-10.44434150986421 0.6428571428571441
-10.45176526433581 0.6474959100100195
-10.463615872728592 0.653705396882855
-10.477964307462138 0.6607142857142874
-10.487654037773375 0.6667549067310423
-10.503203128478638 0.6756406256957295
-10.509213216223024 0.6785714285714306
-10.517857142857146 0.6836096744827396
-10.53686073281623 0.6926278534367567
-10.556033966185934 0.7040639360943306
-10.576048020797302 0.7142857142857162
-10.58364140900643 0.7189860039130025
-10.606621966352886 0.7320386789848641
-10.606836709455337 0.7321428571428594
-10.607142857142861 0.7323201815684914
-10.631737378601061 0.745081095708362
-10.641894021050726 0.7500000000000018
-10.655259364884852 0.7582338413087468
-10.659059071857222 0.7603832429428738
-10.674518496430784 0.767857142857145
-10.679898022644664 0.7711632526139276
-10.696428571428575 0.7804948158606209
-10.70672760980363 0.7857142857142883
-10.730026226619108 0.7968518975333243
-10.740643873294811 0.8035714285714306
-10.760830709932174 0.8164518562721508
-10.769771226722359 0.8214285714285738
-10.774201158231413 0.8237311969251486
-10.785714285714288 0.831607237429826
-10.799500523110085 0.8392857142857171
-10.820475821651621 0.8501905499553928
-10.830636828524488 0.8571428571428594
-10.840604843443673 0.8640218884541255
-10.850285073101908 0.8700570146203832
-10.859701306920487 0.8750000000000018
-10.86314025266943 0.8773719494661165
-10.875000000000004 0.8847616172123027
-10.889542972165222 0.892857142857145
-10.910332637644718 0.903647758185345
-10.92067667181462 0.9107142857142883
-10.941593408472237 0.9240329674087349
-10.94976211618081 0.9285714285714306
-10.953809499167685 0.9306666715950369
-10.964285714285717 0.9378058718232376
-10.97982687701931 0.9464285714285738
-10.986225303003108 0.9508164891720527
-10.998079643943239 0.9575269283542127
-11.011020300911252 0.9642857142857171
-11.020643984119198 0.9708712031761628
-11.03183734996447 0.9777960414214677
-11.040173481102379 0.9821428571428594
-11.043209286025512 0.9842152856520432
-11.05357142857143 0.9906124635439557
-11.07058281577403 1.0000000000000027
-11.090841980391925 1.0104030324930466
-11.101864117497458 1.017857142857146
-11.124373201750807 1.0320174974930207
-11.131102152122232 1.0357142857142883
-11.134409229450121 1.0374038683956934
-11.142857142857146 1.042821095051873
-11.181762349354967 1.0636475301290105
-11.193353900671635 1.0714285714285747
-11.202245343538213 1.0774080741495045
-11.216652299016785 1.0861876026605017
-11.222670127617652 1.089285714285717
-11.22484718535799 1.0907448486426912
-11.232142857142861 1.0951779095397578
-11.254154954267642 1.1071428571428603
-11.273242681376288 1.116780035153318
-11.311161941956671 1.140803816962765
-11.3149612132509 1.142857142857146
-11.31646006473234 1.1438508441963933
-11.321428571428575 1.1468417370656532
-11.347178699042844 1.1607142857142883
-11.358366323214614 1.1681018360714965
-11.362483604586712 1.1703604219398036
-11.378645298408573 1.1785714285714315
-11.386121763887033 1.183489932936883
-11.406274070005175 1.1955405282867524
-11.4080267290812 1.1964285714285747
-11.408617558109693 1.196847916949494
-11.410714285714288 1.1982294408673901
-11.438268676095365 1.214285714285717
-11.454521436862796 1.2233814269131589
-11.466473031020268 1.2321428571428603
-11.489330078926134 1.2478660157852293
-11.492903431508696 1.2500000000000036
-11.494770617844377 1.251045876431129
-11.500000000000004 1.2548828457865895
-11.521718583498746 1.267857142857146
-11.539497217791421 1.2778148421560056
-11.550263288288166 1.2857142857142891
-11.55845651235329 1.291880126100775
-11.570202065862338 1.2997546988867565
-11.577044255880782 1.3035714285714324
-11.579616486469366 1.3055052741347026
-11.589285714285717 1.3119819037406693
-11.605120281099884 1.3214285714285747
-11.6244832928542 1.3322461985720215
-11.652563944320733 1.351941360292721
-11.661305585272528 1.3571428571428612
-11.665868653480054 1.3596834121611368
-11.67857142857143 1.368954690452882
-11.688744759878233 1.3750000000000036
-11.692465761241673 1.3777788665340518
-11.707707258216132 1.387029976928206
-11.718215160521645 1.3928571428571468
-11.728723253918417 1.4006839206448927
-11.733467510282749 1.4038363591994107
-11.745894233474807 1.41071428571429
-11.750553996291302 1.4141749150274592
-11.767857142857146 1.4256439214063246
-11.772812840844205 1.4285714285714324
-11.795243079759612 1.4409513840480814
-11.802804909914526 1.4464285714285747
-11.817472795359583 1.4563517019290622
-11.830974583218557 1.464285714285718
-11.8379657318955 1.4681211393351905
-11.85714285714286 1.4813263585379675
-11.881295649398968 1.4951694415487822
-11.88801347632946 1.5000000000000036
-11.899635169282481 1.5084984624279283
-11.900715397635247 1.5091426347586685
-11.916668686288322 1.5178571428571468
-11.923080047424246 1.5225268476580123
-11.941915418926802 1.534811655213936
-11.943572517295047 1.53571428571429
-11.946428571428573 1.5376171739413795
-11.967917177989206 1.5492737072593057
-11.985772535625376 1.561440221410793
-12.003055028328221 1.5714285714285756
-12.010150338188563 1.5765413609337209
-12.027240525911479 1.587590962325157
-12.030375365711434 1.5892857142857189
-12.035714285714288 1.5929140795915249
-12.053512195286228 1.6035832752284733
-12.059798202002385 1.6071428571428612
-12.068077473424795 1.6136154946849626
-12.073995613745153 1.617343734393831
-12.087363763670696 1.6250000000000044
-12.095039213843943 1.6309921572312165
-12.106989332464293 1.6392550093500056
-12.1132858337306 1.6428571428571477
-12.125000000000002 1.65115643680923
-12.1373037351871 1.6582535386768704
-12.140560558327858 1.66071428571429
-12.146685191473122 1.665051324008914
-12.168737294524423 1.6785714285714333
-12.180500967736496 1.6853283778812775
-12.195252001372612 1.6964285714285765
-12.214285714285715 1.7098412658338624
-12.22002990684498 1.7131368757738663
-12.221557701644628 1.7142857142857189
-12.224444241882612 1.7163174198050983
-12.264209942321628 1.7400151543928217
-12.277563873726772 1.7500000000000044
-12.302909715855314 1.7677248003139239
-12.303243811803004 1.7679226662108336
-12.30357142857143 1.7681660430993906
-12.332585329230001 1.78571428571429
-12.348337792816542 1.7946181557224108
-12.360410233163364 1.8035714285714333
-12.383478501835668 1.8195528432242813
-12.386602132449973 1.8214285714285765
-12.388246530860055 1.8223506938279943
-12.392857142857144 1.8255956803150157
-12.433018585047009 1.849110568704889
-12.449186283877992 1.857142857142862
-12.465003692763258 1.871572167124084
-12.470770254804735 1.8750000000000036
-12.473174955752087 1.8767935802781572
-12.482142857142858 1.8827600651302872
-12.499167020468198 1.892857142857146
-12.505428657654203 1.897514302959415
-12.516050223981852 1.9039328123464898
-12.528323484943199 1.9107142857142883
-12.537497987466516 1.9175004025066995
-12.546797448095203 1.9236452039047567
-12.555747744529953 1.9285714285714306
-12.559099959983527 1.9310371508604396
-12.571428571428573 1.9391450746622434
-12.583845008209241 1.946428571428573
-12.604444335416902 1.95768256148805
-12.613627277019214 1.9642857142857153
-12.631606273333663 1.9763212546667326
-12.646775587509383 1.9849305967838387
-12.660714285714288 1.994859338350401
-12.669578346696529 2.