-12.453274670318947 2.
-12.437160446961496 1.9911393391791297
-12.436819934021843 1.9909354153757972
-12.424882303436988 1.9821428571428577
-12.416347141139013 1.9774448574864838
-12.3951832221318 1.9647509301406467
-12.394552579357509 1.9642857142857153
-12.394101038943427 1.9640369350684592
-12.392857142857144 1.9632897680010961
-12.367870304430102 1.946428571428573
-12.353929002832153 1.936357056576428
-12.33972741044145 1.9285714285714306
-12.312271641424987 1.9124543282849995
-12.308374229500778 1.909753725528419
-12.289474648721736 1.892857142857146
-12.267715288848745 1.8821712279445402
-12.229564449235523 1.8601986041328233
-12.226164199741614 1.857142857142862
-12.222731699858056 1.8554536600283944
-12.214285714285715 1.850571092082098
-12.174513167074165 1.8214285714285765
-12.147381436918993 1.8080477159552313
-12.137407304409866 1.8010899676894603
-12.125000000000002 1.7941880142072764
-12.11259793105378 1.78571428571429
-12.096063171886222 1.7736445084799035
-12.065830292780863 1.7560232014133197
-12.059231303634833 1.7500000000000044
-12.052468432498868 1.7466491706430887
-12.035714285714288 1.7372670703694402
-12.028264160400784 1.7321428571428612
-12.010743861596817 1.7192797991092128
-12.001854009735846 1.7142857142857189
-11.98490593498291 1.7041240441394434
-11.967911507362059 1.692131984241879
-11.946428571428573 1.6800260816814383
-11.94432687504349 1.6785714285714333
-11.92573946446981 1.664852107106043
-11.904509259142925 1.652330423257161
-11.890849866725645 1.6428571428571477
-11.883670342984407 1.6375516456888377
-11.85714285714286 1.6218845889371396
-11.840966334410108 1.610378161689411
-11.835269063234307 1.6071428571428612
-11.82365619958671 1.6004455256316312
-11.80676799782237 1.5892857142857189
-11.797984204981521 1.583260301860844
-11.775449242363663 1.5714285714285756
-11.767857142857146 1.5671474750723933
-11.751538150251921 1.5568352270924768
-11.746904752345051 1.5535714285714324
-11.734336633092568 1.546867326618517
-11.729007483153858 1.5434842176549477
-11.71803596494449 1.53571428571429
-11.707303656201633 1.5299678401882497
-11.690745384101625 1.5202919339631862
-11.687325380686692 1.5178571428571468
-11.67857142857143 1.512837467958092
-11.664375395687511 1.5028392065767875
-11.659103059189686 1.5000000000000036
-11.648787196639937 1.4940431536137053
-11.621688391239124 1.4756623217521794
-11.600735213802277 1.464285714285718
-11.589285714285717 1.4576245254903046
-11.576155487750022 1.4490546167357135
-11.572562504139864 1.4464285714285747
-11.56293429828297 1.4411582882280252
-11.554377813387548 1.4355530087510662
-11.544866257234673 1.4285714285714324
-11.53510760384704 1.4215499078020253
-11.515414059936461 1.41071428571429
-11.500000000000004 1.4016376840825675
-11.490489596440753 1.3947592235689967
-11.487049529001657 1.3928571428571468
-11.480433368607898 1.3889438165787258
-11.459930166900618 1.3750000000000036
-11.449314999162796 1.3672798573103018
-11.431085947668823 1.3571428571428612
-11.410714285714288 1.3450338746129438
-11.404087324949481 1.3406111064386792
-11.402319267377317 1.339285714285718
-11.39761458999689 1.3366657751422384
-11.383092715932744 1.326952885384883
-11.375741433157527 1.3214285714285747
-11.361406460330281 1.3134329936482336
-11.356872052466338 1.3106601247789849
-11.347458728675663 1.3035714285714324
-11.321428571428575 1.2880007165523466
-11.31880597036197 1.28623880592761
-11.318111349439349 1.2857142857142891
-11.316449754410177 1.2847185223106097
-11.279222142641109 1.2584412857574971
-11.264219044226776 1.2500000000000036
-11.235604456549577 1.2328351770242039
-11.234076890592398 1.2317560504529528
-11.232142857142861 1.2306677268475745
-11.208440729856166 1.214285714285717
-11.19419539419798 1.2040180640175508
-11.150163646589672 1.1800327293179365
-11.147808385662097 1.1785714285714315
-11.146667763456575 1.1778093044515456
-11.142857142857146 1.1758776896519647
-11.118502259283872 1.1607142857142883
-11.10305499546599 1.1527538562360578
-11.100664997580717 1.1512955719124314
-11.088137145783884 1.142857142857146
-11.078491702166907 1.1378730881380505
-11.056538022262242 1.125593318738166
-11.0556604725815 1.1250000000000036
-11.055078646303993 1.1246985564534908
-11.05357142857143 1.1238529199154552
-11.026996399427238 1.1071428571428603
-11.010359546405924 1.0985004807097587
-11.009658066757838 1.0980683866484355
-10.996762969382928 1.089285714285717
-10.964511567377627 1.0714737420469564
-10.964455991802023 1.0714285714285747
-10.964405072759364 1.0714046997338453
-10.964285714285717 1.0713399546810942
-10.922383193613191 1.0440947898487938
-10.906207789983934 1.0357142857142883
-10.875000000000004 1.0183429221866227
-10.874409719322264 1.0179751989926933
-10.874238644568075 1.017857142857146
-10.87377090533966 1.0176113239250775
-10.852708816406743 1.004458236718655
-10.846266682585822 1.0000000000000027
-10.832609672233973 0.9906209226960652
-10.816368034245459 0.9821428571428594
-10.785714285714288 0.9649687273872036
-10.784945248197902 0.9644395217889947
-10.784651225757948 0.9642857142857171
-10.78406271277539 0.9639553996979373
-10.756835186503599 0.9464285714285738
-10.74326719079581 0.9370608475551263
-10.727096139241139 0.9285714285714306
-10.696428571428575 0.9113095708763703
-10.695711653931674 0.9108576692136685
-10.695506647542887 0.9107142857142883
-10.694948363566738 0.9104182441419209
-10.674173029269982 0.8973082512888642
-10.667816520123816 0.892857142857145
-10.651208378377893 0.8840440386101385
-10.650594842143668 0.883690397000163
-10.638194477358239 0.8750000000000018
-10.607142857142861 0.8574834582863371
-10.606733404805404 0.857224747610351
-10.606616605176963 0.8571428571428594
-10.606327579287347 0.8569798015717565
-10.565294555553628 0.8297982317464205
-10.549407295322972 0.8214285714285738
-10.517857142857146 0.8036477256185623
-10.517765360686814 0.8035897850054967
-10.517739138377577 0.8035714285714306
-10.517660970368324 0.8035321940736662
-10.494972636043242 0.7902911870770692
-10.487569147708067 0.7857142857142883
-10.473296508921043 0.7767692696443653
-10.428571428571432 0.7544402487768904
-10.422992446353183 0.7511157964436519
-10.420639364599324 0.7500000000000018
-10.415561757915334 0.747398065868782
-10.389428290824716 0.7321428571428594
-10.377356194359303 0.7245287611281421
-10.355852981305702 0.7142857142857162
-10.339285714285719 0.7057603379712427
-10.32722391561454 0.6988409311628088
-10.323371970780649 0.696428571428573
-10.31240229009703 0.6910518865908353
-10.303235161546079 0.6857815391193585
-10.291751586624585 0.6785714285714306
-10.279667850526694 0.6726378584660928
-10.261359692424787 0.6629862241992441
-10.257750209508297 0.6607142857142874
-10.250000000000004 0.6567015685208224
-10.233438318576244 0.6461694791418964
-10.226546105371991 0.6428571428571441
-10.211831016489072 0.6352233461549579
-10.186477065369125 0.6198474440690349
-10.16071428571429 0.6074144059256685
-10.160256166487056 0.6071428571428585
-10.159944993552324 0.6069889987104657
-10.137470770055776 0.5939344174174179
-10.130154461628852 0.5892857142857153
-10.113260529208164 0.5809193227297982
-10.10987696564145 0.5791182502711472
-10.097800502823477 0.571428571428573
-10.091534656166896 0.5674073544809088
-10.071428571428577 0.5576490379022019
-10.064588294659135 0.5535714285714306
-10.045022973274053 0.5409954053451926
-10.034160014132407 0.5357142857142874
-10.011160478496512 0.5236606671278743
-10.001456417909814 0.5178571428571441
-9.996882691166325 0.5149091760524511
-9.982142857142861 0.5077220145223951
-9.969249038782017 0.5000000000000018
-9.960608642571138 0.49569315708565753
-9.948854088109165 0.4888006109495979
-9.938487626297292 0.48214285714285854
-9.925430032982105 0.475628279117867
-9.911091225572148 0.46793253082871544
-9.905419520694153 0.4642857142857153
-9.901826605467184 0.46249182176370773
-9.892857142857148 0.4576740031691289
-9.874139322601412 0.44642857142857295
-9.861642805697992 0.4401857039967423
-9.854825132009903 0.43617783074087946
-9.8430137761293 0.4285714285714297
-9.812509937499454 0.41250198749989053
-9.808128781866438 0.4098028150552855
-9.803571428571434 0.4075711595364959
-9.779107106222677 0.3928571428571441
-9.763800476783416 0.38295419035760414
-9.74755345738333 0.3750000000000009
-9.714285714285719 0.35748528988465456
-9.713851025476158 0.3572297949047698
-9.713715934630558 0.35714285714285765
-9.713335116129326 0.35695273751157863
-9.691135468098155 0.3439157635232277
-9.683932587446696 0.3392857142857153
-9.667064316570599 0.3308728509715966
-9.663995230511702 0.3292276175309121
-9.651842580220027 0.32142857142857206
-9.625000000000004 0.307349065153919
-9.620525386633231 0.30446635124478316
-9.618689098789963 0.3035714285714288
-9.614786558736565 0.30152874031874166
-9.593694689268217 0.2857142857142865
-9.575803742122336 0.27769639443267735
-9.53571428571429 0.2572858758504575
-9.526714675000322 0.25179992214279423
-9.522990360396626 0.2500000000000009
-9.515001318999234 0.24585740665698896
-9.491804994708044 0.23214285714285765
-9.480925101751039 0.22524355107836502
-9.458054677035346 0.2142857142857153
-9.446428571428577 0.20831331528666208
-9.432126154068607 0.19928905490056614
-9.426123560223882 0.19642857142857206
-9.413055122837024 0.18975388171026175
-9.393830609843905 0.17857142857142883
-9.384917192152423 0.17301656156951672
-9.358754657364113 0.16071428571428648
-9.357142857142861 0.15990257225735327
-9.334754353357596 0.14733484361419613
-9.327390162391476 0.14285714285714324
-9.307512824316023 0.13293113629177533
-9.287180683462363 0.12113529187895722
-9.267857142857148 0.11229545162019594
-9.258686911622915 0.10714285714285765
-9.23868507741994 0.09512012737315612
-9.225783178285841 0.08928571428571441
-9.196108890917023 0.07493606389768903
-9.19085301375112 0.07142857142857117
-9.186877430834713 0.06976737097591545
-9.178571428571434 0.06593666448736979
-9.138366704761193 0.043755230476334006
-9.11979551599942 0.03571428571428559
-9.089285714285719 0.021605048718455144
-9.08403321725745 0.018907642262796287
-9.082110728757254 0.01785714285714235
-9.07611364641283 0.015222729282564629
-9.058226848160768 0.006211773224990225
-9.046596158809614 0.