-11.89234847040167 2.
-11.884071876174703 1.9946141961936315
-11.8590274092313 1.9821428571428577
-11.85714285714286 1.9811431262062609
-11.837347177380643 1.9682448502381584
-11.82938984218012 1.9642857142857153
-11.81259438308409 1.9553760194739613
-11.797769358382892 1.946428571428573
-11.790683152022538 1.9418633695954943
-11.767857142857146 1.9306496085585154
-11.764413044535022 1.9285714285714306
-11.762115902169288 1.927423180433859
-11.742335263897528 1.9158186615062114
-11.734395973882917 1.9107142857142883
-11.718392448958962 1.902750081636782
-11.712641205280475 1.8996710981989544
-11.701979937850938 1.892857142857146
-11.695249678122046 1.889521492947023
-11.67857142857143 1.8806341861662785
-11.66912667885712 1.8750000000000036
-11.66273138445229 1.8718319911761752
-11.647975685597665 1.8632620057376146
-11.638341695419678 1.857142857142862
-11.613168679368158 1.8440623073022069
-11.601299720301123 1.836882913082638
-11.589285714285717 1.8311034856308614
-11.572911377009962 1.8214285714285765
-11.55542029479845 1.8103445124688866
-11.541324003878634 1.8035714285714333
-11.510927496278077 1.7878997849699045
-11.507202114525967 1.78571428571429
-11.505466367899459 1.7846210121343988
-11.500000000000004 1.7820121185760147
-11.475852890931284 1.7678571428571477
-11.46014992662471 1.7579700146750632
-11.443432446178015 1.7500000000000044
-11.410714285714288 1.7332391311324358
-11.40939221220831 1.7324072718440569
-11.40883687638981 1.7321428571428612
-11.40763271008548 1.7315265420170993
-11.383829102661485 1.7142857142857189
-11.321428571428575 1.6843244768984302
-11.3141995517854 1.6800172325000684
-11.3111444975542 1.6785714285714333
-11.30449394206202 1.675184502698122
-11.268018196815184 1.6535392177798256
-11.24535807726907 1.6428571428571477
-11.232142857142861 1.6361490891628865
-11.218603543298602 1.6277078627688564
-11.200301351596568 1.6186316988907459
-11.180394661606163 1.6071428571428612
-11.171314972588762 1.601451291196538
-11.145639467673025 1.5892857142857189
-11.142857142857146 1.5878601346444823
-11.121557496607684 1.575688500678468
-11.114714226932593 1.5714285714285756
-11.09691178501645 1.5627605001395715
-11.095291015141225 1.5619153458853914
-11.081843721297385 1.5535714285714324
-11.07359875242433 1.5495659638008528
-11.05357142857143 1.5391492428067615
-11.047659686141742 1.53571428571429
-11.043511755032638 1.5337023510065313
-11.025484505294532 1.5234745275125272
-11.016385085715191 1.5178571428571468
-10.992246168874315 1.5055920909177232
-10.984448783475331 1.5000000000000036
-10.978128205377924 1.4972315017815623
-10.964285714285717 1.4903820817810214
-10.931304302420799 1.4708819966587017
-10.91724630892323 1.464285714285718
-10.886447246120703 1.4487180206527146
-10.882465997684543 1.4464285714285747
-10.880644278950873 1.4452997156384013
-10.875000000000004 1.4426607410635048
-10.850465543412126 1.4285714285714324
-10.834652602961542 1.4187837651219821
-10.817370587034864 1.41071428571429
-10.785714285714288 1.3947787422745197
-10.783365979586394 1.3933268040827258
-10.782358864157347 1.3928571428571468
-10.780143135814622 1.3917429128772136
-10.750869379659216 1.3750000000000036
-10.73754054820899 1.3667776046439206
-10.716828870755805 1.3571428571428612
-10.696428571428575 1.346905220536894
-10.686388141075577 1.3412938003563175
-10.683078815602641 1.339285714285718
-10.673487137207962 1.3346974274415953
-10.66204073433575 1.3283061388471396
-10.650694792751867 1.3214285714285747
-10.637848064684238 1.3152875299202993
-10.619905524944134 1.3061239621316867
-10.615690790712105 1.3035714285714324
-10.607142857142861 1.2992911332260277
-10.58922130259519 1.2892985966238237
-10.583298813377121 1.2857142857142891
-10.567428675694533 1.2777714494246233
-10.542110921073142 1.263006387213947
-10.517857142857146 1.2517746576174318
-10.514737095888652 1.2500000000000036
-10.512485502699265 1.2489256719684274
-10.491727481219831 1.2373687894703238
-10.483078391150697 1.2321428571428603
-10.466975886951511 1.224461965466844
-10.458914069021855 1.2203542423758016
-10.448866879374663 1.214285714285717
-10.443892665950653 1.2112214668098735
-10.428571428571432 1.2036496650630744
-10.396706573875834 1.1849443995105515
-10.383172060161796 1.1785714285714315
-10.353588158494823 1.1635747745561087
-10.34863032637831 1.1607142857142883
-10.346354896264046 1.1593004493186232
-10.32328958281468 1.142857142857146
-10.300269220024923 1.1328032988521626
-10.250000000000004 1.1080341126024953
-10.248869758163956 1.1073689055100697
-10.248385639154936 1.1071428571428603
-10.247321082394443 1.1066070736217481
-10.217066208229124 1.089285714285717
-10.203275833508206 1.0807734047269344
-10.183196541294127 1.0714285714285747
-10.16071428571429 1.060144836677611
-10.152663087543724 1.0551816682055444
-10.14919821148567 1.0535714285714315
-10.14155375861068 1.0497393231507095
-10.116951004384513 1.0357142857142883
-10.105780360040933 1.028843927991817
-10.082080485353464 1.017857142857146
-10.071428571428577 1.0125284734494384
-10.054878566584451 1.0033100009688276
-10.04940191042923 1.0000000000000027
-10.034708522560349 0.992655990226357
-10.007831943305632 0.9770050399103054
-9.982142857142861 0.9651298954307661
-9.980656030015778 0.9642857142857171
-9.95905747193428 0.9510456484702905
-9.949062178915016 0.9464285714285738
-9.926919762409936 0.9353839524819882
-9.917163092673698 0.9285714285714306
-9.909476574557399 0.9252475422313804
-9.892857142857148 0.9171562635953032
-9.861736969239642 0.8990811775806469
-9.848241048328674 0.892857142857145
-9.818315508190617 0.8779488159238387
-9.810758165169423 0.8735626526804037
-9.803571428571434 0.8702503663803514
-9.780416699532958 0.8571428571428594
-9.76412073585869 0.8471758528282658
-9.714285714285719 0.8229371224728537
-9.71235202230647 0.821815309824423
-9.711512645064678 0.8214285714285738
-9.709650845851089 0.8205015977416474
-9.679732750939534 0.8035714285714306
-9.666244283518989 0.7953225718676338
-9.645390156746863 0.7857142857142883
-9.625000000000004 0.7755610635310841
-9.614785805295453 0.769899981798055
-9.611387653363133 0.767857142857145
-9.601499874811626 0.7631571178194694
-9.59028829719281 0.7569423405614399
-9.57874232503489 0.7500000000000018
-9.566001121702982 0.7439426328022636
-9.547336736423363 0.7344673472846743
-9.543471821182647 0.7321428571428594
-9.541175048974669 0.7310507044907837
-9.53571428571429 0.7282777383933139
-9.517171303266846 0.7179943107752056
-9.511007010415693 0.7142857142857162
-9.494446469965037 0.7060321511358651
-9.469845529050644 0.6917451799041592
-9.446428571428577 0.6809408335873623
-9.442247519168992 0.6785714285714306
-9.421300752803043 0.6657398494393938
-9.410412978031928 0.6607142857142874
-9.386318226981745 0.6486922168249212
-9.376030418730897 0.6428571428571441
-9.371384618004488 0.6400087906848189
-9.357142857142861 0.6334290443728579
-9.342288802800304 0.6250000000000018
-9.32398726191039 0.6137739761893535
-9.309641618270073 0.6071428571428585
-9.277936905297722 0.5913016667738296
-9.272783322585415 0.588300478340062
-9.248698087910478 0.571428571428573
-9.178571428571434 0.5383777113115373
-9.175169797783864 0.5363946118718017
-9.173701178514623 0.5357142857142874
-9.17046148026182 0.5340922960523642
-9.12902480072667 0.5099093255689544
-9.10765650980542 0.5000000000000018
-9.089285714285719 0.4907936197118987
-9.078678185448704 0.4842643629102614
-9.064031478843528 0.47709201005442026
-9.041570206918532 0.4642857142857153
-9.031382035899707 0.45800930710577514
-9.006444864619862 0.44642857142857295
-9.000000000000005 0.4431949167535558
-8.980725074133423 0.43242641374474644
-8.974372225887972 0.4285714285714297
-8.955976719641479 0.41976677249972383
-8.95565013545889 0.4195842586225096
-8.94103780703711 0.4107142857142865
-8.932102504735894 0.4064366419099663
-8.910714285714292 0.39549187798808827
-8.906099456887523 0.3928571428571441
-8.902789010276843 0.3912720877696545
-8.883440533332559 0.380454750476348
-8.874457937083713 0.3750000000000009
-8.85045443915814 0.36294803068877
-8.842220410293868 0.35714285714285765
-8.835669691344496 0.35429463315967347
-8.821428571428577 0.34731100708428375
-8.788466832502891 0.32802091921370913
-8.774283554089088 0.32142857142857206
-8.743040330772397 0.3057509232973352
-8.739221184141893 0.3035714285714288
-8.73748633380824 0.3025027332383532
-8.732142857142863 0.3000213488956227
-8.707059007706025 0.2857142857142865
-8.6913154739128 0.27602261950315654
-8.673718728598697 0.2678571428571441
-8.64285714285715 0.2524031107388369
-8.639908728588395 0.25058968285375194
-8.63863673292957 0.2500000000000009
-8.635824945533637 0.2485935605352978
-8.606898750314297 0.23214285714285765
-8.593788445462325 0.22409945376467988
-8.572562182584122 0.2142857142857153
-8.553571428571434 0.20481545064915085
-8.542466061806543 0.19864964478155045
-8.538775876980848 0.19642857142857206
-8.528027529496786 0.1913197916136422
-8.517896448855506 0.18570642451461428
-8.506012206215159 0.17857142857142883
-8.493637072331204 0.17270115696233201
-8.473641195627954 0.16258538198273342
-8.470515440794504 0.16071428571428648
-8.46428571428572 0.15762931974373906
-8.444620541919232 0.1467901773304412
-8.438027603217943 0.14285714285714324
-8.420143857804808 0.1340287715609607
-8.396817960354383 0.12063640792912533
-8.375000000000007 0.11071535914248454
-8.36860342892907 0.10714285714285765
-8.363844795782216 0.10491181629929969
-8.345865176837416 0.09511267891823305
-8.33596302410259 0.08928571428571441
-8.320894722963084 0.0822496268359556
-8.308126664522277 0.07591104719016784
-8.300464483331341 0.07142857142857117
-8.296757177176186 0.06921999313619231
-8.285714285714292 0.0640104817341145
-8.24862868745851 0.043131405365442355
-8.231960670110418 0.03571428571428559
-8.196428571428577 0.01869648287266301
-8.19536377344118 0.018070102454621484
-8.194881722139005 0.01785714285714235
-8.193758219952157 0.017323072561858055
-8.16157193451183 0.