-12.646088220464668 2.
-12.633392612333447 1.9876071918190261
-12.612683946515856 1.972536789303172
-12.603301054578798 1.9642857142857153
-12.59749866023662 1.9590716965241057
-12.578568108229687 1.946428571428573
-12.571428571428573 1.9415058048433735
-12.55819472430058 1.9312181979970289
-12.555184410524864 1.9285714285714306
-12.547363858020107 1.9237584858897376
-12.538763529329474 1.9172472941341079
-12.531113679016723 1.9107142857142883
-12.518931923904393 1.9033564723619811
-12.512132252685268 1.8988550219656277
-12.504925200022239 1.892857142857146
-12.482142857142858 1.8783663349361834
-12.478466881415669 1.8757351951454417
-12.477552317669753 1.8750000000000036
-12.475141323990833 1.8735996933695986
-12.458486818275729 1.8618740649162868
-12.452493872362949 1.857142857142862
-12.437082129090502 1.8482978598961894
-12.4366908637979 1.8480524584738696
-12.425405373962386 1.8392857142857189
-12.41692712433767 1.8344717179896133
-12.397336863643812 1.82232451558591
-12.396166763669438 1.8214285714285765
-12.395298540073853 1.8209402919852344
-12.392857142857144 1.8194418765763798
-12.369890456426191 1.8035714285714333
-12.35563730380367 1.793158253524985
-12.342259340087926 1.78571428571429
-12.316280601470858 1.7703989774370328
-12.310586119469304 1.766454204677573
-12.30357142857143 1.762606384400235
-12.284860359771502 1.7500000000000044
-12.269438983387202 1.738969346179707
-12.232373911730221 1.71790335377462
-12.226944160507278 1.7142857142857189
-12.224157634922962 1.7123113301582693
-12.214285714285715 1.7069734204022708
-12.198408106025425 1.6964285714285765
-12.182222185734823 1.6849841342816116
-12.170336712857024 1.6785714285714333
-12.146892516151405 1.6650927889445706
-12.140255710126855 1.66071428571429
-12.136877582877931 1.6583387691387044
-12.125000000000002 1.6519633514362972
-12.111187531131515 1.6428571428571477
-12.103027646294281 1.6384626721160034
-12.092258597608465 1.6315482804783121
-12.083098963155795 1.6250000000000044
-12.070254538781809 1.6180919493864998
-12.059777204111866 1.6119554408223769
-12.053034174707435 1.6071428571428612
-12.048398476296562 1.6046060190264066
-12.035714285714288 1.5965920943064242
-12.02532479125011 1.5892857142857189
-12.019942721432093 1.58613140142928
-12.007226501786278 1.5771261282141786
-12.000107912119715 1.5714285714285756
-11.983170073826487 1.5609197290510153
-11.96731573542424 1.5493939957722995
-11.946428571428573 1.5373828888829744
-11.944066114919936 1.53571428571429
-11.925609753487034 1.522020906445455
-11.904149072011014 1.5094012429736345
-11.890489406556714 1.5000000000000036
-11.883286240774801 1.494771323273615
-11.85714285714286 1.4797214939349255
-11.839893386313078 1.4677356084516742
-11.833619744667065 1.464285714285718
-11.821294388906818 1.4571160206385096
-11.805304166172592 1.4464285714285747
-11.797057197839754 1.4405885604320527
-11.774803024059253 1.4285714285714324
-11.767857142857146 1.4245928185664845
-11.751384676811043 1.4140087789235105
-11.746766235612444 1.41071428571429
-11.734205928928878 1.403984042928637
-11.728959355717238 1.400636700285129
-11.717963536434414 1.3928571428571468
-11.707213686258617 1.3871286913197096
-11.69028586626322 1.3773428875383615
-11.686949541567838 1.3750000000000036
-11.67857142857143 1.370286620992749
-11.663819563557102 1.3600932301457274
-11.658206240488614 1.3571428571428612
-11.64688656866269 1.3508058851611127
-11.628938518571609 1.339285714285718
-11.619970077290946 1.3331488416846717
-11.59743297840251 1.3214285714285747
-11.589285714285717 1.3169084032697205
-11.573044832264452 1.3068196049756855
-11.568309253118498 1.3035714285714324
-11.555274304239427 1.2967691465621742
-11.55007966768641 1.293555495034151
-11.538593541923307 1.2857142857142891
-11.529786406152017 1.2797570044838862
-11.506613773903652 1.267857142857146
-11.500000000000004 1.264226643094676
-11.483726498644577 1.2532547002710892
-11.477366238627319 1.2500000000000036
-11.464331665774084 1.2428663331548195
-11.447217718285573 1.2321428571428603
-11.438831001170643 1.2265195140515894
-11.41477970826046 1.214285714285717
-11.410714285714288 1.2120465349144265
-11.391521004585224 1.200267227654387
-11.385957303715017 1.1964285714285747
-11.37138319916348 1.1885623541184138
-11.36886331137995 1.1869416234382992
-11.357127685577966 1.1785714285714315
-11.347415301499469 1.1733740825572525
-11.327789030366509 1.1619863775018748
-11.325984474070234 1.1607142857142883
-11.321428571428575 1.1581495766155543
-11.303025984646247 1.1465376602136113
-11.297748966898197 1.142857142857146
-11.284533517969026 1.135478132165236
-11.259984623049554 1.119431646818665
-11.236212513518762 1.1071428571428603
-11.232142857142861 1.1049035862835952
-11.213002450933997 1.0931137955274899
-11.207358124609362 1.089285714285717
-11.191725582086141 1.0812022592743737
-11.189643354500472 1.0799284719570528
-11.17701065624171 1.0714285714285747
-11.16913586689878 1.0661728266202477
-11.142857142857146 1.0522688066941024
-11.12303870893742 1.0396779724982332
-11.115156533511964 1.0357142857142883
-11.098729240816432 1.0268887053061455
-11.084028084454554 1.017857142857146
-11.076919419447766 1.0131875446818785
-11.05357142857143 1.0015734750053014
-11.05099605071737 1.0000000000000027
-11.049306007008669 0.99914691568745
-11.02898297060015 0.9870605487371158
-11.021432970289654 0.9821428571428594
-11.005171829718906 0.9739656340562215
-11.000760238008633 0.9715806190303002
-10.989503833275482 0.9642857142857171
-10.982310096823385 0.9606808377781837
-10.964285714285717 0.9509747788371152
-10.956741299931108 0.9464285714285738
-10.937416753591874 0.9339452207101999
-10.926418117686415 0.9285714285714306
-10.903046642056125 0.9163236141255124
-10.893668463009726 0.9107142857142883
-10.889233477273782 0.9078675902595323
-10.875000000000004 0.900961145425816
-10.86140206644977 0.892857142857145
-10.852185601990262 0.8882942632551964
-10.841011175422832 0.8817977649154356
-10.830301029485373 0.8750000000000018
-10.817449991994781 0.8686528587439035
-10.801795952350165 0.8603591904700343
-10.796712442267028 0.8571428571428594
-10.794083336588981 0.8554690469679205
-10.785714285714288 0.8514435553431454
-10.765134965377886 0.8392857142857171
-10.748679640030046 0.8288355005654227
-10.733240246879133 0.8214285714285738
-10.700017025731883 0.8042891194320925
-10.698796608448262 0.8035714285714306
-10.698227771078608 0.8032115886414237
-10.674314171012483 0.7857142857142883
-10.653415321311568 0.7764597928805461
-10.607142857142861 0.7532475824448222
-10.603082108284372 0.7508121497716997
-10.601375525131237 0.7500000000000018
-10.597682761386979 0.7481079808488253
-10.557665478839224 0.7241811899464441
-10.536811756253297 0.7142857142857162
-10.517857142857146 0.7045976131233287
-10.5079884926648 0.6984023014670422
-10.494785147330978 0.6918141723233395
-10.472010101103676 0.6785714285714306
-10.461499398654796 0.671985834554758
-10.437663969764412 0.6607142857142874
-10.428571428571432 0.656080164565485
-10.411354518791622 0.646300524813106
-10.405785539668928 0.6428571428571441
-10.389796470272898 0.6351021511974375
-10.38673866250561 0.6333665532131656
-10.373196076374494 0.6250000000000018
-10.36329149462531 0.6201988439320836
-10.339285714285719 0.6077415975804978
-10.338252400935298 0.6071428571428585
-10.316851824681526 0.5937724922065533
-10.307335097108114 0.5892857142857153
-10.286615178071015 0.5787516070427747
-10.276418043716331 0.571428571428573
-10.268148739755965 0.5677988234773803
-10.250000000000004 0.5587898576700407
-10.220895375541177 0.5415352106060531
-10.208532708921975 0.5357142857142874
-10.1815954195044 0.5220333696151664
-10.17437218011957 0.5178571428571441
-10.171055865375742 0.5157888269248536
-10.16071428571429 0.5109221527097629
-10.141817931385873 0.5000000000000018
-10.124723572412366 0.4893409998032432
-10.076072930890286 0.4652145861780568
-10.074465286148229 0.4642857142857153
-10.073727636570265 0.463825901257378
-10.071428571428577 0.4627445721418004
-10.043184971289781 0.44642857142857295
-10.025320626459004 0.43779301756534483
-10.023474147489187 0.4368376866406951
-10.010037062709875 0.4285714285714297
-9.982142857142861 0.414418767143947
-9.977642638856436 0.41161432937157105
-9.971553853552235 0.40859648499616164
-9.944296912266726 0.3928571428571441
-9.931796278033591 0.38506931582185544
-9.91037475978273 0.3750000000000009
-9.905246194018112 0.3725221897678077
-9.892857142857148 0.366116365607712
-9.881127647549626 0.35948875620436205
-9.877311457894386 0.35714285714285765
-9.867184454791584 0.35200831952974543
-9.835031493922893 0.3329937012154236
-9.810409102505067 0.32142857142857206
-9.803571428571434 0.3179640641267589
-9.784745915052035 0.30733653127530847
-9.77861412277534 0.3035714285714288
-9.760951552723522 0.295047453401847
-9.75989276447023 0.2944500185345271
-9.745657520567255 0.2857142857142865
-9.738021755663771 0.2809670774386763
-9.714285714285719 0.2692348922699246
-9.689946250890944 0.2548678926789556
-9.679559702366713 0.2500000000000009
-9.656819893059074 0.2385068357546718
-9.645754654482275 0.23214285714285765
-9.640693579333613 0.22900414127613544
-9.625000000000004 0.22166343092818597
-9.612158623431682 0.2142857142857153
-9.60301479933649 0.20988867415301282
-9.59111811953109 0.20320494752235518
-9.580015940689137 0.19642857142857206
-9.566991843389314 0.19017305989356714
-9.549930402736262 0.18141465197582374
-9.545263912083964 0.17857142857142883
-9.542453680228013 0.17722354966868448
-9.53571428571429 0.17376975044786214
-9.512887308717248 0.16071428571428648
-9.496515427569735 0.15287451408537578
-9.493646250499705 0.1512707499000614
-9.479775164330839 0.14285714285714324
-9.446428571428577 0.12615832518917003
-9.445007406375941 0.12528423301052705
-9.44439428787866 0.125
-9.443035815793307 0.12432144887294605
-9.41278424685971 0.10714285714285765
-9.399075203339514 0.09875638790352692
-9.378526671131855 0.08928571428571441
-9.357142857142861 0.0786701387767339
-9.347521406433428 0.0733528615704575
-9.344304648948066 0.07142857142857117
-9.335588161527191 0.06711763230543699
-9.31147612134093 0.053571428571428825
-9.30063775495075 0.04701530615270766
-9.27581865669103 0.03571428571428559
-9.267857142857148 0.03181178819254171
-9.249136153201077 0.021601340788356183
-9.242777096507984 0.01785714285714235
-9.22399000610476 0.00908371550666498
-9.223572041007214 0.008857020369986479
-9.208428297321811 0.