-11.083176626993632 2.
-11.054181136314622 1.9822647986914959
-11.054008197867272 1.9821428571428577
-11.053915720653666 1.9820739987264107
-11.05357142857143 1.9818778458277695
-11.02843148973076 1.9642857142857153
-11.014591792629684 1.9564897870973663
-11.01200936590952 1.9547409839609546
-11.00106812431406 1.946428571428573
-10.9913890348885 1.9410079073080162
-10.97438937776301 1.9305921612668895
-10.971708401942385 1.9285714285714306
-10.97011368400805 1.9274058346269642
-10.964285714285717 1.9241522492765455
-10.94468815735651 1.9107142857142883
-10.9336390486544 1.9045849525880252
-10.927168220542853 1.9002806416057192
-10.91719080643634 1.892857142857146
-10.905976180602009 1.8866619067367454
-10.89241828710055 1.8784836574201131
-10.887709642317477 1.8750000000000036
-10.884322141340856 1.873135571731833
-10.875000000000004 1.8675358688106884
-10.85961948088892 1.857142857142862
-10.843530598624028 1.8455795945609141
-10.809640004660459 1.8262137152178104
-10.802506663788977 1.8214285714285765
-10.798834021704161 1.8188046242306015
-10.785714285714288 1.8116595882397304
-10.773622696663812 1.8035714285714333
-10.766604600337903 1.799749491496156
-10.75460367330712 1.791936408195724
-10.746031232886754 1.78571428571429
-10.725102186153674 1.7735918658021674
-10.71648820502852 1.7678571428571477
-10.712080353026566 1.7647267865375493
-10.696428571428575 1.7562581611466133
-10.687011623724933 1.7500000000000044
-10.68150522647952 1.7470153310101928
-10.667478785232962 1.7379328143819839
-10.659453056532923 1.7321428571428612
-10.63982606528792 1.7208223559147307
-10.632301219439022 1.7142857142857189
-10.607142857142861 1.7007001593049553
-10.581923214229725 1.6836153571540606
-10.57256132262302 1.6785714285714333
-10.554153022708345 1.6679734616845296
-10.537595259949729 1.656766662295774
-10.517857142857146 1.6461387685314657
-10.51289512247956 1.6428571428571477
-10.494301322043494 1.6297111641627353
-10.468355269506786 1.6150996253299326
-10.456326612818627 1.6071428571428612
-10.4505226619993 1.602752610457288
-10.428571428571432 1.5900514929867429
-10.427493898136388 1.5892857142857189
-10.426944294928004 1.5889602875570334
-10.408201586585212 1.5755025398258198
-10.40318345240058 1.5714285714285756
-10.389957204539634 1.5637057266222154
-10.387296306257962 1.5618264530341266
-10.376929098202345 1.5535714285714324
-10.367234653726221 1.5479816406833322
-10.351791082555744 1.5382153593682952
-10.348594878198023 1.53571428571429
-10.339285714285719 1.5300342417887611
-10.325549607359093 1.5206043642424723
-10.321983244974113 1.5178571428571468
-10.313399204750583 1.5126798409501196
-10.299785294486295 1.5000000000000036
-10.285479553767631 1.492904089246478
-10.250000000000004 1.4723083963096046
-10.241093842281915 1.4660669458293363
-10.237878963994907 1.464285714285718
-10.231601246419222 1.460605963569562
-10.21057590566509 1.4464285714285747
-10.199669345888715 1.4386375593936904
-10.18118016366723 1.4285714285714324
-10.16071428571429 1.4167526661388425
-10.154073755007548 1.4120423918556382
-10.146747853178441 1.4079209992071204
-10.123893319254647 1.3928571428571468
-10.112242972461 1.3846942626506618
-10.094064899693395 1.3750000000000036
-10.071428571428577 1.3621552193922382
-10.065433447568362 1.358341881914904
-10.063733114490704 1.3571428571428612
-10.059513523009588 1.3547598474590634
-10.035633647392833 1.339285714285718
-10.023621828239557 1.3309899200663784
-10.005414358415162 1.3214285714285747
-9.982142857142861 1.3083943583448292
-9.97631374809367 1.3047372503812706
-9.97463421650121 1.3035714285714324
-9.970441075615186 1.3012310722658977
-9.951656259829985 1.2857142857142891
-9.892857142857148 1.2550578640930148
-9.886922330843628 1.2511869624027074
-9.88462925559837 1.2500000000000036
-9.879972585807321 1.247423088590038
-9.843961205708304 1.2240649017154857
-9.824970765587363 1.214285714285717
-9.803571428571434 1.202313665735641
-9.796938005411592 1.1977552560605433
-9.78970515179415 1.1936553160731176
-9.767529977567618 1.1785714285714315
-9.755916998958462 1.170245171636883
-9.738478736276198 1.1607142857142883
-9.714285714285719 1.1467504365004304
-9.709693545478421 1.143775576618605
-9.708416067591523 1.142857142857146
-9.70494268960645 1.1409885379212916
-9.688149650965059 1.1302272126641357
-9.68078707681535 1.1250000000000036
-9.66557462622846 1.1168850747543129
-9.661270190800263 1.1143968953029129
-9.650934548730914 1.1071428571428603
-9.625000000000004 1.092593839981145
-9.62100797763268 1.090084118759182
-9.619858290241165 1.089285714285717
-9.616973875607798 1.0876804894072762
-9.597211264545962 1.0714285714285747
-9.57879797264169 1.062811834043094
-9.53571428571429 1.0396439701319213
-9.531071880330616 1.0366427667910232
-9.529256734551561 1.0357142857142883
-9.525516097547449 1.03367464808092
-9.500170725782095 1.017857142857146
-9.487757328576441 1.0095913914275725
-9.468762752698593 1.0000000000000027
-9.446428571428577 0.9879565429733033
-9.439686573740419 0.983491256680491
-9.43139876155627 0.9791368951683985
-9.407187687252133 0.9642857142857171
-9.395495845448675 0.9566151166245547
-9.374998826910213 0.9464285714285738
-9.357142857142861 0.9369308857717726
-9.3466187994146 0.9306762401170827
-9.343385776487471 0.9285714285714306
-9.335044152176398 0.9241516875781377
-9.312838071831656 0.9107142857142883
-9.30223497738101 0.9038387188095154
-9.279859540387662 0.892857142857145
-9.267857142857148 0.8865412924522369
-9.25320338761458 0.877930751048515
-9.248643069781725 0.8750000000000018
-9.236805194236968 0.8687896102759662
-9.221324383632252 0.8571428571428594
-9.178571428571434 0.8361331941223566
-9.160440300083838 0.8250547971260929
-9.152958077336267 0.8214285714285738
-9.136978943350115 0.8131100743843103
-9.113365719393705 0.7987554275498336
-9.089285714285719 0.7871416319501954
-9.086876117973043 0.7857142857142883
-9.066111031610017 0.7724920793922854
-9.035815704948863 0.757163140989773
-9.023674091078712 0.7500000000000018
-9.018000779738188 0.7463998440523651
-9.000000000000005 0.737768516913988
-8.990448118593662 0.7321428571428594
-8.983877146551688 0.7289182864531956
-8.969165001188893 0.7204527140479389
-8.959338463736678 0.7142857142857162
-8.945247195588799 0.7073791323108143
-8.932822160895576 0.7008501464648296
-8.925765529320111 0.696428571428573
-8.921400279672751 0.6942913726368811
-8.910714285714292 0.6886830496657055
-8.893471795877643 0.6785714285714306
-8.881543998359172 0.672737371100407
-8.87353978422084 0.668149186012978
-8.861642183853396 0.6607142857142874
-8.830342967020187 0.6446400219754658
-8.827897136559875 0.6428571428571441
-8.825882614847451 0.641966334173369
-8.821428571428577 0.639734427802578
-8.780633929466633 0.6153017855352472
-8.76347762108498 0.6071428571428585
-8.732142857142863 0.5910875182407169
-8.729806562449182 0.589752973224452
-8.729055882310082 0.5892857142857153
-8.726907476697995 0.5882386381967422
-8.706458666511132 0.5765654095549193
-8.698200004862276 0.571428571428573
-8.684841944197483 0.5630316111605067
-8.664909588848403 0.5535714285714306
-8.64285714285715 0.542290827909782
-8.634917385992944 0.5373022370871281
-8.63156988345192 0.5357142857142874
-8.624318548163618 0.5320065667755811
-8.60002261012693 0.5178571428571441
-8.5887995697848 0.5108115146144714
-8.56598778072639 0.5000000000000018
-8.553571428571434 0.49365616745146035
-8.538609660727285 0.48513521071168864
-8.53378583772242 0.48214285714285854
-8.519961811747578 0.4754209337780875
-8.514225096365552 0.47215498072689144
-8.501534122679278 0.4642857142857153
-8.490676150092694 0.4590076271243202
-8.467907087401578 0.4471528460517442
-8.46673854761547 0.44642857142857295
-8.46428571428572 0.44517662756231147
-8.442689236068217 0.43289072421493113
-8.435717627353627 0.4285714285714297
-8.417299701481708 0.41917422601062704
-8.396026388067057 0.4065090081008771
-8.375000000000007 0.3965665057108092
-8.36861332663401 0.3928571428571441
-8.364138547334138 0.3906848523239699
-8.346548704136417 0.38069025917271926
-8.337351322077579 0.3750000000000009
-8.322280311629457 0.36768679481696687
-8.312171849787052 0.36243436995740996
-8.303613858388974 0.35714285714285765
-8.299277408114003 0.3544302326629154
-8.285714285714292 0.34768432028292384
-8.252653605733308 0.3280407074247691
-8.238639445925706 0.32142857142857206
-8.208131154937552 0.3059119452732242
-8.204089087438298 0.3035714285714288
-8.202230066076908 0.3024111296417624
-8.17895953302672 0.2857142857142865
-8.156466202799747 0.2758496165829101
-8.107142857142863 0.2514084773893437
-8.105364251857846 0.2503557210570042
-8.104607077088977 0.2500000000000009
-8.102951135624961 0.24916165569642068
-8.07341300938436 0.23214285714285765
-8.059876263732503 0.22373903296778686
-8.039689461873786 0.2142857142857153
-8.01785714285715 0.20327073013566732
-8.009509839203828 0.19809803215923694
-8.005937811609552 0.19642857142857206
-7.9980824852696175 0.19247363991106514
-7.9738089816259246 0.17857142857142883
-7.962733371694334 0.17173903994684903
-7.939029040876447 0.16071428571428648
-7.928571428571434 0.15547629136680907
-7.911920771410507 0.14618727428932932
-7.906416321957386 0.14285714285714324
-7.891613711863204 0.13546559951549675
-7.864820867249552 0.11989296940723371
-7.83928571428572 0.10813631076941821
-7.837529038101962 0.10714285714285765
-7.815883317126634 0.09396619371753179
-7.805673774853269 0.08928571428571441
-7.782760200277013 0.07798061148397295
-7.773225916626464 0.07142857142857117
-7.765819850491956 0.06826460133018131
-7.750000000000005 0.06070930492305493
-7.717551554641846 0.04220397478591753
-7.7031595378364655 0.03571428571428559
-7.670288529746021 0.019771991663487753
-7.665267606340235 0.01694647873195354
-7.660714285714292 0.014922988868858234
-7.633373945338425 0.