-2.9999999999999996 -7.2786761495318775
-2.9499999999999997 -7.179363552383309
-2.8999999999999995 -7.079575348312703
-2.8499999999999996 -6.97969985014657
-2.8 -6.880217632220331
-2.75 -6.780121406355121
-2.6999999999999997 -6.679313663329637
-2.6499999999999995 -6.579078112806297
-2.5999999999999996 -6.479478284020428
-2.5499999999999994 -6.379851522003033
-2.5 -6.280158559246621
-2.45 -6.180441198651286
-2.4 -6.0806942364678305
-2.3499999999999996 -5.980899067201893
-2.2999999999999994 -5.881105494075658
-2.2499999999999996 -5.781268302213562
-2.1999999999999997 -5.6814158893535245
-2.15 -5.581535025861063
-2.1 -5.481316368017541
-2.05 -5.380272148102193
-1.9999999999999996 -5.278632400023598
-1.9499999999999997 -5.177220702961035
-1.8999999999999997 -5.07404218830106
-1.8499999999999999 -4.969397112876341
-1.7999999999999996 -4.863142319878047
-1.75 -4.755846423740387
-1.6999999999999997 -4.647953187250899
-1.6499999999999997 -4.540570520892478
-1.5999999999999999 -4.434229312385886
-1.5499999999999996 -4.329255614283902
-1.4999999999999998 -4.225616029192272
-1.4499999999999997 -4.122980261399576
-1.4 -4.02133292895589
-1.3499999999999996 -3.919898332460641
-1.2999999999999996 -3.818855440500293
-1.25 -3.7173020765532923
-1.2 -3.615077701969111
-1.1499999999999997 -3.511914147259248
-1.0999999999999999 -3.4069435920966855
-1.0499999999999998 -3.2994001486644056
-0.9999999999999998 -3.188199011077534
-0.9499999999999996 -3.0700811291177814
-0.8999999999999998 -2.934269207936746
-0.8500000000000001 -2.80589416357596
-0.7999999999999997 -2.7061994241274183
-0.7499999999999999 -2.645231281655262
-0.6999999999999996 -2.6229521044080126
-0.6499999999999998 -2.6214323089711646
-0.5999999999999995 -2.695207349088731
-0.5499999999999998 -2.8791473564438252
-0.4999999999999999 -3.162153079731572
-0.4499999999999996 -3.536294247269672
-0.3999999999999999 -3.9713612785359342
-0.34999999999999964 -4.442422956453034
-0.2999999999999998 -4.936873618077286
-0.25 -5.438310999485959
-0.19999999999999976 -5.944256322972409
-0.1499999999999999 -6.449530655851454
-0.09999999999999963 -6.957673615374298
-0.049999999999999815 -7.466614709906754
0. -7.97597366579347