-2.9999999999999996 -4.964824651862287
-2.9499999999999997 -4.866483383497196
-2.8999999999999995 -4.767782423085086
-2.8499999999999996 -4.668876685659313
-2.8 -4.56975002217347
-2.75 -4.470379253488424
-2.6999999999999997 -4.37093027084946
-2.6499999999999995 -4.271368246878054
-2.5999999999999996 -4.171665323915039
-2.5499999999999994 -4.0719374275834035
-2.5 -3.972139841661333
-2.45 -3.8723226049233292
-2.4 -3.7724694681433197
-2.3499999999999996 -3.672575701427592
-2.2999999999999994 -3.5726745134183284
-2.2499999999999996 -3.472739892430407
-2.1999999999999997 -3.372781036451299
-2.15 -3.272801311741542
-2.1 -3.172709221491285
-2.05 -3.0725469960788967
-1.9999999999999996 -2.971793277340315
-1.9499999999999997 -2.8711965126677055
-1.8999999999999997 -2.7695126912424683
-1.8499999999999999 -2.6671497898309826
-1.7999999999999996 -2.5640945208291566
-1.75 -2.460773490818984
-1.6999999999999997 -2.357692529730417
-1.6499999999999997 -2.2557919679760885
-1.5999999999999999 -2.1554609436231407
-1.5499999999999996 -2.0571561134030767
-1.4999999999999998 -1.9612058089312587
-1.4499999999999997 -1.8671418922779421
-1.4 -1.7748707800303345
-1.3499999999999996 -1.6840049513700346
-1.2999999999999996 -1.5947008121198525
-1.25 -1.5077001419415654
-1.2 -1.4249562359598384
-1.1499999999999997 -1.3517869660820503
-1.0999999999999999 -1.2972956891048453
-1.0499999999999998 -1.2789188516179808
-0.9999999999999998 -1.322719013542453
-0.9499999999999996 -1.4589830195530291
-0.8999999999999998 -1.7069149321075778
-0.8500000000000001 -2.095591811555717
-0.7999999999999997 -2.6225475214207985
-0.7499999999999999 -3.2477365175238435
-0.6999999999999996 -3.886202354823794
-0.6499999999999998 -4.463974759229265
-0.5999999999999995 -5.036574714329129
-0.5499999999999998 -5.613747161699204
-0.4999999999999999 -6.1685319701982495
-0.4499999999999996 -6.717495574011525
-0.3999999999999999 -7.257656935157012
-0.34999999999999964 -7.791847893981645
-0.2999999999999998 -8.326976746497618
-0.25 -8.85581590178133
-0.19999999999999976 -9.380660757065234
-0.1499999999999999 -9.902261003810201
-0.09999999999999963 -10.423803877645376
-0.049999999999999815 -10.943541929480865
0. -11.461956387187248