1.e-10,1.e-6,0.00009037676355248016
1.e-10,2.5118864315095823e-6,0.0005144881127757693
1.e-10,6.30957344480193e-6,0.002918947969231816
1.e-10,0.00001584893192461114,0.016066258447433132
1.e-10,0.000039810717055349695,0.08088469093926402
1.e-10,0.0001,0.36776980781135715
1.778279410038923e-10,1.e-6,0.00016071594067021687
1.778279410038923e-10,2.5118864315095823e-6,0.0009149017929331416
1.778279410038923e-10,6.30957344480193e-6,0.005190767802406016
1.778279410038923e-10,0.00001584893192461114,0.02857002747879739
1.778279410038923e-10,0.000039810717055349695,0.1438355196905428
1.778279410038923e-10,0.0001,0.654010349434552
3.1622776601683795e-10,1.e-6,0.00028579818677153886
3.1622776601683795e-10,2.5118864315095823e-6,0.001626953892276996
3.1622776601683795e-10,6.30957344480193e-6,0.009230565257371252
3.1622776601683795e-10,0.00001584893192461114,0.050806343466186205
3.1622776601683795e-10,0.000039810717055349695,0.25578512914518214
3.1622776601683795e-10,0.0001,1.1630049040140897
5.623413251903491e-10,1.e-6,0.0005082280009762563
5.623413251903491e-10,2.5118864315095823e-6,0.002893180340314709
5.623413251903491e-10,6.30957344480193e-6,0.01641447115426654
5.623413251903491e-10,0.00001584893192461114,0.09034611749666623
5.623413251903491e-10,0.000039810717055349695,0.45484169946474456
5.623413251903491e-10,0.0001,2.0680669388324486
1.e-9,1.e-6,0.0009037728318678814
1.e-9,2.5118864315095823e-6,0.0051448729236070155
1.e-9,6.30957344480193e-6,0.02918965144366022
1.e-9,0.00001584893192461114,0.1606615734879328
1.e-9,0.000039810717055349695,0.8088468014356167
1.e-9,0.0001,3.677721225602073
1.7782794100389228e-9,1.e-6,0.0016071545193944757
1.7782794100389228e-9,2.5118864315095823e-6,0.009149038034432068
1.7782794100389228e-9,6.30957344480193e-6,0.051907084989646246
1.7782794100389228e-9,0.00001584893192461114,0.2857049937928859
1.7782794100389228e-9,0.000039810717055349695,1.4383805926772268
1.7782794100389228e-9,0.0001,6.539873113730201
3.1622776601683795e-9,1.e-6,0.0028579768669870754
3.1622776601683795e-9,2.5118864315095823e-6,0.01626957525339838
3.1622776601683795e-9,6.30957344480193e-6,0.09230568395509281
3.1622776601683795e-9,0.00001584893192461114,0.5080554026776336
3.1622776601683795e-9,0.000039810717055349695,2.557783579191851
3.1622776601683795e-9,0.0001,11.629958094893968
5.623413251903491e-9,1.e-6,0.005082286164166638
5.623413251903491e-9,2.5118864315095823e-6,0.0289318629416134
5.623413251903491e-9,6.30957344480193e-6,0.16414594101979338
5.623413251903491e-9,0.00001584893192461114,0.9034770113588982
5.623413251903491e-9,0.000039810717055349695,4.5484647630356205
5.623413251903491e-9,0.0001,20.68052577742619
1.e-8,1.e-6,0.009037727262445772
1.e-8,2.5118864315095823e-6,0.05144913620884141
1.e-8,6.30957344480193e-6,0.29189662364153607
1.e-8,0.00001584893192461114,1.6066378086114261
1.e-8,0.000039810717055349695,8.088443703302293
1.e-8,0.0001,36.77650243004331
1.7782794100389228e-8,1.e-6,0.016071538787773697
1.7782794100389228e-8,2.5118864315095823e-6,0.09149034751533376
1.7782794100389228e-8,6.30957344480193e-6,0.5190738832516071
1.7782794100389228e-8,0.00001584893192461114,2.8569996039512042
1.7782794100389228e-8,0.000039810717055349695,14.383343714126415
1.7782794100389228e-8,0.0001,65.398494226238
3.162277660168379e-8,1.e-6,0.02857964249525393
3.162277660168379e-8,2.5118864315095823e-6,0.16269481125227225
3.162277660168379e-8,6.30957344480193e-6,0.92305697038213
3.162277660168379e-8,0.00001584893192461114,5.080527664819709
3.162277660168379e-8,0.000039810717055349695,25.577609173960564
3.162277660168379e-8,0.0001,116.30373186891639
5.6234132519034905e-8,1.e-6,0.05082283084911368
5.6234132519034905e-8,2.5118864315095823e-6,0.28931823834927245
5.6234132519034905e-8,6.30957344480193e-6,1.6414583887919656
5.6234132519034905e-8,0.00001584893192461114,9.034708697598802
5.6234132519034905e-8,0.000039810717055349695,45.48525698724927
5.6234132519034905e-8,0.0001,206.8121669726695
1.e-7,1.e-6,0.09037737531518479
1.e-7,2.5118864315095823e-6,0.5144858504359462
1.e-7,6.30957344480193e-6,2.9189711282404014
1.e-7,0.00001584893192461114,16.066091808536694
1.e-7,0.000039810717055349695,80.88299746112833
1.e-7,0.0001,367.7763426033255
1.7782794100389227e-7,1.e-6,0.1607160989427386
1.7782794100389227e-7,2.5118864315095823e-6,0.9149047559271221
1.7782794100389227e-7,6.30957344480193e-6,5.190711485307912
1.7782794100389227e-7,0.00001584893192461114,28.570133733923882
1.7782794100389227e-7,0.000039810717055349695,143.83991654617864
1.7782794100389227e-7,0.0001,653.989164057898
3.162277660168379e-7,1.e-6,0.2857979782696209
3.162277660168379e-7,2.5118864315095823e-6,1.6269603516979205
3.162277660168379e-7,6.30957344480193e-6,9.23062914205056
3.162277660168379e-7,0.00001584893192461114,50.80539457709205
3.162277660168379e-7,0.000039810717055349695,255.77735951130316
3.162277660168379e-7,0.0001,1162.9523659033039
5.62341325190349e-7,1.e-6,0.5082254177370228
5.62341325190349e-7,2.5118864315095823e-6,2.8931820721293757
5.62341325190349e-7,6.30957344480193e-6,16.414475568208083
5.62341325190349e-7,0.00001584893192461114,90.34642327199276
5.62341325190349e-7,0.000039810717055349695,454.83717800984385
5.62341325190349e-7,0.0001,2068.1204318510936
1.e-6,1.e-6,0.9037728448471695
1.e-6,2.5118864315095823e-6,5.14488879792729
1.e-6,6.30957344480193e-6,29.189693577805286
1.e-6,0.00001584893192461114,160.6619509071123
1.e-6,0.000039810717055349695,808.8397390404875
1.e-6,0.0001,3677.7114043367856
1.778279410038923e-6,1.e-6,1.6071593198494194
1.778279410038923e-6,2.5118864315095823e-6,9.149056187077951
1.778279410038923e-6,6.30957344480193e-6,51.90695369935952
1.778279410038923e-6,0.00001584893192461114,285.6983134170149
1.778279410038923e-6,0.000039810717055349695,1438.3648464832281
1.778279410038923e-6,0.0001,6539.888714214104
3.162277660168379e-6,1.e-6,2.857965695046381
3.162277660168379e-6,2.5118864315095823e-6,16.269475032535137
3.162277660168379e-6,6.30957344480193e-6,92.30540454435253
3.162277660168379e-6,0.00001584893192461114,508.05983451110785
3.162277660168379e-6,0.000039810717055349695,2557.8090713007023
3.162277660168379e-6,0.0001,11629.598202352123
5.623413251903491e-6,1.e-6,5.082270597110924
5.623413251903491e-6,2.5118864315095823e-6,28.93174857458982
5.623413251903491e-6,6.30957344480193e-6,164.14542601874217
5.623413251903491e-6,0.00001584893192461114,903.4743532323413
5.623413251903491e-6,0.000039810717055349695,4548.362479181263
5.623413251903491e-6,0.0001,20680.472895544437
0.00001,1.e-6,9.037659324707613
0.00001,2.5118864315095823e-6,51.44868584049305
0.00001,6.30957344480193e-6,291.89508398243134
0.00001,0.00001584893192461114,1606.5954335975534
0.00001,0.000039810717055349695,8088.488644720202
0.00001,0.0001,36776.722177810276
0.00001778279410038923,1.e-6,16.071346647660082
0.00001778279410038923,2.5118864315095823e-6,91.48936137573769
0.00001778279410038923,6.30957344480193e-6,519.0639877744778
0.00001778279410038923,0.00001584893192461114,2856.9932535250973
0.00001778279410038923,0.000039810717055349695,14382.958301700268
0.00001778279410038923,0.0001,65398.18337263501
0.000031622776601683795,1.e-6,28.579058150922755
0.000031622776601683795,2.5118864315095823e-6,162.6922784171727
0.000031622776601683795,6.30957344480193e-6,923.0352576793923
0.000031622776601683795,0.00001584893192461114,5080.477199402154
0.000031622776601683795,0.000039810717055349695,25576.90347288238
0.000031622776601683795,0.0001,116296.22226623671
0.00005623413251903491,1.e-6,50.82105650611858
0.00005623413251903491,2.5118864315095823e-6,289.30709786993594
0.00005623413251903491,6.30957344480193e-6,1641.3943796343551
0.00005623413251903491,0.00001584893192461114,9034.376817673221
0.00005623413251903491,0.000039810717055349695,45481.667809505794
0.00005623413251903491,0.0001,206799.38692892643
0.0001,1.e-6,90.37056295585352
0.0001,2.5118864315095823e-6,514.4537989541509
0.0001,6.30957344480193e-6,2918.725499824648
0.0001,0.00001584893192461114,16065.035458089646
0.0001,0.000039810717055349695,80876.8668484122
0.0001,0.0001,367735.79760984506
