1.e-10,1.e-6,0.00026707893317483343
1.e-10,2.5118864315095823e-6,0.0014955877877789235
1.e-10,6.30957344480193e-6,0.007766338790126827
1.e-10,0.00001584893192461114,0.03640161468734114
1.e-10,0.000039810717055349695,0.16395844613551813
1.e-10,0.0001,0.7704239786139546
1.778279410038923e-10,1.e-6,0.00047493624798848806
1.778279410038923e-10,2.5118864315095823e-6,0.002659535234427295
1.778279410038923e-10,6.30957344480193e-6,0.013810396187086963
1.778279410038923e-10,0.00001584893192461114,0.06472784867903582
1.778279410038923e-10,0.000039810717055349695,0.2915718603761552
1.778279410038923e-10,0.0001,1.3700153879853523
3.1622776601683795e-10,1.e-6,0.0008445637290456464
3.1622776601683795e-10,2.5118864315095823e-6,0.004729485946480762
3.1622776601683795e-10,6.30957344480193e-6,0.024558355624045392
3.1622776601683795e-10,0.00001584893192461114,0.11510709249419103
3.1622776601683795e-10,0.000039810717055349695,0.5185009069112392
3.1622776601683795e-10,0.0001,2.4362598012619214
5.623413251903491e-10,1.e-6,0.0015018911376625528
5.623413251903491e-10,2.5118864315095823e-6,0.008410378859633952
5.623413251903491e-10,6.30957344480193e-6,0.04367085256271927
5.623413251903491e-10,0.00001584893192461114,0.20469080402860362
5.623413251903491e-10,0.000039810717055349695,0.9220090305375245
5.623413251903491e-10,0.0001,4.332406006499069
1.e-9,1.e-6,0.002670753661196819
1.e-9,2.5118864315095823e-6,0.01495589757587434
1.e-9,6.30957344480193e-6,0.07766023629013884
1.e-9,0.00001584893192461114,0.3640074354825441
1.e-9,0.000039810717055349695,1.639552306530482
1.e-9,0.0001,7.704177630354349
1.7782794100389228e-9,1.e-6,0.004749367148768771
1.7782794100389228e-9,2.5118864315095823e-6,0.026595863532750338
1.7782794100389228e-9,6.30957344480193e-6,0.13810105463286973
1.7782794100389228e-9,0.00001584893192461114,0.6472880320508005
1.7782794100389228e-9,0.000039810717055349695,2.9157942033325783
1.7782794100389228e-9,0.0001,13.700604449687368
3.1622776601683795e-9,1.e-6,0.008445787007649178
3.1622776601683795e-9,2.5118864315095823e-6,0.04729434062196512
3.1622776601683795e-9,6.30957344480193e-6,0.24559703189297608
3.1622776601683795e-9,0.00001584893192461114,1.1510949628586
3.1622776601683795e-9,0.000039810717055349695,5.184729822926609
3.1622776601683795e-9,0.0001,24.36275825320186
5.623413251903491e-9,1.e-6,0.015018774952322187
5.623413251903491e-9,2.5118864315095823e-6,0.0841031844629224
5.623413251903491e-9,6.30957344480193e-6,0.43673031103859444
5.623413251903491e-9,0.00001584893192461114,2.0469993786009435
5.623413251903491e-9,0.000039810717055349695,9.220053910971698
5.623413251903491e-9,0.0001,43.32382944902969
1.e-8,1.e-6,0.026707719629723143
1.e-8,2.5118864315095823e-6,0.1495571439119408
1.e-8,6.30957344480193e-6,0.7765981196236262
1.e-8,0.00001584893192461114,3.639941129495521
1.e-8,0.000039810717055349695,16.395933571971316
1.e-8,0.0001,77.0415916813803
1.7782794100389228e-8,1.e-6,0.04749377370281051
1.7782794100389228e-8,2.5118864315095823e-6,0.26595790972684996
1.7782794100389228e-8,6.30957344480193e-6,1.3810181983243608
1.7782794100389228e-8,0.00001584893192461114,6.473277996029369
1.7782794100389228e-8,0.000039810717055349695,29.156179062250782
1.7782794100389228e-8,0.0001,136.9986790578551
3.162277660168379e-8,1.e-6,0.0844573351633128
3.162277660168379e-8,2.5118864315095823e-6,0.47294502592907744
3.162277660168379e-8,6.30957344480193e-6,2.455876684917768
3.162277660168379e-8,0.00001584893192461114,11.510439212471569
3.162277660168379e-8,0.000039810717055349695,51.85112855459325
3.162277660168379e-8,0.0001,243.63463492731003
5.6234132519034905e-8,1.e-6,0.15018790851675629
5.6234132519034905e-8,2.5118864315095823e-6,0.8410330583159268
5.6234132519034905e-8,6.30957344480193e-6,4.367132456532888
5.6234132519034905e-8,0.00001584893192461114,20.46950931088047
5.6234132519034905e-8,0.000039810717055349695,92.2010445062357
5.6234132519034905e-8,0.0001,433.2431194471835
1.e-7,1.e-6,0.2670745621471155
1.e-7,2.5118864315095823e-6,1.495591703827254
1.e-7,6.30957344480193e-6,7.7658508830108435
1.e-7,0.00001584893192461114,36.40056260978023
1.e-7,0.000039810717055349695,163.96275746486467
1.e-7,0.0001,770.4240979544812
1.7782794100389227e-7,1.e-6,0.474938894154754
1.7782794100389227e-7,2.5118864315095823e-6,2.659544029814607
1.7782794100389227e-7,6.30957344480193e-6,13.810033387544719
1.7782794100389227e-7,0.00001584893192461114,64.72758965701709
1.7782794100389227e-7,0.000039810717055349695,291.5656119981936
1.7782794100389227e-7,0.0001,1370.0300842235245
3.162277660168379e-7,1.e-6,0.844569390122467
3.162277660168379e-7,2.5118864315095823e-6,4.729443952063992
3.162277660168379e-7,6.30957344480193e-6,24.558045040686732
3.162277660168379e-7,0.00001584893192461114,115.1069903830762
3.162277660168379e-7,0.000039810717055349695,518.4736406629354
3.162277660168379e-7,0.0001,2436.2166296787
5.62341325190349e-7,1.e-6,1.5018728987049956
5.62341325190349e-7,2.5118864315095823e-6,8.410179794534514
5.62341325190349e-7,6.30957344480193e-6,43.671515619470455
5.62341325190349e-7,0.00001584893192461114,204.681963597995
5.62341325190349e-7,0.000039810717055349695,921.9959453555989
5.62341325190349e-7,0.0001,4332.308127282651
1.e-6,1.e-6,2.6707670316426486
1.e-6,2.5118864315095823e-6,14.955777106948522
1.e-6,6.30957344480193e-6,77.6625775141442
1.e-6,0.00001584893192461114,363.98527568589196
1.e-6,0.000039810717055349695,1639.5912921346248
1.e-6,0.0001,7704.112594759767
1.778279410038923e-6,1.e-6,4.749369776880128
1.778279410038923e-6,2.5118864315095823e-6,26.595458861834462
1.778279410038923e-6,6.30957344480193e-6,138.10314639370642
1.778279410038923e-6,0.00001584893192461114,647.2863223766863
1.778279410038923e-6,0.000039810717055349695,2915.711266637848
1.778279410038923e-6,0.0001,13699.885225840644
3.162277660168379e-6,1.e-6,8.445697902374944
3.162277660168379e-6,2.5118864315095823e-6,47.29452195562404
3.162277660168379e-6,6.30957344480193e-6,245.58349639931905
3.162277660168379e-6,0.00001584893192461114,1151.0714874478053
3.162277660168379e-6,0.000039810717055349695,5184.819115680956
3.162277660168379e-6,0.0001,24362.711660093228
5.623413251903491e-6,1.e-6,15.018828933903183
5.623413251903491e-6,2.5118864315095823e-6,84.1020177165251
5.623413251903491e-6,6.30957344480193e-6,436.71282589859
5.623413251903491e-6,0.00001584893192461114,2046.9273933984707
5.623413251903491e-6,0.000039810717055349695,9220.13742340267
5.623413251903491e-6,0.0001,43324.03508167041
0.00001,1.e-6,26.707384734807444
0.00001,2.5118864315095823e-6,149.5577190141727
0.00001,6.30957344480193e-6,776.5887159941013
0.00001,0.00001584893192461114,3639.9535441213256
0.00001,0.000039810717055349695,16395.81409689214
0.00001,0.0001,77042.63731310378
0.00001778279410038923,1.e-6,47.49302941013318
0.00001778279410038923,2.5118864315095823e-6,265.9552744647226
0.00001778279410038923,6.30957344480193e-6,1381.0080597565961
0.00001778279410038923,0.00001584893192461114,6473.125502259941
0.00001778279410038923,0.000039810717055349695,29155.304407361502
0.00001778279410038923,0.0001,137000.83790512642
0.000031622776601683795,1.e-6,84.45512192856748
0.000031622776601683795,2.5118864315095823e-6,472.93214348226076
0.000031622776601683795,6.30957344480193e-6,2455.823379822972
0.000031622776601683795,0.00001584893192461114,11510.91321457943
0.000031622776601683795,0.000039810717055349695,51846.811511523214
0.000031622776601683795,0.0001,243618.65651501325
0.00005623413251903491,1.e-6,150.18267752632326
0.00005623413251903491,2.5118864315095823e-6,840.9912184015083
0.00005623413251903491,6.30957344480193e-6,4367.077551552984
0.00005623413251903491,0.00001584893192461114,20467.82990575241
0.00005623413251903491,0.000039810717055349695,92197.73778759249
0.00005623413251903491,0.0001,433222.1314579969
0.0001,1.e-6,267.05964363358714
0.0001,2.5118864315095823e-6,1495.4911412070753
0.0001,6.30957344480193e-6,7765.3894957443845
0.0001,0.00001584893192461114,36396.54651377451
0.0001,0.000039810717055349695,163947.82239281002
0.0001,0.0001,770354.654048923
