1.e-14,1.e-6,1.7620274463233564e-6
1.e-14,2.5118864315095823e-6,9.83079745271757e-6
1.e-14,6.30957344480193e-6,0.000052255759457282964
1.e-14,0.00001584893192461114,0.0002487930259175379
1.e-14,0.000039810717055349695,0.0010704002751260294
1.e-14,0.0001,0.004548002319200772
1.7782794100389227e-14,1.e-6,3.1333811198269843e-6
1.7782794100389227e-14,2.5118864315095823e-6,0.000017482064537928102
1.7782794100389227e-14,6.30957344480193e-6,0.00009292512833564023
1.7782794100389227e-14,0.00001584893192461114,0.0004424066307987131
1.7782794100389227e-14,0.000039810717055349695,0.0019035684528124308
1.7782794100389227e-14,0.0001,0.008087355703990834
3.1622776601683796e-14,1.e-6,5.572004337520103e-6
3.1622776601683796e-14,2.5118864315095823e-6,0.000031087860647103697
3.1622776601683796e-14,6.30957344480193e-6,0.00016524341001406117
3.1622776601683796e-14,0.00001584893192461114,0.0007867370111374242
3.1622776601683796e-14,0.000039810717055349695,0.003384959532527569
3.1622776601683796e-14,0.0001,0.014381470716096304
5.6234132519034906e-14,1.e-6,9.908593560374226e-6
5.6234132519034906e-14,2.5118864315095823e-6,0.000055283088619434774
5.6234132519034906e-14,6.30957344480193e-6,0.00029385443657270325
5.6234132519034906e-14,0.00001584893192461114,0.0013990215164189869
5.6234132519034906e-14,0.000039810717055349695,0.006019663278371422
5.6234132519034906e-14,0.0001,0.025574244543700487
1.e-13,1.e-6,0.000017620177371723433
1.e-13,2.5118864315095823e-6,0.00009830831542685707
1.e-13,6.30957344480193e-6,0.0005225385173255253
1.e-13,0.00001584893192461114,0.0024878247357383917
1.e-13,0.000039810717055349695,0.010704680607949544
1.e-13,0.0001,0.045478564137599396
1.7782794100389227e-13,1.e-6,0.00003133376520004523
1.7782794100389227e-13,2.5118864315095823e-6,0.00017481827794692915
1.7782794100389227e-13,6.30957344480193e-6,0.000929241112170429
1.7782794100389227e-13,0.00001584893192461114,0.00442419481789012
1.7782794100389227e-13,0.000039810717055349695,0.019035603873317486
1.7782794100389227e-13,0.0001,0.08087184920211167
3.162277660168379e-13,1.e-6,0.00005571989467819964
3.162277660168379e-13,2.5118864315095823e-6,0.0003108797670534155
3.162277660168379e-13,6.30957344480193e-6,0.001652434321231466
3.162277660168379e-13,0.00001584893192461114,0.007867385454160098
3.162277660168379e-13,0.000039810717055349695,0.033850802935116366
3.162277660168379e-13,0.0001,0.14381947042152138
5.62341325190349e-13,1.e-6,0.00009908524032340137
5.62341325190349e-13,2.5118864315095823e-6,0.0005528281330144436
5.62341325190349e-13,6.30957344480193e-6,0.0029385154304406775
5.62341325190349e-13,0.00001584893192461114,0.013990243045337686
5.62341325190349e-13,0.000039810717055349695,0.06019769280932037
5.62341325190349e-13,0.0001,0.25574377794523767
1.e-12,1.e-6,0.00017620157494266194
1.e-12,2.5118864315095823e-6,0.000983082328704066
1.e-12,6.30957344480193e-6,0.005225464016039484
1.e-12,0.00001584893192461114,0.024878248311198822
1.e-12,0.000039810717055349695,0.10704279427173095
1.e-12,0.0001,0.45479108939427004
1.7782794100389228e-12,1.e-6,0.00031333626253865113
1.7782794100389228e-12,2.5118864315095823e-6,0.0017481973434740376
1.7782794100389228e-12,6.30957344480193e-6,0.009292285342508155
1.7782794100389228e-12,0.00001584893192461114,0.04424041105094466
1.7782794100389228e-12,0.000039810717055349695,0.19036327728649582
1.7782794100389228e-12,0.0001,0.8087482282250279
3.1622776601683794e-12,1.e-6,0.0005572020249958751
3.1622776601683794e-12,2.5118864315095823e-6,0.003108785430949679
3.1622776601683794e-12,6.30957344480193e-6,0.016524146933076852
3.1622776601683794e-12,0.00001584893192461114,0.07867346793405307
3.1622776601683794e-12,0.000039810717055349695,0.3385039931636235
3.1622776601683794e-12,0.0001,1.4381305405438018
5.6234132519034904e-12,1.e-6,0.0009908577554271888
5.6234132519034904e-12,2.5118864315095823e-6,0.005528254450404585
5.6234132519034904e-12,6.30957344480193e-6,0.029385319638408805
5.6234132519034904e-12,0.00001584893192461114,0.13990378319773272
5.6234132519034904e-12,0.000039810717055349695,0.6019833884018196
5.6234132519034904e-12,0.0001,2.557431460566752
1.e-11,1.e-6,0.0017620323603527769
1.e-11,2.5118864315095823e-6,0.009830828013691348
1.e-11,6.30957344480193e-6,0.05225452149545193
1.e-11,0.00001584893192461114,0.2487866863780941
1.e-11,0.000039810717055349695,1.0704495672425622
1.e-11,0.0001,4.547920665895168
1.7782794100389227e-11,1.e-6,0.003133376131552766
1.7782794100389227e-11,2.5118864315095823e-6,0.017482049418213727
1.7782794100389227e-11,6.30957344480193e-6,0.0929219781549927
1.7782794100389227e-11,0.00001584893192461114,0.44241974163953
1.7782794100389227e-11,0.000039810717055349695,1.9035374100041842
1.7782794100389227e-11,0.0001,8.087630525138488
3.1622776601683794e-11,1.e-6,0.005572017956828192
3.1622776601683794e-11,2.5118864315095823e-6,0.031087909160858993
3.1622776601683794e-11,6.30957344480193e-6,0.16524813194522694
3.1622776601683794e-11,0.00001584893192461114,0.7867242149302055
3.1622776601683794e-11,0.000039810717055349695,3.3849661749223396
3.1622776601683794e-11,0.0001,14.381437885306735
5.6234132519034906e-11,1.e-6,0.009908551204079142
5.6234132519034906e-11,2.5118864315095823e-6,0.05528249547298968
5.6234132519034906e-11,6.30957344480193e-6,0.2938501028548521
5.6234132519034906e-11,0.00001584893192461114,1.3990078297262212
5.6234132519034906e-11,0.000039810717055349695,6.019711702671762
5.6234132519034906e-11,0.0001,25.575059418206347
1.e-10,1.e-6,0.017620177564136898
1.e-10,2.5118864315095823e-6,0.09830742016562817
1.e-10,6.30957344480193e-6,0.5225538061372557
1.e-10,0.00001584893192461114,2.4879627385251704
1.e-10,0.000039810717055349695,10.704383795810674
1.e-10,0.0001,45.478132119931544
1.778279410038923e-10,1.e-6,0.03133373986152672
1.778279410038923e-10,2.5118864315095823e-6,0.17481824595496037
1.778279410038923e-10,6.30957344480193e-6,0.9292347519394615
1.778279410038923e-10,0.00001584893192461114,4.424021291826487
1.778279410038923e-10,0.000039810717055349695,19.034921294684644
1.778279410038923e-10,0.0001,80.87341121412099
3.1622776601683795e-10,1.e-6,0.05571988372297542
3.1622776601683795e-10,2.5118864315095823e-6,0.31087691990128447
3.1622776601683795e-10,6.30957344480193e-6,1.652474358477951
3.1622776601683795e-10,0.00001584893192461114,7.867040875508047
3.1622776601683795e-10,0.000039810717055349695,33.850834492473815
3.1622776601683795e-10,0.0001,143.81443848646342
5.623413251903491e-10,1.e-6,0.09908583163786874
5.623413251903491e-10,2.5118864315095823e-6,0.5528257226722002
5.623413251903491e-10,6.30957344480193e-6,2.9385072912361623
5.623413251903491e-10,0.00001584893192461114,13.989925998460304
5.623413251903491e-10,0.000039810717055349695,60.19634836507672
5.623413251903491e-10,0.0001,255.75223294218748
1.e-9,1.e-6,0.17620234306195087
1.e-9,2.5118864315095823e-6,0.9830825212385262
1.e-9,6.30957344480193e-6,5.225578084302542
1.e-9,0.00001584893192461114,24.879033101206577
1.e-9,0.000039810717055349695,107.04759459410006
1.e-9,0.0001,454.79380851845923
