1.e-10,1.e-6,0.0013492314863862132
1.e-10,2.5118864315095823e-6,0.007322085569754124
1.e-10,6.30957344480193e-6,0.036059572394888176
1.e-10,0.00001584893192461114,0.15958370166296337
1.e-10,0.000039810717055349695,0.6868963700994297
1.e-10,0.0001,3.1100435739720265
1.778279410038923e-10,1.e-6,0.0023992877566711753
1.778279410038923e-10,2.5118864315095823e-6,0.013020753825095521
1.778279410038923e-10,6.30957344480193e-6,0.06412759817453564
1.778279410038923e-10,0.00001584893192461114,0.2837719113183098
1.778279410038923e-10,0.000039810717055349695,1.2214823875171748
1.778279410038923e-10,0.0001,5.530188613145518
3.1622776601683795e-10,1.e-6,0.004266585544145739
3.1622776601683795e-10,2.5118864315095823e-6,0.023154204144394577
3.1622776601683795e-10,6.30957344480193e-6,0.11403389785646549
3.1622776601683795e-10,0.00001584893192461114,0.5046107781642165
3.1622776601683795e-10,0.000039810717055349695,2.1721699905425704
3.1622776601683795e-10,0.0001,9.834608928325146
5.623413251903491e-10,1.e-6,0.007587224182939622
5.623413251903491e-10,2.5118864315095823e-6,0.041175962996684815
5.623413251903491e-10,6.30957344480193e-6,0.2027743491037494
5.623413251903491e-10,0.00001584893192461114,0.8973149121094205
5.623413251903491e-10,0.000039810717055349695,3.862786325665578
5.623413251903491e-10,0.0001,17.488846821081303
1.e-9,1.e-6,0.013492104752783599
1.e-9,2.5118864315095823e-6,0.07322109242552419
1.e-9,6.30957344480193e-6,0.3606036058535944
1.e-9,0.00001584893192461114,1.595770690956588
1.e-9,0.000039810717055349695,6.869081582136788
1.e-9,0.0001,31.099538601689936
1.7782794100389228e-9,1.e-6,0.023992982555112948
1.7782794100389228e-9,2.5118864315095823e-6,0.13020711488683837
1.7782794100389228e-9,6.30957344480193e-6,0.6412457493287969
1.7782794100389228e-9,0.00001584893192461114,2.8376998133503357
1.7782794100389228e-9,0.000039810717055349695,12.214914012701914
1.7782794100389228e-9,0.0001,55.30296942742497
3.1622776601683795e-9,1.e-6,0.04266589022811417
3.1622776601683795e-9,2.5118864315095823e-6,0.23154655478273323
3.1622776601683795e-9,6.30957344480193e-6,1.1402945055523899
3.1622776601683795e-9,0.00001584893192461114,5.046157520211713
3.1622776601683795e-9,0.000039810717055349695,21.721728714020248
3.1622776601683795e-9,0.0001,98.34662728163283
5.623413251903491e-9,1.e-6,0.07587175964733307
5.623413251903491e-9,2.5118864315095823e-6,0.4117577638018992
5.623413251903491e-9,6.30957344480193e-6,2.0278050081894765
5.623413251903491e-9,0.00001584893192461114,8.973557540937465
5.623413251903491e-9,0.000039810717055349695,38.62606859751573
5.623413251903491e-9,0.0001,174.88246968581637
1.e-8,1.e-6,0.1349206258015453
1.e-8,2.5118864315095823e-6,0.732208316530491
1.e-8,6.30957344480193e-6,3.6059176659903747
1.e-8,0.00001584893192461114,15.957255654204914
1.e-8,0.000039810717055349695,68.6874235881076
1.e-8,0.0001,310.9929077529048
1.7782794100389228e-8,1.e-6,0.23992759188196425
1.7782794100389228e-8,2.5118864315095823e-6,1.3020731191687926
1.7782794100389228e-8,6.30957344480193e-6,6.412553757797028
1.7782794100389228e-8,0.00001584893192461114,28.37624272734882
1.7782794100389228e-8,0.000039810717055349695,122.15139758141208
1.7782794100389228e-8,0.0001,553.0250090744639
3.162277660168379e-8,1.e-6,0.42666018268034983
3.162277660168379e-8,2.5118864315095823e-6,2.31544260317623
3.162277660168379e-8,6.30957344480193e-6,11.402802803752225
3.162277660168379e-8,0.00001584893192461114,50.464997145274175
3.162277660168379e-8,0.000039810717055349695,217.2109912281901
3.162277660168379e-8,0.0001,983.438059658855
5.6234132519034905e-8,1.e-6,0.7587184269809922
5.6234132519034905e-8,2.5118864315095823e-6,4.117551710166449
5.6234132519034905e-8,6.30957344480193e-6,20.27786540639329
5.6234132519034905e-8,0.00001584893192461114,89.73426412876441
5.6234132519034905e-8,0.000039810717055349695,386.2796293456534
5.6234132519034905e-8,0.0001,1748.8427592243354
1.e-7,1.e-6,1.3492103169785208
1.e-7,2.5118864315095823e-6,7.322183005303568
1.e-7,6.30957344480193e-6,36.05946039970133
1.e-7,0.00001584893192461114,159.5789788889089
1.e-7,0.000039810717055349695,686.8914537322213
1.e-7,0.0001,3110.0168345635066
1.7782794100389227e-7,1.e-6,2.399310088849221
1.7782794100389227e-7,2.5118864315095823e-6,13.020862680597386
1.7782794100389227e-7,6.30957344480193e-6,64.12374323919929
1.7782794100389227e-7,0.00001584893192461114,283.7749972237977
1.7782794100389227e-7,0.000039810717055349695,1221.4575347672103
1.7782794100389227e-7,0.0001,5530.318132240138
3.162277660168379e-7,1.e-6,4.266611711219736
3.162277660168379e-7,2.5118864315095823e-6,23.154404931900572
3.162277660168379e-7,6.30957344480193e-6,114.03417117805446
3.162277660168379e-7,0.00001584893192461114,504.6187538133015
3.162277660168379e-7,0.000039810717055349695,2172.100814987643
3.162277660168379e-7,0.0001,9834.566936909045
5.62341325190349e-7,1.e-6,7.587167483225799
5.62341325190349e-7,2.5118864315095823e-6,41.175027515381814
5.62341325190349e-7,6.30957344480193e-6,202.77478098450325
5.62341325190349e-7,0.00001584893192461114,897.3723182008063
5.62341325190349e-7,0.000039810717055349695,3862.581561067188
5.62341325190349e-7,0.0001,17488.753834870644
1.e-6,1.e-6,13.49219496562735
1.e-6,2.5118864315095823e-6,73.22010392461145
1.e-6,6.30957344480193e-6,360.59600901663293
1.e-6,0.00001584893192461114,1595.7635874382167
1.e-6,0.000039810717055349695,6869.147187442171
1.e-6,0.0001,31099.75223258462
1.778279410038923e-6,1.e-6,23.992675642748786
1.778279410038923e-6,2.5118864315095823e-6,130.20714954819567
1.778279410038923e-6,6.30957344480193e-6,641.2274327779833
1.778279410038923e-6,0.00001584893192461114,2837.7165448273045
1.778279410038923e-6,0.000039810717055349695,12214.40631281172
1.778279410038923e-6,0.0001,55302.80518592157
3.162277660168379e-6,1.e-6,42.66586684387744
3.162277660168379e-6,2.5118864315095823e-6,231.55014483663092
3.162277660168379e-6,6.30957344480193e-6,1140.3679609847843
3.162277660168379e-6,0.00001584893192461114,5046.28377473413
3.162277660168379e-6,0.000039810717055349695,21721.2182380612
3.162277660168379e-6,0.0001,98344.81062360387
5.623413251903491e-6,1.e-6,75.87129690289892
5.623413251903491e-6,2.5118864315095823e-6,411.751525741304
5.623413251903491e-6,6.30957344480193e-6,2027.7736820561784
5.623413251903491e-6,0.00001584893192461114,8973.763980207603
5.623413251903491e-6,0.000039810717055349695,38626.95238493132
5.623413251903491e-6,0.0001,174880.7903992719
0.00001,1.e-6,134.92180306636578
0.00001,2.5118864315095823e-6,732.216577026617
0.00001,6.30957344480193e-6,3605.9906184701117
0.00001,0.00001584893192461114,15956.987958084012
0.00001,0.000039810717055349695,68688.8094979073
0.00001,0.0001,310995.3361081268
0.00001778279410038923,1.e-6,239.92579569021308
0.00001778279410038923,2.5118864315095823e-6,1302.0789671310654
0.00001778279410038923,6.30957344480193e-6,6412.596756862339
0.00001778279410038923,0.00001584893192461114,28377.483806224864
0.00001778279410038923,0.000039810717055349695,122148.21593134722
0.00001778279410038923,0.0001,553024.7780394884
0.000031622776601683795,1.e-6,426.65436893010923
0.000031622776601683795,2.5118864315095823e-6,2315.368559936884
0.000031622776601683795,6.30957344480193e-6,11402.542410301783
0.000031622776601683795,0.00001584893192461114,50461.69078038209
0.000031622776601683795,0.000039810717055349695,217211.78233151502
0.000031622776601683795,0.0001,983433.6624272891
0.00005623413251903491,1.e-6,758.6943892334701
0.00005623413251903491,2.5118864315095823e-6,4117.337288489506
0.00005623413251903491,6.30957344480193e-6,20277.394511038663
0.00005623413251903491,0.00001584893192461114,89734.7139086743
0.00005623413251903491,0.000039810717055349695,386262.85416355974
0.00005623413251903491,0.0001,1.7487363052742425e6
0.0001,1.e-6,1349.124998299926
0.0001,2.5118864315095823e-6,7321.668669886461
0.0001,6.30957344480193e-6,36057.37592979897
0.0001,0.00001584893192461114,159569.210585718
0.0001,0.000039810717055349695,686828.9470867753
0.0001,0.0001,3.1096825332793747e6
