-8.626146828367023 0.
-8.630378413545952 0.002495745862239218
-8.64285714285715 0.009310284762622523
-8.660271644515888 0.01785714285714235
-8.682194536974563 0.027846806890802434
-8.695191574053542 0.03571428571428559
-8.724113410489979 0.05196553924085201
-8.727359930501406 0.053571428571428825
-8.72881133776924 0.05423773244615315
-8.732142857142863 0.056268315566057936
-8.762692384571261 0.07142857142857117
-8.780478408614242 0.07961860399143816
-8.796294124790592 0.08928571428571441
-8.821428571428577 0.10353864568881921
-8.826517014793959 0.1061251684697817
-8.828653691585638 0.10714285714285765
-8.832233440022586 0.10930383086165918
-8.851312763726256 0.11902316154046488
-8.863838842906375 0.125
-8.87548435123929 0.13204598689500013
-8.88601149977157 0.13791658566859866
-8.89634993665245 0.14285714285714324
-8.910714285714292 0.15105000866108664
-8.92526096906146 0.15780494904485298
-8.929983896528293 0.16071428571428648
-8.9403681637529 0.16664506132200785
-8.964118170664928 0.17857142857142883
-8.97490127788814 0.18359117299380223
-9.000000000000005 0.198309482295139
-9.023113707050024 0.20966297287571134
-9.030594576044017 0.2142857142857153
-9.045101063977352 0.22312264434738882
-9.045609146524441 0.22340754359060266
-9.063805840771657 0.23214285714285765
-9.070100405275602 0.23597991894488057
-9.089285714285719 0.24674346182457807
-9.095750877251142 0.2500000000000009
-9.120594668200804 0.261595352074127
-9.152899569233663 0.280579913846732
-9.16308623894441 0.2857142857142865
-9.166908591099753 0.28804685320862244
-9.178571428571434 0.29459537014931847
-9.196377258496181 0.3035714285714288
-9.205056287668823 0.3088684003909066
-9.215229537300294 0.3140969496828001
-9.23048523057443 0.32142857142857206
-9.239709097396373 0.3270581805207273
-9.257959659381564 0.33730621759059876
-9.262078661641361 0.3392857142857153
-9.263504926086895 0.3401561576397656
-9.267857142857148 0.34259984830126733
-9.296705614297109 0.35714285714285765
-9.310770591877073 0.3657255469468428
-9.311739623615484 0.3662235038483326
-9.330004846851828 0.3750000000000009
-9.357142857142861 0.3905603576928094
-9.360587192936856 0.3921682756983449
-9.36170001217997 0.3928571428571441
-9.364141728604643 0.39425691714950073
-9.411689713645208 0.4176620572709604
-9.429319377328724 0.4285714285714297
-9.446428571428577 0.4383756694035972
-9.458510028771787 0.44401227995993064
-9.462415568825154 0.44642857142857295
-9.47098962090251 0.451340781323359
-9.496693467856874 0.4642857142857153
-9.508405082361698 0.46974755495623377
-9.53571428571429 0.48577844141570203
-9.55626965901602 0.49588892533965545
-9.565704683529287 0.5000000000000018
-9.5775200423689 0.5083611513309236
-9.59638492950306 0.5178571428571441
-9.603458260336536 0.5221654907898374
-9.625000000000004 0.534240416271528
-9.627928335258291 0.5357142857142874
-9.629360162517697 0.5365863182178261
-9.651957705060148 0.5481798875594013
-9.663193853120738 0.5535714285714306
-9.675824659366937 0.5612636395551869
-9.682684109158643 0.5651082504031582
-9.6958560582348 0.571428571428573
-9.700412163791396 0.5742032815274376
-9.714285714285719 0.5819793973518523
-9.72880319955182 0.5892857142857153
-9.751251078929872 0.599749784214028
-9.76321018052841 0.6071428571428585
-9.78946902108189 0.6221795185020929
-9.797623179720707 0.6261896497701471
-9.803571428571434 0.6298680959260459
-9.82936907469397 0.6428571428571441
-9.84196869344734 0.6505365958323246
-9.845470553217076 0.6523344607851582
-9.862921638475795 0.6607142857142874
-9.892857142857148 0.6778722044271239
-9.893905990537334 0.6783616590353931
-9.894244965525699 0.6785714285714306
-9.894988205437926 0.6789976410875864
-9.945330618702492 0.7037910191166468
-9.962273125596159 0.7142857142857162
-9.982142857142861 0.7256941028019357
-9.991804335511823 0.7302105614690673
-9.994921753860567 0.7321428571428594
-10.00174395611721 0.7360630769377288
-10.02934170335682 0.7500000000000018
-10.041937919401414 0.7558981304054342
-10.06120210509909 0.767857142857145
-10.071428571428577 0.7737446393718237
-10.089327526524862 0.7821344946950308
-10.095088405323047 0.7857142857142883
-10.107660444464395 0.7929606603214516
-10.128612363563725 0.8035714285714306
-10.138197115680605 0.8080748625781675
-10.159639570505266 0.8214285714285738
-10.16071428571429 0.8220496698652608
-10.186419366638214 0.834144698100932
-10.212586074908916 0.8496600721246423
-10.227303561109034 0.8571428571428594
-10.232855820741852 0.8605716929944895
-10.250000000000004 0.8703026854948801
-10.256531303475933 0.8736937393048159
-10.259223998478829 0.8750000000000018
-10.263628275949761 0.8777256551899537
-10.280856026174721 0.8866859376222012
-10.293557306537693 0.892857142857145
-10.304707039297352 0.8997728778548186
-10.315593323300648 0.9059758075172741
-10.325329187755285 0.9107142857142883
-10.328725826559264 0.9128262632595794
-10.339285714285719 0.9188562557948732
-10.358255223095842 0.9285714285714306
-10.37905537579905 0.9384746391259071
-10.391671564866748 0.9464285714285738
-10.4187925043821 0.9623299294478507
-10.422593701103951 0.9642857142857171
-10.424355246015319 0.9651289507969398
-10.428571428571432 0.9676743255837001
-10.47445333813196 0.9908236180878971
-10.488895396800524 1.0000000000000027
-10.517857142857146 1.0171357045298253
-10.518915406302328 1.0176454901681096
-10.5199537633243 1.018276466950577
-10.553451006063254 1.0357142857142883
-10.569121792335253 1.0433184986758102
-10.607142857142861 1.0665980685590144
-10.61393542398237 1.070070058060673
-10.616956876287517 1.0714285714285747
-10.620485530605228 1.074097106121048
-10.649334918642849 1.089285714285717
-10.662952863020665 1.0959808559672988
-10.680141517705549 1.1071428571428603
-10.696428571428575 1.1170261285831113
-10.707917436622965 1.1227022269611258
-10.718763569960615 1.1294669997064117
-10.74384518310975 1.142857142857146
-10.753604446510627 1.1492791106978784
-10.766138407450603 1.1567991100615513
-10.773834423439274 1.1607142857142883
-10.785714285714288 1.1680483266055433
-10.800691086475359 1.1755760684192174
-10.805211587419947 1.1785714285714315
-10.814469414145155 1.1843224542576047
-10.847777768064969 1.201873017815581
-10.86680677290218 1.214285714285717
-10.875000000000004 1.2192347108875756
-10.89365918634094 1.228411019874673
-10.899405886719123 1.2321428571428603
-10.911441263923923 1.2394311099276445
-10.931370502275184 1.2500000000000036
-10.940845473860689 1.2546880480850096
-10.964285714285717 1.2693074416154895
-10.987064385071541 1.281158551557124
-10.997067467973604 1.2857142857142891
-11.008470547171946 1.2945512522915354
-11.025322078999157 1.3035714285714324
-11.033390504783553 1.307607613329008
-11.05357142857143 1.3209196240946346
-11.054519098422269 1.3214285714285747
-11.054929293947524 1.3217001445037928
-11.077998904662312 1.3344002190675415
-11.087566358211127 1.339285714285718
-11.100340191904454 1.3477891044762567
-11.102436917592534 1.3490588120899387
-11.118203685983554 1.3571428571428612
-11.123873316150622 1.3609396224841657
-11.142857142857146 1.3724954483914908
-11.147460772131437 1.3750000000000036
-11.17131715917231 1.3871651395941136
-11.179797401309218 1.3928571428571468
-11.196991683789326 1.4036840510435828
-11.216014219857584 1.413940013171345
-11.232142857142861 1.4248975082609707
-11.23878491708119 1.4285714285714324
-11.26174242715483 1.4405086574261814
-11.287680776865097 1.4575361553730222
-11.299709249412514 1.464285714285718
-11.305669767924849 1.467437474986463
-11.321428571428575 1.4779650806210336
-11.350635936109116 1.4941585270638953
-11.362839871934368 1.5000000000000036
-11.375302861587702 1.5107748580318292
-11.38760660027215 1.5178571428571468
-11.393811009993978 1.5212377980012093
-11.410714285714288 1.5332956384132785
-11.414878761468225 1.53571428571429
-11.437555440434144 1.548203197627461
-11.45917668033951 1.5632639074964771
-11.47289676840239 1.5714285714285756
-11.478551342588096 1.575718302910957
-11.4979795994968 1.5888816341850784
-11.498695380421971 1.5892857142857189
-11.500000000000004 1.5901677811015933
-11.522619352050107 1.6026189867328409
-11.528908354339281 1.6071428571428612
-11.542105149061726 1.615563886955206
-11.567413195468522 1.6293745037634437
-11.587103726351618 1.6428571428571477
-11.589285714285717 1.6442565316512159
-11.612075481401154 1.6561563322912027
-11.618732504756887 1.66071428571429
-11.632066230951187 1.6692703890473846
-11.648659980514825 1.6785714285714333
-11.656904828710328 1.6829047485436543
-11.67857142857143 1.6972214493859958
-11.701338499334511 1.709732300133103
-11.710948878951994 1.7142857142857189
-11.721058671408505 1.7227831628531334
-11.737608953132963 1.7321428571428612
-11.745879395847858 1.7365384065447191
-11.765215653544375 1.7500000000000044
-11.767857142857146 1.7517300467534884
-11.788462925326579 1.763735986363261
-11.796153087862907 1.7678571428571477
-11.807173307365922 1.7757203757589028
-11.809883165486475 1.7773090811884247
-11.825479624076774 1.78571428571429
-11.832366606919612 1.7906695357589397
-11.850160425280196 1.8021749421989002
-11.852735605864101 1.8035714285714333
-11.85714285714286 1.8065154033711455
-11.87719144152414 1.8174188545523204
-11.882827467205232 1.8214285714285765
-11.893691149539587 1.8287382299079216
-11.92090431607238 1.8443905653569574
-11.938484220055136 1.857142857142862
-11.946428571428573 1.8626103238247946
-11.962723759909052 1.8717409623039076
-11.975516077981185 1.880817501310526
-11.995420749064646 1.892857142857146
-12.005804200919108 1.8988391598161813
-12.035714285714288 1.9207359637566652
-12.045456423121054 1.9266230010900776
-12.04925234206101 1.9285714285714306
-12.052571796578171 1.9319429307442073
-12.075367419034288 1.946428571428573
-12.0876116443968 1.9539062425492126
-12.100578140098643 1.9642857142857153
-12.123205164615412 1.9817838900659401
-12.124043619299565 1.9823341332829445
-12.125000000000002 1.9831411741063896
-12.149538524617924 2.