-8.942932892041053 0.
-8.962957889422693 0.009260527644326721
-8.977532897014179 0.01785714285714235
-9.000000000000004 0.030161568078145073
-9.007770275603725 0.03377171681335511
-9.011049521019949 0.03571428571428559
-9.01984772214108 0.04067621624955553
-9.030290157461387 0.04599888920608297
-9.045619233504612 0.053571428571428825
-9.053524420399246 0.05804746632876068
-9.071428571428575 0.0678155072430453
-9.078567648879769 0.07142857142857117
-9.084177478560141 0.0746157982114628
-9.099227173695247 0.08233606371904578
-9.113217318465582 0.08928571428571441
-9.142857142857146 0.10573815360824312
-9.144805720453595 0.10665571274374575
-9.145617964375196 0.10714285714285765
-9.147871046217205 0.10839633298287232
-9.192141567226427 0.1305360367648225
-9.212604559448298 0.14285714285714324
-9.214285714285717 0.14379580451190055
-9.237664986645827 0.15486946762425902
-9.247357755827878 0.16071428571428648
-9.274107871956573 0.17566982513200013
-9.279772726053565 0.17857142857142883
-9.281822024395126 0.1795444939012194
-9.285714285714288 0.1817707816782086
-9.328907691069237 0.20348736294697822
-9.351766700925728 0.2142857142857153
-9.373730431006317 0.22799596367699326
-9.380581262011745 0.23214285714285765
-9.399427795548569 0.24271409174428538
-9.413609333398846 0.2500000000000009
-9.418761443440557 0.2524524962827188
-9.42857142857143 0.2580748421808412
-9.465235257988718 0.276548328359965
-9.480362064588183 0.2857142857142865
-9.500000000000002 0.29673720956367333
-9.509411117932085 0.30121864908840834
-9.523969048208622 0.3095636906235839
-9.549048370503435 0.32142857142857206
-9.55544186279529 0.32542524858689337
-9.571428571428573 0.3345874030437379
-9.60134583171093 0.34966354207226846
-9.61715821623522 0.35714285714285765
-9.644914089260817 0.37448576339908257
-9.645763023269886 0.3750000000000009
-9.648099681356525 0.37631063462484615
-9.68030692562551 0.3928571428571441
-9.692012573944849 0.39842542794236024
-9.71231056591856 0.4107142857142865
-9.714285714285715 0.41182144579999935
-9.737372036555017 0.42279984800410464
-9.746908050320636 0.4285714285714297
-9.773186357130044 0.4432965892825118
-9.781503447332643 0.44748128102398343
-9.785714285714286 0.45002820125625753
-9.813500347898955 0.4642857142857153
-9.828548723982557 0.47143424757579044
-9.857142857142858 0.4877817339894239
-9.87337302546411 0.4959424579196883
-9.881968258318524 0.5000000000000018
-9.898613001057887 0.5103675359787587
-9.918518695038346 0.5203703262404158
-9.92857142857143 0.5264432693937691
-9.946661571866883 0.5357142857142874
-9.965068093338514 0.5444472623796592
-10.000000000000002 0.5643951812889672
-10.009349735174279 0.5690911376350041
-10.013220718558635 0.571428571428573
-10.023915690562035 0.5774074940690808
-10.055503432756208 0.5932669989538066
-10.084930099357766 0.6071428571428585
-10.101537798383571 0.6174726932612522
-10.142857142857146 0.6410572749118026
-10.145250615185887 0.6422587747749589
-10.146519682051892 0.6428571428571441
-10.148981049832829 0.6443881196010643
-10.192400315688158 0.6661856353636777
-10.212917001139271 0.6785714285714306
-10.214285714285717 0.6793366940077226
-10.237882929465577 0.6905292676336083
-10.274626561230207 0.7115137831646958
-10.28003665001665 0.7142857142857162
-10.281757138751393 0.7152750010264404
-10.285714285714288 0.7174621751166894
-10.314357381168433 0.7321428571428594
-10.32911420885252 0.7391500192154439
-10.347065343825737 0.7500000000000018
-10.35714285714286 0.7556437790445818
-10.373986346223468 0.7636462705869933
-10.400123172987245 0.7786022218182413
-10.413977819401572 0.7857142857142883
-10.419004665920236 0.7881059763770866
-10.42857142857143 0.7938989184740572
-10.44740054917969 0.8035714285714306
-10.465508256479806 0.8121943644514795
-10.480745662380622 0.8214285714285738
-10.500000000000002 0.8322473706960007
-10.509136759284152 0.8370015244646796
-10.513677838810223 0.8392857142857171
-10.524096224286453 0.8453097703573293
-10.531631854734284 0.8492348934592897
-10.54733761985091 0.8571428571428594
-10.554602963820743 0.8613492590448164
-10.571428571428573 0.8707110204452331
-10.579745028909578 0.8750000000000018
-10.601404143451335 0.8853632498514541
-10.613715515437592 0.892857142857145
-10.642857142857144 0.9093183373696805
-10.64477147101299 0.910235703675327
-10.647693351794842 0.9119233379487133
-10.679836701956168 0.9285714285714306
-10.690176311822226 0.9345987791873034
-10.708894673081499 0.9450808111275197
-10.711553148155009 0.9464285714285738
-10.714285714285715 0.9479807149972546
-10.736563814266558 0.9587161892905058
-10.745653491479219 0.9642857142857171
-10.770214701838288 0.9782679611738603
-10.78039908645915 0.9834716569566435
-10.785714285714286 0.9867422725190842
-10.811111971504044 1.0000000000000027
-10.82483407614052 1.0080771952505874
-10.830238064185666 1.0111309446178485
-10.843398620907141 1.017857142857146
-10.857142857142858 1.0257422939194356
-10.870679181131997 1.0323302047170033
-10.876151639021183 1.0357142857142883
-10.890754807192412 1.0441172732266768
-10.91543296899174 1.0568560434663539
-10.928571428571429 1.0650280392226579
-10.940701652741222 1.0714285714285747
-10.960695519510075 1.081254691551056
-10.973565576047124 1.089285714285717
-11. 1.1046575277469675
-11.003343633017431 1.106306948888502
-11.005062384071236 1.1071428571428603
-11.0081819869601 1.1091883538828853
-11.049070411322967 1.1305895400264045
-11.068508557172573 1.142857142857146
-11.071428571428573 1.1445775743340283
-11.092948649896302 1.1553342660973565
-11.10143589177451 1.1607142857142883
-11.123358563137494 1.1736967836415184
-11.132380703025836 1.1785714285714315
-11.135849125886656 1.1803234328140535
-11.142857142857144 1.184530001062818
-11.18100920739571 1.2047476981510759
-11.196150516419918 1.214285714285717
-11.214285714285715 1.2248686616804543
-11.22404891653951 1.229702056579411
-11.238114920401522 1.238100158671812
-11.260386076140016 1.2500000000000036
-11.26885288042154 1.2542153513231904
-11.285714285714288 1.264342917963904
-11.32728905287669 1.2857142857142891
-11.352321360496656 1.3023660544098812
-11.35455717813503 1.3035714285714324
-11.35541551371369 1.304003264428725
-11.35714285714286 1.3051048498071491
-11.387315101214885 1.3214285714285747
-11.400972964953151 1.3283281873331445
-11.418089398921756 1.339285714285718
-11.42857142857143 1.3455554590166408
-11.443869734496406 1.3533182806616173
-11.449819256894173 1.3571428571428612
-11.464951343549227 1.3662378358873104
-11.480946507660653 1.3750000000000036
-11.48719306781919 1.3782017330452065
-11.516440858736512 1.3928571428571468
-11.531089993510905 1.4029417873365642
-11.571428571428573 1.428076577149863
-11.572052156963748 1.4284155321876382
-11.572360449929967 1.4285714285714324
-11.572878925870478 1.4289340171819092
-11.60411792055632 1.4464285714285747
-11.616600229227926 1.4529927998358794
-11.633592417196073 1.464285714285718
-11.642857142857144 1.470073978789527
-11.657485235858832 1.4784858338924396
-11.66410814667203 1.4821428571428612
-11.6773122649922 1.4907566376766246
-11.67807109181073 1.491196512761607
-11.693895547295716 1.5000000000000036
-11.699504628454697 1.503695271457758
-11.714285714285715 1.5129664633788353
-11.722756217321136 1.5178571428571468
-11.742556812918602 1.5286465110560679
-11.752844516170338 1.53571428571429
-11.776981247055705 1.5513881689067865
-11.782244937295289 1.5544387656761822
-11.785714285714286 1.5568738023982327
-11.810158444234425 1.5714285714285756
-11.824573713208903 1.5795708574120644
-11.838246635893604 1.5892857142857189
-11.857142857142858 1.6015932757652624
-11.864057768191582 1.60541412938068
-11.867312609967112 1.6071428571428612
-11.872861908266675 1.6110726199238155
-11.907471139122167 1.6302750723623198
-11.92630528859763 1.6428571428571477
-11.928571428571429 1.6442738171858018
-11.949639711996477 1.655447214858028
-11.957502773312678 1.66071428571429
-11.976679473844971 1.672741297032676
-11.986908398620791 1.6785714285714333
-11.991083248867739 1.6808006163544986
-12. 1.6868114906419605
-12.01681633165287 1.6964285714285765
-12.034184471333896 1.7057395964522453
-12.046814552186152 1.7142857142857189
-12.071428571428571 1.7299092250357297
-12.074261501855977 1.7314346245360097
-12.075303919047313 1.7321428571428612
-12.07780209401744 1.7337362377900778
-12.105891558941119 1.7500000000000044
-12.117530597447088 1.7563316363525185
-12.142857142857142 1.7729764480281975
-12.158358744970418 1.7818388851859712
-12.165710327190727 1.78571428571429
-12.1772010222804 1.7943002555701044
-12.199576855889338 1.807248643170528
-12.226192168379795 1.8214285714285765
-12.240904259158622 1.8326310780674921
-12.272092560631346 1.8537374258721266
-12.27774927623483 1.857142857142862
-12.280178968223245 1.8585266865156225
-12.285714285714286 1.8623463054223235
-12.321701321673988 1.883860383867221
-12.338115147421615 1.892857142857146
-12.35962678155446 1.9100933046113875
-12.362347003478249 1.912015322298136
-12.388716573486878 1.9285714285714306
-12.400460366334924 1.9355991941305568
-12.42857142857143 1.9560446387247241
-12.438997256031907 1.9616792574205961
-12.448450261067252 1.9692554224096712
-12.497205863022595 2.