-12.344992625652983 2.
-12.330329616577599 1.988846167284172
-12.294938475713971 1.9665917617856365
-12.292170858273126 1.9642857142857153
-12.290182812350345 1.9631685826267011
-12.285714285714286 1.9604111303574134
-12.25264743528594 1.9368381411785167
-12.23861774321783 1.9285714285714306
-12.214285714285715 1.913427273021524
-12.21152760391333 1.911403813307385
-12.207673808212881 1.9090613091960797
-12.187356341366653 1.892857142857146
-12.173429795001343 1.8852139798210956
-12.155712914383587 1.8750000000000036
-12.142857142857142 1.867143546530258
-12.132550932146922 1.8597194098204168
-12.128055817677962 1.857142857142862
-12.117725177684068 1.8508598658495936
-12.092965460960942 1.8339014919026262
-12.071428571428571 1.821674729717559
-12.071060711419767 1.8214285714285765
-12.0525786039293 1.808283920446251
-12.044244298078116 1.8035714285714333
-12.024904077835327 1.7919403051731218
-12.015530564568872 1.78571428571429
-12.011473116083597 1.7828460066933909
-12. 1.7764004573582692
-11.987100095205461 1.7678571428571477
-11.971782812239715 1.7570542969400762
-11.959194791861899 1.7500000000000044
-11.929804248262318 1.732451062065584
-11.929135845165938 1.7320017529942344
-11.905817727191241 1.7142857142857189
-11.857142857142858 1.6866420234865664
-11.848372866390052 1.680763926259635
-11.84443496366519 1.6785714285714333
-11.83520462767056 1.6730868712033589
-11.808277792885105 1.6550734089215853
-11.786302694440375 1.6428571428571477
-11.785714285714286 1.6425078593724862
-11.767280392427363 1.6296084733217358
-11.739536324924357 1.613455509802522
-11.731179158953832 1.6071428571428612
-11.72600006890542 1.6042142684879348
-11.714285714285715 1.5967104579943472
-11.68845266600621 1.577886833498452
-11.67807682946983 1.5714285714285756
-11.65538859412897 1.556704291389389
-11.649000227234021 1.5520356574772132
-11.629426525386481 1.53571428571429
-11.611530194026377 1.5256888800648385
-11.598302954996134 1.5178571428571468
-11.571428571428573 1.5011392381013646
-11.570269858599074 1.5002896782073787
-11.569773928323704 1.5000000000000036
-11.568640414961239 1.4993029608831696
-11.532192158556903 1.4740948175036355
-11.519635420443745 1.464285714285718
-11.490828394035905 1.4487214729195994
-11.47726136429197 1.4407439125015662
-11.461300670945711 1.4285714285714324
-11.450851975230426 1.423001291906684
-11.42857142857143 1.4101000263684682
-11.403467200009247 1.3928571428571468
-11.380831113842314 1.3809220641748672
-11.36777688605813 1.3723414927711861
-11.347118618100927 1.3571428571428612
-11.327245230988272 1.3467601208243654
-11.285714285714288 1.3232610412569077
-11.28367784772728 1.321937680925327
-11.282976580297966 1.3214285714285747
-11.280427764490476 1.3201069411226216
-11.24342494986303 1.2962866196771037
-11.2236059685922 1.2857142857142891
-11.214285714285715 1.28040785232609
-11.20066040347062 1.2712634705609203
-11.178477090566062 1.2589049869272326
-11.164213299993133 1.2500000000000036
-11.158391591221816 1.2461163879088355
-11.142857142857144 1.2379141148295751
-11.133584739447794 1.2321428571428603
-11.125816835951559 1.227882780416464
-11.114986004830262 1.2212534987924375
-11.104147995510909 1.214285714285717
-11.093887621248468 1.2086709518307428
-11.073972647980431 1.1970645905665398
-11.073014889043064 1.1964285714285747
-11.072539464731554 1.19615084810283
-11.071428571428573 1.1954722120620147
-11.046051114829451 1.1785714285714315
-11.032137080620586 1.170537158416285
-11.027074649945895 1.167482948200762
-11.017156229584561 1.1607142857142883
-11.011934162246039 1.1577307451527785
-11. 1.1506124054035043
-10.991289570456344 1.1450347502430605
-10.988056960949823 1.142857142857146
-10.979084013540096 1.1376281462421698
-10.951132505321972 1.1193597308123673
-10.928571428571429 1.107191314430506
-10.928495208060372 1.1071428571428603
-10.909201612377977 1.0941281683340804
-10.90013934863924 1.089285714285717
-10.877767015752537 1.0765846110809942
-10.869510849378006 1.0714285714285747
-10.866129009195147 1.0691820334155029
-10.857142857142858 1.0644585153613235
-10.839571415505748 1.0535714285714315
-10.824772097310785 1.0438069756723065
-10.809263990942297 1.0357142857142883
-10.785714285714286 1.0226145701353886
-10.780461486678721 1.0191703426160368
-10.777928116577838 1.017857142857146
-10.77150537884732 1.0143049161404036
-10.750710088440716 1.0000000000000027
-10.714285714285715 0.980865797746735
-10.695130516456953 0.9690745137429078
-10.685732223616544 0.9642857142857171
-10.661531924858297 0.951097266928862
-10.650668209435326 0.9444758047840285
-10.642857142857144 0.9405329675896734
-10.62275479302852 0.9285714285714306
-10.608292676910882 0.9193554022008534
-10.571428571428573 0.8998653239329615
-10.563226323679066 0.8949077047945213
-10.559131505993332 0.892857142857145
-10.548416686481222 0.8871041716203072
-10.527838956321261 0.8750000000000018
-10.519939119934222 0.8700152200164473
-10.500000000000002 0.8600980636223579
-10.494959264435028 0.8571428571428594
-10.47608199695424 0.8452652150471573
-10.432175751847764 0.8223296522476566
-10.430798770486918 0.8214285714285738
-10.43004252372087 0.8210607976412136
-10.42857142857143 0.8203351739436302
-10.399738953211996 0.8035714285714306
-10.3875654509924 0.7959657801090456
-10.366733694434332 0.7857142857142883
-10.35714285714286 0.7806408465197041
-10.342508322833575 0.771515776434466
-10.315200221532727 0.7573714839546115
-10.30244101192224 0.7500000000000018
-10.297642337836216 0.7470179869695199
-10.285714285714288 0.7411818281797489
-10.270041755822042 0.7321428571428594
-10.255191199360594 0.7245120855544362
-10.2520204849804 0.7227091644691885
-10.237814803837507 0.7142857142857162
-10.214285714285717 0.7019155623332987
-10.20797689001211 0.6980057774969746
-10.196073529282012 0.6918755251776467
-10.172908271139617 0.6785714285714306
-10.164256468325062 0.6732215972044511
-10.142857142857146 0.6628073129834524
-10.139208635162936 0.6607142857142874
-10.135722726542767 0.6589306816356926
-10.118208992530985 0.6490191804386845
-10.10776433720475 0.6428571428571441
-10.075704005576577 0.6260688585370024
-10.073142523053207 0.6245715120938433
-10.071428571428573 0.6237396550213647
-10.042418444783872 0.6071428571428585
-10.03017847897838 0.599598237398264
-10.008915079222735 0.5892857142857153
-10.000000000000002 0.5846266707297989
-9.983790523610338 0.5754809405259884
-9.976899952168383 0.571428571428573
-9.961002946359827 0.5633206919814739
-9.955106830967614 0.5602052791704768
-9.943820336296604 0.5535714285714306
-9.938802974437312 0.5510135421049602
-9.92857142857143 0.5456097795074442
-9.911234111805701 0.5357142857142874
-9.895604670915347 0.526098832271165
-9.878576180951448 0.5178571428571441
-9.857142857142858 0.5066748152117171
-9.849426380899432 0.5019291190608586
-9.845439094158072 0.5000000000000018
-9.834664814686922 0.49438048938601753
-9.80525253866751 0.4772582939045531
-9.785714285714286 0.46781161522335335
-9.779527818610138 0.4642857142857153
-9.760659877770333 0.4526921734145608
-9.747701159052674 0.44642857142857295
-9.714285714285715 0.42901517720148696
-9.71373955725459 0.4287079678292107
-9.713506629379488 0.4285714285714297
-9.712787800485014 0.42819695012125436
-9.670732158030766 0.40374553192088136
-9.64818309825663 0.3928571428571441
-9.642857142857144 0.3900844238142467
-9.625391838244072 0.37936632615326893
-9.591835284486704 0.3622445354073909
-9.583803590637102 0.35714285714285765
-9.579552652635769 0.3551118368410586
-9.571428571428573 0.3509707113479781
-9.535853883236161 0.33032224347667505
-9.521833487373375 0.32142857142857206
-9.489777025143514 0.3061271722855512
-9.470045010836424 0.2960826812805344
-9.451766554749513 0.2857142857142865
-9.445034616488774 0.28159848873495097
-9.42857142857143 0.27323385402004785
-9.400529124540864 0.25701057600764265
-9.385929488301397 0.2500000000000009
-9.35714285714286 0.2351041826157969
-9.353699218595253 0.23300376677975976
-9.346992748206548 0.2296053299087797
-9.322647836375477 0.2142857142857153
-9.309902430176773 0.208238678170094
-9.285714285714288 0.1960244205319368
-9.264558536519147 0.18386036587021426
-9.253468168899635 0.17857142857142883
-9.222892480430447 0.16286597725046903
-9.219055583386918 0.16071428571428648
-9.217659140265852 0.15987092921925328
-9.214285714285717 0.1582704629866889
-9.186725373822354 0.14285714285714324
-9.173856094768126 0.1351074048793981
-9.152485208517922 0.125
-9.142857142857146 0.12009762953127723
-9.127619823596017 0.1109521869581398
-9.119536633749064 0.10714285714285765
-9.096875257021708 0.09564738568399811
-9.085376770411129 0.08928571428571441
-9.081252148055967 0.08682982012886686
-9.056048100333664 0.07142857142857117
-9.03642931328609 0.062321243107049895
-9.000000000000004 0.044437552601151786
-8.98921436606473 0.03841069419810417
-8.984743320305943 0.03571428571428559
-8.966560372644672 0.027354378875452667
-8.942869881824691 0.014282529543827138
-8.92857142857143 0.00776530553950483
-8.914118372703516 0.