-12.320240430670676 2.
-12.311944533123448 1.99344243814771
-12.285714285714286 1.976383434779704
-12.273685237711295 1.9672929762864637
-12.268839777698151 1.9642857142857153
-12.25823899837064 1.9574168924498032
-12.235809760996554 1.9410475597508627
-12.220838062222567 1.9285714285714306
-12.196779962039383 1.9150907237758714
-12.172699567631804 1.900317749050811
-12.163439924614034 1.892857142857146
-12.157008799754866 1.889319228632715
-12.142857142857142 1.881135187366647
-12.133857033513918 1.8750000000000036
-12.117757050829901 1.8634178801496724
-12.106793715663876 1.857142857142862
-12.081394464053284 1.8417771874418971
-12.076038216506795 1.8381333030161624
-12.071428571428571 1.8355414085058444
-12.050134511946109 1.8214285714285765
-12.036974363547563 1.8121849805416854
-12.021536673099009 1.8035714285714333
-12. 1.7908214614294176
-11.99428538584223 1.7871429392537328
-11.992181020516867 1.78571428571429
-11.986407398332881 1.7823161352975108
-11.964131539387763 1.7678571428571477
-11.95467509265764 1.761331226835595
-11.93398003105476 1.7500000000000044
-11.928571428571429 1.7468487097484822
-11.912873660479196 1.7360672991659198
-11.905669439248603 1.7321428571428612
-11.888326849698508 1.7220817124246315
-11.877687559294278 1.7142857142857189
-11.857142857142858 1.7029605550523357
-11.83001263800128 1.6853539833568272
-11.817405215545056 1.6785714285714333
-11.78675261715562 1.660973868574624
-11.78617225139081 1.660599794295159
-11.785714285714286 1.6603549742021357
-11.757947114377489 1.6428571428571477
-11.746123512740338 1.6348976932434915
-11.714285714285715 1.6170939816897816
-11.70311780380522 1.609934834762985
-11.6978687154539 1.6071428571428612
-11.686080048756953 1.6000914407606706
-11.669717517162457 1.5892857142857189
-11.66280664046513 1.5842983398837225
-11.642857142857144 1.5728413344678867
-11.640770203193721 1.5714285714285756
-11.622751776519898 1.5585977701557434
-11.592981042627663 1.5411024035140626
-11.58589957545978 1.53571428571429
-11.581267130655386 1.5332546459075864
-11.571428571428573 1.5278207255239753
-11.556123862661378 1.5178571428571468
-11.541176430838421 1.507563035147542
-11.527333031699026 1.5000000000000036
-11.500000000000002 1.4841785666004208
-11.497816533546214 1.4826887237563087
-11.494343511552001 1.480728735030861
-11.46831967738567 1.464285714285718
-11.45753326673535 1.4570452547447381
-11.437559978326416 1.4464285714285747
-11.42857142857143 1.4413467108316658
-11.413774955032556 1.4322705469561514
-11.40802409875808 1.4285714285714324
-11.39154070514812 1.4193137477156048
-11.371975511691469 1.4070061220771377
-11.35714285714286 1.3992886107467681
-11.346656725834944 1.3928571428571468
-11.32980934932499 1.3818333769544715
-11.316596799595342 1.3750000000000036
-11.285714285714288 1.357945678015457
-11.284767919964024 1.357379448580427
-11.284390106377574 1.3571428571428612
-11.283285212585977 1.3565355888607833
-11.24340196751879 1.3320066509774495
-11.227808135822876 1.3214285714285747
-11.199372932674118 1.3072996239743313
-11.173021355283888 1.293255338820975
-11.160354667741323 1.2857142857142891
-11.155427715540762 1.2825716425433846
-11.142857142857144 1.2759173120327594
-11.112548048244715 1.2575772736531103
-11.097439167368774 1.2500000000000036
-11.071428571428573 1.2360096675785526
-11.067054698797744 1.2332363253005676
-11.059141958324151 1.2290712038667548
-11.036772734068956 1.214285714285717
-11.024378336628399 1.2081911301286175
-11. 1.195152352363504
-10.980616016120095 1.1834174245414077
-10.971125680806232 1.1785714285714315
-10.946689647874063 1.1652438405399472
-10.939117935792844 1.1607142857142883
-10.936153789729993 1.1588186954246478
-10.928571428571429 1.1549926483751394
-10.908168309466296 1.142857142857146
-10.89377599151166 1.1336988592649453
-10.87644468173729 1.1250000000000036
-10.857142857142858 1.1146279286874803
-10.848669736385418 1.1092611373322203
-10.844428405723296 1.1071428571428603
-10.833278036454457 1.1011766519707598
-10.81298706618733 1.089285714285717
-10.805223450857095 1.0844084230000153
-10.785714285714286 1.0747503879501652
-10.780021769782385 1.0714285714285747
-10.761259983764546 1.0596850040588661
-10.715865365904808 1.0361091986190614
-10.715257103168593 1.0357142857142883
-10.71492602551626 1.0355542079066522
-10.714285714285715 1.0352406870947162
-10.68416746281296 1.017857142857146
-10.672297373973503 1.0104970850780557
-10.650791486223934 1.0000000000000027
-10.642857142857144 0.9958376928115067
-10.62708648890596 0.986085520630656
-10.597146724803888 0.9707152526295459
-10.585908867252797 0.9642857142857171
-10.581725743149452 0.9617114213554974
-10.571428571428573 0.9567260175501726
-10.553384831192245 0.9464285714285738
-10.535964164419797 0.9375624696763794
-10.535810380080989 0.9374759764083267
-10.520606018906909 0.9285714285714306
-10.500000000000002 0.9178579433537228
-10.491194302860272 0.9129157099992211
-10.487427133901281 0.9107142857142883
-10.475202255756974 0.9045148496535313
-10.468465143610196 0.9007408569545969
-10.454946717373618 0.892857142857145
-10.44622844366248 0.8884428890843816
-10.42857142857143 0.8791909528397772
-10.421168004989033 0.8750000000000018
-10.413926772366345 0.8713388359487304
-10.40089362186137 0.8640623088203743
-10.388986642972476 0.8571428571428594
-10.35714285714286 0.8406899763599824
-10.355508194769248 0.8396943798791199
-10.352316557490758 0.8380791393726916
-10.322774294068875 0.8214285714285738
-10.311971444820623 0.8148642816519907
-10.28832528673429 0.8035714285714306
-10.285714285714288 0.8022267968341303
-10.265216419069874 0.7908387523753913
-10.256351813500983 0.7857142857142883
-10.228604146922647 0.7714367510163775
-10.222232956189062 0.767857142857145
-10.219912122348532 0.7664505408414408
-10.214285714285717 0.7637709991647004
-10.189754824568388 0.7500000000000018
-10.174169053121172 0.7421720224339952
-10.166003448651946 0.7379294335915594
-10.155968145250897 0.7321428571428594
-10.142857142857146 0.725410033273624
-10.129018477873185 0.7177453805317064
-10.123014861307071 0.7142857142857162
-10.104173742280231 0.7046148641414876
-10.084260465621629 0.693220597880309
-10.071428571428573 0.6871232435656811
-10.056160736909812 0.6785714285714306
-10.039732339270135 0.668638343753897
-10.023050667989677 0.6607142857142874
-10.000000000000002 0.6488935831836162
-9.992482775584985 0.6447364489608987
-9.989216530986754 0.6428571428571441
-9.97848476281235 0.6374783335602316
-9.969642611039033 0.632589347240244
-9.95645016001849 0.6250000000000018
-9.947171533078084 0.6203499738733385
-9.92857142857143 0.6107071573811416
-9.922202349066342 0.6071428571428585
-9.915861895933245 0.6039654739833118
-9.9015346114245 0.5960449185724475
-9.889783674908779 0.5892857142857153
-9.878919848674915 0.583841466402701
-9.857142857142858 0.572551722557578
-9.855743865110954 0.5717783194365484
-9.855135832236904 0.571428571428573
-9.85322584407337 0.5704493181612014
-9.812138783059915 0.546965304235024
-9.788445206933691 0.5357142857142874
-9.785714285714286 0.5343137278841352
-9.76645612669005 0.5226716826132032
-9.756319035058548 0.5178571428571441
-9.728372194313993 0.5035216200070716
-9.722083138596705 0.5000000000000018
-9.719802618681655 0.4986207739010169
-9.714285714285715 0.4959993429417926
-9.689547197740366 0.48214285714285854
-9.675894458819872 0.47388352815217605
-9.655701349847735 0.4642857142857153
-9.642857142857144 0.45769216473908525
-9.629685325146296 0.449721525856285
-9.622759210855738 0.44642857142857295
-9.603690294351944 0.4366368593022729
-9.590769735674217 0.4285714285714297
-9.571428571428573 0.4190376579889463
-9.539606320138748 0.40081270567960026
-9.522887302516986 0.3928571428571441
-9.500000000000002 0.3810959639495888
-9.492876348762884 0.3767809128092807
-9.478844296530877 0.3697110741327192
-9.456447631993093 0.35714285714285765
-9.448305803696428 0.3522092633616083
-9.42857142857143 0.34226340774888264
-9.403261818143525 0.327755974035548
-9.389974512269944 0.32142857142857206
-9.35714285714286 0.3045485219593953
-9.356001467500212 0.3038567759820907
-9.355402284153984 0.3035714285714288
-9.353754818354883 0.30272441887443424
-9.326549100674002 0.2857142857142865
-9.312430441666006 0.27903524672635704
-9.285714285714288 0.26557354378686604
-9.266795170128491 0.25472977889644977
-9.259227065215773 0.2500000000000009
-9.22951267667546 0.23594959774029345
-9.220259299820738 0.23064946075910253
-9.214285714285717 0.22780828546777077
-9.190166124149966 0.2142857142857153
-9.176332337878346 0.20591691553041525
-9.156369182035306 0.19642857142857206
-9.142857142857146 0.18949974748587017
-9.13006743673882 0.18176885510101037
-9.123334253121904 0.17857142857142883
-9.104724694576559 0.16903831650128254
-9.084443073007847 0.15746066031946793
-9.060938257487102 0.14285714285714324
-9.000000000000004 0.11300284852419562
-8.992845701554181 0.1089314317543133
-8.989056770789663 0.10714285714285765
-8.978490027598877 0.10176536404257597
-8.947926334429113 0.0844469878212939
-8.92857142857143 0.07535481956439494
-8.921480995034818 0.07142857142857117
-8.902485546056337 0.06009289920020233
-8.888560847530155 0.053571428571428825
-8.85714285714286 0.037717103577247
-8.854772198227243 0.036306950443189656
-8.85350232099125 0.03571428571428559
-8.849901698208459 0.03390399598068505
-8.820616930148107 0.01785714285714235
-8.810231411408077 0.01172786143369553
-8.785714285714288 0.00038239894553537823
-8.785013257426076 0.