-11.955790031896587 2.
-11.926708760745482 1.981677190186371
-11.893635950018119 1.9551624410669
-11.857142857142858 1.9353715730651695
-11.850199958617818 1.9303071532026905
-11.847311923962907 1.9285714285714306
-11.840868518915883 1.924502844014687
-11.812176815296125 1.9040986533188287
-11.798282355564961 1.892857142857146
-11.772099123149271 1.878403790641257
-11.75284650001679 1.86678305357563
-11.738638333634695 1.857142857142862
-11.732346242712504 1.8526277250361645
-11.714285714285715 1.8418932770343046
-11.692398670622817 1.8269003323443007
-11.682741555922485 1.8214285714285765
-11.660255862997928 1.807921108606629
-11.653699301690168 1.8035714285714333
-11.65085833305541 1.8015711310218672
-11.630042511766527 1.78571428571429
-11.611350375967895 1.7757338345794595
-11.571428571428573 1.7525355728229508
-11.568667363206043 1.750690302055637
-11.56742058170743 1.7500000000000044
-11.564466285241652 1.7482594284532746
-11.539663824286894 1.7321428571428612
-11.5291369032872 1.7248586313210614
-11.509882190743175 1.7142857142857189
-11.500000000000002 1.7085034104601968
-11.48715040733894 1.6996409695938421
-11.46724372693329 1.6882395031618982
-11.452208775789153 1.6785714285714333
-11.44589537631241 1.6742404416361882
-11.42857142857143 1.6648153694602836
-11.42217642499971 1.66071428571429
-11.41706715551793 1.657838217450915
-11.40331905472932 1.6491702363176755
-11.393818422888632 1.6428571428571477
-11.367454996287817 1.6275780347862439
-11.361734204532643 1.6238521631525584
-11.338848078363668 1.6071428571428612
-11.32220500196353 1.5980201780805512
-11.307029975182699 1.5892857142857189
-11.285714285714288 1.575830703186698
-11.281285811098762 1.5725356900824572
-11.279419773097471 1.5714285714285756
-11.275184637406028 1.5687961593515105
-11.243089072715245 1.5463705889640504
-11.224557768582624 1.53571428571429
-11.214285714285715 1.5294971981675625
-11.202204146107256 1.5208775349017616
-11.184388162567911 1.5103827549276954
-11.168670753892528 1.5000000000000036
-11.161862696257188 1.495248611649993
-11.142857142857144 1.4842843659670706
-11.120991854782247 1.4697520363044427
-11.111025997933965 1.464285714285718
-11.087005503124074 1.4503228043524494
-11.080925654055825 1.4464285714285747
-11.078371897572486 1.4446927398925968
-11.056194475746606 1.4285714285714324
-11.037892949497724 1.4190981911970022
-11. 1.3979266817193663
-10.994315376963174 1.3942782986163538
-10.992323663315306 1.3928571428571468
-10.9850011521895 1.389107430904522
-10.953055182217696 1.3688790615884372
-10.930654570828098 1.3571428571428612
-10.928571428571429 1.3559785727293416
-10.91020471186346 1.3438773934627095
-10.879205178363625 1.326944151733767
-10.87017825526594 1.3214285714285747
-10.866568659675867 1.3190721207953224
-10.857142857142858 1.3142093575769715
-10.839651801674814 1.3035714285714324
-10.82441503877686 1.2953894739799328
-10.82265316539853 1.2943367086503725
-10.808872127593817 1.2857142857142891
-10.785714285714286 1.2729868936064959
-10.780001061989646 1.269285448788306
-10.770068758264825 1.2639457609947806
-10.746863796852473 1.2500000000000036
-10.737750419312666 1.2441338237432653
-10.714285714285715 1.2322107233050508
-10.714172396992488 1.2321428571428603
-10.714071364551259 1.2320892697092463
-10.692922396517595 1.2196265437277471
-10.684256885633326 1.214285714285717
-10.659016225537934 1.2004683420987723
-10.649707129464028 1.1947160747768537
-10.642857142857144 1.1911229601932734
-10.622555732669477 1.1785714285714315
-10.608479714418227 1.169308642824018
-10.591963517133195 1.1607142857142883
-10.571428571428573 1.1493285114646872
-10.563823180400254 1.1447584906142252
-10.560798944936417 1.142857142857146
-10.551529617060826 1.1378824042652091
-10.54219212937889 1.1323091105124243
-10.53048236122877 1.1250000000000036
-10.520758672236669 1.1198103319408377
-10.500000000000002 1.1083049517931105
-10.498066282981288 1.1071428571428603
-10.478592149663061 1.0946376768699517
-10.440666893373265 1.0744524376290334
-10.436153187247774 1.0714285714285747
-10.433600909553256 1.0701712011831184
-10.42857142857143 1.067519045271169
-10.391282759340664 1.0450364530219804
-10.372610414705786 1.0357142857142883
-10.35714285714286 1.0274391601531887
-10.346262067276838 1.0205773403236513
-10.32634381510163 1.010157382346839
-10.308938874197585 1.0000000000000027
-10.30231165749758 0.9958506570541799
-10.285714285714288 0.9876640857067374
-10.276218188907222 0.9821428571428594
-10.26732023784149 0.9775443451746604
-10.256787359060073 0.9715174459492708
-10.244666306017882 0.9642857142857171
-10.214285714285717 0.9482483217907332
-10.212199474592675 0.9469501313518345
-10.211135021342114 0.9464285714285738
-10.208285710251205 0.9449285704199459
-10.1829192888965 0.9285714285714306
-10.169229567847973 0.9219783223237243
-10.142857142857146 0.9084243997080668
-10.124237451017462 0.8975120658170663
-10.116972791278739 0.892857142857145
-10.088813162543651 0.8793461477787714
-10.078381989795771 0.8732616454082027
-10.071428571428573 0.8698975251598933
-10.049063971014746 0.8571428571428594
-10.034865357240006 0.8484265178328583
-10.000000000000002 0.8306471348427182
-9.98890618329644 0.824202025604464
-9.983151994834898 0.8214285714285738
-9.967501061914817 0.8133038369072771
-9.950343360568219 0.8035714285714306
-9.944022325993805 0.7997087042158366
-9.921879199710544 0.7857142857142883
-9.899585622116753 0.7751035944708144
-9.857142857142858 0.7535772258014486
-9.852819564961827 0.7510808230452595
-9.850564403349502 0.7500000000000018
-9.84439717772602 0.7468135801457922
-9.818400852464213 0.7321428571428594
-9.808882306926678 0.7263508518397614
-9.785714285714286 0.7152693832002335
-9.783969592025082 0.7142857142857162
-9.763666139703673 0.7019406079312267
-9.720509567241118 0.6801273918102808
-9.717745570683041 0.6785714285714306
-9.716736610398108 0.6779587045433324
-9.714285714285715 0.6767889392657356
-9.685714567148699 0.6607142857142874
-9.671490908053412 0.6535558444152203
-9.658415946206748 0.6467468436945447
-9.651688104135696 0.6428571428571441
-9.642857142857144 0.6383113389366999
-9.626326705347116 0.6291326093775087
-9.619175925173183 0.6250000000000018
-9.603322082207514 0.617026622305267
-9.596257311000853 0.613350042035929
-9.585513041634636 0.6071428571428585
-9.5808357125068 0.6047910718733016
-9.571428571428573 0.5998967123232841
-9.552540607382577 0.5892857142857153
-9.53509043268063 0.5805131061155588
-9.533936035260918 0.5799125802438017
-9.519244700045828 0.571428571428573
-9.500000000000002 0.5615303681082899
-9.490705020429788 0.5558951734639841
-9.472420278087588 0.5466764980933272
-9.452898020341479 0.5357142857142874
-9.445794964679184 0.531408401687349
-9.42857142857143 0.5232039938484556
-9.419049028788363 0.5178571428571441
-9.409624445630316 0.513120397121865
-9.39920566378134 0.5073414411975241
-9.386489165863503 0.5000000000000018
-9.35714285714286 0.48490741596214004
-9.353707284212792 0.48300175037537496
-9.35221962020616 0.48214285714285854
-9.347347883371738 0.4796941137000781
-9.331243521177518 0.4707605482770507
-9.320029733241611 0.4642857142857153
-9.308632069156976 0.4585562684250437
-9.285714285714288 0.44663468045652355
-9.285347306498837 0.44642857142857295
-9.284984284591099 0.44624607114777604
-9.26325062081653 0.43418734479586973
-9.253527029962811 0.4285714285714297
-9.223103093106722 0.41291863041953825
-9.217750892079588 0.40984799126581883
-9.214285714285717 0.4081963791752381
-9.18698414410246 0.3928571428571441
-9.174105512398398 0.385045050471831
-9.153032735725388 0.3750000000000009
-9.142857142857146 0.36976329801450003
-9.127181266899836 0.3610618261321852
-9.120398883529365 0.35714285714285765
-9.099184464885294 0.34622468764989467
-9.086836909634552 0.3392857142857153
-9.082340260350147 0.33655779205532177
-9.071428571428575 0.3313557918711405
-9.053763842552636 0.32142857142857206
-9.036303664604263 0.3126473447224942
-9.03593762789717 0.3124441644542797
-9.020580997165261 0.3035714285714288
-9.000000000000004 0.29298140522065275
-8.990972510051268 0.28797115820147035
-8.987065518198618 0.2857142857142865
-8.974836826847733 0.27942349242621933
-8.946748721523013 0.263312819619248
-8.92857142857143 0.25465418298446707
-8.920282653960719 0.2500000000000009
-8.901840689298028 0.23882554196120864
-8.887804847700119 0.23214285714285765
-8.85714285714286 0.21639087031938775
-8.85452484234146 0.2149402179860651
-8.853389558570921 0.2142857142857153
-8.849663907525642 0.21241597688141134
-8.832097672446821 0.20268986760258212
-8.821227159370675 0.19642857142857206
-8.80941232937889 0.19050406051242064
-8.787042708412386 0.1789035342459533
-8.786465480865754 0.17857142857142883
-8.785714285714288 0.17818658306063195
-8.765252503138148 0.16582973135832102
-8.754469401017564 0.16071428571428648
-8.724612799640964 0.14543891419595578
-8.720457253309231 0.14285714285714324
-8.718315951011133 0.14184958367578826
-8.714285714285715 0.13983411760625053
-8.674369371075649 0.11712194294537426
-8.65823409537656 0.10714285714285765
-8.628048330436084 0.09298791739097911
-8.620185089069688 0.08928571428571441
-8.598170054936672 0.07811394230559543
-8.586091414805477 0.07142857142857117
-8.581760739606082 0.06884552938419386
-8.571428571428573 0.06400923033860018
-8.552510997769149 0.053571428571428825
-8.536965517146335 0.044330049284845074
-8.518493203487196 0.03571428571428559
-8.500000000000002 0.026422667166570157
-8.489830203386644 0.020399592010481804
-8.48435695160864 0.01785714285714235
-8.468732430803803 0.010040250558092545
-8.450311287983872 0.