-6.968236020445479 0.
-6.979912875842611 0.005021781039348028
-7.0000000000000036 0.016102752348694516
-7.0037487747109015 0.01785714285714235
-7.028413910633899 0.028610808055811177
-7.041129835690392 0.03571428571428559
-7.071428571428575 0.0514782564414098
-7.074282819571304 0.052857866535746645
-7.0757957830876625 0.053571428571428825
-7.079601440095259 0.05561464573809971
-7.098249047369148 0.06472345244342836
-7.112333984282654 0.07142857142857117
-7.1219596232298565 0.07665295133539374
-7.142857142857146 0.08764570213428158
-7.146213419987772 0.08928571428571441
-7.170360943610437 0.100266906954535
-7.182200815116466 0.10714285714285765
-7.214285714285717 0.12447975453602833
-7.2150200941918765 0.12481640502346014
-7.216224474633498 0.12548469008694507
-7.250996147506544 0.14285714285714324
-7.261696485159081 0.1488615929959458
-7.281742504837084 0.15972134049498532
-7.283758344862612 0.16071428571428648
-7.285714285714288 0.16179170208915838
-7.3077804193764875 0.1730548951558788
-7.318928401861248 0.17857142857142883
-7.3306089549727345 0.1852049041139603
-7.346047548113804 0.19365474417130812
-7.35162919384813 0.19642857142857206
-7.3533086937643075 0.19738711227321026
-7.357142857142859 0.19949473187655808
-7.386164823610288 0.2142857142857153
-7.399043653310726 0.22166765810089117
-7.409293745671521 0.22732343641788066
-7.418923214329688 0.23214285714285765
-7.4285714285714315 0.23754821023301265
-7.445739897325254 0.2457078828115451
-7.452835195266602 0.2500000000000009
-7.472279154742853 0.2609269315428566
-7.490639857220341 0.2701971785520598
-7.5000000000000036 0.27588995204608047
-7.519042994856657 0.2857142857142865
-7.533447051654206 0.29407604862783643
-7.534913962213291 0.2948429380181077
-7.552183329787302 0.3035714285714288
-7.571428571428575 0.3144636760004591
-7.580427915496011 0.3191787354117128
-7.584871106686646 0.32142857142857206
-7.594957775426102 0.32731087242795454
-7.602820691957347 0.3314376841535225
-7.618296448726144 0.3392857142857153
-7.62565702524952 0.34358574368762174
-7.642857142857146 0.3532354067308221
-7.650374758227254 0.35714285714285765
-7.655982769596529 0.3604242638277029
-7.670530708666817 0.3680816085475822
-7.684140021022745 0.3750000000000009
-7.714285714285717 0.3921655339577832
-7.715229129314455 0.3926212890999601
-7.715613177271044 0.3928571428571441
-7.716650265195393 0.39344828058456294
-7.762006609108201 0.41664120486580813
-7.78140030061137 0.4285714285714297
-7.785714285714288 0.43103422903901656
-7.80667897133329 0.4411874000238223
-7.838137025384477 0.45953425634612
-7.848043878005793 0.4642857142857153
-7.850602669983591 0.46592076107553293
-7.85714285714286 0.4697391583363073
-7.896825804643285 0.4900792631248958
-7.917494177680633 0.5000000000000018
-7.94067853624404 0.5148303659389919
-7.945586055883845 0.5178571428571441
-7.958783340305316 0.5254101207906148
-7.978469191648452 0.5357142857142874
-7.9857854945521005 0.5392679120762631
-8.000000000000004 0.5480417101722308
-8.010559985826127 0.5535714285714306
-8.03123743687676 0.5636192122093844
-8.043883718595758 0.571428571428573
-8.071428571428575 0.5872135786729098
-8.07424343336605 0.588581998801347
-8.075382582958643 0.5892857142857153
-8.078440002127047 0.5910385719603335
-8.109157236264238 0.6071428571428585
-8.120595037957559 0.6127083833677549
-8.142857142857146 0.6257529094468692
-8.165236705789203 0.6372622521241302
-8.176860599468126 0.6428571428571441
-8.198513263771863 0.6567711730858239
-8.208824413167664 0.6620796109938007
-8.214285714285717 0.6654616644116391
-8.239240860513284 0.6785714285714306
-8.25498868048417 0.6862528298789599
-8.285714285714288 0.7043034581567591
-8.29875472041811 0.7110256056097608
-8.304011900262857 0.7142857142857162
-8.318045301380652 0.7223684682023075
-8.343554291166198 0.7355399986370248
-8.37348381465017 0.7500000000000018
-8.388843001720373 0.7599321067127667
-8.42857142857143 0.7833722345601863
-8.431623105220943 0.7849513665519101
-8.433199079354386 0.7857142857142883
-8.436099720276705 0.7875963586406067
-8.477657051725696 0.8091571656400065
-8.49730837356934 0.8214285714285738
-8.500000000000002 0.8229918229510744
-8.52193782560756 0.8338012578838274
-8.553830589686324 0.8527433617072973
-8.562106467539232 0.8571428571428594
-8.564844978475938 0.8587887553810178
-8.571428571428573 0.8625794466775254
-8.594747985045059 0.8750000000000018
-8.610873206104552 0.8829959841881498
-8.62654547437228 0.892857142857145
-8.642857142857144 0.9024159824020952
-8.653964194916568 0.9079375226994317
-8.669851433109718 0.9174628582774318
-8.690559994602667 0.9285714285714306
-8.698468251952136 0.9325257941548255
-8.714285714285715 0.9425558239930227
-8.721485320070302 0.9464285714285738
-8.742847699679437 0.9571452179372866
-8.754074467101391 0.9642857142857171
-8.78303513806715 0.9814730702310754
-8.784272311309367 0.9821428571428594
-8.78474950205859 0.9823840530567844
-8.785714285714288 0.9830019904752678
-8.816996646141146 1.0000000000000027
-8.828566263228511 1.0071441484785897
-8.839043954353574 1.013332417159825
-8.847556157338667 1.017857142857146
-8.85714285714286 1.023619993074254
-8.87305650290253 1.0317358742743705
-8.879216350983075 1.0357142857142883
-8.894796772287213 1.0451277645003767
-8.916157782744632 1.0566748400281307
-8.92857142857143 1.0647706306759517
-8.940605140920987 1.0714285714285747
-8.948491724943834 1.076408645521675
-8.958203195895832 1.0818777724546171
-8.971883958780662 1.089285714285717
-9.000000000000004 1.1065767120379242
-9.000733570804908 1.1069594644416343
-9.001011544294807 1.1071428571428603
-9.001696281548677 1.107566927530029
-9.045085542167813 1.131585757315194
-9.061941791146143 1.142857142857146
-9.071428571428575 1.1488251209702938
-9.086600802782062 1.156921227875917
-9.092230997581538 1.1607142857142883
-9.105753086218739 1.1692954144118293
-9.121849633260481 1.1785714285714315
-9.128467663571463 1.1821687983928522
-9.142857142857146 1.1920318578544498
-9.150418737347966 1.1964285714285747
-9.17131649364134 1.207170876589669
-9.182251949377457 1.214285714285717
-9.210648347450297 1.2312335154340053
-9.212319216996628 1.2321428571428603
-9.212969277924653 1.2324719662331267
-9.248292212923404 1.2500000000000036
-9.258422824487454 1.2568228653067122
-9.285714285714288 1.2734527839603507
-9.301362220831813 1.281802301934908
-9.30924319990821 1.2857142857142891
-9.323123193370046 1.295066512628229
-9.338744347273773 1.3035714285714324
-9.34482205405894 1.3066516293424124
-9.35714285714286 1.3145624854348084
-9.369747001946488 1.3214285714285747
-9.389168906090186 1.3312792020488864
-9.42857142857143 1.3553459612328167
-9.430861551482494 1.3565703264150955
-9.431751782859426 1.3571428571428612
-9.434029367331949 1.3585073418329907
-9.476011791781973 1.3809970520545107
-9.494411443097103 1.3928571428571468
-9.500000000000002 1.3962148692854859
-9.519084614144834 1.4059431321780824
-9.545279080093502 1.4220340557376652
-9.557195778767197 1.4285714285714324
-9.561269835707012 1.4311111125018225
-9.571428571428573 1.4371571024105982
-9.58829745063909 1.4464285714285747
-9.599547515386659 1.4534583074180967
-9.604249365286904 1.4560805158211343
-9.61955517702321 1.464285714285718
-9.642857142857144 1.4784116730566224
-9.647739317995415 1.4809223133582936
-9.64961454469195 1.4821428571428612
-9.654333627459293 1.4850119782933984
-9.681403015005989 1.5000000000000036
-9.6907370302066 1.5058871710197828
-9.708028546769071 1.5162928509779858
-9.71092360274349 1.5178571428571468
-9.714285714285715 1.5199155507445559
-9.734820730168538 1.5305805317435839
-9.742635914230931 1.53571428571429
-9.762070286245333 1.5476604287041944
-9.776862191040786 1.5557844522398074
-9.785714285714286 1.5616458090367038
-9.803130059797713 1.5714285714285756
-9.814231470538285 1.5785578676345757
-9.818612077449696 1.5810612663518668
-9.83360446635806 1.5892857142857189
-9.857142857142858 1.6036361167850925
-9.861434978669024 1.6060698267613196
-9.863459971868275 1.6071428571428612
-9.867860011027306 1.6098221456139727
-9.883583395192092 1.6183898654876954
-9.896192908282428 1.6250000000000044
-9.90562903299819 1.630735598893315
-9.924925049853782 1.6419455481777359
-9.92666644383827 1.6428571428571477
-9.92857142857143 1.6439770286568942
-9.950925927425416 1.6551256610007936
-9.959760838789682 1.66071428571429
-9.982897209550638 1.6742957309590922
-9.990875628716523 1.6785714285714333
-9.993927990144918 1.6800894310352046
-10.000000000000002 1.6837206055670526
-10.039460484384772 1.7044205931895267
-10.055115275352088 1.7142857142857189
-10.071428571428573 1.7238259100618052
-10.082575244540914 1.7293561888647764
-10.09865044811281 1.7389483263139205
-10.121291291784242 1.7500000000000044
-10.127245736651064 1.7539028515515254
-10.142857142857146 1.7632021373812465
-10.171996761057041 1.7784293811643161
-10.18693977446076 1.78571428571429
-10.214192966381852 1.8035482415954665
-10.21423651739214 1.8035714285714333
-10.214253043172087 1.8035795963498407
-10.214285714285717 1.8036000908214325
-10.24778667665161 1.8214285714285765
-10.258935388812631 1.8281232956539908
-10.27268683727603 1.8360288521761543
-10.278965119135465 1.8392857142857189
-10.285714285714288 1.8432156836731703
-10.30443426882188 1.8524628613659635
-10.311898617848659 1.857142857142862
-10.331601024582646 1.8686145418599507
-10.34815538534087 1.8772468679505012
-10.35714285714286 1.8828819886247175
-10.375897021640478 1.892857142857146
-10.393594285500061 1.9016014286249883
-10.42857142857143 1.9224095878981498
-10.436556697840809 1.9265751112540865
-10.440655144221832 1.9285714285714306
-10.44812180614241 1.9334590229641755
-10.481712535852129 1.9510004374655407
-10.500000000000002 1.9624884496309072
-10.503372534698485 1.9642857142857153
-10.526195093352904 1.9755940838046326
-10.536610405769242 1.9821428571428577
-10.563950074110597 1.998130375670506
-10.567451234291552 2.