-10.732044880046178 2.
-10.714285714285715 1.991083128306256
-10.68218332208676 1.9723113123354539
-10.665654594939804 1.9642857142857153
-10.642857142857144 1.9523574857948898
-10.636016763369446 1.9481386663004976
-10.623003752832245 1.9414652239223482
-10.600456707503492 1.9285714285714306
-10.592081014399199 1.9234083178287742
-10.571428571428573 1.912820490997655
-10.547486249263638 1.8988427233983796
-10.53514443480332 1.892857142857146
-10.501909524350923 1.8754773810877339
-10.501074545675825 1.8750000000000036
-10.500764535973156 1.874808866006715
-10.473137651656753 1.857142857142862
-10.45787827433092 1.8498161457029898
-10.42857142857143 1.8347780660300232
-10.412569843998677 1.8254289675717645
-10.406320069870818 1.8214285714285765
-10.382194437663356 1.8098343237015575
-10.367192133970788 1.8010591093644512
-10.35714285714286 1.796173192239058
-10.338893737584293 1.78571428571429
-10.323582192537856 1.7762473090083981
-10.306340064746843 1.7678571428571477
-10.285714285714288 1.7570289184872108
-10.277624229966799 1.7520225139368764
-10.273471825741336 1.7500000000000044
-10.262362554217285 1.7441620671257532
-10.233645574528495 1.7273028920821671
-10.213438561673968 1.7142857142857189
-10.142857142857146 1.6786259013906761
-10.142792178615203 1.678587669631919
-10.142758994692693 1.6785714285714333
-10.142670749678398 1.6785248302767464
-10.10027476411347 1.6535027375430662
-10.078589334189791 1.6428571428571477
-10.071428571428573 1.6390645763162883
-10.055341549797022 1.6290217554078916
-10.025532634844321 1.6135260158539415
-10.01573118594529 1.6071428571428612
-10.010450689465568 1.6045301847764701
-10.000000000000002 1.5989272674298647
-9.967988489202034 1.5794314491280677
-9.952322848919232 1.5714285714285756
-9.92857142857143 1.5584260699640522
-9.923149192549385 1.5549269875769438
-9.91366837069597 1.549845664102567
-9.8927890608264 1.53571428571429
-9.880860503439639 1.5297848741400948
-9.857349238031155 1.5178571428571468
-9.857142857142858 1.5177448011393393
-9.83724153840447 1.5049753296846005
-9.827416337276834 1.5000000000000036
-9.802098678653484 1.4862389553776607
-9.79255423773488 1.4804328691377124
-9.785714285714286 1.4769789330222949
-9.764388791163778 1.464285714285718
-9.750303496564374 1.4552812687160532
-9.732752373946578 1.4464285714285747
-9.714285714285715 1.4364216934321874
-9.704898127393719 1.4309183252944315
-9.701072020950427 1.4285714285714324
-9.689743333845989 1.4224358334615008
-9.662360556575646 1.4058384322846642
-9.642857142857144 1.3960191429112276
-9.637529399421991 1.3928571428571468
-9.618920827598325 1.3809840788147083
-9.576281587704619 1.3583561112118732
-9.574467178737999 1.3571428571428612
-9.573446168717235 1.3566384578206954
-9.571428571428573 1.3555675036172952
-9.531544287191714 1.3313996424877894
-9.516637129998418 1.3214285714285747
-9.487060680161655 1.3068062585310187
-9.464055877253836 1.294585397884891
-9.449123123972411 1.2857142857142891
-9.443344712214428 1.2820209648035403
-9.42857142857143 1.274162837396644
-9.400378427381575 1.2570482502974674
-9.386413028396053 1.2500000000000036
-9.35714285714286 1.234104422820499
-9.354939108095605 1.2326937944046739
-9.351042700589039 1.2306178180044052
-9.326751400843444 1.214285714285717
-9.313101841292823 1.2074388253910833
-9.285714285714288 1.1921262687317213
-9.270246242515102 1.1824384393712286
-9.263098062993455 1.1785714285714315
-9.245679097942903 1.1685626316285846
-9.23327258830103 1.1607142857142883
-9.22812812894583 1.1572536820492605
-9.214285714285717 1.1498785937801408
-9.203105989099017 1.142857142857146
-9.186708243208907 1.1318943677692062
-9.17368189040628 1.1250000000000036
-9.142857142857146 1.107616662767791
-9.142339198030076 1.1072723433496279
-9.142093052020856 1.1071428571428603
-9.14147887653286 1.1067982905617884
-9.113078024657414 1.089285714285717
-9.101612612638517 1.0817397039832315
-9.08179990823618 1.0714285714285747
-9.071428571428575 1.0656630867803916
-9.058072446090517 1.0569104599059465
-9.035327314154825 1.0445461142529942
-9.022509204554058 1.0357142857142883
-9.015025677508135 1.0319578663372555
-9.000000000000004 1.0242377997837968
-8.989464273950931 1.017857142857146
-8.972515001348068 1.0068712496629866
-8.95909322571846 1.0000000000000027
-8.92857142857143 0.9832675990660427
-8.927316423585477 0.9824566083893478
-8.925126083125619 0.9812815207814065
-8.8967881531463 0.9642857142857171
-8.885687588862368 0.9571495313558396
-8.864560622600877 0.9464285714285738
-8.85714285714286 0.9423920764391127
-8.84066783746104 0.9326901834918848
-8.833981878153535 0.9285714285714306
-8.818492497801369 0.9203768755496604
-8.813593960096012 0.9176842043097198
-8.80225439778101 0.9107142857142883
-8.796940494770618 0.9079077334502061
-8.785714285714288 0.9017477513002179
-8.7707546087074 0.892857142857145
-8.757267265503128 0.885745387804354
-8.752918271163761 0.8831990036376327
-8.73953030409484 0.8750000000000018
-8.731403634630984 0.8707205199136849
-8.714285714285715 0.8613551339359207
-8.70923920057463 0.8584044855706301
-8.707175792832533 0.8571428571428594
-8.701043903293078 0.8538324043946997
-8.666974842860073 0.8332562892849849
-8.643385893099506 0.8214285714285738
-8.642857142857144 0.8211436528652261
-8.623005272330492 0.8085343962030942
-8.613097868819116 0.8035714285714306
-8.587305937872257 0.7896836273252088
-8.580578438859156 0.7857142857142883
-8.577991764232591 0.7840734875132842
-8.571428571428573 0.7807904270264547
-8.549494243066732 0.767857142857145
-8.535497358143605 0.7589828033212438
-8.517530761683076 0.7500000000000018
-8.500000000000002 0.740573946583206
-8.490460592993848 0.7345277088943982
-8.485688859544561 0.7321428571428594
-8.473246764238308 0.7254545482024355
-8.45639273583671 0.7142857142857162
-8.42857142857143 0.6999623634661409
-8.40344194936026 0.6848537983742231
-8.390864505314672 0.6785714285714306
-8.358062777907751 0.6609442659055107
-8.357522378767591 0.6606194053081049
-8.35714285714286 0.6604298436755309
-8.327296673076109 0.6428571428571441
-8.315530283809794 0.6354031433332681
-8.285714285714288 0.6196921459414391
-8.270971148274548 0.6108286415027937
-8.263592568409942 0.6071428571428585
-8.24435554793448 0.5968031726979062
-8.23159007442035 0.5892857142857153
-8.226694325041677 0.5861835615967248
-8.204427846107512 0.571428571428573
-8.183660921727922 0.5612276267108793
-8.142857142857146 0.5397205229782358
-8.138151615807764 0.5368906674766327
-8.136376749753442 0.5357142857142874
-8.129661126315952 0.5324152815789889
-8.095463879204814 0.5118483159130847
-8.071752309634624 0.5000000000000018
-8.071428571428575 0.4998259790315256
-8.051417188722365 0.4871457028194115
-8.015292352294708 0.46810880235939134
-8.008799739492236 0.4642857142857153
-8.006309226001736 0.4627084077852821
-8.000000000000004 0.4595577655696843
-7.9776950305716055 0.44642857142857295
-7.96181554884802 0.4381175413594267
-7.957607989974346 0.43583056892215843
-7.945648580824287 0.4285714285714297
-7.928571428571432 0.4194062205215827
-7.9187237702628375 0.413176200291435
-7.900877436217759 0.4037907876258684
-7.882265270477975 0.3928571428571441
-7.875140430802807 0.3883577494421573
-7.85714285714286 0.37939818897242716
-7.849647771479783 0.3750000000000009
-7.842751705146262 0.37140221200085133
-7.829883022346212 0.3639578158420198
-7.8186049181882 0.35714285714285765
-7.785714285714288 0.3395703050795227
-7.785390805544811 0.33936658432808464
-7.784798663370156 0.3390568086996826
-7.754611390476198 0.32142857142857206
-7.743120374555203 0.3142199063612008
-7.721576792919486 0.3035714285714288
-7.714285714285717 0.29970075518002126
-7.697307785373775 0.28995876794227193
-7.690216474343511 0.2857142857142865
-7.674774523477434 0.2777349405592151
-7.668124239313406 0.2741739169712094
-7.657534222765042 0.2678571428571441
-7.652739016107823 0.26538667454447484
-7.642857142857146 0.2601133519238017
-7.625336616630993 0.2500000000000009
-7.609838051724011 0.24039762992614122
-7.592911795015192 0.23214285714285765
-7.571428571428575 0.22089994833472293
-7.563798549952503 0.21619321965473315
-7.55986884044861 0.2142857142857153
-7.549195178477683 0.20872736604799247
-7.519571137574579 0.1915357870349279
-7.5000000000000036 0.18214254134010588
-7.493687738374349 0.17857142857142883
-7.474683899352892 0.16704331087606406
-7.4614076240214 0.16071428571428648
-7.4285714285714315 0.14393427635935918
-7.4272274868412 0.14319312828970165
-7.426639915962727 0.14285714285714324
-7.42476102408233 0.14190454173486788
-7.3831944197088974 0.11848710935849027
-7.358779808395647 0.10714285714285765
-7.357142857142859 0.10632823027866767
-7.336771279401372 0.09437860872108672
-7.293237128218227 0.07330928205455578
-7.290054317396134 0.07142857142857117
-7.288507177502962 0.07073034848140303
-7.285714285714288 0.0694120580793598
-7.2429494788442925 0.04640548743178474
-7.224251373413324 0.03571428571428559
-7.194781665589791 0.02273315503112361
-7.14783518953017 0.0012445116682560098
-7.145362693550752 0.