-8.85090797320452 0.
-8.852835149784504 0.001076926839589376
-8.85714285714286 0.0034002981686658273
-8.88602376932853 0.01785714285714235
-8.9009053226697 0.024773669332574855
-8.919368989699757 0.03571428571428559
-8.92857142857143 0.04077618117915627
-8.946425870766925 0.04910781802255482
-8.97492329227127 0.06515939449638797
-8.987308055820652 0.07142857142857117
-8.991716703874209 0.07349939546001938
-9.000000000000004 0.0784560155476175
-9.021332962658597 0.08928571428571441
-9.038703708732235 0.09746692995979966
-9.054833454681576 0.10714285714285765
-9.071428571428575 0.11637710880396313
-9.083370998102836 0.12201439333143504
-9.102084934446745 0.13266409075454266
-9.12203748962923 0.14285714285714324
-9.12835668813729 0.14648225653710778
-9.142857142857146 0.15448294876470037
-9.155036698500574 0.16071428571428648
-9.175485840465155 0.1704142541694269
-9.18899473483758 0.17857142857142883
-9.214285714285717 0.19272831070271312
-9.219390486683325 0.19515237832916998
-9.22731668888309 0.19968631507791557
-9.255764745715332 0.2142857142857153
-9.266083537230374 0.2191934014066934
-9.285714285714288 0.2310762963141686
-9.287791259591557 0.23214285714285765
-9.311677706289037 0.24350914485631314
-9.322395708295907 0.2500000000000009
-9.35187159576127 0.26653932751174736
-9.354435778690453 0.2678571428571441
-9.35536780610956 0.2683009056154688
-9.35714285714286 0.2693764670998
-9.38892603207155 0.2857142857142865
-9.400909631093567 0.2926297350837519
-9.414133281111747 0.29996189170650833
-9.421317228922806 0.3035714285714288
-9.42857142857143 0.3076433066810287
-9.447554483839651 0.31668280761151735
-9.455385662808876 0.32142857142857206
-9.476921289162807 0.33351603657641693
-9.492226685428598 0.3412290429285658
-9.500000000000002 0.3459388383588964
-9.521797366666044 0.35714285714285765
-9.538888004761475 0.3652779988096322
-9.554936386458595 0.3750000000000009
-9.571428571428573 0.3842515471130685
-9.583283820081036 0.38989333069402843
-9.58817736244503 0.3928571428571441
-9.601649180616004 0.4004122951540019
-9.628992422675699 0.41418046575964773
-9.642857142857144 0.42257332137631654
-9.654537255733151 0.4285714285714297
-9.663488548216888 0.4337292799113657
-9.673293080022807 0.4388195871371572
-9.688457873936247 0.44642857142857295
-9.714285714285715 0.46089971601319846
-9.718954013916667 0.4631186393779769
-9.720883136099612 0.4642857142857153
-9.726201708694875 0.46726471288800475
-9.765721267209432 0.4871411117690716
-9.785714285714286 0.4992296201263908
-9.78721617614722 0.5000000000000018
-9.811332306280944 0.5114526377154798
-9.851164611928617 0.5342197244107272
-9.854331075091041 0.5357142857142874
-9.855136467290876 0.5362158831772827
-9.857142857142858 0.537362215486719
-9.902414822870634 0.5601105799966293
-9.926400917961333 0.571428571428573
-9.947487760823774 0.5845566312226298
-9.955316658296828 0.5892857142857153
-9.976932649347887 0.6013760194798294
-9.988186940791978 0.6071428571428585
-9.992263268752485 0.6090770399547374
-10.000000000000002 0.6134963928253292
-10.039026393122104 0.6331005445766191
-10.055178824292554 0.6428571428571441
-10.071428571428573 0.6519473736860606
-10.083528003139968 0.6576894277864387
-10.102352420909087 0.6684452480844163
-10.12210784440529 0.6785714285714306
-10.129264819865783 0.6819695093192717
-10.142857142857146 0.6897403897857277
-10.192735976116325 0.7142857142857162
-10.21934402101377 0.7308782804608462
-10.227192544300733 0.7353695646466134
-10.255692770066307 0.7500000000000018
-10.266034500144963 0.7549199463923335
-10.285714285714288 0.7668355197680743
-10.287703223121522 0.767857142857145
-10.311611776721929 0.7792399129623782
-10.32229737276922 0.7857142857142883
-10.351639892908684 0.8021956875128868
-10.354314243075084 0.8035714285714306
-10.355286978330314 0.8040353982745669
-10.392003657814788 0.8214285714285738
-10.40242460623894 0.827965277011697
-10.42857142857143 0.8430087381288125
-10.447280897449641 0.8524654899233068
-10.457136561336053 0.8571428571428594
-10.475966083469286 0.8689915208673229
-10.487595303568135 0.8750000000000018
-10.491846499319967 0.8770383751700104
-10.500000000000002 0.8820111378980533
-10.520962404395705 0.892857142857145
-10.538238516467906 0.9011546565973116
-10.571428571428573 0.9203697399807051
-10.582245046915236 0.9258673096997647
-10.586664461807345 0.9285714285714306
-10.59863056833625 0.9353719277983501
-10.627722579290547 0.9502122123202232
-10.642857142857144 0.9595085139590687
-10.652024943613101 0.9642857142857171
-10.673221881232477 0.9745516725490262
-10.714285714285715 0.9985365691198611
-10.717204524195726 1.0000000000000027
-10.719064891999903 1.0011947944285495
-10.75081360394864 1.017857142857146
-10.76263045699409 1.023628100037195
-10.782112832753258 1.0357142857142883
-10.785714285714286 1.0377942619334632
-10.807036334783058 1.0482409163042385
-10.815603189310622 1.0535714285714315
-10.838277112100268 1.0667121351679274
-10.84718322811738 1.0714285714285747
-10.850115620699054 1.0731853805395257
-10.857142857142858 1.0772224312623635
-10.87984307770494 1.089285714285717
-10.896183786178458 1.0973826248839593
-10.911706416283746 1.1071428571428603
-10.928571428571429 1.1170364535413997
-10.939222654224405 1.122337193586759
-10.954393474208068 1.131455511409163
-10.975589369334644 1.142857142857146
-10.982679630170214 1.1471872353145924
-11. 1.1573171983547974
-11.00628568546954 1.1607142857142883
-11.010599867162632 1.1633642525049464
-11.02630373531375 1.171995494742994
-11.038721804713498 1.1785714285714315
-11.048141176204233 1.1843932773775165
-11.066340489179996 1.1951565508664306
-11.068730242447488 1.1964285714285747
-11.069514690169656 1.1969070417433043
-11.071428571428573 1.1980146586055689
-11.101752742946788 1.214285714285717
-11.113787192386377 1.2215532019034088
-11.123903242182466 1.2274043819741909
-11.132985614114029 1.2321428571428603
-11.142857142857144 1.23794244404327
-11.15896804207669 1.2459722751951166
-11.16533903645489 1.2500000000000036
-11.181903936009238 1.2597616982880266
-11.202720046736442 1.2707485597444643
-11.214285714285715 1.278103751772898
-11.22839268103815 1.2857142857142891
-11.247413901813422 1.2952893816895052
-11.260393910221959 1.3035714285714324
-11.285714285714288 1.3186549233047824
-11.289386126787099 1.3205106111603726
-11.291238225187085 1.3214285714285747
-11.294484220555203 1.323621055138803
-11.334368901961724 1.3449792030810022
-11.353205955289885 1.3571428571428612
-11.35714285714286 1.3595209797426975
-11.377443654551664 1.3699248006478024
-11.385266156379293 1.3750000000000036
-11.40493872973872 1.3869489681489693
-11.415618920225654 1.3928571428571468
-11.419833485396628 1.395041628650847
-11.42857142857143 1.4007708599605966
-11.446447249844624 1.41071428571429
-11.463797249559898 1.419764973324316
-11.477148287867692 1.4285714285714324
-11.500000000000002 1.4427208732857286
-11.504782229489356 1.4452330140562362
-11.506582974313485 1.4464285714285747
-11.510984598835472 1.4491747211374424
-11.53762665980807 1.464285714285718
-11.548410808890086 1.4700401549203397
-11.571428571428573 1.4849118251814968
-11.590012841994447 1.495353932358535
-11.598939433808408 1.5000000000000036
-11.613120958713141 1.510423096821146
-11.631208229508323 1.5207693711943522
-11.642857142857144 1.5288323394310037
-11.654577715724036 1.53571428571429
-11.661393885814975 1.5403484714537479
-11.671482997522665 1.5464149649050531
-11.683916831937355 1.5535714285714324
-11.692001763522748 1.5591424162621736
-11.708632930039988 1.5700153753671433
-11.71106129234213 1.5714285714285756
-11.711910480900631 1.5720223797748467
-11.714285714285715 1.5735964546295982
-11.740079172553694 1.5892857142857189
-11.754215966955064 1.5971602939755245
-11.768450544191234 1.6071428571428612
-11.785714285714286 1.6179291189786786
-11.794779097327796 1.6227337970966271
-11.806435131177192 1.6301802113657313
-11.828704791871637 1.6428571428571477
-11.836594621234296 1.6479942018342877
-11.857134501077189 1.6607121966978724
-11.857138271423326 1.66071428571429
-11.857142857142858 1.6607171746290188
-11.879903188139629 1.6728813458222405
-11.888337063757076 1.6785714285714333
-11.908743674481988 1.6914716329062163
-11.92092648885106 1.6983398063586685
-11.928571428571429 1.703532864578154
-11.947230775558673 1.7142857142857189
-11.958572762322062 1.721786047723377
-11.961988512834102 1.7237885860771929
-11.976872018114321 1.7321428571428612
-12. 1.7469525878703358
-12.003841710317133 1.7490395724207213
-12.005243696593805 1.7500000000000044
-12.008573261207754 1.752143315301943
-12.046724100365731 1.7740332606228577
-12.063600434777477 1.78571428571429
-12.071428571428571 1.7908152375139306
-12.087318372494487 1.799598978304954
-12.106313116240539 1.8122925647744257
-12.1234153156644 1.8214285714285765
-12.128205912491753 1.8250913790199235
-12.142857142857142 1.8350381604951291
-12.169201487295346 1.850556771033311
-12.181375559158802 1.857142857142862
-12.199472590338077 1.8712967190130945
-12.205551539514584 1.8750000000000036
-12.208190974856135 1.876523684857399
-12.214285714285715 1.8809435040318645
-12.233651076616516 1.892857142857146
-12.24925789445401 1.9019712406722151
-12.285714285714286 1.9277989175509553
-12.286609848240985 1.9283475379397563
-12.286911601629585 1.9285714285714306
-12.28756632118853 1.9290344374399915
-12.327143796280755 1.9539283366440987
-12.340717167525295 1.9642857142857153
-12.357142857142858 1.9762928777669346
-12.363865998980302 1.9804620716834966
-12.370519400007202 1.9854869928589434
-12.39217340719774 2.