-8.07378619663148 0.
-8.075718488200144 0.0010724791928922173
-8.096592320774203 0.011566205520735728
-8.109481430458121 0.01785714285714235
-8.11980319822506 0.023620629015163708
-8.141703621988006 0.03542590549700009
-8.142291754264074 0.03571428571428559
-8.142465960744264 0.03581208124250601
-8.142857142857146 0.03602393453313635
-8.177775192068259 0.053571428571428825
-8.190512258995271 0.05951479239404023
-8.210544609620849 0.07142857142857117
-8.214285714285717 0.07349412117763876
-8.236267491625314 0.08379026995081507
-8.245475300486024 0.08928571428571441
-8.271126926196603 0.10349601726343671
-8.278307547831268 0.10714285714285765
-8.280874590676916 0.10835278090220068
-8.285714285714288 0.11110406949542995
-8.328077103991802 0.13226643828776474
-8.345678526077403 0.14285714285714324
-8.35714285714286 0.14925688613051324
-8.372977432078361 0.1567556419804106
-8.397649648525915 0.1708409835600504
-8.414036182357204 0.17857142857142883
-8.418195283369174 0.18116546487199336
-8.42857142857143 0.18710775124098067
-8.464652797220106 0.205265372123546
-8.483729266483454 0.2142857142857153
-8.508768271833631 0.22995078918445078
-8.512383724998717 0.23214285714285765
-8.522301350396127 0.23771819474188938
-8.54615774539068 0.2500000000000009
-8.554844317766303 0.25414606341556834
-8.571428571428573 0.2642179342813433
-8.578491861538954 0.2678571428571441
-8.600606515868119 0.2784197996044
-8.612609734069215 0.2857142857142865
-8.642857142857144 0.30275330866548256
-8.643981094567105 0.30329044064393873
-8.64444322958079 0.3035714285714288
-8.645707766295944 0.30428408443112875
-8.678932518448299 0.32142857142857206
-8.691068652554254 0.32723283686143745
-8.714285714285715 0.34060207235322437
-8.736163094269724 0.3516735121468555
-8.74768237899085 0.35714285714285765
-8.769721479666075 0.37100179848794745
-8.780294960982813 0.3763548311828693
-8.785714285714288 0.3796541035613963
-8.811278388429905 0.3928571428571441
-8.827015282972638 0.4003890363996998
-8.85714285714286 0.41774802771448005
-8.871452283560021 0.4249940719671388
-8.877327190850329 0.4285714285714297
-8.893383034533807 0.4376314729191666
-8.916641119629098 0.4494111486641561
-8.947950035549631 0.4642857142857153
-8.96274808147371 0.4735986939172889
-9.000000000000004 0.49507217416980787
-9.006513106942133 0.4983717232644693
-9.009939798791022 0.5000000000000018
-9.01648531539824 0.5041213288495614
-9.052787185698953 0.522517489289549
-9.071428571428575 0.5338780163235226
-9.074980545097217 0.5357142857142874
-9.098252202092235 0.5468655209055155
-9.139272169920853 0.5705323281945001
-9.141004908351142 0.571428571428573
-9.141561888243666 0.5717523850819433
-9.142857142857146 0.5724755081604194
-9.175346530896297 0.5892857142857153
-9.18868726367201 0.595685326939142
-9.207465387272375 0.6071428571428585
-9.214285714285717 0.6110015069308004
-9.233463365760747 0.6202055871312444
-9.262698434244106 0.637103179989599
-9.27380338781059 0.6428571428571441
-9.277879278213856 0.6448158947322522
-9.285714285714288 0.6496043971732997
-9.307141852918676 0.6607142857142874
-9.324242949463626 0.6689392626340958
-9.339991322517479 0.6785714285714306
-9.35714285714286 0.6883042541367947
-9.367622566644222 0.6938086440532327
-9.372786687373827 0.696428571428573
-9.384482753507859 0.7032635455198228
-9.389880350261329 0.7061013410060983
-9.405997607621199 0.7142857142857162
-9.412755477048357 0.7182397021664846
-9.42857142857143 0.7271240536406784
-9.43821560686036 0.7321428571428594
-9.45928489019317 0.7423216345945676
-9.471787045119573 0.7500000000000018
-9.500000000000002 0.7660896362102942
-9.50240868762862 0.7672549709499901
-9.50602479967621 0.769363342776197
-9.537319330458917 0.7857142857142883
-9.547484968995981 0.7917001863224362
-9.566161101119 0.8022545609940375
-9.568737746055966 0.8035714285714306
-9.571428571428573 0.8051140560625365
-9.5935842306014 0.8158896566353668
-9.602546977162532 0.8214285714285738
-9.626520434211523 0.8352015371243118
-9.637193762235752 0.8407015594410652
-9.642857142857144 0.8442157984188698
-9.667413578838204 0.8571428571428594
-9.681291637748897 0.8653913762770635
-9.685540647058605 0.8678137331932243
-9.699492052506885 0.8750000000000018
-9.714285714285715 0.8835633717516238
-9.726826662618251 0.8897219057740111
-9.731854608987234 0.892857142857145
-9.745141015834877 0.9005709682444358
-9.771470305171087 0.914275280850088
-9.785714285714286 0.9232082048384456
-9.795795080563519 0.9285714285714306
-9.816358860705922 0.9387674276806646
-9.828535603988243 0.9464285714285738
-9.857142857142858 0.9632113601607548
-9.85857977145008 0.9639264857089112
-9.859313354112393 0.9642857142857171
-9.860627867860819 0.9651569669652078
-9.904308382661947 0.9882086186202308
-9.922839098689304 1.0000000000000027
-9.92857142857143 1.0034074243069702
-9.947728740894888 1.0130678147762815
-9.955222458709628 1.017857142857146
-9.974398223483165 1.029313841585079
-9.986147321565392 1.0357142857142883
-9.990706270226779 1.038037718157594
-10.000000000000002 1.0437625914785071
-10.035119180624507 1.0626487762724484
-10.048646588815885 1.0714285714285747
-10.071428571428573 1.0852853626791257
-10.076651113593334 1.0879800787445273
-10.083632277075258 1.092336640697389
-10.110191231266459 1.1071428571428603
-10.12074931416574 1.112669814315712
-10.142857142857146 1.1266771851499495
-10.17288043387095 1.142857142857146
-10.188974770324506 1.154386549723986
-10.200069824365015 1.1607142857142883
-10.204582750119496 1.163140026755844
-10.214285714285717 1.1697215072015625
-10.229665535773501 1.1785714285714315
-10.247332924052708 1.188166768986827
-10.259395681227216 1.1964285714285747
-10.285714285714288 1.2125856946844022
-10.287919823110736 1.2137343299366048
-10.288757039971612 1.214285714285717
-10.290880834177022 1.215577351401401
-10.320790349649487 1.2321428571428603
-10.332631906550244 1.2382705947910146
-10.350548137593458 1.2500000000000036
-10.35714285714286 1.2540359393690803
-10.375111772573437 1.263364913999502
-10.398982968203754 1.27831717062237
-10.412216471465493 1.2857142857142891
-10.416820574451728 1.2886519992442151
-10.42857142857143 1.2957995931588835
-10.438070624448166 1.3011966296022486
-10.442423948173326 1.3035714285714324
-10.45128066837441 1.3092487385221778
-10.459205701048726 1.3137700033092505
-10.473190716199142 1.3214285714285747
-10.500000000000002 1.3381126091954556
-10.501425295615899 1.338929390381744
-10.502073215728064 1.339285714285718
-10.50337601896786 1.3401297190276829
-10.522953385048481 1.3514045108807418
-10.533339336137841 1.3571428571428612
-10.54389840369219 1.364025399076957
-10.554943005956376 1.370878608631954
-10.562364566169427 1.3750000000000036
-10.571428571428573 1.3807389633512237
-10.586823222656413 1.3890084800501867
-10.592500700046413 1.3928571428571468
-10.606092975260701 1.4015232438151788
-10.628540105149215 1.4142935451412724
-10.642857142857144 1.4241307376903194
-10.650475218160658 1.4285714285714324
-10.670427883105795 1.4395358863664116
-10.703622636753014 1.4616199449025427
-10.708627911683969 1.464285714285718
-10.710024488346559 1.4653510207705072
-10.714285714285715 1.4682435041484094
-10.75215929509328 1.4905316047981128
-10.76965407280787 1.5000000000000036
-10.79078495611111 1.5165894752579403
-10.796476486251665 1.5205476929914914
-10.823963115953687 1.53571428571429
-10.857142857142858 1.5602326838842986
-10.870037340364403 1.5682049506231888
-10.875744175211555 1.5714285714285756
-10.883510653137135 1.5780205204271445
-10.909160775178698 1.594138377633901
-10.93248624334613 1.6071428571428612
-10.949487781172959 1.6197709118496215
-10.975003941118311 1.636608128136725
-10.985656736208417 1.6428571428571477
-10.99014268757537 1.6453214709633048
-11. 1.652145220481418
-11.014590837437966 1.66071428571429
-11.032348792913856 1.6704842303429688
-11.047627891953494 1.6785714285714333
-11.071486972371488 1.6964139711928476
-11.071557523292293 1.696460809394507
-11.101761077962031 1.7142857142857189
-11.114546386708748 1.721363403322818
-11.142857142857144 1.7402523199786382
-11.154592273209833 1.7470662174118319
-11.160096674437282 1.7500000000000044
-11.168588842610912 1.756432924938447
-11.19598232082897 1.7724329912213337
-11.214285714285715 1.785310191432404
-11.214962784796173 1.78571428571429
-11.236766403298484 1.7979512563182416
-11.263074743333314 1.8157686858333335
-11.272479927998265 1.8214285714285765
-11.276530400971172 1.8237245426143556
-11.285714285714288 1.8300113792229924
-11.332611315627402 1.857142857142862
-11.3544554613408 1.8743281510494887
-11.356033243019347 1.8752774035308812
-11.35714285714286 1.8760832790821977
-11.38436821319743 1.892857142857146
-11.39763531546815 1.900591171132966
-11.411467642593816 1.9107142857142883
-11.42857142857143 1.9225747232425707
-11.435725073573769 1.9267830173208464
-11.438148052170657 1.9285714285714306
-11.443462801701143 1.9322942718538583
-11.465821295373019 1.946428571428573
-11.475862154271066 1.9524630328608064
-11.491561033901613 1.9642857142857153
-11.500000000000002 1.9703393727405967
-11.513748992226448 1.978705609086246
-11.527825216443366 1.9890991612536988
-11.544469067997932 2.