-10.197850090491855 2.
-10.142857142857146 1.9708780424841148
-10.13528794593488 1.9661780135162816
-10.131608807143902 1.9642857142857153
-10.122240308952152 1.9591315058094674
-10.092897931976372 1.9410612312916236
-10.071428571428573 1.9301040742015498
-10.068880951111346 1.9285714285714306
-10.049624928454126 1.9161651964579
-10.01135138331482 1.8956949886858503
-10.007145806126768 1.892857142857146
-10.004750645422408 1.8916694815015438
-10.000000000000002 1.8891413422943062
-9.96271622028431 1.8664638020717836
-9.94423987988524 1.857142857142862
-9.92857142857143 1.8486616595452077
-9.91801342296374 1.841925215687641
-9.899161356032886 1.8319331961510832
-9.883414692859807 1.8214285714285765
-9.874570906576805 1.8170715590700892
-9.857142857142858 1.8083309670875591
-9.84909146234118 1.8035714285714333
-9.83118742108168 1.7922031447295845
-9.818229033693981 1.78571428571429
-9.785714285714286 1.768220706181447
-9.78530310030098 1.7679599392104741
-9.784561186694935 1.7675688681023098
-9.754725502309492 1.7500000000000044
-9.743276176323102 1.7427523844906574
-9.722019144572354 1.7321428571428612
-9.714285714285715 1.727992627656386
-9.697777012550624 1.7184128897194917
-9.69097286093902 1.7142857142857189
-9.67062497349713 1.7033705290885726
-9.654289783157509 1.6935704113534849
-9.642857142857144 1.6878733155064651
-9.627022793428925 1.6785714285714333
-9.611264786308066 1.66861237485156
-9.595412561145928 1.66071428571429
-9.571428571428573 1.6478566332002815
-9.565760417462887 1.6442741813485693
-9.56291634682434 1.6428571428571477
-9.555480048995387 1.6388700122488506
-9.522834299962033 1.6192914250094965
-9.504438904925044 1.6071428571428612
-9.47932919961733 1.5944534143813867
-9.445143923833983 1.5755716952442143
-9.438493751748402 1.5714285714285756
-9.43577600542841 1.5696274272143311
-9.42857142857143 1.5656746411877167
-9.394509828746553 1.5442296856705093
-9.378147331726257 1.53571428571429
-9.35714285714286 1.524061174280896
-9.350279636673976 1.5195729479743676
-9.33851730926961 1.5132007558888345
-9.319256530431655 1.5000000000000036
-9.308069683643282 1.494411150517755
-9.285714285714288 1.4824301465662302
-9.264704194199066 1.4695382371645236
-9.254361824657027 1.464285714285718
-9.22763236072729 1.4497652330389679
-9.222030711506598 1.4464285714285747
-9.219849247246518 1.445037688188374
-9.214285714285717 1.4422392938277717
-9.191232791043117 1.4285714285714324
-9.177567977758313 1.419893719846141
-9.159239195296111 1.41071428571429
-9.142857142857146 1.4019212581645322
-9.132588171651257 1.395424385658619
-9.127441473619527 1.3928571428571468
-9.113914007308793 1.3856213589700586
-9.095783346301374 1.3750000000000036
-9.088852763704043 1.3706439519311369
-9.06825817074261 1.3571428571428612
-9.045094489480281 1.3458692347727919
-9.000000000000004 1.3224105901463536
-8.99883626811671 1.3217195043993977
-8.998389357536983 1.3214285714285747
-8.996672692149886 1.3205967444660454
-8.95616735154534 1.2966724478279552
-8.933795501684887 1.2857142857142891
-8.92857142857143 1.2829631292819759
-8.91122435146079 1.2721939121348056
-8.878570206758564 1.2553568374039292
-8.869252768186286 1.2500000000000036
-8.865767032125637 1.247843956254309
-8.85714285714286 1.2436456191815433
-8.837099515515973 1.2321428571428603
-8.820231195442 1.223513629710931
-8.818092756741532 1.222380332042528
-8.804366032913142 1.214285714285717
-8.785714285714288 1.2044581072164933
-8.775888853610814 1.1988849294544428
-8.771784316558527 1.1964285714285747
-8.75921084243525 1.1898027106088156
-8.753693294699122 1.186576676325223
-8.740572006967005 1.1785714285714315
-8.732082935305481 1.17412212331649
-8.714285714285715 1.1644530011375487
-8.707931541098185 1.1607142857142883
-8.702078334484826 1.1576624407640654
-8.687879591027354 1.1494586736717363
-8.676922256730421 1.142857142857146
-8.643746140594535 1.1252222494343513
-8.643219104026421 1.1249095097076838
-8.642857142857144 1.124731728486564
-8.612476956721915 1.1071428571428603
-8.600694046904291 1.0998264882739308
-8.579131586028923 1.089285714285717
-8.571428571428573 1.0852446574729155
-8.554512323992139 1.0756576332876833
-8.547345804396333 1.0714285714285747
-8.525259264784289 1.0598862447675037
-8.51420626540224 1.0535714285714315
-8.510094666279171 1.0510477620016392
-8.500000000000002 1.0461740357183853
-8.48162049959252 1.0357142857142883
-8.464107013653951 1.0268303894436581
-8.463781747237597 1.0266597225236875
-8.448678834609819 1.017857142857146
-8.42857142857143 1.0074558102067535
-8.419347590650261 1.002305959480295
-8.415376553431566 1.0000000000000027
-8.402962562670282 0.9935977835247156
-8.375184240518047 0.9776325112990625
-8.35714285714286 0.969038311450821
-8.348678492738637 0.9642857142857171
-8.330258532718634 0.9531496525346306
-8.316108105508022 0.9464285714285738
-8.285714285714288 0.9308788815098188
-8.282836311877313 0.929290922030674
-8.28158173917386 0.9285714285714306
-8.277437270998291 0.9265021748924314
-8.260297209439154 0.9170685547830724
-8.249187629495092 0.9107142857142883
-8.237526204787333 0.9049041630888848
-8.214285714285717 0.8929395890178711
-8.214137339873362 0.892857142857145
-8.19315059284397 0.880283780360438
-8.181916626010103 0.8750000000000018
-8.150461355373816 0.8590439102720273
-8.147367326330425 0.8571428571428594
-8.145794746051177 0.8564084563443517
-8.142857142857146 0.8549521497476897
-8.101657280502819 0.8317285370171561
-8.084819713551779 0.8214285714285738
-8.055192307584177 0.8076304945325301
-8.04649664141466 0.8035714285714306
-8.0219519830252 0.7912022814705875
-8.01196196676517 0.7857142857142883
-8.008415370557344 0.7836104430749531
-8.000000000000004 0.7796947003850372
-7.978416684200013 0.767857142857145
-7.963623374925713 0.7590941562685751
-7.9440494634602645 0.7500000000000018
-7.928571428571432 0.7422316764737298
-7.91658394626795 0.7351397277187299
-7.910124787729581 0.7321428571428594
-7.891773571649102 0.7229433929122768
-7.877464495679699 0.7142857142857162
-7.85714285714286 0.704516017692451
-7.824995034463628 0.6866083842412385
-7.807610694984979 0.6785714285714306
-7.785714285714288 0.6676287935910361
-7.776941101951898 0.6629075816548848
-7.773012779198337 0.6607142857142874
-7.759724141361471 0.6542167496260829
-7.753551080358831 0.6508979441960081
-7.7391348536680304 0.6428571428571441
-7.7317221498894035 0.638498033956223
-7.714285714285717 0.6299756289223186
-7.685916880465555 0.6142350655978994
-7.670518562154615 0.6071428571428585
-7.642857142857146 0.5933636940159728
-7.637986099677892 0.5905034750805287
-7.635340070794386 0.5892857142857153
-7.627756262821807 0.585510494276881
-7.604269943845188 0.571428571428573
-7.592707921927821 0.5661087338037616
-7.571428571428575 0.5557355981196137
-7.546501730606911 0.5419459959197033
-7.536091591229226 0.5357142857142874
-7.498215076123751 0.5183033738262068
-7.4972429028263345 0.5178571428571441
-7.494448503097341 0.5164692686314787
-7.4639925870838155 0.5000000000000018
-7.453389581400133 0.49379546179282663
-7.4285714285714315 0.4824160819294141
-7.428065895294409 0.48214285714285854
-7.406828773597533 0.46972137802919
-7.394967774721696 0.4642857142857153
-7.3608151484949325 0.44734664426659076
-7.358524025963163 0.44608327922349655
-7.329161392275009 0.4285714285714297
-7.285714285714288 0.4078848562811457
-7.266951497550958 0.3975478398979764
-7.256698070559425 0.3928571428571441
-7.227114410842104 0.37820717413909755
-7.219101366618069 0.37379608691691324
-7.214285714285717 0.3715948006876433
-7.187465686580484 0.35714285714285765
-7.1740829889916435 0.34933639560923346
-7.142857142857146 0.3341925814093871
-7.1269042568536705 0.3254167929294409
-7.11817323449697 0.32142857142857206
-7.092935069973609 0.30894805320768715
-7.08294542803046 0.3035714285714288
-7.079487641967935 0.3015566609365887
-7.052827792747317 0.2857142857142865
-7.034158844445619 0.2771745746028831
-7.0000000000000036 0.26063375908212816
-6.986693773229672 0.25332655669258397
-6.981088088388357 0.2500000000000009
-6.958256527059611 0.23956413176490265
-6.939669963039166 0.229368223525924
-6.928571428571432 0.22431363731336784
-6.909891403499627 0.2142857142857153
-6.894025440106033 0.205065068544922
-6.8750484895929205 0.19642857142857206
-6.85714285714286 0.18760681473437657
-6.846266097342355 0.18129061852155548
-6.840286275610148 0.17857142857142883
-6.822891359700852 0.1700085542109271
-6.799564861395853 0.15725164179389584
-6.775178008922737 0.14285714285714324
-6.714285714285717 0.11411059118756217
-6.705530142837272 0.10933175000496842
-6.700697641665462 0.10714285714285765
-6.686559879894504 0.10021139854505368
-6.659054315389453 0.0852364211526373
-6.642857142857146 0.07791996260645195
-6.6306660897388 0.07142857142857117
-6.612743541294261 0.06109982896215005
-6.596050350887598 0.053571428571428825
-6.571428571428575 0.04155402215635284
-6.564353125896708 0.037483147097252534
-6.560423823942197 0.03571428571428559
-6.54882374409333 0.03006307888047388
-6.5257750902684855 0.01785714285714235
-6.517946053454311 0.013370629493564934
-6.500000000000003 0.005326755230520952
-6.489918153866319 0.