-2.9999999999999996 -10.486297367925527
-2.8999999999999995 -10.18905249568442
-2.8 -9.89332840512063
-2.6999999999999997 -9.599931266309538
-2.5999999999999996 -9.310032497119037
-2.5 -9.025252928416384
-2.4 -8.74766716853384
-2.2999999999999994 -8.4796439547922
-2.1999999999999997 -8.223376891535095
-2.1 -7.980268912527384
-1.9999999999999996 -7.750308497776317
-1.8999999999999997 -7.531999450474045
-1.7999999999999996 -7.322919743592215
-1.6999999999999997 -7.1204474054546205
-1.5999999999999999 -6.92241625307557
-1.4999999999999998 -6.727289909167033
-1.4 -6.534080667778958
-1.2999999999999996 -6.342367414767183
-1.2 -6.151887115360381
-1.0999999999999999 -5.962717184723496
-0.9999999999999998 -5.774959991904319
-0.8999999999999998 -5.588970394018199
-0.7999999999999997 -5.405317861837953
-0.6999999999999996 -5.224661549748644
-0.5999999999999995 -5.048087463041209
-0.4999999999999999 -4.876888170984894
-0.3999999999999999 -4.712902835679035
-0.2999999999999998 -4.558455907347571
-0.19999999999999976 -4.41630239986336
-0.09999999999999963 -4.290301235312989
0. -4.185024185704196
0.10000000000000009 -4.1063376959814235
0.20000000000000015 -4.06154870367542
0.3000000000000002 -4.059546557469594
0.40000000000000036 -4.1114561189860295
0.5 -4.2305631273002104
0.6000000000000001 -4.432854251006742
0.7000000000000001 -4.737853443679159
0.8000000000000002 -5.17021606341292
0.9000000000000002 -5.760775803659079
1. -6.548374127783447