-2.9999999999999996 -10.231306646727871
-2.8999999999999995 -9.932053276842645
-2.8 -9.633201481847442
-2.6999999999999997 -9.334966033898533
-2.5999999999999996 -9.03769364586246
-2.5 -8.741896449407431
-2.4 -8.448356643816513
-2.2999999999999994 -8.158187247510812
-2.1999999999999997 -7.8729549484505466
-2.1 -7.594655768668804
-1.9999999999999996 -7.325572001939153
-1.8999999999999997 -7.067840663581165
-1.7999999999999996 -6.822823440129978
-1.6999999999999997 -6.590507091284635
-1.5999999999999999 -6.369449100442744
-1.4999999999999998 -6.1573097835181425
-1.4 -5.951579664734687
-1.2999999999999996 -5.750163684204415
-1.2 -5.551707518989669
-1.0999999999999999 -5.355393419643802
-0.9999999999999998 -5.160931282246411
-0.8999999999999998 -4.968389118598711
-0.7999999999999997 -4.778108464859532
-0.6999999999999996 -4.590716013435101
-0.5999999999999995 -4.407083362533303
-0.4999999999999999 -4.228452623340782
-0.3999999999999999 -4.056670146986955
-0.2999999999999998 -3.893993506141704
-0.19999999999999976 -3.743729044890663
-0.09999999999999963 -3.609802099266461
0. -3.4973881244999356
0.10000000000000009 -3.412768225517957
0.20000000000000015 -3.3635115904619703
0.3000000000000002 -3.3583961310054584
0.40000000000000036 -3.4079721984893667
0.5 -3.5250260307317083
0.6000000000000001 -3.72498151317251
0.7000000000000001 -4.027552105879731
0.8000000000000002 -4.457821339121334
0.9000000000000002 -5.047217538649748
1. -5.8355829555276575