-8.212400634429489 0.
-8.235071556727656 0.01012854579732636
-8.2480744494746 0.01785714285714235
-8.277362571426577 0.034043942856742504
-8.28079144781075 0.03571428571428559
-8.282040121779632 0.036449118501217015
-8.285714285714292 0.03845247936621998
-8.316567426819383 0.053571428571428825
-8.33439703030521 0.06169202251038808
-8.350488975106186 0.07142857142857117
-8.375000000000007 0.0852100363540238
-8.381196084224921 0.08804649744073156
-8.387748908723509 0.09183549603041463
-8.418547361576572 0.10714285714285765
-8.432372133523916 0.11352557329521851
-8.46428571428572 0.13212155397024716
-8.48709071033527 0.14285714285714324
-8.496127073747603 0.14922541474951956
-8.519016283939365 0.16071428571428648
-8.527564808312261 0.16591560976612119
-8.548239991848824 0.17750514122690664
-8.550461235297153 0.17857142857142883
-8.553571428571434 0.1803559178290035
-8.577664240756619 0.19161000899153535
-8.585443850429334 0.19642857142857206
-8.602446431371602 0.20620357198860617
-8.61844302691214 0.2142857142857153
-8.624449537666619 0.21796723532382156
-8.64285714285715 0.2283466738338893
-8.650358630680353 0.23214285714285765
-8.674786016582736 0.2436142252548832
-8.685045163408452 0.2500000000000009
-8.707393016977864 0.26290717482414383
-8.717148652532055 0.2678571428571441
-8.721619470990255 0.26996182008766567
-8.732142857142863 0.2765269109339643
-8.75023152584916 0.2857142857142865
-8.77144657202973 0.2957106855940559
-8.784036040370701 0.3035714285714288
-8.811404862102444 0.3194238295633456
-8.815345431739797 0.32142857142857206
-8.817156148941441 0.3222830559259995
-8.821428571428577 0.324821897332086
-8.867768926372737 0.34787478615402634
-8.888846630736023 0.35714285714285765
-8.912994659462223 0.374543925250415
-8.9137232926725 0.3750000000000009
-8.915304775439436 0.3759180979450303
-8.948530710102672 0.3928571428571441
-8.963830196405578 0.4000911035760293
-9.000000000000005 0.42162242026719277
-9.009950861805688 0.42658125621029264
-9.013126958974548 0.4285714285714297
-9.0193860101612 0.4324486306036688
-9.033410179986035 0.4397465354313672
-9.047163730029986 0.44642857142857295
-9.057441574690818 0.4527973993475527
-9.071318078113022 0.4606921870511762
-9.078712771458507 0.4642857142857153
-9.089285714285719 0.4704337218871206
-9.106673590111152 0.47866528197777214
-9.124237072874843 0.4891331288606837
-9.145514514340206 0.5000000000000018
-9.15357437437646 0.5049994108389964
-9.174844967010436 0.5171118505449446
-9.176377414427378 0.5178571428571441
-9.178571428571434 0.5191341854734741
-9.203175202317947 0.5307935309649849
-9.21101460430364 0.5357142857142874
-9.227987696503012 0.5455975393006032
-9.25078384746206 0.556986087650448
-9.267857142857148 0.5677117792266717
-9.275124024494094 0.571428571428573
-9.299441748895124 0.5829687930781207
-9.309492157987417 0.5892857142857153
-9.331220435637759 0.6019583728418381
-9.341346033796029 0.6071428571428585
-9.346025299213208 0.6093663687287894
-9.357142857142861 0.6163625370043775
-9.374001204425788 0.6250000000000018
-9.395443181021239 0.6351970780814691
-9.4076065835434 0.6428571428571441
-9.43384618448236 0.6581978083250437
-9.438750072896148 0.6607142857142874
-9.441020226058793 0.6617959547882437
-9.446428571428577 0.6652079633905963
-9.464890853054875 0.6748789722461712
-9.47244549498475 0.6785714285714306
-9.49113592561848 0.6874871005905927
-9.53571428571429 0.71427390958441
-9.535731087051449 0.7142823540182839
-9.535738666879922 0.7142857142857162
-9.535747817016508 0.71429242054616
-9.570377754207648 0.7321428571428594
-9.586465801628936 0.7398496968170729
-9.602474901472254 0.7500000000000018
-9.625000000000004 0.7632762086085094
-9.631298256698573 0.7665974915174312
-9.633860031909354 0.767857142857145
-9.637975949183458 0.7704523326938366
-9.655368747757533 0.7796405361627823
-9.66770126411498 0.7857142857142883
-9.678899599888117 0.7927915085938082
-9.68866904978391 0.7984480956710689
-9.699053507888388 0.8035714285714306
-9.714285714285719 0.8126055516956052
-9.727206097952724 0.8188444946951723
-9.73125166890741 0.8214285714285738
-9.739851365090969 0.8265417015896244
-9.77575980911576 0.8448480381768517
-9.7949154435642 0.8571428571428594
-9.803571428571434 0.8623187409558302
-9.822034802921698 0.8713073251299495
-9.839876393012036 0.8822609928881224
-9.860037711534972 0.892857142857145
-9.869549070510281 0.8975187573265186
-9.892857142857148 0.9119293773176071
-9.91610217551061 0.9239224220407385
-9.926369276110762 0.9285714285714306
-9.938202247887535 0.9376404495775086
-9.95474731297601 0.9464285714285738
-9.962617359034649 0.9503336710502159
-9.982142857142861 0.9631250145550263
-9.984319026095626 0.9642857142857171
-10.009257457293442 0.976719937112744
-10.034511869193643 0.9926166595530157
-10.048226052324353 1.0000000000000027
-10.053591679071737 1.003567378471371
-10.071428571428577 1.0143646202308974
-10.077881633735025 1.017857142857146
-10.10130916472552 1.0297381670548997
-10.11024786720542 1.0357142857142883
-10.128428129777543 1.047114197384082
-10.145958049145 1.0565226758852893
-10.16071428571429 1.0665159132485726
-10.169624142659343 1.0714285714285747
-10.192006329834163 1.0830273054617425
-10.201180291292422 1.089285714285717
-10.219493764837686 1.1010416101103964
-10.23039314785519 1.1071428571428603
-10.235784003545758 1.1099860564337094
-10.250000000000004 1.1194757361431353
-10.281008388368498 1.1366554651834475
-10.293950561416931 1.142857142857146
-10.307142004784712 1.1542855438140869
-10.31830807712204 1.1607142857142883
-10.323939881830173 1.1637834522053971
-10.339285714285719 1.174757714036196
-10.345835784414836 1.1785714285714315
-10.34827317237815 1.1803689201899177
-10.366047238633728 1.191076266558973
-10.375721788199892 1.1964285714285747
-10.387387804675996 1.2046652962076623
-10.390659734984562 1.2067033755683427
-10.405231290538795 1.214285714285717
-10.410521367729796 1.2178957264540449
-10.428571428571432 1.229053794946136
-10.4341642348367 1.2321428571428603
-10.457524812455068 1.2442093232232763
-10.466039301542924 1.2500000000000036
-10.483213760117707 1.2609284663092586
-10.50185116141511 1.2710583391455534
-10.517857142857146 1.2820074351645285
-10.524512834894356 1.2857142857142891
-10.547412091349198 1.297660438873022
-10.573243875836665 1.3146487751673357
-10.585330182887978 1.3214285714285747
-10.591338011526167 1.324589540551914
-10.607142857142861 1.335076760872993
-10.636496889093419 1.3512720507527494
-10.648818989151694 1.3571428571428612
-10.661649357815904 1.3680441572774695
-10.673881788545469 1.3750000000000036
-10.680019658909295 1.3782817825038594
-10.696428571428575 1.3898022109921833
-10.701772975486351 1.3928571428571468
-10.724522049051682 1.405095590189668
-10.747983194082861 1.4210252102451468
-10.761018889378782 1.4285714285714324
-10.766337013452933 1.4324468830237027
-10.785714285714288 1.4451238789897092
-10.787953172844993 1.4464285714285747
-10.811154578134671 1.459197655801641
-10.818213849221108 1.464285714285718
-10.831710866090754 1.4734850303610116
-10.853856979755975 1.4863714611916672
-10.872427976130236 1.5000000000000036
-10.875000000000004 1.501790753590348
-10.895951014425565 1.5136669399720342
-10.901611588124373 1.5178571428571468
-10.91218297009957 1.5252937368770603
-10.929245662573782 1.53571428571429
-10.938210211327691 1.540929386305895
-10.964285714285717 1.5601136255318826
-10.978299135785585 1.5686258871286016
-10.98376759456792 1.5714285714285756
-10.988589684551053 1.5762893654816432
-11.00904308213768 1.5892857142857189
-11.020487307205954 1.5959025385588141
-11.035415794927157 1.6071428571428612
-11.05357142857143 1.6191400124577298
-11.061008424718128 1.623512600770665
-11.063766083706613 1.6250000000000044
-11.067706625409475 1.627827039367613
-11.0831895005817 1.6369335284550939
-11.094167476354606 1.6428571428571477
-11.104775863824901 1.6504733986635962
-11.110686505601006 1.6542801582630622
-11.122602969652272 1.66071428571429
-11.142857142857146 1.6740989398910955
-11.14891721935988 1.677359413270887
-11.15063800044915 1.6785714285714333
-11.154019122443342 1.680803824488672
-11.194949322203241 1.7038672784165003
-11.209693242796705 1.7142857142857189
-11.232142857142861 1.7291698585710158
-11.236161557858928 1.7313391169996484
-11.239524640417192 1.733619213797728
-11.267860847534138 1.7500000000000044
-11.282279939037757 1.7578297264781684
-11.321428571428575 1.7845616912249547
-11.322931073595692 1.7854137852808663
-11.323550082192769 1.78571428571429
-11.3241709998044 1.7862627713894552
-11.353827552076217 1.8035714285714333
-11.369004981027365 1.8119132895088184
-11.382225430582588 1.8214285714285765
-11.40762289221403 1.8386674355856671
-11.409210901489574 1.8395863911306618
-11.410714285714288 1.840682998553877
-11.438430411773046 1.857142857142862
-11.45460463879362 1.866221929384138
-11.46653406267304 1.8750000000000036
-11.488995619822122 1.89065626682157
-11.49263948348453 1.892857142857146
-11.494545187596179 1.8939481053379108
-11.500000000000004 1.8980461573101026
-11.520711027993473 1.9107142857142883
-11.538265105362706 1.92091840749889
-11.548281966783042 1.9285714285714306
-11.566550907043878 1.9418816099802054
-11.573794277343547 1.946428571428573
-11.577672014441664 1.948751311397384
-11.589285714285717 1.9579146073958098
-11.599203618131146 1.9642857142857153
-11.618665860649749 1.9762668278700515
-11.638411486091584 1.9919680115040315
-11.650420550093644 2.