-8.256744523408267 0.
-8.26425269819696 0.004292317503466592
-8.285714285714292 0.015712818230245063
-8.290193214063523 0.01785714285714235
-8.3164908443325 0.029558973990643445
-8.326885139182945 0.03571428571428559
-8.350394155523588 0.04865025967614489
-8.364982545180217 0.05557491953538651
-8.375000000000007 0.06157760331670481
-8.395191487996 0.07142857142857117
-8.41634990219841 0.08101573384603356
-8.460757643599056 0.1064372430055247
-8.462190638781697 0.10714285714285765
-8.46282830435065 0.10743433912987221
-8.46428571428572 0.10827526623770645
-8.538398650624261 0.14285714285714324
-8.56173397436003 0.15908177655656708
-8.570315890934724 0.16406317818694394
-8.599416296333331 0.17857142857142883
-8.61253180366032 0.1846364964107945
-8.631748521740601 0.19642857142857206
-8.64285714285715 0.20275011817145572
-8.660248240291786 0.2108074947987877
-8.66590663826635 0.2142857142857153
-8.678367507602195 0.22138778723472452
-8.699826050677219 0.23214285714285765
-8.709550748986537 0.23666127877412269
-8.731192829781522 0.2500000000000009
-8.732142857142863 0.2505427207486193
-8.758175713395786 0.26265057160655925
-8.78516406910578 0.2784613852497273
-8.79959392474553 0.2857142857142865
-8.804995960861277 0.2890008078277466
-8.821428571428577 0.29820448062915883
-8.828959666821248 0.30206520949289395
-8.832100344335855 0.3035714285714288
-8.837322707400933 0.3067502557659001
-8.853454722614378 0.3150233411914112
-8.866806690026628 0.32142857142857206
-8.87766311519424 0.32803880553258313
-8.890527781960744 0.33524841353500623
-8.898942412947852 0.3392857142857153
-8.901852802345834 0.341058010959407
-8.910714285714292 0.34602446726791847
-8.932807892388434 0.35714285714285765
-8.952984205350836 0.3665460160726921
-8.966662160065242 0.3750000000000009
-8.996715017166071 0.3922001462903575
-8.998020812456426 0.3928571428571441
-8.998615296469765 0.3931340835631918
-9.000000000000005 0.3939459575380866
-9.050084101567071 0.4185546082580158
-9.066302003091783 0.4285714285714297
-9.089285714285719 0.4417124184804333
-9.096372374611299 0.4450112393634571
-9.103719413906099 0.4493153113526489
-9.133514597745759 0.4642857142857153
-9.14706479346148 0.4705870413077067
-9.178571428571434 0.4890252182854651
-9.194465306012269 0.49682122451183464
-9.201777638780916 0.5000000000000018
-9.210983551671964 0.5064824246201072
-9.233657175440014 0.5178571428571441
-9.243954840776818 0.5226376032732105
-9.2651888699696 0.5357142857142874
-9.267857142857148 0.5372347754043156
-9.29246256593115 0.5486503439566306
-9.3181042098056 0.5636208419611206
-9.333693808487933 0.571428571428573
-9.33951898166312 0.5749533465245209
-9.357142857142861 0.5847745972613092
-9.366155155052073 0.5892857142857153
-9.390366299582736 0.6004981686548838
-9.401180091943726 0.6071428571428585
-9.425081577640926 0.6207306012424718
-9.433620159176852 0.6250000000000018
-9.437486307046724 0.6267884528763723
-9.446428571428577 0.6322774612746969
-9.46759813535472 0.6428571428571441
-9.48816605308797 0.652366789382409
-9.501771677453377 0.6607142857142874
-9.531881408548765 0.6778048531383254
-9.53341672013269 0.6785714285714306
-9.534110926806392 0.6788921003530106
-9.53571428571429 0.679824298613287
-9.585842553691561 0.7042600606902614
-9.609014170999028 0.7142857142857162
-9.632456462374972 0.7306515646678662
-9.63489089998169 0.7321428571428594
-9.640284495892963 0.7351997563214514
-9.66996759112325 0.7500000000000018
-9.68337028104065 0.756183086649016
-9.714285714285719 0.7741373043329443
-9.731139349957779 0.7823435585798766
-9.736645482702217 0.7857142857142883
-9.747776095301463 0.792412361917437
-9.754077670243499 0.7956130373798755
-9.770809582287576 0.8035714285714306
-9.778982397709349 0.8084892347438473
-9.801596916569485 0.8210336690281839
-9.802427188385517 0.8214285714285738
-9.803571428571434 0.8220767279508392
-9.829598810428669 0.8340802379142698
-9.856946587042847 0.8499607459799998
-9.87135689962793 0.8571428571428594
-9.87671923653037 0.8603704384082151
-9.892857142857148 0.8693251530327295
-9.904241333573614 0.8750000000000018
-9.909904199022074 0.8784094112329877
-9.925491653206318 0.8863302407873102
-9.939206861995277 0.892857142857145
-9.949910247893508 0.8993036647070163
-9.963884591502627 0.9070626325862419
-9.97155557571303 0.9107142857142883
-9.974193912051218 0.9123040747326172
-9.982142857142861 0.9167194979754791
-10.005895561309144 0.9285714285714306
-10.025692494793006 0.9377186438985445
-10.03989738865569 0.9464285714285738
-10.07129654384739 0.9642593087694795
-10.07134940661506 0.9642857142857171
-10.071373298788236 0.9642967688137851
-10.071428571428577 0.9643307028851211
-10.107063476606099 0.9821428571428594
-10.123245919154408 0.9896365304548356
-10.14011301941215 1.0000000000000027
-10.16071428571429 1.0117285402511351
-10.169950837264853 1.0160098325470335
-10.17295477945295 1.017857142857146
-10.179572675160859 1.0216288207464599
-10.207677382481252 1.0357142857142883
-10.220414331133375 1.0416314194876142
-10.250000000000004 1.0589505818645222
-10.268075558285114 1.0678134597715525
-10.27638643790601 1.0714285714285747
-10.286796659222462 1.0787879032730663
-10.307666329190226 1.089285714285717
-10.315478821099902 1.0940470929228798
-10.338555880038893 1.1069968902934946
-10.338859713174974 1.1071428571428603
-10.339285714285719 1.1073874175712364
-10.363942378188439 1.12006866721946
-10.374192040931517 1.1250000000000036
-10.38758742022157 1.1331968016699765
-10.391617482177672 1.1354663535783933
-10.406954594251012 1.142857142857146
-10.41227036683965 1.1461173552035024
-10.428571428571432 1.1553159040528849
-10.439231585640972 1.1607142857142883
-10.462691937648206 1.1717473267560772
-10.473640872897723 1.1785714285714315
-10.497423904432592 1.1923419237436637
-10.509183626373769 1.1981632747252497
-10.517857142857146 1.2035212097291854
-10.539260280323395 1.214285714285717
-10.559693072870301 1.2237756711402294
-10.6031632832027 1.2492040852119715
-10.604749045316316 1.2500000000000036
-10.605468878065231 1.2503347958155295
-10.607142857142861 1.2513155206429314
-10.679825786240105 1.2857142857142891
-10.70317189573866 1.3022227637094153
-10.710141892317917 1.306314092749301
-10.74015392615773 1.3214285714285747
-10.753814590704378 1.3278085104305566
-10.772348965603443 1.339285714285718
-10.785714285714288 1.346962529680546
-10.800962410822779 1.354093232121163
-10.805881318500305 1.3571428571428612
-10.81663112413585 1.3633262248271736
-10.83972449684504 1.3750000000000036
-10.850268306308353 1.3799463387383337
-10.871032380632842 1.3928571428571468
-10.875000000000004 1.3951472270644727
-10.898236755743167 1.406066934565657
-10.921930888352879 1.4201004633848653
-10.938605846824313 1.4285714285714324
-10.944891145261533 1.432450342376269
-10.964285714285717 1.4434528338404853
-10.968425100663868 1.4456006941529447
-10.970132526034153 1.4464285714285747
-10.972925810092518 1.4481565905899352
-10.992926960343794 1.4585574650741018
-11.004718063453934 1.464285714285718
-11.016628338656933 1.471674332268618
-11.024954926047343 1.476419556638044
-11.03671110929387 1.4821428571428612
-11.04081224633586 1.4846946935899759
-11.05357142857143 1.4919852540638763
-11.069212729130069 1.5000000000000036
-11.090979693116488 1.5103754899481352
-11.102838254172369 1.5178571428571468
-11.128289731363555 1.5328008034155722
-11.1339438850837 1.53571428571429
-11.136566302149282 1.5369724538558627
-11.142857142857146 1.5407791340798775
-11.186299224848893 1.5627401550302258
-11.199947626477215 1.5714285714285756
-11.207671108445627 1.576322921168023
-11.228872042702601 1.5886315513976665
-11.230194448571357 1.5892857142857189
-11.230660205897362 1.5895822445348182
-11.232142857142861 1.590437309536341
-11.255028380368264 1.6025657524977808
-11.264374391678762 1.6071428571428612
-11.281234721364774 1.6151816271556214
-11.321428571428575 1.639324665591329
-11.326458810344139 1.6418510950740348
-11.328729551210396 1.6428571428571477
-11.331468262222009 1.6448650810158343
-11.362198045649423 1.66071428571429
-11.376469923893808 1.6675631580783863
-11.393816994683702 1.6785714285714333
-11.410714285714288 1.6885523155938609
-11.422281493097989 1.694115129951836
-11.433679305454106 1.70102157537654
-11.459217920121782 1.7142857142857189
-11.4689906759653 1.7204875790926595
-11.483303398235632 1.7288035367899868
-11.490049241821964 1.7321428571428612
-11.500000000000004 1.7380725886714936
-11.517407989094856 1.7465184021810334
-11.522841776087528 1.7500000000000044
-11.534333726863 1.7568667453726041
-11.565171990606471 1.7726798875929966
-11.585370546978563 1.78571428571429
-11.589285714285717 1.788073261821495
-11.61172878943716 1.799082813541145
-11.618665891573578 1.8035714285714333
-11.633192010651069 1.8123526878445038
-11.650322885029667 1.8214285714285765
-11.658447833007756 1.8254532905413114
-11.67857142857143 1.8380205474833682
-11.70511137734328 1.851834867388492
-11.716764568402734 1.857142857142862
-11.729981340197858 1.8674248394681463
-11.744084819823565 1.8750000000000036
-11.750843802918466 1.8784026679877392
-11.767857142857146 1.8896706489560682
-11.773766530121055 1.892857142857146
-11.776300923290595 1.8945458989438357
-11.79550394846331 1.9051849245930557
-11.806275008498062 1.9107142857142883
-11.817944214334329 1.918554014275995
-11.823253965504744 1.9217936502438073
-11.836376634226141 1.9285714285714306
-11.841107822697074 1.931778435460588
-11.85714285714286 1.9416374672509038
-11.865871390743958 1.946428571428573
-11.88835308925727 1.9580436678628335
-11.897570477559848 1.9642857142857153
-11.916023553387507 1.9760618535346444
-11.932289748995043 1.9849706216295635
-11.946428571428573 1.994715583203548
-11.955845646043308 2.