-7.537433613015847 0.
-7.546383423326931 0.0050090296203286755
-7.570630321161656 0.017697492803757875
-7.570958335435893 0.01785714285714235
-7.571098705592396 0.01792311602437824
-7.571428571428577 0.018097789610921566
-7.5989882949306935 0.030202341013862544
-7.608408454319564 0.03571428571428559
-7.629817747178812 0.04739212086433309
-7.6482263134336455 0.05606902302755845
-7.660714285714292 0.06351866927825167
-7.677000259435877 0.07142857142857117
-7.699374638429434 0.08155364374268537
-7.74082727490078 0.10530831212301273
-7.744546019656152 0.10714285714285765
-7.746200182741934 0.10790282059447165
-7.750000000000005 0.11011065481499127
-7.819778555507155 0.14285714285714324
-7.843814573922683 0.15980851378689387
-7.848489970818977 0.16255513702093793
-7.880235215484211 0.17857142857142883
-7.894675510914458 0.1853506121028241
-7.91247803895544 0.19642857142857206
-7.928571428571434 0.20574530607740016
-7.941293080897016 0.21174138382059837
-7.945366903909098 0.2142857142857153
-7.95418472580744 0.21940837373291622
-7.979146806961839 0.23214285714285765
-7.990625840126219 0.23758911768904412
-8.010376041920077 0.2500000000000009
-8.01785714285715 0.2543714277036422
-8.037814120763601 0.26386574727585366
-8.057783269843835 0.27584236825448105
-8.076987904961396 0.2857142857142865
-8.084287647677504 0.29028532760735803
-8.107142857142863 0.3034132204096043
-8.107361007764432 0.3035277984471145
-8.107450045790118 0.3035714285714288
-8.107593758756513 0.30366160889415905
-8.131937208279503 0.3164697012012434
-8.142042358707739 0.32142857142857206
-8.155168483008358 0.3296805891126162
-8.158764609186768 0.33175292183735383
-8.174095563464327 0.3392857142857153
-8.179479033998435 0.34267562177174327
-8.196428571428577 0.35245601012859584
-8.205488940435174 0.35714285714285765
-8.229060468601745 0.3684736205653669
-8.239320920764783 0.3750000000000009
-8.26125879590787 0.38796604489585995
-8.270694426682368 0.3928571428571441
-8.275101444561697 0.3949797110876627
-8.285714285714292 0.4014159229811032
-8.324118253020526 0.4208906351101831
-8.336162436093513 0.4285714285714297
-8.345485589659589 0.4344743106395139
-8.361425193851566 0.443713610198885
-8.366924027478976 0.44642857142857295
-8.368861590487871 0.447656253331
-8.375000000000007 0.45121655243594727
-8.400139291138272 0.4642857142857153
-8.41892339531335 0.4733581780801899
-8.461982497417662 0.49953935662639015
-8.462867634418224 0.5000000000000018
-8.463207340444322 0.5002156747682811
-8.46428571428572 0.5008421631272597
-8.487555676607206 0.5132031503928465
-8.496964029207126 0.5178571428571441
-8.513521353013829 0.5258671579686656
-8.528911621776562 0.5357142857142874
-8.553571428571434 0.5503747336152323
-8.558244778632087 0.5526367585593004
-8.562811621773298 0.5554194672118031
-8.593511387731148 0.571428571428573
-8.605309587563747 0.5789380824872534
-8.612734423541246 0.583261170422535
-8.624890297250177 0.5892857142857153
-8.64285714285715 0.5999872170599936
-8.653304162679925 0.6050534531783036
-8.656562288477398 0.6071428571428585
-8.66348246123208 0.6112679208178449
-8.702124854127682 0.6310036006030382
-8.720581143948186 0.6428571428571441
-8.732142857142863 0.6497613546495025
-8.748104537563496 0.6575219496301612
-8.753070446739216 0.6607142857142874
-8.763591396144449 0.667003993514605
-8.78567135872397 0.6785714285714306
-8.796076584357722 0.6836418259856014
-8.821428571428577 0.699201195527384
-8.842592337749839 0.7100529610214634
-8.85199570110038 0.7142857142857162
-8.863011756516698 0.7226023513033404
-8.88115590928195 0.7321428571428594
-8.889730444626888 0.7363396253603396
-8.910714285714292 0.7499124949179441
-8.910880454475429 0.7500000000000018
-8.91095515730769 0.7500481743186809
-8.93501294596435 0.7629974108071327
-8.944721856359031 0.767857142857145
-8.95778500789628 0.7763001412778907
-8.960273987834261 0.7777690832811395
-8.976120322592477 0.7857142857142883
-8.98175285786017 0.7893637141422554
-9.000000000000005 0.8001562431536655
-9.006449039084082 0.8035714285714306
-9.030335169058517 0.8153615376168712
-9.039641585198275 0.8214285714285738
-9.059078898447066 0.8332443511179859
-9.075847521431758 0.8419733528565096
-9.089285714285719 0.8507798421554593
-9.101212358718719 0.8571428571428594
-9.123380031446514 0.8681811365678431
-9.155250832400133 0.8881930236228843
-9.163938561894946 0.892857142857145
-9.168109732172598 0.8949494821369122
-9.178571428571434 0.9015693821402904
-9.215694918767204 0.9211467305322767
-9.231819521073527 0.9285714285714306
-9.249791841790417 0.9428155112152279
-9.256443796647702 0.9464285714285738
-9.259665553446403 0.9480668893107227
-9.267857142857148 0.9535569873539353
-9.287518929497777 0.9642857142857171
-9.307096493421191 0.974294987030051
-9.342327212465051 0.9970368710644406
-9.347700613406666 1.0000000000000027
-9.349834018301411 1.0014617677682924
-9.357142857142861 1.0060025167563742
-9.378509238679698 1.017857142857146
-9.39734210693337 1.0276744357561869
-9.40906348601137 1.0357142857142883
-9.432390890125944 1.050763892310905
-9.439862306590115 1.0548846815391242
-9.446428571428577 1.0594558289570157
-9.467551171825244 1.0714285714285747
-9.486112736795596 1.081348881212314
-9.497417218593178 1.089285714285717
-9.519445411235033 1.1038890822470089
-9.52508541726426 1.1071428571428603
-9.527936577663489 1.1086983987530203
-9.53571428571429 1.1140726499795885
-9.572980857795374 1.1354038284409294
-9.588152562642899 1.142857142857146
-9.602819351585923 1.1562781560314725
-9.610257706297144 1.1607142857142883
-9.613326663870616 1.1630489529401657
-9.625000000000004 1.170984834256541
-9.637553001997956 1.1785714285714315
-9.641922894699125 1.181956007511256
-9.65532455041264 1.1903636613460478
-9.665908874999154 1.1964285714285747
-9.67631831247562 1.2040220517905942
-9.682444872944167 1.2079175460174065
-9.694507123697235 1.214285714285717
-9.698922040642895 1.2173584490142817
-9.714285714285719 1.2270106883339924
-9.723434471302268 1.2321428571428603
-9.745556338707816 1.243745875115584
-9.754621857234664 1.2500000000000036
-9.772740049451881 1.2616908670332352
-9.789173336338596 1.2707367613037137
-9.803571428571434 1.2807018764841986
-9.81246679740948 1.2857142857142891
-9.834568508631257 1.2973720125594674
-9.861278048908606 1.3151127526388668
-9.872437909099872 1.3214285714285747
-9.878030110684977 1.324393977863009
-9.892857142857148 1.3342990102031544
-9.923090304051078 1.351096224904075
-9.935723079760132 1.3571428571428612
-9.948801680619404 1.368331764695312
-9.960478162189345 1.3750000000000036
-9.966364564128202 1.3781556586029353
-9.982142857142861 1.3892654061401881
-9.988408294865383 1.3928571428571468
-10.010890544752606 1.4049647481923406
-10.034888555691005 1.421263425423919
-10.047522265431972 1.4285714285714324
-10.052680964152112 1.4323209500267255
-10.071428571428577 1.4445553840295169
-10.074649735546116 1.4464285714285747
-10.097668369047396 1.4590377547619537
-10.104972627847884 1.464285714285718
-10.11902188861798 1.4738043777235985
-10.140468613874917 1.4861919915107356
-10.159424911932613 1.5000000000000036
-10.16071428571429 1.5008878684015032
-10.183023535150573 1.5133952929698902
-10.189100088419003 1.5178571428571468
-10.200565765738608 1.5258274388620103
-10.2169585313786 1.53571428571429
-10.225519674950856 1.5406103507241191
-10.250000000000004 1.5583274422190287
-10.266405913246897 1.568147388779197
-10.272869419973729 1.5714285714285756
-10.278726473773855 1.5771738661833457
-10.298161850806595 1.5892857142857189
-10.308874074187383 1.5953680423053855
-10.324720356011602 1.6071428571428612
-10.339285714285719 1.6166888763204428
-10.349891453724684 1.622878852112211
-10.35384674664692 1.6250000000000044
-10.359550782976992 1.6290530137382593
-10.372005854715448 1.6363131147712018
-10.384221322092474 1.6428571428571477
-10.393973455844089 1.6497767374026164
-10.403145004191535 1.65562900083831
-10.412646409015256 1.66071428571429
-10.428571428571432 1.6711153732108963
-10.43876063663497 1.6765335869587252
-10.441676580523481 1.6785714285714333
-10.447467276391027 1.6823505981353524
-10.48471562696295 1.703056874607415
-10.50080613023367 1.7142857142857189
-10.517857142857146 1.725400649022319
-10.527083813296025 1.7302975230550857
-10.534984676912583 1.7355683639539485
-10.56040282124713 1.7500000000000044
-10.57319861812144 1.7567888478042892
-10.607142857142861 1.7794336049730939
-10.615457237879722 1.784051409566918
-10.618936514739971 1.78571428571429
-10.622571472561729 1.7888000087980638
-10.648570180245537 1.8035714285714333
-10.66165786625725 1.8105255696056979
-10.677268386882123 1.8214285714285765
-10.696428571428575 1.8339481257917676
-10.70372042490124 1.8378273435911856
-10.70993289816342 1.841986579632688
-10.736526987082073 1.857142857142862
-10.747324578284775 1.864820798628764
-10.753010094059194 1.8684591616689854
-10.76519736734714 1.8750000000000036
-10.785714285714288 1.8884774549049563
-10.791674455431018 1.8916651089138004
-10.79337051270462 1.892857142857146
-10.796708693641678 1.8950560244426242
-10.83784146449438 1.918145992815413
-10.852601701058948 1.9285714285714306
-10.875000000000004 1.9434163940557347
-10.87907265195127 1.9456140410383194
-10.882465019281565 1.9479215752848846
-10.91073321290709 1.9642857142857153
-10.925129378264893 1.9721169814898794
-10.964285714285717 1.9989846235256499
-10.966145005900025 2.