-8.88989636673574 0.
-8.910714285714292 0.01158703840259001
-8.92031396912713 0.015937206174574392
-8.92350192948991 0.01785714285714235
-8.930621791928116 0.021838644099907434
-8.958798238406652 0.03571428571428559
-8.971337299947514 0.0414468257247842
-9.000000000000005 0.05798844634282396
-9.01966703001904 0.06749516542476464
-9.026123373448918 0.07142857142857117
-9.039186670825044 0.07926590559357916
-9.042274249345073 0.08083086441669973
-9.060067421108073 0.08928571428571441
-9.067354688284887 0.09367191948588083
-9.089285714285719 0.1058506337919507
-9.091876692601977 0.10714285714285765
-9.118041687258712 0.11924880540540173
-9.14804765515177 0.13675238817321045
-9.160237794184633 0.14285714285714324
-9.164785462461818 0.14561433607906604
-9.178571428571434 0.15331552475414512
-9.19332177879651 0.16071428571428648
-9.20056395591239 0.16511279118247746
-9.21328964412961 0.17162778545979407
-9.227782030672723 0.17857142857142883
-9.237698683757685 0.18460312039132099
-9.253789326873763 0.1936150082318946
-9.259655898340869 0.19642857142857206
-9.261683451584537 0.19766330968309465
-9.267857142857148 0.2011243970164669
-9.294005285932753 0.2142857142857153
-9.306774582999354 0.22206920231415683
-9.30998445968366 0.22371739377755517
-9.327526241543652 0.23214285714285765
-9.357142857142861 0.249125848434522
-9.358453666520587 0.2497378381244557
-9.358877127754305 0.2500000000000009
-9.359805193262526 0.25053246722393396
-9.409825723345019 0.27517771247385525
-9.426830888098307 0.2857142857142865
-9.446428571428577 0.2969656799512306
-9.456325822535144 0.30159197835011575
-9.459519649294496 0.3035714285714288
-9.466515965198997 0.30758890732551336
-9.493938410339466 0.32142857142857206
-9.506454310052392 0.32728056656095195
-9.53571428571429 0.3445032561899275
-9.553950916603416 0.3534955309650325
-9.562304855113293 0.35714285714285765
-9.572722059716284 0.3645444119432568
-9.593436744522656 0.3750000000000009
-9.601218766239835 0.37975624675203434
-9.624258125596814 0.3927087679765062
-9.624566556722217 0.3928571428571441
-9.625000000000004 0.3931060369581356
-9.64964367344264 0.4057855510257591
-9.659889935980438 0.4107142857142865
-9.67330331673431 0.4189107652245676
-9.677346998084372 0.4211836853311599
-9.692706479436623 0.4285714285714297
-9.698028127692343 0.4318229458901053
-9.714285714285719 0.44096031221148557
-9.725122818216835 0.44642857142857295
-9.748632398807636 0.4574163773813318
-9.759717278200323 0.4642857142857153
-9.784011816046101 0.478230934637792
-9.795304091776535 0.4837963245018386
-9.803571428571434 0.4889189435069268
-9.82553700713596 0.5000000000000018
-9.84571409595425 0.5094286093805813
-9.889131282226792 0.5349691135882164
-9.890608441691628 0.5357142857142874
-9.89128239108535 0.5360292360686465
-9.892857142857148 0.5369557131971474
-9.965410919892047 0.571428571428573
-9.988705349310948 0.5879732158520978
-9.995461353797193 0.5919494136165815
-10.025564014220404 0.6071428571428585
-10.039302198681884 0.6135681316921966
-10.057737731241696 0.6250000000000018
-10.071428571428577 0.6328676751986162
-10.086385651553655 0.6398657268321282
-10.0912079914439 0.6428571428571441
-10.101758689617334 0.648923166494896
-10.125095359577585 0.6607142857142874
-10.13575406099446 0.6657063306582538
-10.156473707697044 0.6785714285714306
-10.16071428571429 0.6810124638384867
-10.183769300294681 0.6918175685124943
-10.207398150464687 0.7057653443786522
-10.22423048031943 0.7142857142857162
-10.230563602641993 0.7181729937573182
-10.250000000000004 0.7291440365917019
-10.254185486109316 0.7313057599209971
-10.255919410531366 0.7321428571428594
-10.258775691691568 0.733897995481172
-10.27878639283222 0.744242721433559
-10.290701713210787 0.7500000000000018
-10.30262069090633 0.7573330046758793
-10.31134813667067 0.7622696273341347
-10.322901176533776 0.767857142857145
-10.326916584447842 0.7703309688247204
-10.339285714285719 0.7773360702850116
-10.355772025934568 0.7857142857142883
-10.3774490876507 0.7959387538984348
-10.389661261503504 0.8035714285714306
-10.416158329644842 0.818945951643256
-10.421030364341494 0.8214285714285738
-10.423270762200177 0.8224887047028249
-10.428571428571432 0.8256499332581146
-10.473629828758968 0.8481311771053521
-10.487980226390034 0.8571428571428594
-10.517857142857146 0.8745758381852538
-10.518485471992259 0.8748743341729792
-10.51911556335585 0.8752516840997426
-10.553414966423658 0.892857142857145
-10.56928129650979 0.900429454983759
-10.607142857142861 0.9232139063146905
-10.614762895072893 0.9270474209854243
-10.618195705724077 0.9285714285714306
-10.622317338937304 0.9316063249303195
-10.650983552654779 0.9464285714285738
-10.664323138025203 0.9528496581092485
-10.682278004951188 0.9642857142857171
-10.696428571428575 0.972680191266039
-10.710283399878966 0.9793718914527814
-10.723821629166483 0.987621468690441
-10.74753999276394 1.0000000000000027
-10.756641033589297 1.005814650425001
-10.772825289593891 1.0152793436330665
-10.778005269633473 1.017857142857146
-10.785714285714288 1.0224840520088847
-10.804925824142304 1.0318719780286854
-10.810874203712615 1.0357142857142883
-10.823361721534376 1.0432437728783057
-10.852175309377987 1.0581363666958348
-10.872575951691452 1.0714285714285747
-10.875000000000004 1.0729049206041745
-10.898540195972352 1.0845776750912473
-10.905730075668396 1.089285714285717
-10.92062742472751 1.0984111992312187
-10.936922573629095 1.1071428571428603
-10.944721893559594 1.1110556212880853
-10.964285714285717 1.1234582968941629
-10.990934788092568 1.1375273280957758
-11.002485544175848 1.142857142857146
-11.01525003265793 1.153050006531588
-11.02929234779614 1.1607142857142883
-11.036107648857893 1.1642070416569963
-11.05357142857143 1.1759996245565283
-11.05824933799201 1.1785714285714315
-11.060182901479397 1.1798937231530253
-11.080051349233212 1.1911325872962184
-11.090167913948932 1.1964285714285747
-11.102301973157314 1.2045396053685407
-11.106386542153812 1.2069915941450509
-11.120794125990932 1.214285714285717
-11.125943843409607 1.2176683741752248
-11.142857142857146 1.2277936244116274
-11.150976040421398 1.2321428571428603
-11.174165806075296 1.243738267356374
-11.1836516538071 1.2500000000000036
-11.203241689428483 1.2620769093142705
-11.219133137046981 1.270459086876322
-11.232142857142861 1.2791046063905753
-11.244359225046464 1.2857142857142891
-11.266195825650756 1.2967608348698532
-11.297253938588257 1.316593644860511
-11.306118985371693 1.3214285714285747
-11.310427762383108 1.3236287332376682
-11.321428571428575 1.3307231150950285
-11.35728315770729 1.3499719398871175
-11.372630326281328 1.3571428571428612
-11.389224723109814 1.370702087479109
-11.396983674005595 1.3750000000000036
-11.400798119596487 1.376983233223564
-11.410714285714288 1.3837752528731713
-11.426999976451654 1.3928571428571468
-11.447166728369078 1.4034237971833319
-11.478667129720037 1.424304854515439
-11.486214771296943 1.4285714285714324
-11.489250811466787 1.4307212662780753
-11.500000000000004 1.4375946728312652
-11.515489520125831 1.4464285714285747
-11.53549460330301 1.4571867936251168
-11.545528379598005 1.464285714285718
-11.564979611777213 1.4772816366411607
-11.577607358384537 1.4844785283230975
-11.589285714285717 1.492904640553153
-11.601364245985792 1.5000000000000036
-11.621774604553798 1.5113593648035302
-11.630660605734507 1.5178571428571468
-11.64740510000983 1.5294810200019704
-11.6577691687357 1.53571428571429
-11.663157870294325 1.5387969973697109
-11.67857142857143 1.5500183978725959
-11.705288744100361 1.5660851083227891
-11.715730645108133 1.5714285714285756
-11.7249712231653 1.5807085303473496
-11.73856640539628 1.5892857142857189
-11.744300843063762 1.5939969742443951
-11.761878945012377 1.6059472175739078
-11.764052759228578 1.6071428571428612
-11.767857142857146 1.609658869930854
-11.78730392555284 1.6211106434608658
-11.794485947463077 1.6250000000000044
-11.804702699539025 1.6323691113363807
-11.808651871467218 1.6346981971351333
-11.823697862749812 1.6428571428571477
-11.830946753737813 1.6480963635381567
-11.847350845706803 1.6587558834270792
-11.850956787052676 1.66071428571429
-11.85714285714286 1.6648404167602315
-11.875622024115424 1.6748755951769203
-11.880783888878652 1.6785714285714333
-11.890822872628194 1.6853074316685
-11.919716657830564 1.701770954148178
-11.937116404547348 1.7142857142857189
-11.946428571428573 1.7205687669169194
-11.961874461053194 1.7290536792179374
-11.974357362127495 1.7377286152826459
-11.995192350018366 1.7500000000000044
-12.005952506013205 1.755952355940221
-12.035714285714288 1.7767831863125032
-12.047147934075959 1.7834275560419561
-12.05174954509535 1.78571428571429
-12.056184801476505 1.7898083888667333
-12.07920200399161 1.8035714285714333
-12.091209807722594 1.8103294670269152
-12.106190889852067 1.8214285714285765
-12.125000000000002 1.834553063540092
-12.131161462651074 1.8380534217555047
-12.135902044357097 1.8414661231571383
-12.16163327800625 1.857142857142862
-12.17522140085582 1.8649557198288402
-12.188512610046466 1.8750000000000036
-12.21324058432084 1.8926481168641702
-12.213579498936912 1.892857142857146
-12.213759770602358 1.892962331593817
-12.214285714285715 1.8933647959454403
-12.242133081821503 1.9107142857142883
-12.257688648645702 1.9198908416994334
-12.268917231794047 1.9285714285714306
-12.289435905616246 1.9436014668375368
-12.29390467161341 1.946428571428573
-12.296318506656696 1.9478791558115196
-12.30357142857143 1.9535720639860568
-12.320336365619882 1.9642857142857153
-12.338297310488045 1.9751976807595355
-12.362787232493199 1.9939860179272113
-12.372023968775295 2.