-12.03939887572806 2.
-12.035714285714288 1.9979081990679752
-11.99900525866716 1.971627519695141
-11.98601403256129 1.9642857142857153
-11.961011175196912 1.9493450921822406
-11.954547083492018 1.9448048690158837
-11.946428571428573 1.9402910146801569
-11.929267075776215 1.9285714285714306
-11.913651972879663 1.91726960542407
-11.878684365976243 1.8971654446238224
-11.872293946291412 1.892857142857146
-11.868985547287773 1.890488604828163
-11.85714285714286 1.8840133461489348
-11.843721601505836 1.8750000000000036
-11.835962408559688 1.8707639102833689
-11.824952917687432 1.8635808450339475
-11.816109357705933 1.857142857142862
-11.80314323675911 1.8500856383624686
-11.793632536632128 1.8444407930407145
-11.78652305571056 1.8392857142857189
-11.781497666937225 1.8365576094697031
-11.767857142857146 1.8284838708898414
-11.757256137239677 1.8214285714285765
-11.751067454540744 1.8180706337652959
-11.737925330439603 1.8095577910549423
-11.72963866971436 1.8035714285714333
-11.709386263635434 1.7918772527270903
-11.702289524290146 1.78571428571429
-11.69534038034139 1.7823604953602983
-11.67857142857143 1.7729051479978226
-11.652486105294969 1.7552170646552971
-11.642829889988176 1.7500000000000044
-11.623859563990093 1.7390576270837368
-11.613413043983696 1.7321428571428612
-11.608091813414175 1.7283816373171694
-11.589285714285717 1.718229765079931
-11.583337199330533 1.7142857142857189
-11.564986326146506 1.7012884490564186
-11.53837800267938 1.6862470291073093
-11.52680470352179 1.6785714285714333
-11.520905522616465 1.674390324048141
-11.500000000000004 1.6630756588875606
-11.49644780095219 1.66071428571429
-11.494377256514943 1.6595897370172779
-11.475990998912803 1.647658943074588
-11.469364365153963 1.6428571428571477
-11.453236969109346 1.6335045366790162
-11.440465874362282 1.6250000000000044
-11.433941058789843 1.620354645384893
-11.410714285714288 1.6077277281191833
-11.40983836493965 1.6071428571428612
-11.40934564398631 1.6068691287972658
-11.38982444952012 1.5934636815245522
-11.384814936054761 1.5892857142857189
-11.373060496262006 1.5817549563952626
-11.362974287942734 1.5714285714285756
-11.321428571428575 1.5470520171513948
-11.309409094021273 1.5381181811957507
-11.305318450712967 1.53571428571429
-11.297603337700545 1.5309492389686836
-11.269314602803686 1.510422793724982
-11.251169133155186 1.5000000000000036
-11.232142857142861 1.4884730270269069
-11.225438086701125 1.483483811231209
-11.218568403239285 1.4794279663621461
-11.196705663515354 1.464285714285718
-11.185158098587321 1.4558255231396826
-11.168375462259428 1.4464285714285747
-11.142857142857146 1.4312960124220098
-11.139711573731535 1.4292005423965541
-11.138867204797277 1.4285714285714324
-11.136604190867933 1.42732083817359
-11.11878981826009 1.415527750633701
-11.112282283896784 1.41071428571429
-11.09662557333808 1.402103456760961
-11.095036995588302 1.4011502562605216
-11.083752062145692 1.3928571428571468
-11.05357142857143 1.375235194257435
-11.053296460473181 1.3750549936196537
-11.053221236245387 1.3750000000000036
-11.053018668996604 1.374889448085038
-11.032328984565387 1.3613913459440692
-11.026487390525222 1.3571428571428612
-11.010735788200448 1.3485757290686653
-11.009885135513382 1.3480229728973283
-10.997816197005584 1.339285714285718
-10.988781281428151 1.33438660085723
-10.96814340550261 1.3222001096719538
-10.967073328724283 1.3214285714285747
-10.966320727234997 1.3210215688387184
-10.964285714285717 1.3198235153218736
-10.939721983687722 1.3035714285714324
-10.92525923369026 1.295766132452341
-10.922597345741355 1.2940519594231628
-10.9109604474849 1.2857142857142891
-10.882379993607838 1.2693331415787128
-10.878998913082652 1.2670573602406163
-10.875000000000004 1.2649182735928273
-10.852293728925744 1.2500000000000036
-10.837521872482288 1.239638482646404
-10.823487002310484 1.2321428571428603
-10.795671876069564 1.2162772323567719
-10.792630689809206 1.214285714285717
-10.791117999062847 1.2132049716160056
-10.785714285714288 1.2102615008443882
-10.76503855667377 1.1964285714285747
-10.750930878938485 1.185528109926592
-10.739185097075817 1.1785714285714315
-10.716979664657051 1.1648245043599834
-10.711227426674387 1.1607142857142883
-10.708108385753254 1.1583783228493525
-10.696428571428575 1.1516878684611163
-10.683877166429514 1.142857142857146
-10.66753566920348 1.130778580445022
-10.637470901538528 1.1132084660219936
-10.62861001480144 1.1071428571428603
-10.623953756044127 1.1037806773626073
-10.607142857142861 1.0945212899889842
-10.599403759109327 1.089285714285717
-10.594940809163493 1.0868453046898434
-10.57973496313019 1.0769101502311091
-10.572191260372229 1.0714285714285747
-10.553630549462435 1.0607261098924896
-10.537295928468938 1.0496836714490732
-10.517857142857146 1.0392924407130923
-10.512407348235335 1.0357142857142883
-10.509148007225955 1.0339724585880505
-10.491954963658289 1.0230375786969175
-10.484599588565308 1.017857142857146
-10.469270302034138 1.0097173681646048
-10.4650675445078 1.0072992231872764
-10.454613441314972 1.0000000000000027
-10.448743524327858 0.9959655808487176
-10.428571428571432 0.9849711587228924
-10.404390584113667 0.9691218831772703
-10.395072173775462 0.9642857142857171
-10.376098253142802 0.9537910791999904
-10.364480527158085 0.9464285714285738
-10.358728137636955 0.942540086758326
-10.339285714285719 0.9325633134644713
-10.332951974921194 0.9285714285714306
-10.328966549359 0.9265075955860871
-10.312078163113853 0.9161557959486615
-10.304016685936578 0.9107142857142883
-10.288925451624237 0.9029291953894418
-10.282517271403728 0.8993605971378908
-10.272833034243416 0.892857142857145
-10.26643781188659 0.8895695804798276
-10.250000000000004 0.8804516714766635
-10.241230273176548 0.8750000000000018
-10.235615625161733 0.8721231250323482
-10.220587807383456 0.8630252956661684
-10.211748602322134 0.8571428571428594
-10.189221493270736 0.8449871557970061
-10.175506334986057 0.8363273044313635
-10.16071428571429 0.8289188591962864
-10.148537756577163 0.8214285714285738
-10.13058517511329 0.8095972506916311
-10.118518280620789 0.8035714285714306
-10.093344414803717 0.7900974543893167
-10.086179686414209 0.7857142857142883
-10.082733092425528 0.7834533815148976
-10.071428571428577 0.7778363400318264
-10.055076835585103 0.767857142857145
-10.038008956324578 0.7566839230208018
-10.024527797511935 0.7500000000000018
-9.99627530923255 0.7349693475607966
-9.99162497272453 0.7321428571428594
-9.989400180293314 0.7306913925127683
-9.982142857142861 0.7271064051067597
-9.961011711240777 0.7142857142857162
-9.945002254340032 0.7038566919891389
-9.898272763630226 0.6796545527260465
-9.896482274238858 0.6785714285714306
-9.895629132695749 0.6780170306037103
-9.892857142857148 0.6766534989353241
-9.866474754883662 0.6607142857142874
-9.848963892124146 0.6519356355676864
-9.84858442680544 0.6517116860674861
-9.834889337282123 0.6428571428571441
-9.803571428571434 0.6263206121835969
-9.802015080579643 0.6253112695983596
-9.800043578267719 0.6242944299392583
-9.771569230211881 0.6071428571428585
-9.758051345529351 0.5983897308941319
-9.739472823873134 0.5892857142857153
-9.714285714285719 0.5760160660558071
-9.708465446641075 0.572592624957502
-9.706658234359798 0.571428571428573
-9.701566561450708 0.5688847408615709
-9.68535780481528 0.5593570104655177
-9.67636900622664 0.5535714285714306
-9.66167851504714 0.5462357255620036
-9.652225035703093 0.541159292854906
-9.643759577158338 0.5357142857142874
-9.625000000000004 0.525847810256197
-9.614848414212435 0.5198874600146581
-9.611689817024452 0.5178571428571441
-9.603515877243504 0.5135603183058448
-9.585545707114662 0.5000000000000018
-9.57022093347636 0.49309867044758704
-9.53571428571429 0.4753871383797561
-9.522079774640153 0.4670126165005426
-9.516491264421987 0.4642857142857153
-9.504654729856776 0.4580738031142122
-9.485211760712733 0.44642857142857295
-9.476023422069751 0.440509601300338
-9.45152529569364 0.4285714285714297
-9.446428571428577 0.42590021044406523
-9.428429756123421 0.4143140487753172
-9.405347286582536 0.4024980287450788
-9.389213321187711 0.3928571428571441
-9.381601186773306 0.387965476931055
-9.357142857142861 0.37607802577878413
-9.355336870637162 0.3750000000000009
-9.354118235569235 0.37439507568527564
-9.332864645112117 0.3619984995490064
-9.325248996332416 0.35714285714285765
-9.305437351453557 0.3468017560049974
-9.292815128045001 0.3392857142857153
-9.286874273279752 0.3354822882011943
-9.267857142857148 0.3262765384246853
-9.259703414052948 0.32142857142857206
-9.254166850866918 0.31869051303052576
-9.238307847643787 0.30948128761410043
-9.228990740712115 0.3035714285714288
-9.204657860216539 0.29093157204330744
-9.197620383644765 0.2857142857142865
-9.178571428571434 0.2764353320705899
-9.1457381779465 0.2565666501249879
-9.13205721067599 0.2500000000000009
-9.102592759306635 0.23480426614704086
-9.095953222588735 0.23080935548225412
-9.089285714285719 0.22762924644881988
-9.0665113295471 0.2142857142857153
-9.050471409182894 0.20419143244913762
-9.000000000000005 0.17899330333920815
-8.999470862906083 0.17867725599021345
-8.999247177248698 0.17857142857142883
-8.998758287040767 0.17832308597958146
-8.968307455919296 0.16071428571428648
-8.954273277349994 0.15200248738714528
-8.93474134134581 0.14285714285714324
-8.910714285714292 0.13078317589156185
-8.90310431730235 0.12652199368238826
-8.900595831762036 0.125
-8.893294866092958 0.12151611607573365
-8.878895273957136 0.11350665949428862
-8.86832199593672 0.10714285714285765
-8.85441160131636 0.10054625116530147
-8.839110926712399 0.0928221853424791
-8.833182180234658 0.08928571428571441
-8.821428571428577 0.08350521393011157
-8.806408485410751 0.07443258863213664
-8.799800873302338 0.07142857142857117
-8.784752948354873 0.064093446813831
-8.765727628801914 0.053571428571428825
-8.757255395392225 0.04854892092155616
-8.732142857142863 0.037361181087725015
-8.729133161665967 0.03571428571428559
-8.726807705187792 0.03464725532327151
-8.70529260338467 0.023227193608780894
-8.695855120322854 0.01785714285714235
-8.679647136072672 0.010499144214038303
-8.6684056549431 0.0051097024171902206
-8.65928817973383 0.