1.e-10,1.e-6,0.00046823316053025177
1.e-10,2.5118864315095823e-6,0.00266610063120873
1.e-10,6.30957344480193e-6,0.015019374717541797
1.e-10,0.00001584893192461114,0.08421823454852051
1.e-10,0.000039810717055349695,0.45705349989308375
1.e-10,0.0001,2.255001713218498
1.778279410038923e-10,1.e-6,0.0008326545025577262
1.778279410038923e-10,2.5118864315095823e-6,0.004741068815843499
1.778279410038923e-10,6.30957344480193e-6,0.026708666611060132
1.778279410038923e-10,0.00001584893192461114,0.1497627810680226
1.778279410038923e-10,0.000039810717055349695,0.8127711557406053
1.778279410038923e-10,0.0001,4.010022675918973
3.1622776601683795e-10,1.e-6,0.001480684866973131
3.1622776601683795e-10,2.5118864315095823e-6,0.008430954137956338
3.1622776601683795e-10,6.30957344480193e-6,0.04749535169843893
3.1622776601683795e-10,0.00001584893192461114,0.2663187619092727
3.1622776601683795e-10,0.000039810717055349695,1.4453156291544393
3.1622776601683795e-10,0.0001,7.1310491488195895
5.623413251903491e-10,1.e-6,0.0026330859392423413
5.623413251903491e-10,2.5118864315095823e-6,0.014992619263685726
5.623413251903491e-10,6.30957344480193e-6,0.08446015295015517
5.623413251903491e-10,0.00001584893192461114,0.4735916990335509
5.623413251903491e-10,0.000039810717055349695,2.570222673810431
5.623413251903491e-10,0.0001,12.68079325760146
1.e-9,1.e-6,0.004682364938154328
1.e-9,2.5118864315095823e-6,0.026660870792744894
1.e-9,6.30957344480193e-6,0.15019386214256292
1.e-9,0.00001584893192461114,0.8421823819765678
1.e-9,0.000039810717055349695,4.570606101071895
1.e-9,0.0001,22.54966703495877
1.7782794100389228e-9,1.e-6,0.008326560764949307
1.7782794100389228e-9,2.5118864315095823e-6,0.04741081526636391
1.7782794100389228e-9,6.30957344480193e-6,0.2670874570563743
1.7782794100389228e-9,0.00001584893192461114,1.4976312690544884
1.7782794100389228e-9,0.000039810717055349695,8.127620561679052
1.7782794100389228e-9,0.0001,40.10104404215467
3.1622776601683795e-9,1.e-6,0.014806937701395262
3.1622776601683795e-9,2.5118864315095823e-6,0.08430956177052515
3.1622776601683795e-9,6.30957344480193e-6,0.4749558829283573
3.1622776601683795e-9,0.00001584893192461114,2.6632191914032672
3.1622776601683795e-9,0.000039810717055349695,14.453342299010634
3.1622776601683795e-9,0.0001,71.3107004133912
5.623413251903491e-9,1.e-6,0.02633083479512525
5.623413251903491e-9,2.5118864315095823e-6,0.14992618891766651
5.623413251903491e-9,6.30957344480193e-6,0.8446029168209563
5.623413251903491e-9,0.00001584893192461114,4.735915979175922
5.623413251903491e-9,0.000039810717055349695,25.702215009168157
5.623413251903491e-9,0.0001,126.8058369345827
1.e-8,1.e-6,0.04682332030035052
1.e-8,2.5118864315095823e-6,0.26661008631400807
1.e-8,6.30957344480193e-6,1.5019382256797529
1.e-8,0.00001584893192461114,8.421752316978457
1.e-8,0.000039810717055349695,45.705746634044715
1.e-8,0.0001,225.50944006096873
1.7782794100389228e-8,1.e-6,0.08326535652474709
1.7782794100389228e-8,2.5118864315095823e-6,0.4741076237699736
1.7782794100389228e-8,6.30957344480193e-6,2.6708740935275443
1.7782794100389228e-8,0.00001584893192461114,14.97628049376689
1.7782794100389228e-8,0.000039810717055349695,81.27640311903508
1.7782794100389228e-8,0.0001,401.0048814455082
3.162277660168379e-8,1.e-6,0.14806822382897422
3.162277660168379e-8,2.5118864315095823e-6,0.8430952727541147
3.162277660168379e-8,6.30957344480193e-6,4.749511251638016
3.162277660168379e-8,0.00001584893192461114,26.631982816594586
3.162277660168379e-8,0.000039810717055349695,144.53153234457625
3.162277660168379e-8,0.0001,713.1224077063454
5.6234132519034905e-8,1.e-6,0.2633074180685659
5.6234132519034905e-8,2.5118864315095823e-6,1.4992586100380987
5.6234132519034905e-8,6.30957344480193e-6,8.4460490232408
5.6234132519034905e-8,0.00001584893192461114,47.35924011085982
5.6234132519034905e-8,0.000039810717055349695,257.0178099542546
5.6234132519034905e-8,0.0001,1268.0953921914925
1.e-7,1.e-6,0.46823342166383747
1.e-7,2.5118864315095823e-6,2.666087476516534
1.e-7,6.30957344480193e-6,15.019398192019224
1.e-7,0.00001584893192461114,84.2177850125203
1.e-7,0.000039810717055349695,457.06387945972983
1.e-7,0.0001,2255.0600388414186
1.7782794100389227e-7,1.e-6,0.8326554727672651
1.7782794100389227e-7,2.5118864315095823e-6,4.741074564453607
1.7782794100389227e-7,6.30957344480193e-6,26.708643534522484
1.7782794100389227e-7,0.00001584893192461114,149.763020196451
1.7782794100389227e-7,0.000039810717055349695,812.7845323465164
1.7782794100389227e-7,0.0001,4010.144034072244
3.162277660168379e-7,1.e-6,1.4806821785583346
3.162277660168379e-7,2.5118864315095823e-6,8.430911021750049
3.162277660168379e-7,6.30957344480193e-6,47.49537592370477
3.162277660168379e-7,0.00001584893192461114,266.31947339100185
3.162277660168379e-7,0.000039810717055349695,1445.3387551928201
3.162277660168379e-7,0.0001,7131.127687400563
5.62341325190349e-7,1.e-6,2.6330848512872627
5.62341325190349e-7,2.5118864315095823e-6,14.992523801819699
5.62341325190349e-7,6.30957344480193e-6,84.46014661487455
5.62341325190349e-7,0.00001584893192461114,473.5900257385646
5.62341325190349e-7,0.000039810717055349695,2570.199771702275
5.62341325190349e-7,0.0001,12680.711184662474
1.e-6,1.e-6,4.682351822850421
1.e-6,2.5118864315095823e-6,26.661013586019024
1.e-6,6.30957344480193e-6,150.1933156573412
1.e-6,0.00001584893192461114,842.1793215999706
1.e-6,0.000039810717055349695,4570.595504483947
1.e-6,0.0001,22551.23413559809
1.778279410038923e-6,1.e-6,8.326540363155146
1.778279410038923e-6,2.5118864315095823e-6,47.41073357437895
1.778279410038923e-6,6.30957344480193e-6,267.0863303938487
1.778279410038923e-6,0.00001584893192461114,1497.6241915602154
1.778279410038923e-6,0.000039810717055349695,8127.736725583436
1.778279410038923e-6,0.0001,40099.95851940703
3.162277660168379e-6,1.e-6,14.8068087574371
3.162277660168379e-6,2.5118864315095823e-6,84.30934427964634
3.162277660168379e-6,6.30957344480193e-6,474.9525816499328
3.162277660168379e-6,0.00001584893192461114,2663.1978349221545
3.162277660168379e-6,0.000039810717055349695,14453.274092711295
3.162277660168379e-6,0.0001,71311.60245297573
5.623413251903491e-6,1.e-6,26.330816410279038
5.623413251903491e-6,2.5118864315095823e-6,149.92519318011787
5.623413251903491e-6,6.30957344480193e-6,844.5980338446097
5.623413251903491e-6,0.00001584893192461114,4735.8645016058745
5.623413251903491e-6,0.000039810717055349695,25702.04626427787
5.623413251903491e-6,0.0001,126806.839837286
0.00001,1.e-6,46.82340762464859
0.00001,2.5118864315095823e-6,266.60888036423773
0.00001,6.30957344480193e-6,1501.9288026278675
0.00001,0.00001584893192461114,8421.701242013596
0.00001,0.000039810717055349695,45705.47998639815
0.00001,0.0001,225505.42704518352
0.00001778279410038923,1.e-6,83.26454665364213
0.00001778279410038923,2.5118864315095823e-6,474.1002696164119
0.00001778279410038923,6.30957344480193e-6,2670.8341558727225
0.00001778279410038923,0.00001584893192461114,14976.070790792959
0.00001778279410038923,0.000039810717055349695,81277.01184231763
0.00001778279410038923,0.0001,400994.09349517897
0.000031622776601683795,1.e-6,148.0660291532537
0.000031622776601683795,2.5118864315095823e-6,843.078847494963
0.000031622776601683795,6.30957344480193e-6,4749.441217382985
0.000031622776601683795,0.00001584893192461114,26631.600968072056
0.000031622776601683795,0.000039810717055349695,144529.50829171904
0.000031622776601683795,0.0001,713077.8117772503
0.00005623413251903491,1.e-6,263.2983405323784
0.00005623413251903491,2.5118864315095823e-6,1499.2026461837931
0.00005623413251903491,6.30957344480193e-6,8445.707734996957
0.00005623413251903491,0.00001584893192461114,47357.362706517684
0.00005623413251903491,0.000039810717055349695,257011.63267781067
0.00005623413251903491,0.0001,1.2680319969943233e6
0.0001,1.e-6,468.2052144957701
0.0001,2.5118864315095823e-6,2665.931062044043
0.0001,6.30957344480193e-6,15018.269646589286
0.0001,0.00001584893192461114,84211.9465022488
0.0001,0.000039810717055349695,457025.9912848344
0.0001,0.0001,2.254897788317632e6
