1.e-14,1.e-6,4.911613469210892e-7
1.e-14,2.5118864315095823e-6,2.761329024650441e-6
1.e-14,6.30957344480193e-6,0.000015356078554563014
1.e-14,0.00001584893192461114,0.00008062750178737803
1.e-14,0.000039810717055349695,0.0003774485896759509
1.e-14,0.0001,0.0016129985358610565
1.7782794100389227e-14,1.e-6,8.734175783373239e-7
1.7782794100389227e-14,2.5118864315095823e-6,4.910384297513866e-6
1.7782794100389227e-14,6.30957344480193e-6,0.000027307163769619242
1.7782794100389227e-14,0.00001584893192461114,0.00014337879211807634
1.7782794100389227e-14,0.000039810717055349695,0.0006712193774157833
1.7782794100389227e-14,0.0001,0.0028683763829191796
3.1622776601683796e-14,1.e-6,1.5531859761081294e-6
3.1622776601683796e-14,2.5118864315095823e-6,8.732039966737257e-6
3.1622776601683796e-14,6.30957344480193e-6,0.00004856005559470931
3.1622776601683796e-14,0.00001584893192461114,0.0002549716555471942
3.1622776601683796e-14,0.000039810717055349695,0.001193639424822311
3.1622776601683796e-14,0.0001,0.005100712781100424
5.6234132519034906e-14,1.e-6,2.7620014665423544e-6
5.6234132519034906e-14,2.5118864315095823e-6,0.000015528043567462688
5.6234132519034906e-14,6.30957344480193e-6,0.00008635298149827083
5.6234132519034906e-14,0.00001584893192461114,0.00045341018592409075
5.6234132519034906e-14,0.000039810717055349695,0.0021225647940157095
5.6234132519034906e-14,0.0001,0.009070543589305544
1.e-13,1.e-6,4.9116170425326206e-6
1.e-13,2.5118864315095823e-6,0.000027613079234912486
1.e-13,6.30957344480193e-6,0.00015355969317185655
1.e-13,0.00001584893192461114,0.0008062829355957492
1.e-13,0.000039810717055349695,0.00377472931204248
1.e-13,0.0001,0.01613010085672925
1.7782794100389227e-13,1.e-6,8.734221359828598e-6
1.7782794100389227e-13,2.5118864315095823e-6,0.000049103974813735416
1.7782794100389227e-13,6.30957344480193e-6,0.00027307384245776477
1.7782794100389227e-13,0.00001584893192461114,0.0014337887988068337
1.7782794100389227e-13,0.000039810717055349695,0.006712439855180687
1.7782794100389227e-13,0.0001,0.028683674916867054
3.162277660168379e-13,1.e-6,0.000015531870902800557
3.162277660168379e-13,2.5118864315095823e-6,0.00008732025330562047
3.162277660168379e-13,6.30957344480193e-6,0.00048560550164384496
3.162277660168379e-13,0.00001584893192461114,0.00254968820418541
3.162277660168379e-13,0.000039810717055349695,0.01193633642049266
3.162277660168379e-13,0.0001,0.05100630479318976
5.62341325190349e-13,1.e-6,0.000027619956093668894
5.62341325190349e-13,2.5118864315095823e-6,0.00015528030441939512
5.62341325190349e-13,6.30957344480193e-6,0.0008635351629281431
5.62341325190349e-13,0.00001584893192461114,0.004534080750899127
5.62341325190349e-13,0.000039810717055349695,0.021225788248648642
5.62341325190349e-13,0.0001,0.09070645583359838
1.e-12,1.e-6,0.00004911612004815242
1.e-12,2.5118864315095823e-6,0.0002761323778536454
1.e-12,6.30957344480193e-6,0.0015355976960655378
1.e-12,0.00001584893192461114,0.008062813396823468
1.e-12,0.000039810717055349695,0.037744915940306614
1.e-12,0.0001,0.1613118842611215
1.7782794100389228e-12,1.e-6,0.00008734207680707202
1.7782794100389228e-12,2.5118864315095823e-6,0.0004910398893697198
1.7782794100389228e-12,6.30957344480193e-6,0.0027307257312263137
1.7782794100389228e-12,0.00001584893192461114,0.014337656751637876
1.7782794100389228e-12,0.000039810717055349695,0.06712323945913692
1.7782794100389228e-12,0.0001,0.28682491519863174
3.1622776601683794e-12,1.e-6,0.00015531875029292162
3.1622776601683794e-12,2.5118864315095823e-6,0.0008732070946968493
3.1622776601683794e-12,6.30957344480193e-6,0.004856012986951553
3.1622776601683794e-12,0.00001584893192461114,0.025496773028810177
3.1622776601683794e-12,0.000039810717055349695,0.11936137620054542
3.1622776601683794e-12,0.0001,0.5100771028913377
5.6234132519034904e-12,1.e-6,0.00027619994002197777
5.6234132519034904e-12,2.5118864315095823e-6,0.0015528043368632342
5.6234132519034904e-12,6.30957344480193e-6,0.008635298378646688
5.6234132519034904e-12,0.00001584893192461114,0.045339533734952094
5.6234132519034904e-12,0.000039810717055349695,0.21226993610765563
5.6234132519034904e-12,0.0001,0.9070785700486367
1.e-11,1.e-6,0.0004911605653245002
1.e-11,2.5118864315095823e-6,0.0027613194225311337
1.e-11,6.30957344480193e-6,0.015356068989305574
1.e-11,0.00001584893192461114,0.08062779727724229
1.e-11,0.000039810717055349695,0.37745741187430576
1.e-11,0.0001,1.6130054197190846
1.7782794100389227e-11,1.e-6,0.0008734217440905253
1.7782794100389227e-11,2.5118864315095823e-6,0.004910396209866314
1.7782794100389227e-11,6.30957344480193e-6,0.027307528440547464
1.7782794100389227e-11,0.00001584893192461114,0.14337861719757997
1.7782794100389227e-11,0.000039810717055349695,0.671236526542155
1.7782794100389227e-11,0.0001,2.86840059317654
3.1622776601683794e-11,1.e-6,0.0015531768947317725
3.1622776601683794e-11,2.5118864315095823e-6,0.008732010392723052
3.1622776601683794e-11,6.30957344480193e-6,0.04855982267976755
3.1622776601683794e-11,0.00001584893192461114,0.25497289887378843
3.1622776601683794e-11,0.000039810717055349695,1.193640472581653
3.1622776601683794e-11,0.0001,5.100741672695187
5.6234132519034906e-11,1.e-6,0.0027619792925071573
5.6234132519034906e-11,2.5118864315095823e-6,0.015528064671904842
5.6234132519034906e-11,6.30957344480193e-6,0.08635323155864175
5.6234132519034906e-11,0.00001584893192461114,0.45340614550189395
5.6234132519034906e-11,0.000039810717055349695,2.122533289765001
5.6234132519034906e-11,0.0001,9.070707194207293
1.e-10,1.e-6,0.004911607827914495
1.e-10,2.5118864315095823e-6,0.02761329768445951
1.e-10,6.30957344480193e-6,0.15355981554585643
1.e-10,0.00001584893192461114,0.8062887504137856
1.e-10,0.000039810717055349695,3.7746743242523952
1.e-10,0.0001,16.129629433318023
1.778279410038923e-10,1.e-6,0.008734208293614753
1.778279410038923e-10,2.5118864315095823e-6,0.04910364981850036
1.778279410038923e-10,6.30957344480193e-6,0.2730751058078989
1.778279410038923e-10,0.00001584893192461114,1.433788432314744
1.778279410038923e-10,0.000039810717055349695,6.712522556418264
1.778279410038923e-10,0.0001,28.683432444617534
3.1622776601683795e-10,1.e-6,0.01553183592089354
3.1622776601683795e-10,2.5118864315095823e-6,0.08732029420727092
3.1622776601683795e-10,6.30957344480193e-6,0.4855943690473792
3.1622776601683795e-10,0.00001584893192461114,2.5497082721892887
3.1622776601683795e-10,0.000039810717055349695,11.935862860198347
3.1622776601683795e-10,0.0001,51.007499484617085
5.623413251903491e-10,1.e-6,0.027620016858065057
5.623413251903491e-10,2.5118864315095823e-6,0.1552799666025293
5.623413251903491e-10,6.30957344480193e-6,0.8635415163523958
5.623413251903491e-10,0.00001584893192461114,4.5341613243061545
5.623413251903491e-10,0.000039810717055349695,21.225433648851443
5.623413251903491e-10,0.0001,90.70648917454278
1.e-9,1.e-6,0.04911597463576215
1.e-9,2.5118864315095823e-6,0.2761316943140588
1.e-9,6.30957344480193e-6,1.5355893219662933
1.e-9,0.00001584893192461114,8.062799501059265
1.e-9,0.000039810717055349695,37.74626276113283
1.e-9,0.0001,161.29805611042443
