1.e-10,1.e-6,0.0038308261662603955
1.e-10,2.5118864315095823e-6,0.021311523162341358
1.e-10,6.30957344480193e-6,0.11187788618535882
1.e-10,0.00001584893192461114,0.5237245421912603
1.e-10,0.000039810717055349695,2.2415079873360972
1.e-10,0.0001,9.612126473437494
1.778279410038923e-10,1.e-6,0.006812241076784875
1.778279410038923e-10,2.5118864315095823e-6,0.037898104487382005
1.778279410038923e-10,6.30957344480193e-6,0.19894457664161988
1.778279410038923e-10,0.00001584893192461114,0.9313091883306905
1.778279410038923e-10,0.000039810717055349695,3.986049558427324
1.778279410038923e-10,0.0001,17.093481534523427
3.1622776601683795e-10,1.e-6,0.012114111853534401
3.1622776601683795e-10,2.5118864315095823e-6,0.06739316420266263
3.1622776601683795e-10,6.30957344480193e-6,0.3537895505473161
3.1622776601683795e-10,0.00001584893192461114,1.6560930837443817
3.1622776601683795e-10,0.000039810717055349695,7.088473360210367
3.1622776601683795e-10,0.0001,30.396726707722173
5.623413251903491e-10,1.e-6,0.021542196586557056
5.623413251903491e-10,2.5118864315095823e-6,0.119843428538938
5.623413251903491e-10,6.30957344480193e-6,0.6291224409746206
5.623413251903491e-10,0.00001584893192461114,2.9450489723443374
5.623413251903491e-10,0.000039810717055349695,12.6053287058557
5.623413251903491e-10,0.0001,54.054048327687596
1.e-9,1.e-6,0.03830813428006246
1.e-9,2.5118864315095823e-6,0.21311392956285585
1.e-9,6.30957344480193e-6,1.1187276943058502
1.e-9,0.00001584893192461114,5.237055717548897
1.e-9,0.000039810717055349695,22.416103164518884
1.e-9,0.0001,96.1217137279997
1.7782794100389228e-9,1.e-6,0.06812253626616266
1.7782794100389228e-9,2.5118864315095823e-6,0.3789764462436833
1.7782794100389228e-9,6.30957344480193e-6,1.9894591361265932
1.7782794100389228e-9,0.00001584893192461114,9.312874669625417
1.7782794100389228e-9,0.000039810717055349695,39.86053236181475
1.7782794100389228e-9,0.0001,170.93270640948333
3.1622776601683795e-9,1.e-6,0.12114011690849197
3.1622776601683795e-9,2.5118864315095823e-6,0.6739269250484259
3.1622776601683795e-9,6.30957344480193e-6,3.5377856079457235
3.1622776601683795e-9,0.00001584893192461114,16.56128018719741
3.1622776601683795e-9,0.000039810717055349695,70.88594927986446
3.1622776601683795e-9,0.0001,303.9715762704184
5.623413251903491e-9,1.e-6,0.21542178066688442
5.623413251903491e-9,2.5118864315095823e-6,1.1984271715799981
5.623413251903491e-9,6.30957344480193e-6,6.291312051195341
5.623413251903491e-9,0.00001584893192461114,29.44997676335508
5.623413251903491e-9,0.000039810717055349695,126.05089317461821
5.623413251903491e-9,0.0001,540.5288023534547
1.e-8,1.e-6,0.3830797479345272
1.e-8,2.5118864315095823e-6,2.1311523430472934
1.e-8,6.30957344480193e-6,11.187610078118949
1.e-8,0.00001584893192461114,52.37063126473775
1.e-8,0.000039810717055349695,224.1491702483257
1.e-8,0.0001,961.2194856072649
1.7782794100389228e-8,1.e-6,0.6812229763075766
1.7782794100389228e-8,2.5118864315095823e-6,3.789750222062686
1.7782794100389228e-8,6.30957344480193e-6,19.895174122058357
1.7782794100389228e-8,0.00001584893192461114,93.13469436267432
1.7782794100389228e-8,0.000039810717055349695,398.5881847438426
1.7782794100389228e-8,0.0001,1709.3400177706953
3.162277660168379e-8,1.e-6,1.2114111389643478
3.162277660168379e-8,2.5118864315095823e-6,6.739225350267114
3.162277660168379e-8,6.30957344480193e-6,35.37802146009884
3.162277660168379e-8,0.00001584893192461114,165.61900323187268
3.162277660168379e-8,0.000039810717055349695,708.8384306713892
3.162277660168379e-8,0.0001,3039.6475027640836
5.6234132519034905e-8,1.e-6,2.154214148870739
5.6234132519034905e-8,2.5118864315095823e-6,11.984331052476477
5.6234132519034905e-8,6.30957344480193e-6,62.91157002085391
5.6234132519034905e-8,0.00001584893192461114,294.49840463631523
5.6234132519034905e-8,0.000039810717055349695,1260.484477039415
5.6234132519034905e-8,0.0001,5405.334488946345
1.e-7,1.e-6,3.8308017357284037
1.e-7,2.5118864315095823e-6,21.311588008359376
1.e-7,6.30957344480193e-6,111.87372469397157
1.e-7,0.00001584893192461114,523.7197571846725
1.e-7,0.000039810717055349695,2241.492600474092
1.e-7,0.0001,9612.314602347558
1.7782794100389227e-7,1.e-6,6.812261974670332
1.7782794100389227e-7,2.5118864315095823e-6,37.89814564264584
1.7782794100389227e-7,6.30957344480193e-6,198.94570898090075
1.7782794100389227e-7,0.00001584893192461114,931.3436269768413
1.7782794100389227e-7,0.000039810717055349695,3986.1740590690547
1.7782794100389227e-7,0.0001,17093.15842336963
3.162277660168379e-7,1.e-6,12.114066445086234
3.162277660168379e-7,2.5118864315095823e-6,67.39306638154983
3.162277660168379e-7,6.30957344480193e-6,353.78087832547186
3.162277660168379e-7,0.00001584893192461114,1656.1218875087363
3.162277660168379e-7,0.000039810717055349695,7088.547427366566
3.162277660168379e-7,0.0001,30396.437187376294
5.62341325190349e-7,1.e-6,21.54221845046353
5.62341325190349e-7,2.5118864315095823e-6,119.84314212773356
5.62341325190349e-7,6.30957344480193e-6,629.105667081294
5.62341325190349e-7,0.00001584893192461114,2944.968333967647
5.62341325190349e-7,0.000039810717055349695,12604.641517730026
5.62341325190349e-7,0.0001,54053.40083863879
1.e-6,1.e-6,38.3078574546617
1.e-6,2.5118864315095823e-6,213.11521751874398
1.e-6,6.30957344480193e-6,1118.7479880411822
1.e-6,0.00001584893192461114,5237.160710477869
1.e-6,0.000039810717055349695,22414.47776753379
1.e-6,0.0001,96122.1363357064
1.778279410038923e-6,1.e-6,68.12248163184151
1.778279410038923e-6,2.5118864315095823e-6,378.9769374658482
1.778279410038923e-6,6.30957344480193e-6,1989.4666310428927
1.778279410038923e-6,0.00001584893192461114,9312.873764054602
1.778279410038923e-6,0.000039810717055349695,39859.10116380182
1.778279410038923e-6,0.0001,170933.59744132
3.162277660168379e-6,1.e-6,121.14104741601568
3.162277660168379e-6,2.5118864315095823e-6,673.9236515582812
3.162277660168379e-6,6.30957344480193e-6,3537.806947868937
3.162277660168379e-6,0.00001584893192461114,16561.345089603645
3.162277660168379e-6,0.000039810717055349695,70880.82319758336
3.162277660168379e-6,0.0001,303965.2068745212
5.623413251903491e-6,1.e-6,215.42148740313203
5.623413251903491e-6,2.5118864315095823e-6,1198.4299660521065
5.623413251903491e-6,6.30957344480193e-6,6291.301699099815
5.623413251903491e-6,0.00001584893192461114,29450.460906812437
5.623413251903491e-6,0.000039810717055349695,126048.43460119514
5.623413251903491e-6,0.0001,540544.0829093244
0.00001,1.e-6,383.079561947018
0.00001,2.5118864315095823e-6,2131.1350019135966
0.00001,6.30957344480193e-6,11187.745994962757
0.00001,0.00001584893192461114,52369.969115479405
0.00001,0.000039810717055349695,224154.28843357053
0.00001,0.0001,961204.6942652428
0.00001778279410038923,1.e-6,681.2159492925349
0.00001778279410038923,2.5118864315095823e-6,3789.719486577369
0.00001778279410038923,6.30957344480193e-6,19895.082744805633
0.00001778279410038923,0.00001584893192461114,93131.30627777132
0.00001778279410038923,0.000039810717055349695,398603.60538907757
0.00001778279410038923,0.0001,1.7092977655810337e6
0.000031622776601683795,1.e-6,1211.387440762648
0.000031622776601683795,2.5118864315095823e-6,6739.0881898144535
0.000031622776601683795,6.30957344480193e-6,35377.3455958224
0.000031622776601683795,0.00001584893192461114,165607.1163255282
0.000031622776601683795,0.000039810717055349695,708833.1390211376
0.000031622776601683795,0.0001,3.039614739860775e6
0.00005623413251903491,1.e-6,2154.129537342408
0.00005623413251903491,2.5118864315095823e-6,11983.971608411477
0.00005623413251903491,6.30957344480193e-6,62908.70108651944
0.00005623413251903491,0.00001584893192461114,294497.14874004386
0.00005623413251903491,0.000039810717055349695,1.2604547999582002e6
0.00005623413251903491,0.0001,5.405224055897539e6
0.0001,1.e-6,3830.557422688086
0.0001,2.5118864315095823e-6,21309.95920938917
0.0001,6.30957344480193e-6,111867.67817662624
0.0001,0.00001584893192461114,523672.2326313211
0.0001,0.000039810717055349695,2.241437403651598e6
0.0001,0.0001,9.611336712780708e6
