1.e-14,1.e-6,1.3126916924653763e-6
1.e-14,2.5118864315095823e-6,7.352756287460788e-6
1.e-14,6.30957344480193e-6,0.00003981807021993527
1.e-14,0.00001584893192461114,0.0001957059796657593
1.e-14,0.000039810717055349695,0.0008586088426907953
1.e-14,0.0001,0.0036282970513553674
1.7782794100389227e-14,1.e-6,2.334326327444413e-6
1.7782794100389227e-14,2.5118864315095823e-6,0.000013075199943895155
1.7782794100389227e-14,6.30957344480193e-6,0.00007080647454115247
1.7782794100389227e-14,0.00001584893192461114,0.0003480337421475299
1.7782794100389227e-14,0.000039810717055349695,0.0015268451677292922
1.7782794100389227e-14,0.0001,0.006452235049665244
3.1622776601683796e-14,1.e-6,4.15111001424518e-6
3.1622776601683796e-14,2.5118864315095823e-6,0.00002325135752025789
3.1622776601683796e-14,6.30957344480193e-6,0.00012591255798369053
3.1622776601683796e-14,0.00001584893192461114,0.0006188676618547671
3.1622776601683796e-14,0.000039810717055349695,0.002715104802208123
3.1622776601683796e-14,0.0001,0.011473590566643252
5.6234132519034906e-14,1.e-6,7.381815033692693e-6
5.6234132519034906e-14,2.5118864315095823e-6,0.00004134763253143151
5.6234132519034906e-14,6.30957344480193e-6,0.00022391017567602588
5.6234132519034906e-14,0.00001584893192461114,0.0011005188407679104
5.6234132519034906e-14,0.000039810717055349695,0.004828137517750671
5.6234132519034906e-14,0.0001,0.02040351687603559
1.e-13,1.e-6,0.0000131269386902192
1.e-13,2.5118864315095823e-6,0.00007352688396061624
1.e-13,6.30957344480193e-6,0.00039817625885643073
1.e-13,0.00001584893192461114,0.0019570703761699216
1.e-13,0.000039810717055349695,0.008585912218046277
1.e-13,0.0001,0.036281714380142355
1.7782794100389227e-13,1.e-6,0.000023343351180038923
1.7782794100389227e-13,2.5118864315095823e-6,0.0001307513486953801
1.7782794100389227e-13,6.30957344480193e-6,0.0007080561340165276
1.7782794100389227e-13,0.00001584893192461114,0.003480267340428746
1.7782794100389227e-13,0.000039810717055349695,0.015268591213815567
1.7782794100389227e-13,0.0001,0.06452201172030922
3.162277660168379e-13,1.e-6,0.00004151106144222043
3.162277660168379e-13,2.5118864315095823e-6,0.00023251478425280255
3.162277660168379e-13,6.30957344480193e-6,0.0012591396748010337
3.162277660168379e-13,0.00001584893192461114,0.006188608010969178
3.162277660168379e-13,0.000039810717055349695,0.02715178810274799
3.162277660168379e-13,0.0001,0.11473653083752419
5.62341325190349e-13,1.e-6,0.00007381818314780427
5.62341325190349e-13,2.5118864315095823e-6,0.0004134723529524052
5.62341325190349e-13,6.30957344480193e-6,0.0022391001520123332
5.62341325190349e-13,0.00001584893192461114,0.011005573908066963
5.62341325190349e-13,0.000039810717055349695,0.04828274001761649
5.62341325190349e-13,0.0001,0.20403767022071
1.e-12,1.e-6,0.0001312689084697635
1.e-12,2.5118864315095823e-6,0.0007352774478777764
1.e-12,6.30957344480193e-6,0.003981735544288703
1.e-12,0.00001584893192461114,0.01957038965110582
1.e-12,0.000039810717055349695,0.08586283489299625
1.e-12,0.0001,0.36283058597475876
1.7782794100389228e-12,1.e-6,0.00023343346451839991
1.7782794100389228e-12,2.5118864315095823e-6,0.001307524144499211
1.7782794100389228e-12,6.30957344480193e-6,0.007080481565691879
1.7782794100389228e-12,0.00001584893192461114,0.03480197977968084
1.7782794100389228e-12,0.000039810717055349695,0.15268231421285708
1.7782794100389228e-12,0.0001,0.6452367900104351
3.1622776601683794e-12,1.e-6,0.00041510764251078753
3.1622776601683794e-12,2.5118864315095823e-6,0.002325119967253907
3.1622776601683794e-12,6.30957344480193e-6,0.012591518696024024
3.1622776601683794e-12,0.00001584893192461114,0.06188608871705219
3.1622776601683794e-12,0.000039810717055349695,0.2715111816116695
3.1622776601683794e-12,0.0001,1.1473698602724691
5.6234132519034904e-12,1.e-6,0.0007381790895494546
5.6234132519034904e-12,2.5118864315095823e-6,0.004134730013069943
5.6234132519034904e-12,6.30957344480193e-6,0.022391006562551784
5.6234132519034904e-12,0.00001584893192461114,0.11005171519766885
5.6234132519034904e-12,0.000039810717055349695,0.482822205959264
5.6234132519034904e-12,0.0001,2.040258759841813
1.e-11,1.e-6,0.001312689143616077
1.e-11,2.5118864315095823e-6,0.007352772480628715
1.e-11,6.30957344480193e-6,0.039817841361711195
1.e-11,0.00001584893192461114,0.19570390291059975
1.e-11,0.000039810717055349695,0.8586059183035881
1.e-11,0.0001,3.628313145021262
1.7782794100389227e-11,1.e-6,0.002334347715429515
1.7782794100389227e-11,2.5118864315095823e-6,0.01307513065870158
1.7782794100389227e-11,6.30957344480193e-6,0.07080683827690652
1.7782794100389227e-11,0.00001584893192461114,0.34803718138590245
1.7782794100389227e-11,0.000039810717055349695,1.5267582053973139
1.7782794100389227e-11,0.0001,6.452266015046442
3.1622776601683794e-11,1.e-6,0.004151086740018171
3.1622776601683794e-11,2.5118864315095823e-6,0.02325135289684193
3.1622776601683794e-11,6.30957344480193e-6,0.1259121887243527
3.1622776601683794e-11,0.00001584893192461114,0.6188635827030677
3.1622776601683794e-11,0.000039810717055349695,2.715064741228197
3.1622776601683794e-11,0.0001,11.47392388623385
5.6234132519034906e-11,1.e-6,0.007381813448985192
5.6234132519034906e-11,2.5118864315095823e-6,0.04134733774562833
5.6234132519034906e-11,6.30957344480193e-6,0.22391102111733513
5.6234132519034906e-11,0.00001584893192461114,1.1005560937083163
5.6234132519034906e-11,0.000039810717055349695,4.828314435472958
5.6234132519034906e-11,0.0001,20.403124163288894
1.e-10,1.e-6,0.01312692771292967
1.e-10,2.5118864315095823e-6,0.07352712899627793
1.e-10,6.30957344480193e-6,0.39817590318913265
1.e-10,0.00001584893192461114,1.9570247205538154
1.e-10,0.000039810717055349695,8.586053013029378
1.e-10,0.0001,36.28247376258405
1.778279410038923e-10,1.e-6,0.023343369654303416
1.778279410038923e-10,2.5118864315095823e-6,0.13075079392684624
1.778279410038923e-10,6.30957344480193e-6,0.7080603022428454
1.778279410038923e-10,0.00001584893192461114,3.4802472728259946
1.778279410038923e-10,0.000039810717055349695,15.267910411824175
1.778279410038923e-10,0.0001,64.51966800409784
3.1622776601683795e-10,1.e-6,0.04151117969112103
3.1622776601683795e-10,2.5118864315095823e-6,0.23251499992477803
3.1622776601683795e-10,6.30957344480193e-6,1.2591228044922465
3.1622776601683795e-10,0.00001584893192461114,6.188779232462438
3.1622776601683795e-10,0.000039810717055349695,27.151463758923782
3.1622776601683795e-10,0.0001,114.73494729215258
5.623413251903491e-10,1.e-6,0.07381841774023322
5.623413251903491e-10,2.5118864315095823e-6,0.4134732094671909
5.623413251903491e-10,6.30957344480193e-6,2.239102204602652
5.623413251903491e-10,0.00001584893192461114,11.005250183020268
5.623413251903491e-10,0.000039810717055349695,48.28215272583159
5.623413251903491e-10,0.0001,204.04075030247913
1.e-9,1.e-6,0.13126942083850485
1.e-9,2.5118864315095823e-6,0.7352704214474167
1.e-9,6.30957344480193e-6,3.9817834158450434
1.e-9,0.00001584893192461114,19.570673054608772
1.e-9,0.000039810717055349695,85.85672389766646
1.e-9,0.0001,362.8242016319427
