1.e-10,1.e-6,0.002711210042671722
1.e-10,2.5118864315095823e-6,0.015653926654391696
1.e-10,6.30957344480193e-6,0.08854394642415037
1.e-10,0.00001584893192461114,0.49774805584299864
1.e-10,0.000039810717055349695,2.769893550806864
1.e-10,0.0001,14.585728506145333
1.778279410038923e-10,1.e-6,0.004821289441900462
1.778279410038923e-10,2.5118864315095823e-6,0.027836955305910908
1.778279410038923e-10,6.30957344480193e-6,0.1574560868080357
1.778279410038923e-10,0.00001584893192461114,0.8851290720200111
1.778279410038923e-10,0.000039810717055349695,4.925658040030007
1.778279410038923e-10,0.0001,25.93760757917442
3.1622776601683795e-10,1.e-6,0.008573619318784876
3.1622776601683795e-10,2.5118864315095823e-6,0.04950197620457395
3.1622776601683795e-10,6.30957344480193e-6,0.2799996402081735
3.1622776601683795e-10,0.00001584893192461114,1.5740067809629172
3.1622776601683795e-10,0.000039810717055349695,8.759110974089156
3.1622776601683795e-10,0.0001,46.12368033260502
5.623413251903491e-10,1.e-6,0.015246265810848038
5.623413251903491e-10,2.5118864315095823e-6,0.08802866925708963
5.623413251903491e-10,6.30957344480193e-6,0.4979171727518173
5.623413251903491e-10,0.00001584893192461114,2.799040886326611
5.623413251903491e-10,0.000039810717055349695,15.57626990464589
5.623413251903491e-10,0.0001,82.02452853253303
1.e-9,1.e-6,0.02711208660339908
1.e-9,2.5118864315095823e-6,0.15653853012862268
1.e-9,6.30957344480193e-6,0.8854366781397893
1.e-9,0.00001584893192461114,4.97748105045531
1.e-9,0.000039810717055349695,27.699059409973188
1.e-9,0.0001,145.85708074501952
1.7782794100389228e-9,1.e-6,0.048212919700719226
1.7782794100389228e-9,2.5118864315095823e-6,0.2783689069579074
1.7782794100389228e-9,6.30957344480193e-6,1.574547631038131
1.7782794100389228e-9,0.00001584893192461114,8.851294762308072
1.7782794100389228e-9,0.000039810717055349695,49.25602483994302
1.7782794100389228e-9,0.0001,259.3763008960348
3.1622776601683795e-9,1.e-6,0.08573598620647131
3.1622776601683795e-9,2.5118864315095823e-6,0.49501991429999814
3.1622776601683795e-9,6.30957344480193e-6,2.80000583446666
3.1622776601683795e-9,0.00001584893192461114,15.740098342309805
3.1622776601683795e-9,0.000039810717055349695,87.59201886494806
3.1622776601683795e-9,0.0001,461.23614895372134
5.623413251903491e-9,1.e-6,0.15246318646379495
5.623413251903491e-9,2.5118864315095823e-6,0.8802832266798509
5.623413251903491e-9,6.30957344480193e-6,4.979185144580204
5.623413251903491e-9,0.00001584893192461114,27.99031678811027
5.623413251903491e-9,0.000039810717055349695,155.7625172168228
5.623413251903491e-9,0.0001,820.1982183605993
1.e-8,1.e-6,0.2711210499599445
1.e-8,2.5118864315095823e-6,1.565388849615317
1.e-8,6.30957344480193e-6,8.854392732264367
1.e-8,0.00001584893192461114,49.77445305156076
1.e-8,0.000039810717055349695,276.98850603120434
1.e-8,0.0001,1458.5556393861461
1.7782794100389228e-8,1.e-6,0.4821264642031113
1.7782794100389228e-8,2.5118864315095823e-6,2.7837002618994524
1.7782794100389228e-8,6.30957344480193e-6,15.745596450336468
1.7782794100389228e-8,0.00001584893192461114,88.51258885527331
1.7782794100389228e-8,0.000039810717055349695,492.5654389644396
1.7782794100389228e-8,0.0001,2593.7904063381384
3.162277660168379e-8,1.e-6,0.8573610876036585
3.162277660168379e-8,2.5118864315095823e-6,4.950208736112796
3.162277660168379e-8,6.30957344480193e-6,28.000009454563386
3.162277660168379e-8,0.00001584893192461114,157.4016947537737
3.162277660168379e-8,0.000039810717055349695,875.9212325807737
3.162277660168379e-8,0.0001,4612.4110671572
5.6234132519034905e-8,1.e-6,1.5246289570278801
5.6234132519034905e-8,2.5118864315095823e-6,8.802778315848734
5.6234132519034905e-8,6.30957344480193e-6,49.7918073391723
5.6234132519034905e-8,0.00001584893192461114,279.9024293116576
5.6234132519034905e-8,0.000039810717055349695,1557.6334415720012
5.6234132519034905e-8,0.0001,8202.223936338945
1.e-7,1.e-6,2.711208960586201
1.e-7,2.5118864315095823e-6,15.65385568748857
1.e-7,6.30957344480193e-6,88.5435340552914
1.e-7,0.00001584893192461114,497.7430176167234
1.e-7,0.000039810717055349695,2769.8954915854015
1.e-7,0.0001,14585.66866130958
1.7782794100389227e-7,1.e-6,4.821294152523958
1.7782794100389227e-7,2.5118864315095823e-6,27.836954477511988
1.7782794100389227e-7,6.30957344480193e-6,157.4564207046991
1.7782794100389227e-7,0.00001584893192461114,885.127558254648
1.7782794100389227e-7,0.000039810717055349695,4925.637519903071
1.7782794100389227e-7,0.0001,25937.852944959428
3.162277660168379e-7,1.e-6,8.573601238716103
3.162277660168379e-7,2.5118864315095823e-6,49.50181184431044
3.162277660168379e-7,6.30957344480193e-6,279.9989529590088
3.162277660168379e-7,0.00001584893192461114,1574.00036322622
3.162277660168379e-7,0.000039810717055349695,8759.178148076162
3.162277660168379e-7,0.0001,46123.7615262568
5.62341325190349e-7,1.e-6,15.246241999135314
5.62341325190349e-7,2.5118864315095823e-6,88.02840083682678
5.62341325190349e-7,6.30957344480193e-6,497.9161112078938
5.62341325190349e-7,0.00001584893192461114,2799.025579966689
5.62341325190349e-7,0.000039810717055349695,15576.30325158412
5.62341325190349e-7,0.0001,82019.57078380074
1.e-6,1.e-6,27.1119785572346
1.e-6,2.5118864315095823e-6,156.53743404494483
1.e-6,6.30957344480193e-6,885.4329237248706
1.e-6,0.00001584893192461114,4977.453312980903
1.e-6,0.000039810717055349695,27698.75654963115
1.e-6,0.0001,145858.76095349985
1.778279410038923e-6,1.e-6,48.212691251169616
1.778279410038923e-6,2.5118864315095823e-6,278.3672412394431
1.778279410038923e-6,6.30957344480193e-6,1574.5591705904733
1.778279410038923e-6,0.00001584893192461114,8851.265899258096
1.778279410038923e-6,0.000039810717055349695,49256.46535302743
1.778279410038923e-6,0.0001,259372.6786831084
3.162277660168379e-6,1.e-6,85.73604319670468
3.162277660168379e-6,2.5118864315095823e-6,495.0181383263088
3.162277660168379e-6,6.30957344480193e-6,2799.9900663992807
3.162277660168379e-6,0.00001584893192461114,15740.070930846421
3.162277660168379e-6,0.000039810717055349695,87591.01589785371
3.162277660168379e-6,0.0001,461242.63438951515
5.623413251903491e-6,1.e-6,152.46233308028684
5.623413251903491e-6,2.5118864315095823e-6,880.2808666206839
5.623413251903491e-6,6.30957344480193e-6,4979.170855301189
5.623413251903491e-6,0.00001584893192461114,27990.268737082286
5.623413251903491e-6,0.000039810717055349695,155762.31767442197
5.623413251903491e-6,0.0001,820213.6528407631
0.00001,1.e-6,271.11955673545356
0.00001,2.5118864315095823e-6,1565.377988920307
0.00001,6.30957344480193e-6,8854.32623718124
0.00001,0.00001584893192461114,49774.08324436465
0.00001,0.000039810717055349695,276987.82426582347
0.00001,0.0001,1.4585735918420053e6
0.00001778279410038923,1.e-6,482.1217978259188
0.00001778279410038923,2.5118864315095823e-6,2783.6646472929096
0.00001778279410038923,6.30957344480193e-6,15745.383584268544
0.00001778279410038923,0.00001584893192461114,88511.88266404872
0.00001778279410038923,0.000039810717055349695,492558.36168095114
0.00001778279410038923,0.0001,2.5937444109432735e6
0.000031622776601683795,1.e-6,857.3424102017357
0.000031622776601683795,2.5118864315095823e-6,4950.09483993193
0.000031622776601683795,6.30957344480193e-6,27999.504687001303
0.000031622776601683795,0.00001584893192461114,157397.72279997123
0.000031622776601683795,0.000039810717055349695,875900.0501427769
0.000031622776601683795,0.0001,4.612307453513081e6
0.00005623413251903491,1.e-6,1524.5718030882194
0.00005623413251903491,2.5118864315095823e-6,8802.460558136683
0.00005623413251903491,6.30957344480193e-6,49790.02525143597
0.00005623413251903491,0.00001584893192461114,279890.53754276776
0.00005623413251903491,0.000039810717055349695,1.5575615803426544e6
0.00005623413251903491,0.0001,8.20179694843416e6
0.0001,1.e-6,2711.0172552619724
0.0001,2.5118864315095823e-6,15652.854230809548
0.0001,6.30957344480193e-6,88538.06215161792
0.0001,0.00001584893192461114,497712.51598999044
0.0001,0.000039810717055349695,2.769701231405555e6
0.0001,0.0001,1.4584830079889974e7
