1.e-10,1.e-6,0.00020928820904179228
1.e-10,2.5118864315095823e-6,0.0011880275565059268
1.e-10,6.30957344480193e-6,0.0066987042845505045
1.e-10,0.00001584893192461114,0.037473572329827176
1.e-10,0.000039810717055349695,0.1996992141808983
1.e-10,0.0001,0.9549981846235969
1.778279410038923e-10,1.e-6,0.0003721713838507768
1.778279410038923e-10,2.5118864315095823e-6,0.00211265884302674
1.778279410038923e-10,6.30957344480193e-6,0.011912086406778617
1.778279410038923e-10,0.00001584893192461114,0.06663844376466488
1.778279410038923e-10,0.000039810717055349695,0.35512207086225744
1.778279410038923e-10,0.0001,1.6982461004044176
3.1622776601683795e-10,1.e-6,0.000661826324922724
3.1622776601683795e-10,2.5118864315095823e-6,0.0037568932259624704
3.1622776601683795e-10,6.30957344480193e-6,0.02118308049628407
3.1622776601683795e-10,0.00001584893192461114,0.11850160106864065
3.1622776601683795e-10,0.000039810717055349695,0.6315124180283804
3.1622776601683795e-10,0.0001,3.019934447021846
5.623413251903491e-10,1.e-6,0.0011769079749349646
5.623413251903491e-10,2.5118864315095823e-6,0.0066807733227308205
5.623413251903491e-10,6.30957344480193e-6,0.03766926169573404
5.623413251903491e-10,0.00001584893192461114,0.21072624576042695
5.623413251903491e-10,0.000039810717055349695,1.1229983380612072
5.623413251903491e-10,0.0001,5.370444796056054
1.e-9,1.e-6,0.0020928838790621827
1.e-9,2.5118864315095823e-6,0.011880352397949176
1.e-9,6.30957344480193e-6,0.06698695130659106
1.e-9,0.00001584893192461114,0.3747368616907799
1.e-9,0.000039810717055349695,1.997021098678925
1.e-9,0.0001,9.549637147570966
1.7782794100389228e-9,1.e-6,0.003721743399794483
1.7782794100389228e-9,2.5118864315095823e-6,0.021126585799170067
1.7782794100389228e-9,6.30957344480193e-6,0.11912160315800266
1.7782794100389228e-9,0.00001584893192461114,0.6663781954440889
1.7782794100389228e-9,0.000039810717055349695,3.55122851667702
1.7782794100389228e-9,0.0001,16.982172989307095
3.1622776601683795e-9,1.e-6,0.00661828295271143
3.1622776601683795e-9,2.5118864315095823e-6,0.03756895121896193
3.1622776601683795e-9,6.30957344480193e-6,0.211830215320562
3.1622776601683795e-9,0.00001584893192461114,1.1850089676605136
3.1622776601683795e-9,0.000039810717055349695,6.3150847131500685
3.1622776601683795e-9,0.0001,30.198929515900037
5.623413251903491e-9,1.e-6,0.011769147838240573
5.623413251903491e-9,2.5118864315095823e-6,0.06680821815233831
5.623413251903491e-9,6.30957344480193e-6,0.37669205606594125
5.623413251903491e-9,0.00001584893192461114,2.107278376340349
5.623413251903491e-9,0.000039810717055349695,11.229929058991884
5.623413251903491e-9,0.0001,53.702449016783966
1.e-8,1.e-6,0.02092883230151503
1.e-8,2.5118864315095823e-6,0.11880333477302397
1.e-8,6.30957344480193e-6,0.6698647929784889
1.e-8,0.00001584893192461114,3.747306475027204
1.e-8,0.000039810717055349695,19.970132071681594
1.e-8,0.0001,95.4979420554729
1.7782794100389228e-8,1.e-6,0.03721725439223345
1.7782794100389228e-8,2.5118864315095823e-6,0.21126633935161085
1.7782794100389228e-8,6.30957344480193e-6,1.1912113210130515
1.7782794100389228e-8,0.00001584893192461114,6.6638087348697645
1.7782794100389228e-8,0.000039810717055349695,35.5123745661262
1.7782794100389228e-8,0.0001,169.82894862030383
3.162277660168379e-8,1.e-6,0.06618284390169803
3.162277660168379e-8,2.5118864315095823e-6,0.3756900289219084
3.162277660168379e-8,6.30957344480193e-6,2.1183086873252956
3.162277660168379e-8,0.00001584893192461114,11.850114687436966
3.162277660168379e-8,0.000039810717055349695,63.15193418571597
3.162277660168379e-8,0.0001,301.99557087985363
5.6234132519034905e-8,1.e-6,0.117691273527029
5.6234132519034905e-8,2.5118864315095823e-6,0.6680814233009138
5.6234132519034905e-8,6.30957344480193e-6,3.7669214464308745
5.6234132519034905e-8,0.00001584893192461114,21.073014138772983
5.6234132519034905e-8,0.000039810717055349695,112.3007738720463
5.6234132519034905e-8,0.0001,537.042734667604
1.e-7,1.e-6,0.2092879302911664
1.e-7,2.5118864315095823e-6,1.1880365566484865
1.e-7,6.30957344480193e-6,6.698699442998843
1.e-7,0.00001584893192461114,37.47323213949078
1.e-7,0.000039810717055349695,199.69852534495487
1.e-7,0.0001,955.0045657988172
1.7782794100389227e-7,1.e-6,0.3721731174863958
1.7782794100389227e-7,2.5118864315095823e-6,2.1126498695704727
1.7782794100389227e-7,6.30957344480193e-6,11.912146830927032
1.7782794100389227e-7,0.00001584893192461114,66.63778414736515
1.7782794100389227e-7,0.000039810717055349695,355.1294737389838
1.7782794100389227e-7,0.0001,1698.26484739997
3.162277660168379e-7,1.e-6,0.6618270056215272
3.162277660168379e-7,2.5118864315095823e-6,3.7569086709005317
3.162277660168379e-7,6.30957344480193e-6,21.182979394460553
3.162277660168379e-7,0.00001584893192461114,118.50001923937977
3.162277660168379e-7,0.000039810717055349695,631.516457981733
3.162277660168379e-7,0.0001,3020.119394104824
5.62341325190349e-7,1.e-6,1.176912958639301
5.62341325190349e-7,2.5118864315095823e-6,6.680772283977446
5.62341325190349e-7,6.30957344480193e-6,37.66959870172467
5.62341325190349e-7,0.00001584893192461114,210.72827587107776
5.62341325190349e-7,0.000039810717055349695,1122.9984173988375
5.62341325190349e-7,0.0001,5370.272726052273
1.e-6,1.e-6,2.0928788218347156
1.e-6,2.5118864315095823e-6,11.880363315824836
1.e-6,6.30957344480193e-6,66.9868401521942
1.e-6,0.00001584893192461114,374.728944738309
1.e-6,0.000039810717055349695,1997.0102118926338
1.e-6,0.0001,9549.894603110923
1.778279410038923e-6,1.e-6,3.721723445895537
1.778279410038923e-6,2.5118864315095823e-6,21.126583038899746
1.778279410038923e-6,6.30957344480193e-6,119.1210669655525
1.778279410038923e-6,0.00001584893192461114,666.3777661933963
1.778279410038923e-6,0.000039810717055349695,3551.2508936324257
1.778279410038923e-6,0.0001,16983.52216611743
3.162277660168379e-6,1.e-6,6.618272360848871
3.162277660168379e-6,2.5118864315095823e-6,37.56872282697598
3.162277660168379e-6,6.30957344480193e-6,211.8321521701922
3.162277660168379e-6,0.00001584893192461114,1184.9935263980453
3.162277660168379e-6,0.000039810717055349695,6315.1294021523845
3.162277660168379e-6,0.0001,30200.135717747788
5.623413251903491e-6,1.e-6,11.769069711625026
5.623413251903491e-6,2.5118864315095823e-6,66.80800397133899
5.623413251903491e-6,6.30957344480193e-6,376.69378245962287
5.623413251903491e-6,0.00001584893192461114,2107.2757714375284
5.623413251903491e-6,0.000039810717055349695,11230.19035850461
5.623413251903491e-6,0.0001,53701.58346079097
0.00001,1.e-6,20.928685208043387
0.00001,2.5118864315095823e-6,118.80250460710344
0.00001,6.30957344480193e-6,669.8649902977536
0.00001,0.00001584893192461114,3747.2825713356383
0.00001,0.000039810717055349695,19970.03302953174
0.00001,0.0001,95497.34458770706
0.00001778279410038923,1.e-6,37.216909420345914
0.00001778279410038923,2.5118864315095823e-6,211.2636205213427
0.00001778279410038923,6.30957344480193e-6,1191.1931947094872
0.00001778279410038923,0.00001584893192461114,6663.709022860017
0.00001778279410038923,0.000039810717055349695,35512.41175628603
0.00001778279410038923,0.0001,169818.74038050097
0.000031622776601683795,1.e-6,66.18093432960274
0.000031622776601683795,2.5118864315095823e-6,375.68207844803084
0.000031622776601683795,6.30957344480193e-6,2118.254471581558
0.000031622776601683795,0.00001584893192461114,11849.817228114816
0.000031622776601683795,0.000039810717055349695,63151.05398542088
0.000031622776601683795,0.0001,301983.5749188481
0.00005623413251903491,1.e-6,117.68732747302282
0.00005623413251903491,2.5118864315095823e-6,668.0567724764697
0.00005623413251903491,6.30957344480193e-6,3766.799047236121
0.00005623413251903491,0.00001584893192461114,21072.02013149672
0.00005623413251903491,0.000039810717055349695,112295.01846878605
0.00005623413251903491,0.0001,537032.5313392311
0.0001,1.e-6,209.2735462860688
0.0001,2.5118864315095823e-6,1187.9545970462912
0.0001,6.30957344480193e-6,6698.230389878723
0.0001,0.00001584893192461114,37470.82557552869
0.0001,0.000039810717055349695,199686.44199760494
0.0001,0.0001,954911.1861002721
