-9.460193259148724 0.
-9.463112046800903 0.001435292884966153
-9.463154231210707 0.0013970051554224388
-9.463197975660604 0.0014881342566760256
-9.466247334438041 0.002982746746124256
-9.466335797228599 0.003036958359972216
-9.466427565896609 0.003093177044481296
-9.469404747718153 0.004547096359436886
-9.469540842961187 0.004427380302153108
-9.469682078067628 0.004716397577213689
-9.472584590889504 0.006128630244407821
-9.47276971754367 0.006241265242990648
-9.472961910642356 0.006358117923038233
-9.475787174272881 0.007727643751329977
-9.47602277795689 0.007526936414417626
-9.476267471957009 0.008018668063540098
-9.479012814415944 0.009344439270628495
-9.479300389264184 0.009518123212818596
-9.479599180550295 0.009698386145491025
-9.48226183425214 0.010979326450146862
-9.482602924857238 0.010698151405341574
-9.482957465512975 0.011397618742534244
-9.485534563264324 0.012632622420734306
-9.485930766711355 0.012870120837775573
-9.486342766852713 0.013116721127256438
-9.488831337653213 0.014304652030517931
-9.489284305650594 0.013943626772579092
-9.489755535875096 0.014856057554139476
-9.492152500510862 0.015995748088258103
-9.49266394162321 0.016299975762073603
-9.493196235581673 0.01661600155391677
-9.495498401999269 0.017706251616211244
-9.496070083987895 0.017266095621669628
-9.496665341085933 0.0183969362398833
-9.498869399534279 0.019436512112944854
-9.499503151811357 0.01981054310751205
-9.500163340088877 0.02019925584061375
-9.502265857698866 0.021186896016143493
-9.502963574177722 0.0206684399172226
-9.503690733535768 0.022023371912721808
-9.505688149176976 0.02295776484549667
-9.506451790510377 0.023404845399361184
-9.507248035261616 0.02386968904047576
-9.509136654416963 0.024749491874294267
-9.509968250906855 0.024153682591302676
-9.510835773339604 0.02573863073141971
-9.512611761800786 0.02656246337840239
-9.513513416487369 0.02708601785915246
-9.514454490384264 0.027630633096631073
-9.516113867968993 0.0283970755909851
-9.51708775975769 0.02772499409832359
-9.518104744055329 0.029546143954034137
-9.519643378039866 0.030253735035870845
-9.520691764987106 0.030857384093352442
-9.521787107631122 0.031485623236731555
-9.523200705835038 0.032132858874769694
-9.52432592860216 0.031385728488916055
-9.52550217060995 0.03344954341901914
-9.526786274111743 0.034034875269031935
-9.527990759597035 0.03472244809558069
-9.529250539341183 0.035438389961002056
-9.53040051480187 0.035960223756680836
-9.531686779961376 0.03513942266333381
-9.533032837687788 0.03745266177278975
-9.534043869258014 0.037909355645492755
-9.535414525126487 0.038684905057880144
-9.536849707722261 0.03949287169930567
-9.537716788506655 0.0398827344229479
-9.539174544430846 0.038989809402097106
-9.540701810457998 0.0415595470268139
-9.54141973350869 0.04188083618392032
-9.542967401605939 0.04274865504885285
-9.544589826618335 0.04365323001232981
-9.545153175427417 0.043904150077030045
-9.546793675283498 0.04294083155783884
-9.548514457445613 0.04577447843716217
-9.548917595904204 0.04595317877063805
-9.550653959525294 0.046917817917920226
-9.55247642555283 0.0479238661859063
-9.552713487341919 0.04802843893952276
-9.554548864376674 0.0469966575337229
-9.55647647582062 0.05010198385229926
-9.55654135319635 0.05013046177334191
-9.557956556121548 0.05090996757824302
-9.55847901644515 0.051172569077013286
-9.560406774337705 0.052137414425224106
-9.560510888105215 0.05220105991780579
-9.562445059505412 0.051161698189825175
-9.564308401565473 0.05409955294387738
-9.564582124984344 0.05426610708619792
-9.566447655132215 0.055197272542200776
-9.568243895265926 0.056088209452507906
-9.568693556371482 0.056360532703046286
-9.570487483362708 0.055440625337258874
-9.57221381951339 0.0581039465685699
-9.572846015153537 0.058484993190342845
-9.574565243389856 0.059334772453016715
-9.576218751690948 0.06014734350648761
-9.57704036120799 0.0606401653729996
-9.57868165428872 0.05983839200100511
-9.580259282872037 0.06221899671332091
-9.58127748260956 0.06282674730261258
-9.582837455777506 0.06359007488136213
-9.584336018213346 0.06431952053464658
-9.585558296906136 0.06504545912252936
-9.587033409015358 0.0643602546568449
-9.588449577359222 0.0664495479123845
-9.589883752468882 0.06729704397670726
-9.591270297439081 0.06796849777400286
-9.592600594857748 0.06860973111640929
-9.594254829921752 0.06958226896503059
-9.595548927641076 0.06901179767607353
-9.596789720588681 0.0708007425119159
-9.598672543656178 0.07190192614794423
-9.59987013029096 0.07247569643663965
-9.60101762020333 0.07302327536463958
-9.603137943437137 0.07425683360346684
-9.604234761103491 0.07379896024448296
-9.605284975576504 0.07527804468617652
-9.60765211610734 0.07664783653987
-9.608643701855643 0.07711769163031698
-9.609592485270555 0.07756578812180925
-9.612216187396932 0.07907580846755556
-9.613097861455806 0.07872806606028279
-9.613940865011518 0.07988726688340768
-9.616831323846649 0.08154165243392042
-9.617598177068434 0.0819009006056387
-9.61833084817729 0.08224326673016076
-9.621498734853212 0.08404630232528983
-9.622145615297521 0.08380585616016906
-9.622763186297707 0.08463459900009308
-9.626219674846432 0.08659072424030649
-9.626741173432748 0.08683217144838312
-9.627238649566323 0.08706210169552997
-9.630995445608454 0.08917591793950103
-9.63138588076223 0.08903952527490015
-9.63175802736358 0.08952664062591457
-9.635827398746487 0.09180291837613988
-9.63608079995624 0.09191882116653696
-9.636322128790946 0.09202911061162214
-9.640716938331499 0.09447279731384309
-9.640827028526552 0.09443676217695207
-9.640931783215507 0.09457043675270113
-9.644366847640445 0.09647331665964436
-9.645625700366402 0.0970912598205844
-9.645662777275188 0.09713750823494052
-9.650307082240392 0.09949339278591626
-9.650477987376487 0.09948167330866162
-9.650661124860392 0.09970743456449088
-9.655071859666393 0.1019319621006035
-9.655385101182826 0.10212035274024206
-9.655721139245541 0.10232221205156593
-9.659886341369429 0.10441061256379162
-9.66034829495279 0.10438596595568772
-9.66084444052905 0.1049830739565469
-9.66475149922534 0.10693038203837918
-9.665368865316108 0.10729748441083484
-9.666032716015403 0.10769130086079472
-9.669668330857549 0.10949234588036846
-9.670448154398207 0.10946236696050125
-9.671287724081244 0.1104482230324163
-9.674637860374297 0.1120976187029324
-9.675587551973878 0.11265574258758022
-9.676611298327737 0.11325522293933046
-9.679661139117053 0.11474735624379609
-9.680788497749914 0.114720464718846
-9.682005352045152 0.11611373792069216
-9.68473924641837 0.11744275734322852
-9.686052483786066 0.11820523291025378
-9.687471883018512 0.11902526302871505
-9.689873290366974 0.12018506604053901
-9.691381057064557 0.12017059993087857
-9.693012978706243 0.12199135405400538
-9.695064408577439 0.12297557379764365
-9.696775822219186 0.1239568580838134
-9.69863082182733 0.12501363074871308
-9.700313768961372 0.12581562185898904
-9.70223844443607 0.12582394333324765
-9.704327696396518 0.12809378026311705
-9.705622570496272 0.12870660375792442
-9.707770652539164 0.1299224009089974
-9.710105994251611 0.13123356081271548
-9.710992043987677 0.13164996798049003
-9.713374242274853 0.1316925835540793
-9.715968222122063 0.1344348055945022
-9.716423452819313 0.13464722079855732
-9.719051079811212 0.1361146182371996
-9.721917009293923 0.13769942697289358
-9.721918093685083 0.13769992928532465
-9.724803105469041 0.13778962670143582
-9.727495890603471 0.1405603658109544
-9.727940009670187 0.14082715596974282
-9.73063233770328 0.14220399560245947
-9.733140698579694 0.14347521664455684
-9.734054406680324 0.14402023757334093
-9.736540877355319 0.14412930960168255
-9.738853941399741 0.146446727840803
-9.740263237361404 0.14728133073776006
-9.742530912198532 0.1484236492517882
-9.744637125756531 0.14947663939218847
-9.74656966153762 0.1506127268077804
-9.748604721801746 0.150727128978175
-9.750491801772762 0.15256674406434687
-9.752977001777177 0.15401675394574918
-9.754764682737603 0.15490315558958356
-9.756419566075019 0.15571886727643788
-9.759488767091643 0.1574959259327781
-9.761013274165673 0.15759975291647466
-9.762422045985817 0.15893507395257997
-9.766108668530116 0.1610529638281414
-9.7673530838231 0.16165989846050266
-9.76850091881515 0.1622174419119986
-9.772840620224189 0.1646906335628376
-9.773786814459019 0.16476590725336432
-9.774657907653797 0.1655681297858902
-9.779688762707547 0.1684118391957911
-9.780317290752786 0.16871313367848473
-9.780894780899455 0.1689893951308162
-9.786657481150476 0.17221963195898193
-9.786947466760354 0.17235740034122637
-9.78721335265863 0.17248360036691227
-9.790300902637581 0.17421015311931112
-9.79238203684663 0.1753631876665486
-9.793620477043074 0.1760001980086882
-9.793680433937913 0.1760147973523348
-9.79374758564685 0.17607647205532412
-9.800135146240946 0.17936813550923472
-9.80051942979734 0.17946302379199958
-9.800950945034373 0.17985364066270831
-9.806739025076629 0.18281162218567382
-9.80746784725414 0.18299400502643706
-9.80828846344822 0.18372595947721135
-9.813434243648606 0.1863333397656226
-9.814529244735423 0.1866108758587825
-9.815765641696983 0.1876972280768064
-9.820222988037527 0.1899361035102268
-9.821707357123309 0.19031693738318736
-9.823388342870345 0.19177145927164344
-9.827107500183203 0.19362287091775748
-9.829006107618001 0.19411566852009468
-9.831162825630152 0.1959528947999266
-9.83409007739341 0.19739675113688293
-9.836429620614881 0.19801073855220044
-9.83909578144489 0.20024602247220954
-9.841173071408553 0.20126101515970618
-9.84398223570143 0.20200602076626614
-9.847194376341175 0.2046555949263585
-9.848358886932418 0.20521910687283793
-9.851668522892922 0.20610560731902014
-9.85546629784506 0.2091866501769688
-9.855649979522946 0.2092746550540708
-9.859493299240798 0.21031382546034963
-9.863079253718416 0.21317904645795915
-9.86389804374172 0.21366434936947878
-9.867461646964905 0.21463525526414493
-9.87062810306778 0.2171273525437967
-9.87251387558079 0.2182340560780756
-9.87557893328047 0.21907474903689017
-9.878292950950518 0.2211782001536198
-9.881327860326948 0.22294124813175747
-9.883850832113556 0.22363745259683915
-9.886076686360877 0.22533581858300306
-9.89035022435653 0.22779251257705802
-9.892283347925028 0.22832882864289336
-9.893982251298787 0.22960468265911382
-9.899592047397416 0.23279488196013295
-9.900882841893576 0.23315468246275148
-9.902012634503423 0.23398953146118173
-9.909065361972672 0.23795587402230214
-9.9096560607438 0.2381211902652736
-9.910170863448702 0.23849538883231364
-9.91663276072727 0.24210173251642605
-9.918610168546609 0.24310799129153582
-9.918776167187639 0.24323513027736218
-9.926945620551502 0.24747771988427086
-9.927752781867468 0.24778971377456277
-9.928719098831579 0.24851692971906353
-9.93556214970981 0.2520303456237941
-9.93709200869452 0.25291933330040306
-9.938934047064372 0.2539831841767843
-9.944323857741395 0.25671799733792006
-9.946636491645139 0.2576117830049708
-9.949437985584682 0.25964418291571156
-9.953234268663113 0.2615470572329531
-9.95639545602787 0.2633456761844235
-9.960249608292173 0.2655110280494122
-9.962296896282403 0.266524333554655
-9.966378763429626 0.2680992979901042
-9.97138957286488 0.2715957194429748
-9.971515217662056 0.27165709806438915
-9.972093753836358 0.27198163001450715
-9.976596971608297 0.2743495840415969
-9.980956031900627 0.2766064177737682
-9.982843458286435 0.2777084675759981
-9.98706140160264 0.27932564234522844
-9.990570094018576 0.2816933084135219
-9.994668633477641 0.28405442159176236
-9.997784213128895 0.2856466635511592
-10.00035730239539 0.2869487511173175
-10.006895770080595 0.29066315878446425
-10.008778489523213 0.291376022758735
-10.010321434843608 0.2923817202440071
-10.019556614512345 0.2975521056846774
-10.020058333717907 0.29780030755366227
-10.02046611943205 0.2980017243486679
-10.023922316537348 0.2999374303534084
-10.030852619211833 0.30355375286244185
-10.031638977017469 0.3039123609665924
-10.032657256155618 0.3046049385809878
-10.04146370369849 0.30916781622389505
-10.043536902779017 0.31010814449387203
-10.046250253081427 0.31191347262874053
-10.052275352530739 0.31498740306335354
-10.055769987517047 0.3165631814365763
-10.060396383299501 0.31957147402253366
-10.063290981098675 0.32102456699165816
-10.06835766246381 0.3232948584556675
-10.074532159784837 0.3272190177846886
-10.075140712441032 0.3275744102984554
-10.081321099250333 0.3303222188138705
-10.086080838220461 0.33329323739783406
-10.09051224394463 0.33583703780916696
-10.09468342416284 0.3376661719921068
-10.09785491321872 0.3396095673931332
-10.106620547745248 0.34455088113089194
-10.108469966419745 0.3453497370013555
-10.109856639508944 0.3461834922742045
-10.118431111140564 0.3509683868148586
-10.12270854716475 0.3531816083261055
-10.123536625524013 0.35371152555766905
-10.134739381413745 0.35956063301838576
-10.137429817461223 0.3608789975419999
-10.141342392910195 0.36331537744144926
-10.14759825747513 0.36651727783550286
-10.152667655609221 0.3693776950884863
-10.16019106238472 0.373528075112665
-10.160704017938462 0.37378510834247036
-10.168459636735427 0.3775107258791696
-10.174220407122261 0.3809256046110428
-10.180200334754652 0.38433101165021494
-10.184847591029488 0.3867386390374621
-10.188015957708913 0.38835786003820627
-10.20158840281812 0.39590442940170023
-10.201878271498305 0.39605030109399414
-10.202071102141447 0.3961472589736402
-10.202926081336363 0.39662860008049083
-10.210650785004686 0.40073506129286873
-10.216588988192363 0.4038169283507682
-10.219604158077981 0.4053601443734725
-10.224588328003138 0.408340858019953
-10.231393228302869 0.41183943660656525
-10.238084432945012 0.41522158312959506
-10.246533404501536 0.42011449486327324
-10.249539050680445 0.42183598151979856
-10.257386172718522 0.4257298951398978
-10.262128731553839 0.4284201347907211
-10.276895768276571 0.4366234322767299
-10.27758581813748 0.4369542808911837
-10.277986863999857 0.43717698419435136
-10.279343032953946 0.43794167851465404
-10.298771002508367 0.4481686969159592
-10.307361851081877 0.4531144907718634
-10.311063875766303 0.4550094990821797
-10.321042849439607 0.46015898030720626
-10.328258907697961 0.4641995413165591
-10.341991740218113 0.4718509720766803
-10.344518892256193 0.4731504759038603
-10.3457695143505 0.47378934969631514
-10.349094583726831 0.47566388931884296
-10.363830466224194 0.483432965241995
-10.369336828543398 0.4863607179674437
-10.382162196249618 0.49354342101004167
-10.382644761876094 0.493819179409051
-10.395659413985971 0.5006217330614907
-10.401139510374433 0.5036241019202246
-10.413245614462694 0.5103698452797152
-10.420429416035123 0.5141146431933514
-10.423680937314824 0.5158716867435246
-10.433463472381701 0.5213761944222183
-10.440157072308988 0.5248503402466886
-10.44348619030371 0.5267353034492637
-10.453635931956848 0.5321743235459689
-10.460438059502994 0.5357121987401475
-10.472621366230205 0.5425063940451483
-10.481063980916485 0.546911187293184
-10.485811120827268 0.5494903853596934
-10.502049383138862 0.5584049640749943
-10.506715039699063 0.5610349879768696
-10.520562150431005 0.5683684246150844
-10.523601065982728 0.5700009373060995
-10.527873438266015 0.5724278964482664
-10.545558991266992 0.5818263326630666
-10.558337621091788 0.5887523817638254
-10.567869186678122 0.5938956122693982
-10.579528277063819 0.6004201109078972
-10.59052638025971 0.606180541392376
-10.59971459849647 0.6112046247871871
-10.613518419319194 0.618656598689578
-10.628016472757956 0.6267168331336697
-10.636824957058051 0.6313025042476201
-10.6454528914632 0.6360411951624112
-10.660415866432551 0.6440998101765809
-10.673693707123313 0.6515117779664165
-10.684249353894788 0.6570325451639697
-10.69658141811145 0.6638164619423292
-10.708269751453127 0.6700869056092469
-10.716858112591293 0.674967247942977
-10.732404994235951 0.6832509808802941
-10.754542515295418 0.6954343740688218
-10.7565637775482 0.6965145176778533
-10.757762205310687 0.6972205780755687
-10.762694749540783 0.7000368491644899
-10.781005587506431 0.7097493493121966
-10.786708215267533 0.7129603150231414
-10.79662234650594 0.7183890081379392
-10.805502565173208 0.7230035794851639
-10.821448175276277 0.7318454499704931
-10.829786818418102 0.736315654781347
-10.833623415853937 0.738573421530917
-10.844357959886953 0.7446158247684067
-10.854013768971239 0.7496002649112
-10.86892693707838 0.7578612531066877
-10.878369329410596 0.7627849693468921
-10.900571846357336 0.7751593590350624
-10.902140306161735 0.7760024974659887
-10.902674165723035 0.7763287782089849
-10.903786304626854 0.7769954423452923
-10.926280355848919 0.7890216011359102
-10.934988706902141 0.7940429345121491
-10.949678423110122 0.8020403042768431
-10.952415459293077 0.8037082145823152
-10.965980465244957 0.8110627866140867
-10.973340794056604 0.8148521678287461
-10.995039979725465 0.8270905711725748
-10.995746498562434 0.8274407142835595
-10.996131123760177 0.8276283096207641
-10.997395511224488 0.828337162863662
-11.019290077075546 0.8401615219146494
-11.024373606271665 0.8432233846635783
-11.032677984037395 0.8480389561707252
-11.04170195314011 0.8526017496980974
-11.051939596085898 0.8584525539182597
-11.063784114275595 0.8648760380650742
-11.06765337709201 0.8673117404878139
-11.078514395012125 0.8731657330148499
-11.085840449844932 0.876943181507899
-11.099709854140366 0.8851566461966824
-11.104161127187654 0.8873967443693811
-11.107170207643366 0.8888742185421906
-11.122190372404944 0.897389420856463
-11.128104605357642 0.9006247564123282
-11.128936914417098 0.9011761901440636
-11.130056550412451 0.9019068986907264
-11.14912303271223 0.912149581591405
-11.152893627852036 0.9145318485066811
-11.15795618913113 0.917644053845369
-11.169490250518773 0.923513700751701
-11.176079200230022 0.9274890107539241
-11.184909938813057 0.9326154406663585
-11.189242087393522 0.9347082090380726
-11.198535696707001 0.9400707695827089
-11.208748214954715 0.9457036415638645
-11.210439826648628 0.9468676519234517
-11.22030454124684 0.952298266765648
-11.228234330066561 0.9564881490416919
-11.234288282012175 0.9604606465232898
-11.241420195287633 0.9641909069034589
-11.247161723803556 0.9671003031944956
-11.257401233452121 0.9735179740589419
-11.261918058053064 0.9757665426815315
-11.265558341995483 0.9775380164835556
-11.279817383306229 0.9860872708560303
-11.281827905730156 0.9870416360711325
-11.283450076309498 0.9878005611721583
-11.297994023517527 0.9962081764521137
-11.300981518443606 0.9978822904396663
-11.30117890815848 0.9980313991288404
-11.30140604870871 0.9982015508590156
-11.31864165541311 1.0077636925463367
-11.319998147579332 1.008749917416349
-11.321557378994026 1.0098689550266877
-11.335837341506151 1.0174784263061576
-11.338309611484581 1.019210258553055
-11.341148458614336 1.0211649778686356
-11.352589326295927 1.0270281522836215
-11.356136208485143 1.029424568000061
-11.360205065901997 1.0321161503131342
-11.368916975777568 1.0364150371216319
-11.373499278537505 1.0394041538365488
-11.378751139200437 1.0427460818119283
-11.384838392078304 1.0456416372610828
-11.390418732253956 1.0491595620124885
-11.396808947398373 1.0530758786946257
-11.400370520440347 1.054710804369719
-11.406913175030462 1.0587006433333748
-11.41439924107763 1.063124490838612
-11.41552924506993 1.0636256084650886
-11.423000017938053 1.0680366132436736
-11.430602576442368 1.0723807814833384
-11.431207772677901 1.0728986586939993
-11.438695577038287 1.0771761053184736
-11.445567052989379 1.0809820913411856
-11.447299046710928 1.0824169929922003
-11.454015162544815 1.0861272192415976
-11.46018210784663 1.0894410021596501
-11.463000088497129 1.0917033528558082
-11.468973159053085 1.0948975639383738
-11.47446090226232 1.0977606858745304
-11.478325781919954 1.100770160544458
-11.483583097891678 1.1034942964386618
-11.48841583644097 1.10594435326135
-11.493290117361846 1.1096287935685423
-11.497857722506401 1.1119241569675031
-11.502058606344004 1.1139952277865726
-11.50790626106473 1.118289702088621
-11.511809047667453 1.1201935006944528
-11.515400255257365 1.1219165245981866
-11.522186617854132 1.1267625101923482
-11.525448413187167 1.1283083265162588
-11.528451220694492 1.1297114337456846
-11.536142887975238 1.1350561036204625
-11.538786532748022 1.1362743031994442
-11.541221377132127 1.1373831068816285
-11.54978611869236 1.1431787060514056
-11.551833538365466 1.144096793168155
-11.55372007501546 1.1449346468292856
-11.563126751220608 1.15113794568378
-11.56459902094548 1.1517808741872988
-11.565956176416616 1.1523690995089568
-11.576174663487576 1.1589409135573636
-11.577092067341127 1.159331359160556
-11.577938087685016 1.1596894478041837
-11.588939209161863 1.1665942148115742
-11.589321294264321 1.1667528142365797
-11.589673789388799 1.1668986070217087
-11.595339489814267 1.1704165191226734
-11.59816233638532 1.172136144628399
-11.601251878766536 1.1739980758151682
-11.601294433811384 1.1740495753939575
-11.601338318641382 1.1741025042131312
-11.612817981004126 1.1809885893002634
-11.613018399238367 1.1812257636557786
-11.613225001510354 1.1814692765323784
-11.624148972221409 1.1878767749708905
-11.624501784760696 1.18828529906748
-11.624865347515401 1.188704342948358
-11.63525170516946 1.1946651977277447
-11.635751611879344 1.1952319135566754
-11.636266561323495 1.1958126982656252
-11.646331680245645 1.201353556012927
-11.647003082419648 1.202069162780594
-11.64771495671286 1.20280294462918
-11.65772557294541 1.207940149121506
-11.6585744689909 1.2088004370552814
-11.65945244799652 1.209682179029982
-11.668952473725994 1.214434473832261
-11.669958636069891 1.2154289714506712
-11.670999095256823 1.2164475158315882
-11.68000088039624 1.2208390366315485
-11.681160971412275 1.2219578551267665
-11.682360414013331 1.2231029191477565
-11.690875831767167 1.2271560415754925
-11.692186625712177 1.2283900399783818
-11.693541675125287 1.2296521378760525
-11.701582149833662 1.2333876272157585
-11.70304052643995 1.2347283486489993
-11.70454791919118 1.2360987216055719
-11.712124452147227 1.2395358679062927
-11.713727390673498 1.2409754819681915
-11.715383969892358 1.2424460350494686
-11.722507163308869 1.2456027752405938
-11.72425173701048 1.2471340258616663
-11.726054446373121 1.2486972711650495
-11.732734525656761 1.251590299585909
-11.734617896640017 1.2532064577781776
-11.736563774740274 1.2548554631035815
-11.742810609216063 1.2575003316865314
-11.74483002364464 1.2591951526732814
-11.746916198756924 1.2609234951142574
-11.752739320971669 1.2633347043132153
-11.75489210459637 1.2651023885861061
-11.757115789797894 1.2669041125115406
-11.76252441351889 1.2690951939397785
-11.764807967504682 1.2709303518419097
-11.767166456127617 1.2727999308019853
-11.772169493141922 1.2747835224313735
-11.77458129016858 1.2766811419101576
-11.777071951555545 1.2786134440552575
-11.781678027365244 1.2804013587317453
-11.784215607980183 1.2823567759451355
-11.786835883518956 1.284347032594237
-11.791053352019043 1.2859503205391987
-11.79371432122282 1.2879591930336693
-11.796461720638353 1.2900029700705193
-11.800298677856002 1.2914319759629895
-11.803080701902722 1.293490258172337
-11.805952799786583 1.2955834299841749
-11.80941709675345 1.2968478451535357
-11.812317900149926 1.2989517659945862
-11.815312332709013 1.3010904917001034
-11.818411587531926 1.3021994019012468
-11.821428950220797 1.3043454442663907
-11.824543412228834 1.3065261460076276
-11.827285021418485 1.307488075199944
-11.830416776131804 1.3096729571674874
-11.83364901806853 1.3118923002649592
-11.836040167180618 1.3127152507718147
-11.839284196951585 1.3149359083737853
-11.842632022315861 1.3171907831657805
-11.844679695954568 1.3178822725516732
-11.84803393177607 1.3201358439552269
-11.8514951945603 1.3224233491613073
-11.853206185789691 1.32299044412896
-11.856668604409307 1.3252742551022108
-11.860241206723636 1.3275916825677867
-11.861622125928875 1.328041030146488
-11.865190747770804 1.330352580692597
-11.868872637606493 1.332697401386355
-11.869929920843276 1.333035257655394
-11.87360280804846 1.3353722097103595
-11.87739197717074 1.3377420608595116
-11.878131894038246 1.3379743174261451
-11.88190714861463 1.3403344835260471
-11.885801630576076 1.3427271567860792
-11.886230291645937 1.342859365215749
-11.890106053721455 1.3452406980484315
-11.894103921987691 1.3476541286144208
-11.894227285818856 1.3476915229915811
-11.89747407854748 1.3496552294684443
-11.898201798091295 1.3500921057559658
-11.902211612645416 1.3524714029222327
-11.902212310730038 1.3525238734428038
-11.906197109719999 1.3548899176160292
-11.910156569996838 1.3572002575918558
-11.910158432651201 1.3573379267168697
-11.91409338369301 1.3596353048993104
-11.918003508571294 1.3618794543372004
-11.918006513833017 1.3620979236353135
-11.92189261970364 1.3643294008961313
-11.925754395740618 1.3665099873186126
-11.925758522152456 1.3668051010456956
-11.929596753982175 1.3689733025410045
-11.933411136764496 1.3710928227078834
-11.933416363353285 1.371460652488167
-11.937207661941223 1.3735680719512469
-11.94097557736524 1.37562889964363
-11.94098188362194 1.376065730252494
-11.944727160683245 1.3781147378850518
-11.948449506169181 1.3801191311522232
-11.948456872029952 1.3806214473114886
-11.952157011378867 1.3826142971240245
-11.955834657022892 1.3845644050352064
-11.955843062851123 1.3851288791398049
-11.959498921523894 1.3870677157848288
-11.963132711191925 1.3889655847241869
-11.963142137761182 1.3895890654263077
-11.966754547082441 1.3914759305642623
-11.970345299449175 1.3933235101042039
-11.970355727926993 1.3940030116875297
-11.973925494523025 1.3958398499217775
-11.97747400405948 1.3976389983065836
-11.977485415991962 1.398371690789121
-11.981013322754004 1.4001603552031747
-11.984520360666622 1.4019128444723026
-11.984532737963784 1.4026960443816203
-11.98801954496431 1.4044383017089548
-11.991485860088451 1.4061458224868697
-11.991499185010284 1.4069769842563828
-11.99494563037501 1.408674519710559
-11.998371950025478 1.4103386856877336
-11.998386205168673 1.4112153936270242
-12.001793005906833 1.412869815417528
-12.00518003668791 1.4144921675452036
-12.005195204973225 1.4154121283413248
-12.008563057768503 1.417024971898387
-12.011911486345799 1.4186069823178549
-12.011927551005993 1.4195680180281545
-12.015257132970348 1.4211407499578972
-12.018567626806579 1.4226838256833734
-12.01858457137495 1.4236838671836274
-12.021876540767384 1.4252178889731255
-12.025149748824145 1.426723375345763
-12.025167557123556 1.4277604562003794
-12.028422554035805 1.429257107690634
-12.031659107443161 1.4307262916198225
-12.031677763575592 1.431798542343564
-12.034896410586535 1.4332591049869368
-12.038096923282222 1.4346932179937664
-12.038116411618788 1.4357988606769054
-12.041299314419279 1.437224560594239
-12.04446438375915 1.4386247816708428
-12.04448468893057 1.439762124941893
-12.047632436920281 1.4411541357933406
-12.050762644261557 1.44252159409077
-12.050783751149037 1.4436890283929864
-12.053896918006838 1.445048474075472
-12.05699282926556 1.4463842514317855
-12.057014722992093 1.4475802445914898
-12.060093867221331 1.448908201774722
-12.063156033405443 1.450213335094078
-12.06317869932748 1.4514364281605674
-12.06622436477749 1.4527339286726035
-12.06925332249677 1.4540094121653413
-12.069276746196248 1.4552582155037008
-12.072289462561335 1.45652624857623
-12.075285734515395 1.457773035869161
-12.075309901792115 1.4590462254887273
-12.078290185089164 1.4602857398714597
-12.08125428053464 1.461504745996924
-12.08127917739897 1.4628010600994503
-12.084227530424778 1.4640129660523065
-12.08715994562276 1.4652050693239058
-12.087185558288636 1.4665233050566846
-12.090102471057971 1.4677084762278243
-12.09300368970269 1.4688745200101747
-12.093030004580921 1.4702135304104622
-12.095915954746317 1.4713728056076076
-12.09878644837599 1.4725135999869172
-12.098813452067832 1.4738722911050275
-12.101668905321986 1.4750064759669803
-12.104509133712739 1.476122799328772
-12.104536813003742 1.477500127518121
-12.10736222346539 1.4786099960928851
-12.11017263500907 1.4797025966127342
-12.110200976863165 1.4810975659759773
-12.112996787447253 1.4821838622114252
-12.115777819513907 1.4832534592641642
-12.115806811067747 1.4846651192453495
-12.118573453840634 1.4857285583979585
-12.121325533126418 1.4867758438904222
-12.121355161683928 1.4882032870038053
-12.124093058204362 1.4892445569705908
-12.126816601065556 1.4902701966026195
-12.12684685409272 1.4917125562894509
-12.12955641573926 1.492732318867867
-12.132251828513056 1.493736953325963
-12.13228269363289 1.49519340193117
-12.134964321918414 1.4961922940114183
-12.137632001231097 1.4971765400991441
-12.13766346621884 1.4986462869604005
-12.140317553092723 1.4996249216542772
-12.142957886155855 1.5005893733632132
-12.142989938934324 1.5020716630054032
-12.145616867072913 1.503030630715533
-12.148230231968032 1.5039758602403495
-12.148262860603182 1.505469970668924
-12.150863003689045 1.5064098401019697
-12.153449769641451 1.5073363988029322
-12.15348296233808 1.5088416398900932
-12.156056685328586 1.5097629590172854
-12.158617212970688 1.5106713783332932
-12.158650958068323 1.5121870902913572
-12.161198617454025 1.5130903872594665
-12.163733259078715 1.5139811795745142
-12.16376754504765 1.5155067315111899
-12.166289489100919 1.5163925155068565
-12.16879858890545 1.517266174972626
-12.168833404342925 1.5188009635232906
-12.171329973357293 1.5196697255934293
-12.173813867678055 1.5205267289105417
-12.173849201304582 1.522070176942925
-12.176320727825187 1.522922390773757
-12.178779745363787 1.523763197934047
-12.178815586019619 1.525314753321042
-12.181262395065145 1.526150875978125
-12.183696857106195 1.526975930970154
-12.183733193747909 1.52853506542675
-12.186155603024414 1.5293555380582387
-12.188565823645352 1.530165269538119
-12.188602645342566 1.531731477518712
-12.191000965449515 1.532536726023927
-12.19338725172284 1.533331547953398
-12.193424547655056 1.5349043456059828
-12.195799082283923 1.535694781271242
-12.198161734472132 1.536475093524823
-12.198199493925678 1.5380540176987834
-12.200550540051424 1.5388300378023239
-12.202889851795 1.539596226745247
-12.202928064160085 1.5411808340496853
-12.205255912225807 1.5419428224373872
-12.207572170724516 1.5426952614759122
-12.207610825492397 1.5442851273856424
-12.209915759587448 1.5450334550191627
-12.212209245775247 1.5457725051247797
-12.212248332535488 1.547367223131291
-12.21453063056733 1.5481022486101175
-12.216801619281147 1.5488282588190474
-12.216841127718977 1.550427439623918
-12.219101061579034 1.5511495096827543
-12.221349821721667 1.5518628175720732
-12.221389741615427 1.553466088320467
-12.223627577339176 1.5541755383032831
-12.22585437203656 1.5548764704449178
-12.225894693255247 1.5564834739969435
-12.228110691176791 1.5571806283089353
-12.230315777929857 1.557869500702702
-12.230356490430736 1.55947989494055
-12.232550905332086 1.5601650674791876
-12.234734536163423 1.5608421859659756
-12.234775629989741 1.5624556431348782
-12.236948711244997 1.5631291377011418
-12.239111132840554 1.5637947983572804
-12.239152598119313 1.5654110044384524
-12.241304589833979 1.5660731151292988
-12.243446043679961 1.5667276046430842
-12.243487870619777 1.5683462587569201
-12.245619011765378 1.568997270339955
-12.247739734280572 1.5696408663712564
-12.247781913169598 1.5712616802091572
-12.2498924377138 1.5719018684804336
-12.25199266037746 1.5725348400042465
-12.252035181581396 1.5741575372875487
-12.25412531861379 1.5747871694133595
-12.256205268089314 1.5754097770481228
-12.256248122049449 1.5770340930126914
-12.258318095903187 1.5776534278561742
-12.260377994157684 1.578265924177621
-12.260421171389044 1.5798916050827527
-12.262471201758467 1.580500893516076
-12.264511266178424 1.5811035233573443
-12.264554757267943 1.582730326017709
-12.266585059322367 1.5833298112205634
-12.26860550282554 1.5839228119592568
-12.268649298430319 1.5855505032986716
-12.270660082924113 1.5861404210437584
-12.272661114067784 1.5867240228765986
-12.272705204913388 1.5883523795025072
-12.274696678292505 1.5889329584286649
-12.276678501378255 1.5895073846343506
-12.276722878257075 1.5911361924319398
-12.278695242762142 1.5917076543055229
-12.280658057937254 1.5922731214963723
-12.280702711706914 1.5939021752413207
-12.282656165473028 1.5944647352064052
-12.284600168828657 1.5950214535693297
-12.284645090410482 1.5966505565582363
-12.286579827563832 1.5972044233762013
-12.288505211230055 1.5977525969035218
-12.288550391607576 1.599381560601124
-12.290466602358993 1.599926936880119
-12.292621020022684 1.6004664501249095
-12.292672611260897 1.6020957273245426
-12.294834100486181 1.6026324897078414
-12.29698850772602 1.6031631854963986
-12.297040811940402 1.604793293208894
-12.299188344934564 1.6053212918744568
-12.301328878225007 1.6058433665042684
-12.301381724657007 1.6074741193633975
-12.303515462989361 1.6079935495182844
-12.305642282402 1.608507193974219
-12.305695667303228 1.610138413632324
-12.307815769604947 1.6106494649957088
-12.309929032310317 1.611154864925839
-12.309982951977924 1.6127863799837932
-12.312089574014713 1.6132892369731315
-12.314189434353805 1.6137865728685648
-12.314243885129363 1.615418218606341
-12.316337179871857 1.6159130605161458
-12.3184237894254 1.616402507883768
-12.318478767693822 1.6180341260024733
-12.32055888538579 1.6185211271760338
-12.322632393041388 1.6190028567044843
-12.322687895229866 1.6206342950793173
-12.324754983454332 1.6211136250736804
-12.326815535471534 1.6215878027928614
-12.32687155804852 1.6232189152364827
-12.328925761791835 1.6236907389809998
-12.330973501865222 1.6241575264154091
-12.33103004133945 1.6257881724512315
-12.333071503053423 1.6262526503999573
-12.335106572373775 1.6267122047161195
-12.335163625293292 1.62834224936106
-12.337192484955445 1.6287995376392774
-12.33921502226907 1.6292520117875293
-12.339272585220307 1.6308813253437833
-12.341288980392308 1.6313315758889133
-12.34329912205859 1.6317771187397954
-12.343357191665465 1.6334055765952167
-12.34536125754983 1.6338489372923581
-12.347359137597065 1.6342876937678439
-12.347417710520096 1.635915176204538
-12.349409580015202 1.6363517910168746
-12.351395330194778 1.6367839022166628
-12.351454403130246 1.6384102942274152
-12.353434206883712 1.6388403033217098
-12.355407956722704 1.639265906644792
-12.355467526401824 1.6408910977569806
-12.357435392862346 1.6413146376243684
-12.359397269714574 1.6417338668860746
-12.359457332902691 1.6433577509927233
-12.361413388370353 1.6437749545650084
-12.363363517465947 1.64418794010972
-12.363424070961765 1.6458104153073787
-12.365368439636907 1.6462214120690233
-12.36730694413046 1.6466282808787416
-12.367367984765279 1.6482492493118812
-12.369300788795949 1.6486541654078704
-12.371227789813274 1.6490550412068115
-12.371289314450262 1.650674408918449
-12.373210673978313 1.6510733672582056
-12.37512629066188 1.6514683706135909
-12.375188296195361 1.6530860474018658
-12.377098329401248 1.6534791677593808
-12.37900267895432 1.653868416178578
-12.379065162309079 1.6554843154590204
-12.380963985455379 1.6558717145693562
-12.382857183184926 1.6562553225935255
-12.382920141315536 1.6578693612667637
-12.384807868789254 1.6582511529190829
-12.386690028147642 1.6586292322134693
-12.386753458037811 1.6602413305381423
-12.388630202391507 1.6606176256654004
-12.390501435017049 1.6609902851064131
-12.390565333678982 1.6626003665770608
-12.392431205670752 1.6629712733425053
-12.394291621427126 1.66333861910171
-12.394355985900912 1.6649466103314257
-12.396211094533268 1.6653122342120288
-12.398060801547851 1.6656743698371839
-12.398125628900857 1.6672802004448246
-12.399970081458546 1.6676406443117735
-12.401809186159714 1.6679976708050241
-12.401874473485996 1.6696012733067858
-12.403708375572787 1.6699566375031516
-12.405536982726181 1.6703086533964993
-12.405602727145926 1.671909963101666
-12.407426182720394 1.6722603455173624
-12.409244395464228 1.6726074469455163
-12.409310594123188 1.6742064018562126
-12.411123705533548 1.674551898000354
-12.412931625412947 1.6748941787710703
-12.412998275481913 1.6764907194858418
-12.414801143499904 1.6768314225566037
-12.416598870500351 1.677168974218609
-12.416665969174613 1.6787630438396755
-12.4184586930285 1.6790990447917553
-12.42024632560837 1.6794319567003528
-12.42031387010722 1.6810235007443766
-12.422096547513902 1.6813548883541498
-12.423874182636155 1.681683247734595
-12.423942170202382 1.6832722140468204
-12.42571489739867 1.6835990749752832
-12.427482630561704 1.6839229669840179
-12.427551058461113 1.685509305655641
-12.429313930234187 1.6858317245092218
-12.431071855501884 1.686151232293051
-12.431140721022823 1.687734895581685
-12.432893830739888 1.6880529549710146
-12.434642040770893 1.6883681597242994
-12.434711341223794 1.6899491019774135
-12.436454780860974 1.6902628825741224
-12.438193366937202 1.6905738635940732
-12.438263099654135 1.692152041175276
-12.439996959824626 1.6924616217669042
-12.44172601187905 1.6927684565070393
-12.44179617421328 1.694343827725096
-12.443520544194783 1.694649285268182
-12.4452401508385 1.6949520493900245
-12.445310740164075 1.696524574430497
-12.447025707925523 1.6968259841019155
-12.448735956474147 1.6971247515249959
-12.448806970185473 1.6986943923843965
-12.450512622413083 1.6989918276310112
-12.452213598912465 1.6992866705812357
-12.452285034423904 1.7008533910035963
-12.453981456546584 1.7011469235902934
-12.45567324579788 1.701437912646744
-12.45574510054336 1.7030016780625028
-12.457432376757469 1.7032913781186614
-12.459115062341594 1.703578582258881
-12.459187333774222 1.7051393597259932
-12.460865547067709 1.7054252957904559
-12.462539211369176 1.7057087824342763
-12.462611896960865 1.7072665405814649
-12.464281129136824 1.7075487796460584
-12.465945853366994 1.7078286146980284
-12.466018950608103 1.7093833236700835
-12.467679282307735 1.709661931221748
-12.469335146527499 1.7099381791122057
-12.469408652926463 1.7114898105172578
-12.471060163651488 1.7117648505788328
-12.472707246793387 1.7120375743036782
-12.472781159876385 1.7135861011623645
-12.47442392801089 1.7138576363320803
-12.476062307900708 1.7141268974912924
-12.476136625211316 1.7156722941877438
-12.477770728043085 1.715940385677468
-12.47940048142091 1.7162062445124109
-12.479475200519772 1.7177484867469877
-12.481100714261101 1.7180131944192685
-12.482721916801884 1.718275709848832
-12.482797035266389 1.7198147745925405
-12.484414035074396 1.7200761569964935
-12.486026761408015 1.7203353866521092
-12.48610227683198 1.7218712521026365
-12.487710836828436 1.7221293665087125
-12.489315160559283 1.722385366768285
-12.489391070552651 1.7239180123075855
-12.490991263843329 1.7241729147412634
-12.492587257569431 1.7244257407620551
-12.492663559757965 1.7259551469154337
-12.494255458451544 1.7262068921898723
-12.495843193783237 1.7264565979403799
-12.495919885808233 1.7279827463370119
-12.49750356103475 1.7282313880847011
-12.499083108612913 1.7284780263755577
-12.499160188130901 1.7300008997103915
-12.500735710059773 1.7302464904138362
-12.502307139573633 1.730490112927773
-12.502384604256115 1.7320096949247636
-12.503952042113738 1.7322522859462341
-12.505515422318265 1.732492943267137
-12.505593269851426 1.73400921864376
-12.507152691938375 1.7342488602541413
-12.508708090671268 1.7344866018952294
-12.508786318755721 1.7359995563282258
-12.51033779246354 1.7362362977349988
-12.511885276661838 1.7364711721661603
-12.511963883012358 1.737980792258469
-12.513507474839974 1.7382146816328512
-12.51504711055627 1.7384467363071598
-12.515126092901538 1.7399530095559903
-12.516661868471301 1.7401840940592659
-12.518193720889592 1.7404133754387119
-12.518273076971946 1.7419162902047167
-12.519801101045301 1.742144616013784
-12.521325234496484 1.742371169594241
-12.521404962071678 1.7438707150717474
-12.522925298564479 1.7440963274039099
-12.524441776541487 1.7443201977393674
-12.524521873378456 1.7458163639276263
-12.526034585375939 1.7460393070646532
-12.52754347054855 1.746260537790738
-12.527623934429172 1.7477533154661562
-12.5291290842006 1.7479736327776374
-12.530630438429906 1.7481922666344467
-12.530711267148774 1.7496816473237653
-12.53220891616174 1.749899381289783
-12.533702800514293 1.7501154601440545
-12.533783991878499 1.7516014360984369
-12.535274200812923 1.7518166283315786
-12.536760675574577 1.7520301931982183
-12.536842227403488 1.7535127573682172
-12.538325056165304 1.7537254486349514
-12.539804180854741 1.75393653969794
-12.539886090979792 1.7554156857093117
-12.54136159871433 1.755625915950746
-12.5428334320963 1.7558345725834463
-12.54291569836078 1.7573102947137775
-12.544383943465858 1.757518103065822
-12.545848543564118 1.7577243638507045
-12.545931163822974 1.7591966570068278
-12.547392203961703 1.7594020818197824
-12.54884962807169 1.759605984567589
-12.548932600191321 1.7610748442637563
-12.550386492304636 1.7612779231213382
-12.55183679700585 1.7614795048897043
-12.551920118863919 1.7629449272264883
-12.553366919182833 1.763145696964323
-12.554810160350968 1.763344994075873
-12.554893829836207 1.764806975719777
-12.55633359389381 1.765005472443365
-12.557769826712612 1.7652025205032982
-12.557853841724635 1.7666610586670426
-12.559286624367832 1.7668573177692226
-12.560715903340718 1.7670521516824087
-12.56080026178984 1.7685072441058745
-12.562226117190843 1.7687013002837968
-12.563648496152256 1.7688939542713937
-12.563733195959317 1.7703455992031971
-12.56515217762688 1.7705374864748256
-12.566567709753425 1.7707279940904355
-12.566652748849611 1.7721761902701139
-12.568064909640048 1.7723659419902678
-12.569473647461374 1.772554336135648
-12.569559023788047 1.7739990827764331
-12.570964415916013 1.774186731652387
-12.572366411325474 1.7743730445927268
-12.572452122834008 1.7758143413648877
-12.573850797883035 1.7759999194715406
-12.57524610214814 1.77618418285032
-12.575332146799752 1.7776220298650518
-12.576724155732599 1.7778055686596825
-12.578112819505227 1.7779878135131248
-12.57819919527082 1.7794222113069689
-12.579584588439577 1.779603741643586
-12.580966661765993 1.779783998414718
-12.581053366625994 1.7812149479344905
-12.582432193782005 1.7813945000777942
-12.583807726112662 1.7815727986301249
-12.583894758056875 1.7830003012183406
-12.585267068360432 1.7831779048573053
-12.586636108559583 1.783354274488135
-12.58672346558703 1.7847783318689057
-12.58808930761689 1.7849540161299966
-12.58945190397199 1.78512848558337
-12.58953958409077 1.7865490998487625
-12.590899005853467 1.786722893308797
-12.592255206084392 1.7868954907881085
-12.592343207311535 1.7883126643849485
-12.5936962562505 1.7884845950836132
-12.595046107518586 1.788655348263876
-12.595134427879904 1.7900690839809772
-12.596481150884413 1.7902391794330128
-12.597824699801297 1.7904081154728029
-12.597913337331255 1.7918184164286133
-12.59925378074519 1.7919867036356736
-12.600591073381484 1.7921538491887579
-12.600680026123058 1.7935607188194056
-12.602014235753492 1.7937272242816045
-12.603345317647285 1.7938926055082622
-12.60343458365183 1.7952960475559858
-12.604762604777438 1.7954607972831407
-12.60608752094263 1.7956244398611874
-12.606177098269745 1.7970244583631423
-12.60749897564906 1.7971874778857209
-12.608817770583519 1.7973494070212455
-12.608907657300923 1.798746006298669
-12.610223435180417 1.7989073206784516
-12.611536152873986 1.7990675611162725
-12.611626347057397 1.8004607457639992
-12.612936069179408 1.800620379604462
-12.614242753121754 1.8007789556383134
-12.614333252854756 1.8021687305146261
-12.615636962465258 1.8023267079710574
-12.616937655653564 1.8024836434535105
-12.61702845902749 1.8038700136703187
-12.618326198883715 1.8040263584596714
-12.619620943830226 1.804181676811803
-12.619712048944038 1.8055646477251341
-12.621003861321949 1.8057193831356257
-12.622292700061369 1.8058731073564365
-12.622384105021544 1.8072526845572332
-12.623670031723154 1.8074058334577008
-12.624953005819897 1.8075579861332938
-12.625044708740317 1.808934175438505
-12.626324791100883 1.8090857602875197
-12.627601941656195 1.8092363636000461
-12.627693940658023 1.8106091710440027
-12.628968219553087 1.8107592138987532
-12.630239587212024 1.81090828963513
-12.630331880423608 1.8122777214611951
-12.631600396275914 1.812426243986146
-12.632866021234179 1.8125738135465548
-12.632958606790934 1.8139398761990417
-12.634221399577212 1.8140868996743735
-12.635481321587884 1.8142329840805438
-12.63557419763219 1.8155956841968894
-12.636831306889803 1.8157412295267252
-12.638085565269915 1.8158858494300125
-12.638178729951019 1.8172451938332017
-12.639430194784492 1.8173892815536286
-12.640678828421501 1.8175324572428888
-12.640772279895405 1.8188884529341172
-12.642018138982833 1.819031103221008
-12.643261186340965 1.8191728546302763
-12.643354922770332 1.820525508781849
-12.644595214369657 1.820666741458488
-12.645832713496128 1.8208070881744682
-12.645926733050185 1.8221564081229218
-12.647161495005374 1.8222962426674425
-12.648393483536498 1.8224352039368104
-12.64848778439094 1.8237811971762532
-12.649717054138025 1.8239196527288926
-12.650943569305214 1.8240572474654202
-12.651038149642105 1.825399921641085
-12.652261964215134 1.8255370170112586
-12.653483042850777 1.825673263802764
-12.653577900858462 1.8270126267047633
-12.654796296895324 1.827148380377968
-12.65601197543857 1.8272832974930944
-12.656107109311586 1.8286193570503744
-12.657320123059735 1.828753787194921
-12.658530437562158 1.8288873925897524
-12.658625845501136 1.8302201568642384
-12.659833512823218 1.8303532813378227
-12.661038498954385 1.830485592662337
-12.661134179165973 1.8318150698432631
-12.662336535545329 1.8319469061993747
-12.663536228598266 1.8320779408037433
-12.663632179295039 1.8334041392021623
-12.664829259841133 1.8335347046963422
-12.666023694737694 1.8336644796370756
-12.666119914138067 1.8349874076805417
-12.667311753591797 1.8351167192764857
-12.668500964887931 1.8352452513224335
-12.668597451216076 1.8365649175498537
-12.669784083955005 1.8366929919253723
-12.670968105845933 1.836820297563579
-12.671064857331702 1.8381367106202264
-12.672246317375178 1.838263564173061
-12.673425183700472 1.8383896596144815
-12.673522198579315 1.8397028282471675
-12.674698519593514 1.839828477100667
-12.67587226384209 1.8399533782857487
-12.675969540354975 1.8412633113381451
-12.677140755657849 1.8413877713468112
-12.678309410972869 1.8415114939509412
-12.67840694736621 1.8428182003590536
-12.679573089932338 1.8429414871139507
-12.680736689116031 1.843064046552777
-12.680834483641604 1.8443675353405584
-12.681995586106977 1.8444896641745991
-12.683154161625364 1.8446110756092258
-12.68325221254024 1.8459113558843299
-12.684408307206944 1.8460323418774356
-12.685561891194485 1.846152620219496
-12.685660196760951 1.8474497011691644
-12.68681131560178 1.8475695591533052
-12.687959939865946 1.8476887190699174
-12.68805849835144 1.8489826099569975
-12.689204673014412 1.8491013545211141
-12.690348369040167 1.8492194104397213
-12.690447178717202 1.8505101205988093
-12.691588440530017 1.8506277660936201
-12.69272723948423 1.850744732206719
-12.692826298630322 1.8520322710404253
-12.693962678604732 1.8521488315831247
-12.695096611340505 1.8522647218528834
-12.695195918238117 1.8535490988282162
-12.696327447074212 1.8536645883070613
-12.697456544135138 1.853779416469833
-12.697556097071601 1.8550606411146964
-12.698682805162044 1.8551750731934904
-12.699807096786394 1.8552888527642213
-12.699906894053846 1.856566934664025
-12.701028811488007 1.856680322786497
-12.702148327612843 1.856793067063036
-12.702248367508163 1.8580680158574108
-12.703365524076206 1.8581803732514957
-12.704480294341419 1.8582920953188038
-12.704580575166167 1.8595639206984242
-12.705693000363055 1.8596752603804447
-12.70680305411534 1.8597859731147106
-12.706903574175689 1.8610546848182148
-12.708011297205129 1.86116501959697
-12.709116663501893 1.8612747356696309
-12.70921742110857 1.8625403434806422
-12.710320470886876 1.862649685961402
-12.711421178500075 1.862758417843075
-12.711522171968301 1.8640209315873155
-12.712620577128213 1.8641292941757261
-12.713716654548131 1.864237054140051
-12.713817882197562 1.8654964836825492
-12.714911671091981 1.8656038785884508
-12.716003146530937 1.8657106787158462
-12.716104606685606 1.866967033958232
-12.71719380739128 1.8670734731993899
-12.718280708787283 1.8671793253807272
-12.718382399775543 1.8684326162586142
-12.719467040096683 1.8685381116643687
-12.72054939511702 1.8686430276045618
-12.720651315271482 1.8698932640850143
-12.72173142274333 1.8699978272998474
-12.722809258788095 1.8701018185213651
-12.722911406445577 1.8713490106004445
-12.723987008337899 1.8714526530874693
-12.725060352543457 1.8715557309337687
-12.725162726044935 1.8727998886341595
-12.726233849365462 1.8729026216785312
-12.72730272860788 1.873004797317416
-12.727405326298422 1.8742459306861285
-12.728471997796246 1.874347765398381
-12.72953643869463 1.8744490498252864
-12.729639258923354 1.875687168931433
-12.730701505092249 1.875788116250742
-12.731761534012065 1.8758885202919464
-12.73186457513208 1.87712363522459
-12.73292242221378 1.8772237059219645
-12.733978065270096 1.8773232402377338
-12.734081325638453 1.8785553611038046
-12.735134799625882 1.87865456578521
-12.736186082686556 1.8787532408728698
-12.7362895606642 1.8799823777951523
-12.737338687304634 1.8800807269045638
-12.73838563599347 1.8801785531015083
-12.738489329945189 1.8814047162166907
-12.739534134743376 1.881502220039082
-12.740576774443218 1.881599207525716
-12.740680682737592 1.8828224069825048
-12.741721190958826 1.8829190756467722
-12.74275954681459 1.8830152344493905
-12.742863667823947 1.8842354804066865
-12.743899904497082 1.8843313238885087
-12.74493400141876 1.884426663882114
-12.745038333519128 1.885643966507248
-12.746070323439554 1.8857389946318857
-12.747100186105161 1.8858335255429455
-12.747204727676218 1.8870478950099707
-12.74823249540878 1.8871421174550072
-12.749258148267252 1.8872358488641519
-12.749362897692283 1.8884472953521947
-12.750386467574163 1.8885407216502161
-12.751407934848208 1.88863366299488
-12.751512890514064 1.889842196686544
-12.752532286657607 1.8899348362277628
-12.753549592346518 1.8900269968047696
-12.753654752643566 1.8912326278845921
-12.754669998939072 1.891324489919417
-12.755683166821491 1.8914158788875095
-12.755788530143573 1.89261861754047
-12.756799650262037 1.8927097111820195
-12.757808703898675 1.8928003375643379
-12.757914268643061 1.8940001939744158
-12.758921286038873 1.8940905282009797
-12.75992624877519 1.894180400887485
-12.760032013342544 1.8953773852362668
-12.76103495125615 1.8954669688937156
-12.762035846224984 1.8955560966435654
-12.762141809019319 1.8967502191088967
-12.76314069047983 1.8968390609130417
-12.764137540604004 1.8969274523569146
-12.764243700032635 1.8981187231115992
-12.76523854786041 1.8982068316505016
-12.76623137585528 1.8982944952928729
-12.766337730328793 1.8994829245034153
-12.767328567137968 1.8995703082396493
-12.768317395513941 1.899657252461021
-12.768423943446148 1.9008428502864114
-12.769410791647138 1.9009295175592789
-12.770395642712144 1.9010157506183627
-12.770502382520048 1.9021985272089041
-12.771485264322 1.9022844862366037
-12.772466160183935 1.902370016272459
-12.772573090287686 1.9035499817686348
-12.773552027700903 1.903635240650387
-12.774528990270033 1.903720075684515
-12.774636109092896 1.9048972402158937
-12.775611123931217 1.904981806934022
-12.776584174922537 1.9050659548724176
-12.77669148089085 1.9062403285565979
-12.777662594773998 1.9063242109785674
-12.778631755709561 1.9064076796137275
-12.778739247252702 1.907579272555319
-12.7797064816086 1.9076624784357328
-12.780671773819812 1.9077452754486257
-12.78077944937016 1.9089140977382641
-12.781742825437194 1.90899663472082
-12.782704270067073 1.909078767682814
-12.782812128059977 1.910244829396214
-12.783771666889251 1.9103267050156203
-12.784729284894652 1.9104081813903728
-12.78483732376839 1.9115714925874112
-12.785793046225926 1.9116527142712656
-12.78674685837973 1.911733541416574
-12.786855076575476 1.9128941121404082
-12.787807003344394 1.9129746872110365
-12.788757030237665 1.9130548723806529
-12.78886542619946 1.9142127126568684
-12.789813577782114 1.9142926483331284
-12.790759839826228 1.9143721986785378
-12.79086841200094 1.915527318514329
-12.791812808721035 1.9156066219133763
-12.792755326149768 1.9156855444855379
-12.792864072987067 1.916837953868916
-12.79380473499173 1.9169166320079365
-12.794743527863332 1.9169949337589918
-12.794852447815648 1.9181446426580244
-12.79578939507748 1.9182227024559304
-12.796724483276696 1.9183003902408757
-12.796833574799194 1.9194474086029527
-12.79776682711829 1.9195248568820462
-12.798698230358372 1.919601937460374
-12.798807491908915 1.920746275211501
-12.799737068914848 1.9208231186991043
-12.800664806739517 1.9208995987364108
-12.800774236778642 1.9220412657805284
-12.801700157932421 1.9221175111105817
-12.802624249717827 1.9221933971801435
-12.802733846708707 1.9233324033984733
-12.803656131304711 1.9234080571131023
-12.804576596261326 1.92348335569742
-12.804686358669747 1.9246197109478358
-12.805605025837624 1.924694779498886
-12.80652188301215 1.9247694969912013
-12.806631809306474 1.9259032111076224
-12.807546878013016 1.925977700858166
-12.808460146290237 1.9260518435639453
-12.808570234941378 1.9271829263557556
-12.809481723992363 1.9272568435815671
-12.810391422096979 1.9273304177199593
-12.810501671578372 1.9284588789714472
-12.811409599620392 1.9285322298624517
-12.812315746118822 1.928605241567715
-12.812426154906396 1.9297310910375365
-12.813330540428645 1.9298038816992287
-12.814233153730813 1.9298763370221326
-12.814343720302961 1.9309995844427954
-12.815244581639005 1.9310718208976314
-12.816143680000092 1.9311437258068291
-12.816254402837647 1.9322643808841977
-12.817151758167164 1.932336069072961
-12.818047359689338 1.9324074294563365
-12.818158237275538 1.933525501869157
-12.81905210462604 1.9335966476522966
-12.819944227260162 1.933667469318286
-12.820055258080634 1.9347829687177316
-12.820945655329156 1.9348535778766753
-12.82183431687646 1.934923866555563
-12.821945499419185 1.9360368025647965
-12.822832444293956 1.9361068808032393
-12.823717662407706 1.9361766421484283
-12.823828995162996 1.9372870243621854
-12.824712505245085 1.9373565773073527
-12.82559429743221 1.9374258168966119
-12.82570577889268 1.9385336548808
-12.826585871617615 1.9386026880846874
-12.827464255240313 1.9386714114213748
-12.827575883900863 1.9397767147126914
-12.828452576560231 1.9398452336532797
-12.829327568837568 1.9399134461675427
-12.829439343195348 1.941016224273109
-12.830312652938376 1.941084234355558
-12.831184270947839 1.9411519414055105
-12.831296189502233 1.9422522038025216
-12.832166133337333 1.9423197103603405
-12.833034394016382 1.942386917233218
-12.833146455268977 1.94348467336861
-12.83401305006529 1.9435516816648049
-12.834877970212876 1.9436183935780986
-12.83499017266744 1.9447136528682294
-12.835853435156338 1.9447801680964312
-12.836715031434407 1.9448463901989996
-12.836827373596872 1.9459391620293467
-12.837687320373451 1.946005189314916
-12.838545609308419 1.9460709266880774
-12.838658089686845 1.9471612204129474
-12.8395147372114 1.94722676481406
-12.840369735195614 1.9472920224726624
-12.840482352300176 1.948379847414918
-12.841335716899646 1.94844491392363
-12.842187440192824 1.948509696817104
-12.842300192535788 1.9495950622679008
-12.84315029040518 1.9496596558111932
-12.843998755135832 1.9497239688245827
-12.844111641231528 1.9508068840431227
-12.844958488435338 1.9508710094839277
-12.84580371060216 1.9509348574389034
-12.845916728966966 1.952015331652199
-12.846760341440557 1.9520789937904068
-12.84760233691382 1.9521423814462597
-12.847715486066134 1.9532204238489113
-12.84855587961712 1.9532836274223582
-12.849394664140023 1.953346559476976
-12.849507942600248 1.9544221792309608
-12.850345132909833 1.9544849289163997
-12.851180722099855 1.9545474100072258
-12.85129412839037 1.9556206162416987
-12.852128131014695 1.9556829166557514
-12.852960540364911 1.955744951360723
-12.85307407301006 1.9568157531718304
-12.853904903381512 1.9568776088719226
-12.854734148261905 1.9569392017103961
-12.85484780578797 1.9580076081610973
-12.855675479216476 1.958069023646377
-12.856501574875228 1.958130179080034
-12.856615355810407 1.9591961991999363
-12.857439887484727 1.9592571789121744
-12.858262849049487 1.9593179013459125
-12.85837675192388 1.9603815441311145
-12.85919815691286 1.960442092455591
-12.860017999391998 1.960502386238397
-12.860132022737584 1.9615636606513445
-12.860950315991408 1.9616237819177165
-12.861767054275257 1.961683651343525
-12.861881196625873 1.9627425663128737
-12.86269639297729 1.9628022647960295
-12.863510041839367 1.9628617141045663
-12.863624301730692 1.9639182785250566
-12.864436415896229 1.9639775584459531
-12.86524698999444 1.964036591823563
-12.865361365963972 1.9650908145559014
-12.866170412545133 1.965149680082388
-12.866977926422958 1.965208301662847
-12.867092417010001 1.9662601915335989
-12.867898410494448 1.9663186467812253
-12.868702878582118 1.96637686064654
-12.868817482327758 1.9674264264480286
-12.869620437090479 1.9674844754808387
-12.870421873706135 1.9675422856620306
-12.870536589153225 1.9685895361522465
-12.871336519457676 1.968647182983559
-12.87213493880851 1.9687045934614344
-12.87224976450165 1.9697495373639513
-12.873046684500903 1.9698067859571247
-12.87384210068428 1.9698638006630322
-12.873957035169802 1.9709064466669315
-12.874750958907653 1.9709633009361174
-12.875543385912236 1.9710199237526904
-12.875658427738184 1.9720602805124936
-12.876449369150262 1.9721167443233751
-12.877238820857102 1.9721729790852633
-12.877353968573216 1.973211055220871
-12.878141941488078 1.97326713239139
-12.878928431671696 1.973322982885976
-12.879043683829392 1.974358786982614
-12.879828701969602 1.9744144812836837
-12.88061224429906 1.9744699512517883
-12.880727599451419 1.9755034918599614
-12.881509676434598 1.9755588070161676
-12.882290284474564 1.9756139001527426
-12.88240574117631 1.9766451857881948
-12.883184890516198 1.9767001254784848
-12.883962577727972 1.9767548454332937
-12.884078134535457 1.9777838845769737
-12.884854369642943 1.9778384524353332
-12.8856291493855 1.9778928028136193
-12.885744804856689 1.9789196039116546
-12.886518139040831 1.9789738035277717
-12.887290024571827 1.9790277878909166
-12.887405777266284 1.980052359354591
-12.888176223735321 1.980106194274511
-12.888945228212103 1.980159816140679
-12.889061076690968 1.9811821663464182
-12.889828648553317 1.9812356400731856
-12.890594785033903 1.9812889029179592
-12.890710727859885 1.9823090402073205
-12.891475438125122 1.9823621562016096
-12.892238719569184 1.982415063458613
-12.892354755306538 1.9834329961382822
-12.89311661688637 1.9834857578190173
-12.8938770561562 1.98353831288053
-12.893993183370716 1.9845540492223215
-12.894752209079936 1.9846064599672872
-12.895509818941392 1.984658666184846
-12.895626036200385 1.9856722144257097
-12.89638223875782 1.9857242775721498
-12.89713703188127 1.9857761382571417
-12.897253337753552 1.9867875065991745
-12.898006729782999 1.9868392254443812
-12.898758718744249 1.9868907438686247
-12.898875111800127 1.9878999404790867
-12.899625705831271 1.9879513182809792
-12.900374903112478 1.9880024976772979
-12.900491381923732 1.9890095306886328
-12.901239190393062 1.9890605706663271
-12.901985608383645 1.9891114142291115
-12.902102171523518 1.9901162917389725
-12.902847206775219 1.9901669970733404
-12.903590857772743 1.9902175079591011
-12.903707503815925 1.9912202380303807
-12.904449778102771 1.9912706118646002
-12.90519067431384 1.9913207931925123
-12.905307401836453 1.9923213838533755
-12.906046927320684 1.9923714292934716
-12.906785080861798 1.9924212841459092
-12.906901888441386 1.9934197433898326
-12.907638677195571 1.993469463505209
-12.908374100094003 1.9935189949282703
-12.908490986309515 1.9945153307140835
-12.909225050317405 1.9945647285380457
-12.909957754512037 1.9946139395420706
-12.910074717943813 1.9956081597940025
-12.910806069101191 1.995657238324271
-12.91153606644336 1.9957061318843496
-12.911653105673121 1.9966982444920771
-12.912381755788633 1.9967470066912947
-12.913109058042954 1.9967955857477662
-12.91322617165379 1.9977855985664685
-12.913952132449765 1.9978340473626952
-12.914676751294953 1.9978823148216407
-12.914793937871305 1.9988702356720545
-12.915517220984572 1.9989183739592582
-12.916239168014254 1.9989663326929832
-12.9163564261419 1.9999521693614637
-12.917077043124593 2.