-8.951926751368037 0.
-8.972579931825836 0.010407010777703136
-8.983278707540455 0.015514616306677147
-8.998908615721952 0.024029770019254028
-9.002913414287045 0.026136815524390327
-9.018371701072232 0.03365017341485993
-9.026937050519313 0.03840299379129222
-9.050562421039364 0.05078955169336271
-9.054477836183722 0.052662018945614536
-9.056899943836555 0.05395534807859321
-9.07270772118439 0.06262018230643927
-9.091940035943473 0.07217817341157282
-9.095320112195107 0.07411772694908617
-9.12384590831776 0.08896159803317563
-9.130576687705638 0.09225482129502312
-9.137545616519144 0.09625644707296932
-9.170019494115444 0.11297406814975812
-9.203025999158848 0.1305817421992038
-9.210106728179015 0.13422458949421173
-9.215522020097115 0.1374112278254077
-9.250571147967582 0.15591761746268762
-9.257555371561661 0.15998039892971455
-9.28629750895151 0.1750014354426209
-9.29192114309419 0.1776755317593061
-9.29993427936286 0.1820736615344596
-9.333555148459668 0.19957225061704695
-9.351163777255406 0.20959563352966468
-9.374678567593383 0.22164868901230914
-9.399761023960657 0.2360856483172147
-9.411082653987792 0.24163634392381392
-9.415456546404528 0.24366209314609333
-9.424870127979785 0.248855525224692
-9.456615378632428 0.2653334536263087
-9.466790317519191 0.2714747521022651
-9.487428890311746 0.28292817346581894
-9.496109465340153 0.2869442721442903
-9.504049063648138 0.2914032594809716
-9.518865794442709 0.29939423296972206
-9.53620764857351 0.3080036903591943
-9.556130005703393 0.3200553197723287
-9.567771950442582 0.32562675822027926
-9.574750216879973 0.32878200670517993
-9.60095561111033 0.34330532489240284
-9.612148198527317 0.3491392346829095
-9.613886179825004 0.35036462310916944
-9.616331658806818 0.3520344029842737
-9.649932907155504 0.3688814909405908
-9.657520154459652 0.37376900881420194
-9.668178622512318 0.3802554025467886
-9.685809449369055 0.38822264365988923
-9.698934343347124 0.3959763528086329
-9.717359669689188 0.40603935038720157
-9.719957807599023 0.4071036672006907
-9.738349295469945 0.41710316795904684
-9.754797292712407 0.4253430512600737
-9.760506805169042 0.4296021893628527
-9.77595340908602 0.43724974268197014
-9.788564969883367 0.44308495761031064
-9.800920682276773 0.45154085028381385
-9.811909005053705 0.4565030201395058
-9.82088836567333 0.46035178958751644
-9.839596304959423 0.47214198191575085
-9.846357012370811 0.4749388657960292
-9.851884331455588 0.47713980638582826
-9.876687014804016 0.49158380006141517
-9.879420633227365 0.4926238729214796
-9.881655855874838 0.493452933051121
-9.895467662687965 0.501203450294077
-9.901968279459787 0.5046608271017017
-9.91088741869421 0.5092778997639634
-9.91120834987128 0.5096168146125006
-9.91155937468552 0.5099806874819994
-9.940433811514492 0.5246072511790336
-9.941816154510086 0.5259698222574793
-9.94332710668031 0.5274253552969687
-9.968924811594995 0.5395122238117736
-9.971329040193027 0.5417293500508672
-9.973955530797191 0.5440872055265963
-9.996432764296582 0.5540054899813949
-9.999823183706386 0.5569369705395965
-10.003525461624273 0.5600422275985426
-10.023022708894453 0.5681009778559698
-10.027366942978214 0.5716300355231115
-10.032109248221996 0.5753551557182364
-10.048753343674795 0.5818132762220755
-10.0540219063905 0.585842228760706
-10.05977193332632 0.5900816349595462
-10.073677835032704 0.5951572147439168
-10.07984376985665 0.5996040310680998
-10.08657221848011 0.6042698892352084
-10.09784450014235 0.6081475706970705
-10.104883074801807 0.6129431139572747
-10.112563273158832 0.6179620218174283
-10.121297386387184 0.6207988670562385
-10.129185832926925 0.6258846746019752
-10.137793417463115 0.6311950410491294
-10.144076765890699 0.633125236642071
-10.152794058151175 0.6384517223206825
-10.162306701567154 0.6440016779147848
-10.166219559771317 0.6451403340244183
-10.175746221937953 0.6506653247614637
-10.186143400264367 0.6564110441141091
-10.187759703869263 0.6568572818852085
-10.198077644980927 0.6625448204052182
-10.20296362256854 0.665134914634958
-10.209020841433292 0.6682848014021967
-10.209020882947637 0.6684449733201836
-10.219820895743188 0.6741080027701102
-10.230481305351757 0.6794302197140628
-10.230481493523582 0.6801218159972033
-10.241005902950675 0.6853712807223359
-10.2513976408482 0.6903155109086173
-10.251397971584169 0.6914741990483635
-10.261660376194525 0.6963498185185543
-10.27179653150933 0.7009512107993198
-10.271797001252423 0.7025208536628589
-10.281810006412844 0.7070576585793573
-10.291702724256671 0.7113473645601605
-10.291703329924438 0.7132788444870214
-10.301478643091379 0.7175078294877689
-10.311139213995935 0.721513536671177
-10.311139952927096 0.7237637691017508
-10.320688467676439 0.7277124412964027
-10.330127406603147 0.731458825169017
-10.330128276511312 0.7339899278822104
-10.33946014688972 0.7376827698919518
-10.34868726324766 0.7411918787148819
-10.348688262181017 0.7439704694164756
-10.357812968695065 0.747429331890887
-10.366837428575558 0.7507209153860802
-10.366838554881685 0.753717515631136
-10.375764963235577 0.7569619513137054
-10.384595344885522 0.7600537423911269
-10.384596597180572 0.7632422699701279
-10.393333010703971 0.7662898190974914
-10.40197735410595 0.7691977761276465
-10.401978731247569 0.7725551113436039
-10.410532937814642 0.7754215463505179
-10.41899878911387 0.7781600621662288
-10.419000290177346 0.7816656760660143
-10.427379604301361 0.7843652121223065
-10.435674055712784 0.7869472948658252
-10.435675679969988 0.7905829296065514
-10.443886980660126 0.7931284063532962
-10.452016706399538 0.7955658364176741
-10.452018453300258 0.7993152296579707
-10.4600682181853 0.8017182685762902
-10.468039506893126 0.8040217351827891
-10.468041376048493 0.8078703817743257
-10.47593571220295 0.8101415228641563
-10.483754496265846 0.8123207432385418
-10.483756487433626 0.8162556886211738
-10.49150115928348 0.8184045094523789
-10.499173041405053 0.8204683330871261
-10.499175154476461 0.8244779937132077
-10.506775609112008 0.826513213409037
-10.514305886438212 0.8284697135059725
-10.514308121426197 0.8325437203762214
-10.521769511607273 0.8344732906769672
-10.529163197672963 0.8363298445399262
-10.529165554701645 0.8404589065567348
-10.536492759804371 0.8422900917719466
-10.543754604534113 0.8440534516490873
-10.54375708382937 0.8482292360086868
-10.550954728952618 0.8499686833855976
-10.558089236920074 0.8516450390360178
-10.558091838801015 0.8558600663086199
-10.565164312224137 0.8575138681114584
-10.572175759349735 0.8591089021826279
-10.572178484221071 0.8633564540857347
-10.579129953381463 0.8649302024865543
-10.586022402226606 0.8664491396312671
-10.586025250571714 0.8707231777987038
-10.59285967671101 0.8722220135181893
-10.599636990508689 0.8736696640469829
-10.599639962883398 0.8779647583453296
-10.606361114493769 0.8793934138460611
-10.6130269700393 0.880774212599026
-10.613030067066184 0.8850854777524492
-10.619641532253294 0.886448315672726
-10.626199431765047 0.8877663566998509
-10.626202654128322 0.8920893961607358
-10.63270785199445 0.8933904435805597
-10.639161134042116 0.8946495111393375
-10.639164482482977 0.8989803672911828
-10.645566673622424 0.9002233463403403
-10.65191852320979 0.9014269426509528
-10.651921998522155 0.9057620525562963
-10.658224294711033 0.9069504078051817
-10.66447775259089 0.9081017779452378
-10.664481355617532 0.9124379339586779
-10.670686728771303 0.9135748569735378
-10.676844700061835 0.9146770112444588
-10.67684843169083 0.919011325902224
-10.68295972215526 0.9200997772961909
-10.689024984320081 0.9211555113505837
-10.68902884548163 0.9254853860261166
-10.695048769716033 0.926528115294372
-10.701023979963656 0.9275400282770119
-10.701027971627074 0.9318631251588005
-10.706959129332683 0.9328626885493086
-10.712846831485555 0.9338331994727324
-10.712850954656599 0.9381474164778845
-10.718695835397668 0.9391061931174245
-10.724498466275902 0.9400375556658521
-10.72450272199428 0.9443410039521364
-10.730263711354748 0.9452612104200351
-10.735983606715259 0.9461555263517478
-10.73598799605233 0.9504465101332272
-10.741667381366733 0.9513302136516059
-10.74730678143455 0.9521894449494652
-10.747311305491262 0.9564664433574552
-10.752911281184868 0.9573155737463868
-10.75847233580989 0.9581415536484296
-10.758476995714805 0.9624032044111791
-10.763999668284594 0.9632195649394497
-10.769484441753871 0.9640140079660527
-10.769489238661407 0.968259092707987
-10.7749366313266 0.9690443699547701
-10.780347106859542 0.9698088810354187
-10.780352041948339 0.9740363120206109
-10.785726098996523 0.9747920848499713
-10.791064182947775 0.9755281676409119
-10.791069257419142 0.9797369758061828
-10.79637184827165 0.9804647235446421
-10.80163937406428 0.9811737880184164
-10.801644589140807 0.9853631121595262
-10.80687751215891 0.9860642220567076
-10.812076243968447 0.9867475914355563
-10.81208160089273 0.9909166684257239
-10.817246586944265 0.9915924424691539
-10.822378223152345 0.9922513595663642
-10.822383723185736 0.9963995155001408
-10.827482438990101 0.9970511766474416
-10.83254861542484 0.9976868096737579
-10.832554259846356 1.001813451841368
-10.83758831111423 1.0024421497261804
-10.842590604092987 1.0030555976122688
-10.842596394198283 1.007160207220125
-10.84756732858106 1.00776702338204
-10.852507257769906 1.008359320662594
-10.852513194870259 1.0124414462250098
-10.857422504732877 1.0130273989084315
-10.862301535835902 1.013599520208728
-10.86230762125739 1.0176587715440495
-10.867156746287161 1.0182248201061994
-10.871976293577655 1.0187776842676863
-10.871982528660261 1.0228137270392856
-10.876772858323205 1.0233607760033725
-10.881534287027762 1.0238952498811291
-10.881540673124627 1.027907800630084
-10.886273548979927 1.028436703415971
-10.890978177525652 1.0289536053775505
-10.890984716002329 1.0329424269994636
-10.895661433884642 1.0334539893608807
-10.900310536018782 1.0339540925130974
-10.900317228252593 1.037918990136504
-10.904939040331202 1.038413973330936
-10.909533847121839 1.0388980084985235
-10.909540694501203 1.042838825726752
-10.914108811224253 1.0433179494415459
-10.918650512949986 1.0437866079192748
-10.918657516873873 1.047703223401553
-10.923173108805349 1.048167168457471
-10.92766285674129 1.0486211045552214
-10.927670018618608 1.0525134288563005
-10.932134218175076 1.0529628397076916
-10.93657312628193 1.053402673106106
-10.936580447531103 1.0572706458467853
-10.940994350624718 1.057706132895701
-10.945383497147212 1.0581324508283745
-10.945390979195581 1.0619760380720624
-10.949755646789388 1.0623981798120024
-10.954096075769817 1.0628115390886708
-10.954103720053283 1.0666307309515872
-10.958420179634384 1.0670400759550842
-10.962712902346667 1.0674410048389211
-10.962720710309219 1.0712358133037483
-10.96698995728496 1.0716328820666783
-10.971235953594137 1.072021882017618
-10.971243926687473 1.0757923389323616
-10.97546692570944 1.0761776255866848
-10.979667145361258 1.076555172881593
-10.979675285044399 1.0803013281271905
-10.983852971264671 1.080675302032755
-10.988008335109518 1.0810418492723037
-10.988016642848452 1.0847637690840777
-10.992149923112223 1.0851268763091682
-10.996261324267389 1.0854828538203853
-10.996269801534755 1.0891806192498628
-11.000359555513171 1.0895332839493024
-11.004427860467146 1.0898791010919804
-11.004436508741925 1.093552806596862
-11.008483590008712 1.0938954322957082
-11.012509639670945 1.0942314786801337
-11.012518460438155 1.09788123083134
-11.016523697493334 1.0982142016215013
-11.020508308192671 1.0985408482443308
-11.020517302943103 1.102166764540073
-11.02448150018691 1.1024904461965452
-11.028425464621707 1.102808046501059
-11.028434634851653 1.1064102542788101
-11.03235857351153 1.1067249953016556
-11.036262661654195 1.1070338861680935
-11.036272008865232 1.1106125216061644
-11.040156447878607 1.1109186541938312
-11.044021407837208 1.1112191568650402
-11.044030933535925 1.1147743640662122
-11.04787661039125 1.11507220502533
-11.051703169230597 1.1153646259725103
-11.051712874928427 1.1188965561228597
-11.055520506466875 1.119186407719209
-11.059309370991347 1.1194710394521517
-11.05931925820433 1.1229798500488064
-11.063089541384302 1.123262000803779
-11.066841398884542 1.1235391226296343
-11.066851469133107 1.127024976771762
-11.07058508175962 1.1272997022082694
-11.07430060072509 1.1275695809425488
-11.07431085553396 1.1310326466803706
-11.078008456954834 1.1313002100218448
-11.081688287754085 1.1315631006550686
-11.08169872865202 1.1350035503921514
-11.085360960422674 1.135264203217981
-11.089005735953073 1.1355203495411081
-11.08901636447273 1.1389383594855962
-11.092643850991253 1.1391923423460801
-11.096254187299797 1.1394419775376117
-11.09626500497762 1.1428377271984327
-11.099858354091722 1.1430852701920877
-11.10343485096848 1.1433286173695068
-11.103445859344463 1.146702289093924
-11.107005662931769 1.1469436124097627
-11.11054890447738 1.1471808851477696
-11.110560105095043 1.1505326636969637
-11.114086939618149 1.1507679781241529
-11.11759749478674 1.1509993809419623
-11.117608889192901 1.1543294531016017
-11.121103316230462 1.1545589605087307
-11.124581739349239 1.1547846893285272
-11.124593329093942 1.1580932435515432
-11.128055895849075 1.1583171373375563
-11.131502727115794 1.1585373799160446
-11.131514513752185 1.1618246059950565
-11.134945753539295 1.1620430715137537
-11.138361519498726 1.1622580078485958
-11.13837350458292 1.1655240966156484
-11.141773937294069 1.1657373115755114
-11.145159151294518 1.1659471142883084
-11.14517133638554 1.1691922573397677
-11.14854146893737 1.1694003921807397
-11.151896631568244 1.1696052268780963
-11.151909018227894 1.1728296163227339
-11.155249344990082 1.1730328345714618
-11.158574944501446 1.1732328601855544
-11.15858753429419 1.176436688414006
-11.16189853750033 1.1766351470189438
-11.165195050205329 1.1768305161289143
-11.165207844698246 1.1800139756028465
-11.168489994840021 1.180207825250514
-11.171757885501016 1.1803986843859158
-11.171770886263717 1.183561967445368
-11.175024642469182 1.1837513528589705
-11.178264364668358 1.1839378427864022
-11.178277573272863 1.187081141473896
-11.181503383669593 1.1872662016954203
-11.184715380164816 1.1874484576894075
-11.184728798185532 1.1905719635895216
-11.187927100249356 1.1907528322463494
-11.191111803315954 1.1909309843454534
-11.191125432329548 1.1940348884386753
-11.19429665321955 1.1942116939956762
-11.197454484978698 1.19438586724475
-11.197468326564058 1.1974703597744984
-11.200612883444494 1.1976432257725016
-11.203744256178819 1.1978135404519394
-11.203757200083562 1.200878810370196
-11.206905561285355 1.201047856085228
-11.210059886063567 1.2012143979876484
-11.210070443727224 1.2042606928338224
-11.21321226485649 1.2044260034426821
-11.216341668662785 1.204588878711198
-11.216352274464464 1.2076163972491658
-11.219469362486336 1.2077780766628468
-11.222574219072229 1.2079373936014606
-11.22258487161018 1.2109463199172823
-11.225677596033481 1.2111044751697664
-11.228758270725931 1.2112603380918898
-11.228768968600559 1.2142508550903168
-11.231837690636977 1.21440558927917
-11.234894540590902 1.2145580986833082
-11.234905282405103 1.217530388013933
-11.237950355216904 1.2176818004733212
-11.240983729658218 1.217831053209779
-11.240994514017101 1.2207852952007
-11.244016282955624 1.2209334816655752
-11.24702652341528 1.221079571094712
-11.24703734892632 1.2240159446931353
-11.250036151761677 1.2241609974551095
-11.253023592301107 1.2243040135976249
-11.253034457573877 1.2272226963168762
-11.256010624716211 1.2273647043722564
-11.258975592144521 1.2275047340519636
-11.258986495790818 1.230405901924416
-11.261940350503544 1.2305449511148518
-11.264883164586847 1.2306820780943684
-11.264894105220614 1.2335659056298351
-11.26782596382593 1.233702078775996
-11.270746937489147 1.2338363838857478
-11.270757913726362 1.236703044034916
-11.273668085803413 1.2368364210635925
-11.276567525324865 1.2369679823245068
-11.276578535783589 1.2398176464470292
-11.279467324359578 1.2399483045120236
-11.28234552955868 1.2400771972522622
-11.282356572858944 1.242910035089139
-11.285224274593483 1.2430380486862946
-11.288081539011841 1.2431643456523565
-11.288092613775746 1.245980525302282
-11.29093951913876 1.2461059663789673
-11.293776130214919 1.2462297378414686
-11.293787235066246 1.2490294257408279
-11.296613628509661 1.249152363800188
-11.299429867747818 1.2492736776546092
-11.299441001312532 1.2520570385608425
-11.302247161436041 1.2521775407610947
-11.305043304568922 1.2522964626237683
-11.305054465474642 1.2550636596018359
-11.307840665185775 1.2551817908508818
-11.310616982331956 1.2552983841504755
-11.310628169208158 1.2580495785621795
-11.313394675876905 1.2581654016077828
-11.316151431692774 1.2582797276725177
-11.31616264317075 1.2610150791684507
-11.318909718778933 1.2611286546842186
-11.321647172605536 1.26124077282505
-11.321658407318322 1.2639604393389627
-11.324386308603962 1.264071826006351
-11.327104714608932 1.2641817935963227
-11.327115971191247 1.2668859313417118
-11.329824949788097 1.2669951859282644
-11.332524557102845 1.2671030584782381
-11.332535834191058 1.2697918219469757
-11.335226136763511 1.2698989993809948
-11.3379071896159 1.2700048306119422
-11.337918485848038 1.2726783725747766
-11.340590354221602 1.2727835260166076
-11.34325309206425 1.2728873679286432
-11.343264406080044 1.2755458394374162
-11.34591807736753 1.2756490203475248
-11.348562735001938 1.2757509232858442
-11.348574065442623 1.2783944736772808
-11.351209772166246 1.2784957318812826
-11.353836579862898 1.2785957445991676
-11.353847925371246 1.2812245215001028
-11.35646589558078 1.2813239052509036
-11.359075079195387 1.2814220749699405
-11.359086438415728 1.2840362243038588
-11.361686895802857 1.2841337803410504
-11.364278676888878 1.2842301528087012
-11.364290048467058 1.286829818803475
-11.366873212476108 1.2869255924101242
-11.36944780839369 1.287020211954784
-11.369459190976965 1.2896055371515025
-11.372025276912108 1.2896995722084643
-11.374582900933605 1.2897924817921305
-11.37459429317069 1.2923636070549196
-11.377143512299781 1.292455946092797
-11.379684373711948 1.2925471873614653
-11.379695774253014 1.2951042518882083
-11.382228333908193 1.2951949361370736
-11.384752638111198 1.2952845494689766
-11.384764045607755 1.2978276908028483
-11.387280149282908 1.2979167602398383
-11.389788097886292 1.2980047847916272
-11.389799510991251 1.300534138833363
-11.392299358436471 1.3006216322282487
-11.394791149352132 1.3007081059792212
-11.394802566719665 1.3032238070000508
-11.397286354032815 1.3033097619588798
-11.399762181565173 1.3033947217533473
-11.399773601850864 1.305896902408518
-11.402241521566348 1.305981355415427
-11.404701576499749 1.3060648370033097
-11.40471299836039 1.308553628346144
-11.407165239535237 1.3086366148034205
-11.40960970921873 1.3087186528791555
-11.409621131312454 1.3111941843755797
-11.412057879609804 1.311275738642065
-11.414486948039379 1.311356366881905
-11.414498369025528 1.3138187664253969
-11.416919806795628 1.3138989218533021
-11.419333654693972 1.3139781729510849
-11.419345073233055 1.3164275668779897
-11.421751379591838 1.316506355848202
-11.424150184485761 1.316584261549657
-11.42416159923957 1.3190207746548255
-11.426552950144917 1.3190982286107757
-11.428936886440479 1.3191748197464397
-11.428948296071963 1.3215985752991455
-11.431324864397718 1.3216747247793021
-11.433694103453146 1.3217500312961041
-11.433705506626294 1.324161151056201
-11.436067462234119 1.3242360257252552
-11.438422172430618 1.3243100767168379
-11.438433567810826 1.3267086809511186
-11.440781077619976 1.3267823096299196
-11.443121424430478 1.3268551333657477
-11.443132810683982 1.329241340864473
-11.445466038739054 1.3293137515587714
-11.447792184794995 1.3293853755120877
-11.447803560589284 1.3317593036056523
-11.450122668126026 1.3318305235337045
-11.452434773282203 1.3319009744083827
-11.452446137285756 1.3342627389840906
-11.454751282795009 1.3343327946031769
-11.457049504192602 1.334402098359522
-11.45706085507511 1.3367518138784422
-11.459352194364909 1.3368207309103455
-11.461636686492708 1.336888912789887
-11.46164802292477 1.3392266923037695
-11.463925709180726 1.3392944957592636
-11.466196623934655 1.3393615803085892
-11.466207944587941 1.3416875354768119
-11.468472128431907 1.3417542496792003
-11.470729615172859 1.3418202607728695
-11.470740918719965 1.3441345018794026
-11.472991748267074 1.3442001504871517
-11.475235953877155 1.344265111349731
-11.475247238991923 1.3465677473200937
-11.477484859906035 1.3466323533485993
-11.47971592884325 1.346696286575858
-11.479727194200251 1.3489874249940532
-11.481951749747896 1.349051010836578
-11.484169824099322 1.3491139384158792
-11.484181068374173 1.351393685541289
-11.48639269947698 1.3514562729891082
-11.4885979190105 1.3515182163190311
-11.488609140879763 1.3537866771032585
-11.490807986165489 1.3538482873650448
-11.493000488380103 1.3539092672742719
-11.493011686521308 1.3561665453779144
-11.495197882373462 1.3562271990983992
-11.497377802548252 1.3562872358638973
-11.497388975639794 1.358533433673241
-11.499562656245939 1.3585931509511793
-11.501730127487704 1.3586522643157073
-11.501741274208955 1.3608874829593298
-11.503902571607702 1.3609462833647983
-11.50605772489733 1.361004492553768
-11.506068843928482 1.36322883191904
-11.508217888055237 1.3632867345101005
-11.510360852292832 1.3633440582478185
-11.510371942315023 1.365557616997294
-11.51250886104652 1.3656146403360423
-11.514639763095348 1.3656710968613592
-11.514650822790532 1.3678739724490467
-11.516775741988184 1.3679301346170796
-11.518894706717443 1.3679857416984704
-11.518905734768461 1.3701780303859767
-11.521018778320583 1.370233348999296
-11.523125928647081 1.3702881239493956
-11.523136923737495 1.372469920821936
-11.525238213600412 1.3725244130453147
-11.527333670529131 1.3725783727349306
-11.527344631343537 1.3747497717171993
-11.52943428758164 1.3748034542780332
-11.531518170245267 1.3748566151496575
-11.531529095468999 1.3770177090215512
-11.533607236293754 1.3770705982232143
-11.535679661991182 1.3771229763040551
-11.535690550310235 1.3792738567162468
-11.537757292118187 1.3793259684509742
-11.539818376352045 1.3793775793655252
-11.539829226453476 1.3815183368548822
-11.541884683863293 1.3815696866161948
-11.543934540376497 1.3816205455983628
-11.543945350947897 1.3837512696032066
-11.545989636836463 1.383801872497902
-11.548028377647862 1.3838519944027083
-11.548039147377777 1.385972773277912
-11.550072372915373 1.386022644037633
-11.552100108354473 1.3860720433525093
-11.552110835932043 1.388182964384428
-11.554133110616647 1.3882321173768313
-11.55614994935748 1.388280808232521
-11.5561606334728 1.3903819576537566
-11.558172065163514 1.3904304068932918
-11.560178114257656 1.390478403074377
-11.56018875360144 1.3925698660783725
-11.562189448551106 1.3926176252366909
-11.564184813459867 1.3926649401917572
-11.564195406723538 1.3947468009472188
-11.566185469610524 1.3947938833632254
-11.568170254236353 1.3948405302146794
-11.568180800112145 1.3969128718798243
-11.570160334071351 1.396959290569387
-11.57213464078846 1.3970052821229395
-11.572145137969315 1.3990681868595727
-11.57411424462244 1.3991139545249003
-11.576078174306675 1.3991593032787304
-11.576088621486198 1.4012128522661416
-11.578047400971224 1.4012579813048474
-11.580001053029223 1.4013026994584552
-11.58001144890176 1.4033469729071446
-11.581959999901764 1.4033914754210024
-11.583903472299392 1.4034355748837677
-11.583913815559914 1.4054706520489926
-11.585852235331155 1.4055145398524016
-11.587785624621256 1.405558032251856
-11.587795913965525 1.4075839914470012
-11.58972429836487 1.407627276075169
-11.59164769971436 1.4076701727649932
-11.591657933838738 1.4096870913747668
-11.593576377350406 1.4097297840916199
-11.595489884566716 1.4097720961593778
-11.595500062168277 1.4117800506528293
-11.59740865792999 1.411822162458664
-11.599312363486868 1.4118639007332818
-11.59932248326334 1.4138629666766458
-11.601221323091803 1.4139045083155273
-11.603115318154526 1.413945683374528
-11.603125378804242 1.4159359354438927
-11.605014553220062 1.4159769174108119
-11.606898927670034 1.4160175395873151
-11.60690892789206 1.4179990515811152
-11.608788526144052 1.4180394841289148
-11.610663368602841 1.418079563518408
-11.610673307096834 1.420052408369746
-11.61254341718577 1.4200923015158202
-11.614408815038573 1.4201318479827136
-11.61441869050487 1.4220960977715076
-11.616279399206684 1.4221354613042867
-11.618135438625249 1.4221744844882562
-11.618145249764734 1.4241302104532167
-11.619996642653165 1.4241690539384446
-11.621843408618194 1.4242075632605724
-11.621853154132475 1.4261548358110092
-11.623695315601216 1.4261931685978195
-11.625532891924237 1.4262311732665396
-11.625542570515542 1.428170061993999
-11.627375583799852 1.428207893220798
-11.6292040531446 1.4282454022376538
-11.629213663515637 1.4301759759273889
-11.631037610713484 1.4302133145275544
-11.632857054616789 1.4302503366927732
-11.63286659547104 1.432172663335049
-11.634681557563754 1.4322095180424463
-11.636492056455957 1.4322460619603414
-11.63650152649744 1.4341602087615726
-11.63830758336989 1.4341965881159018
-11.6401092165948 1.4342326622001034
-11.640118614528115 1.4361386955938331
-11.641915844988445 1.436174607945806
-11.643708690822846 1.436210220424331
-11.643718015353125 1.438108206082045
-11.645506497152034 1.438143659598403
-11.647290632824756 1.438178818518567
-11.647299882657926 1.4400688213603499
-11.649079692507529 1.4401038240287265
-11.65085519421809 1.440138537261906
-11.650864368060507 1.4420206214669382
-11.652635581652774 1.442055181100572
-11.65440252458961 1.4420894563468176
-11.65441162114819 1.4439636853637179
-11.656174313172967 1.4439978096060204
-11.657932771531266 1.4440316543985323
-11.65794178951364 1.4458980909555441
-11.659696033676285 1.4459317872845299
-11.661446080675416 1.445965208993995
-11.661455018789603 1.4478239151090213
-11.663200887828232 1.4478571908416014
-11.66494259572881 1.4478901966803994
-11.664951452683567 1.4497412336708873
-11.66668901838592 1.4497740959670335
-11.668422458506479 1.4498066929933187
-11.668431233011091 1.451650121485992
-11.670160566231031 1.451682577352778
-11.671885808964351 1.4517147724744346
-11.6718944997286 1.4535506524148836
-11.67361567040226 1.4535827087104014
-11.675332785231333 1.4536145086888832
-11.675341390965626 1.4554428993510071
-11.677054468127205 1.4554745627881687
-11.678763523640862 1.4555059742422243
-11.678772043056098 1.4573269342375297
-11.68047709485331 1.457358211387756
-11.682178158761515 1.457389240797043
-11.682186590569277 1.4592028280838023
-11.683883684278495 1.4592337253806011
-11.685576823427295 1.4592643790891942
-11.685585166339575 1.4610706509814646
-11.687274368380617 1.4611011747239055
-11.68895964876681 1.4611314589437008
-11.688967901496166 1.462930472120204
-11.690649277446795 1.4629606284762895
-11.692326764232249 1.4629905492903101
-11.692334925491926 1.464782359803179
-11.694008540102033 1.4648121548131177
-11.695678297627731 1.4648417181787232
-11.695686366131351 1.466626381462112
-11.697352283336844 1.4666558210414968
-11.699014375136622 1.466685032793498
-11.699022349598433 1.4684626036720634
-11.700680632534835 1.4684916936149572
-11.702335121348835 1.4685205594686428
-11.702343000483598 1.4702910921658918
-11.703993711499352 1.4703198381478257
-11.7056406592872 1.470348363701901
-11.705648441810236 1.4721119118484136
-11.707291642479753 1.4721403194292957
-11.708931110433452 1.4721685101687374
-11.708938795060662 1.4739251268102618
-11.71057454619708 1.4739532014372065
-11.712206594753662 1.4739810627360355
-11.712214180201364 1.4757308003414586
-11.713842541869063 1.4757585473515327
-11.715467230722947 1.4757860844755089
-11.71547471570808 1.4775289949447052
-11.717095747234922 1.4775564195675974
-11.718713135350049 1.4775836376768379
-11.71872051859007 1.4793197723483966
-11.7203342785794 1.4793468797090108
-11.721944424201107 1.4793737838605345
-11.721951704413966 1.481103193519369
-11.723558250756378 1.481129988640345
-11.725161211423028 1.4811565837905456
-11.725168387327239 1.4828793186753841
-11.726767777212075 1.4829058064795486
-11.72836360976647 1.4829320974865978
-11.728370680081126 1.4846482072973612
-11.729962970007774 1.4846743926101078
-11.731551730608315 1.4847003842362938
-11.731558694052874 1.4864099181413575
-11.733143939841826 1.486435805692963
-11.734725683973464 1.4864615026069616
-11.734732539268162 1.488164509250307
-11.736310796071848 1.488190103678183
-11.737885578556815 1.4882155104572674
-11.737892324422155 1.489912037965524
-11.739463646735569 1.4899373438164054
-11.741031521743892 1.4899624649485952
-11.74103815690106 1.4916525609379716
-11.742602598572166 1.4916775826700464
-11.744163619631975 1.4917024225561966
-11.744170142802659 1.4933861341393089
-11.7457277570426 1.493410876124288
-11.747281977050235 1.493435439080123
-11.747288386956592 1.4951128128727147
-11.748839226349697 1.4951372793978472
-11.750386697579613 1.4951615696559382
-11.750392992944407 1.4968326517834982
-11.751937109457998 1.496856847053531
-11.753477883572474 1.4968808687652193
-11.753484063118874 1.4985457048695
-11.755021508112879 1.4985696330085838
-11.756555636171548 1.4985933902458535
-11.75656169862336 1.500252025491285
-11.758092522859751 1.500275690544831
-11.759620055328933 1.500299187302131
-11.759625999410483 1.5019516663821408
-11.76115025306252 1.5019750723186247
-11.76267123982438 1.5019983125146419
-11.762677064260467 1.503644679657876
-11.764194796921766 1.5036678303705961
-11.765709287283302 1.503690817849981
-11.76571499079923 1.505331116826429
-11.76722625149266 1.5053540161352172
-11.768734294194505 1.505376754670264
-11.76873987551619 1.507011028797292
-11.770244712702596 1.5070336804501785
-11.771746355927663 1.5070561737424613
-11.771751813781462 1.5086844658907512
-11.77325027536823 1.5087068735655853
-11.774745566750187 1.5087291252475499
-11.774750899862989 1.5103514778469502
-11.776243033212431 1.5103736451529797
-11.777732019844018 1.5103956587894942
-11.777737226943337 1.5120121138347788
-11.77922307888094 1.5120340443141862
-11.780705807322127 1.5120558234040526
-11.780710887135847 1.5136664224605934
-11.782190503958342 1.5136881195899936
-11.783667020244339 1.513709667567417
-11.783671971500969 1.515314451776769
-11.78514539898427 1.5153359189686675
-11.786615748633375 1.5153572392046903
-11.786620570062043 1.5169562492900934
-11.788087853469028 1.5169774898943058
-11.789552081490337 1.5169985856982022
-11.789556771820555 1.518591861969999
-11.791017955908698 1.5186128792750349
-11.792476106809676 1.518633753895671
-11.792480664771453 1.5202213362566401
-11.793935793800323 1.5202421334910516
-11.795387911594222 1.5202627901182102
-11.79539233591823 1.5218447180688226
-11.796841453656842 1.5218652984025174
-11.798287581869996 1.521885740168189
-11.798291871287393 1.523462052811781
-11.799735021021437 1.5234824193573016
-11.801175202700405 1.5235026493369426
-11.801179355942905 1.5250733853848137
-11.802616580481827 1.525093541198586
-11.804050858200426 1.5251135624123446
-11.80405487400016 1.5266787601887766
-11.80548621568412 1.526698708272324
-11.806914631550319 1.5267185236862357
-11.806918508640157 1.5282782211334358
-11.808344009346861 1.5282979644345664
-11.809766605009544 1.5283175769617185
-11.809770342122727 1.5298718116446897
-11.811190043274138 1.5298913530586493
-11.812606859929751 1.5299107655603172
-11.812610455800089 1.5314595746716544
-11.81402439836901 1.5314789170422545
-11.815435476768092 1.5314981323290084
-11.81543893013004 1.5330415526936225
-11.816847154646585 1.533060698814337
-11.81825253510017 1.533079719647123
-11.81825584468861 1.5346177877268943
-11.819658391246545 1.5346367403419305
-11.821058113632464 1.5346555694331223
-11.821061278182892 1.5361883213314846
-11.822458186445886 1.5362070831368284
-11.823852290214942 1.5362257231512546
-11.82385530846335 1.5377531946177099
-11.825246617671088 1.5377717682621435
-11.826635141853131 1.5377902218180892
-11.826638012536078 1.5393124482526566
-11.828023761510284 1.5393308363387515
-11.829406744720172 1.5393491060089357
-11.82940946657487 1.5408661224665319
-11.830789693725222 1.5408843275516184
-11.832167174168678 1.540902415864147
-11.832169745932694 1.5424142570589037
-11.833544489262625 1.5424322816560156
-11.834916504741997 1.5424501910953106
-11.834918925153646 1.5439568914048265
-11.836288222266049 1.5439747379836246
-11.83765481018596 1.543992470991332
-11.83765707798398 1.5454940644608623
-11.839020966086812 1.5455117354485324
-11.840382163459715 1.5455292944244075
-11.84038427738352 1.5470258147709917
-11.841742793295309 1.5470433125531236
-11.843098636746946 1.5470606998558947
-11.843100595536354 1.5485521804724218
-11.844453775691608 1.548569507393867
-11.845804301466378 1.5485867253420784
-11.84580610386196 1.5500731993012948
-11.847153984316488 1.5500903576670013
-11.848499228282712 1.5501074085398365
-11.84850087302553 1.551588908598293
-11.849843489461666 1.551605900674122
-11.85118348711676 1.5516227867122074
-11.851184972948325 1.5530993453141477
-11.852522360680055 1.553116173327672
-11.853857147155642 1.5531328967338598
-11.853858472818319 1.5546045460150542
-11.85519066679634 1.5546212121563334
-11.85652027686323 1.5546377750964684
-11.85652144109966 1.5561045468879895
-11.857848475916335 1.556121053310332
-11.859172943989458 1.5561374579139986
-11.85917394554305 1.5575993837459423
-11.860495855437277 1.5576157325666447
-11.861815215580512 1.5576319809278967
-11.86181605319522 1.5590890920330491
-11.863132872057239 1.5591052853341218
-11.864447157988167 1.5591213795121954
-11.864447830408471 1.5605737068296464
-11.865759591784567 1.56058974665852
-11.867068836879138 1.5606056886785291
-11.867069342850147 1.562053262857233
-11.868376079947284 1.5620691512274487
-11.869680317244425 1.5620849430810664
-11.869680655511946 1.5635277944833506
-11.87098240120232 1.5635435333752354
-11.872281663408438 1.563559177021356
-11.872281832718656 1.5649973357263804
-11.873578619544183 1.5650129270877053
-11.874872939037607 1.565028424453094
-11.87487293813747 1.566461920260259
-11.876164798314175 1.5664773660068825
-11.877454207149528 1.5664927189868094
-11.877454034786524 1.5679215814191143
-11.878741000208882 1.5679368834356118
-11.880025530121372 1.5679520938944702
-11.880025185043618 1.5693763522018254
-11.881307287288807 1.5693915123421025
-11.882586969698453 1.5694065821140146
-11.882586450654655 1.5708262652765037
-11.883863720986751 1.5708412853643974
-11.885138587002533 1.5708562162538047
-11.885137892742033 1.5722713529849013
-11.886410362116123 1.5722862348147661
-11.887680442540068 1.572301028597007
-11.88767957181278 1.5737116473467454
-11.888947270879012 1.5737263926840266
-11.890212596210214 1.5737410511059013
-11.8902115477667 1.5751471800640016
-11.891474506874273 1.5751617906457949
-11.892735107312841 1.5751763154261174
-11.892733879904297 1.5765779825250652
-11.893992129105376 1.576592460060665
-11.89524803455633 1.5766068528908017
-11.895246626934627 1.5780040858088857
-11.89650019598821 1.5780184319803197
-11.897751436065297 1.5780326945247172
-11.89774984698277 1.5794255206890222
-11.898998765358467 1.5794397371515747
-11.90024536938793 1.5794538710482746
-11.90024359759769 1.5808423176376332
-11.90148789447947 1.580856406020357
-11.902729891503748 1.5808704128814999
-11.902727935759495 1.5822545068294012
-11.903967640049345 1.582268468735617
-11.905205058830717 1.5822823501479353
-11.905202917886847 1.5836621181453934
-11.906438058208392 1.5836759551531792
-11.90767092723256 1.5836897126784788
-11.907668599844042 1.585065181176861
-11.908899204546108 1.5850788948395298
-11.910127552025726 1.5850925300151608
-11.91012503694825 1.5864637252289755
-11.911351134108347 1.5864773170755428
-11.912574987986488 1.586490831414861
-11.912572283976273 1.5878577793245068
-11.913793901404055 1.587871250860148
-11.915013289357633 1.5878846458529643
-11.91501039517172 1.5892473722074398
-11.91622756041236 1.589260724913938
-11.917442509855487 1.5892740020269598
-11.91743942425143 1.5906325323465376
-11.918652164588963 1.5906457676827195
-11.919862702676264 1.5906589283599812
-11.91985942441244 1.592013287938842
-11.921067766873044 1.592026407341007
-11.922273920502901 1.592039453004293
-11.922270448338196 1.5933896669131247
-11.923474419693422 1.593402671795463
-11.924077851624608 1.5934156218254765
-11.924076077198244 1.5940762419554069
-11.924674406300795 1.594089171969679
-11.925276770132353 1.5941020656001381
-11.925274947604809 1.5947617149545055
-11.9258721749752 1.594774588688281
-11.926473474018849 1.594787426262019
-11.926471603233246 1.5954461075705473
-11.927067732129526 1.5954589253657663
-11.927667969681552 1.5954717072229916
-11.927666050481127 1.596129423204531
-11.928263425737553 1.5961421854005173
-11.928563134665941 1.5961549206632624
-11.928562194754527 1.5964706870731664
-11.928859285662012 1.5964834127344798
-11.929158730633368 1.5964961204065953
-11.929157778975755 1.5968116740760427
-11.929454596687274 1.5968243721749007
-11.92975377810952 1.5968370523399273
-11.92975281468566 1.597152393522251
-11.930049359602558 1.5971650641420905
-11.93034827788267 1.5971777168832495
-11.930347302672503 1.5974928458314315
-11.930643575195187 1.5975054890553704
-11.93094223073919 1.5975181144555664
-11.930941243722685 1.597833031422238
-11.931237244250628 1.597845647333077
-11.931535637463613 1.597858245474898
-11.93153463862076 1.5981729507123403
-11.931830367552502 1.5981855393925648
-11.932128498838617 1.5981981103582843
-11.932127488149352 1.5985126041184272
-11.932422945882488 1.5985251656502089
-11.932720815644954 1.5985377095217872
-11.932719793089312 1.598851992056211
-11.93301498002052 1.598864526521408
-11.933312588661616 1.5988770433804942
-11.933311554219568 1.5991911149404285
-11.933606470744598 1.5992036224205886
-11.933903818665677 1.599216112348521
-11.933902772317127 1.5995299731848456
-11.934198705603631 1.5995424537612064
-11.934494506432294 1.5995549168390144
-11.934493448157285 1.59986856720226
-11.934787825053496 1.5998810209557504
-11.935086877319176 1.5998934571999017
-11.935088475854066 1.60020689754574
-11.935390085604189 1.6002193244157457
-11.935995393371734 1.600231724782724
-11.936001740178291 1.6008827605172182
-11.936606545315612 1.600895141773389
-11.937210848316152 1.6009074879560337
-11.937217222478795 1.6015575819243488
-11.9378210243588 1.601569909107172
-11.93842432560876 1.6015822014275787
-11.938430727225567 1.6022313562441486
-11.939033528857765 1.6022436296748979
-11.939635831359725 1.6022558684527468
-11.939642260528224 1.6029040867216902
-11.94024406490829 1.6029163067192316
-11.940845371651076 1.6029284922718097
-11.940851828469397 1.6035757765869807
-11.94145017958484 1.6035879434677938
-11.942052952538065 1.6036000761100164
-11.942059437104168 1.604246429055054
-11.942656793896871 1.604258543133254
-11.94385482361557 1.6042706064578636
-11.943868120143032 1.6055846178156596
-11.94506417761583 1.6055966439913405
-11.946258268352793 1.6056086032471115
-11.94627167772227 1.6069187121651418
-11.94746380790884 1.6069306346993026
-11.948653983005784 1.6069424911058718
-11.948667506004442 1.6082487203235456
-11.949855732140554 1.608260540429557
-11.951042014727975 1.6082722951885569
-11.951055652143653 1.6095746672506364
-11.952239997255138 1.6095863861239748
-11.953422410254856 1.6095980404193533
-11.953436162875143 1.6108965776781234
-11.954616649780421 1.6109081964966891
-11.955795215908104 1.610919751495022
-11.955809084520425 1.6122144761124315
-11.956985735833012 1.6122259960368592
-11.958160477600657 1.612237452887657
-11.958174462993428 1.6135283868374288
-11.959347301124389 1.6135398090113917
-11.960518240842758 1.6135511688474002
-11.960532343803482 1.6148383339171148
-11.961701390963855 1.6148496594676232
-11.962868550744885 1.614860923405117
-11.962882772061878 1.6161443411982677
-11.964048050265063 1.6161555712359605
-11.965211452024231 1.616166740375032
-11.965225792485999 1.6174464323130513
-11.966387323550114 1.6174575679324827
-11.96754698900877 1.6174686433573229
-11.967561449403062 1.6187446306815831
-11.968719254953248 1.6187556729615027
-11.969875205640921 1.618766655740679
-11.969889786756664 1.6200389595144657
-11.971043888227372 1.6200499095180922
-11.97219614548403 1.6200608007048185
-11.972210848109725 1.6213294418152775
-11.973361266746972 1.6213403005905684
-11.974509851725252 1.6213511012229707
-11.974524676649457 1.622616100383029
-11.975671433513027 1.6226268689629444
-11.97681636718043 1.6226375800643207
-11.976831315192166 1.623898957814582
-11.9779744311578 1.6239096372173418
-11.979115734298869 1.6239202597964169
-11.979130806186676 1.6251780365070327
-11.980270301948218 1.6251886277363705
-11.981407995166661 1.6251991627875457
-11.981423191720225 1.6264533586600605
-11.982559087791747 1.6264638627054708
-11.983693191512542 1.6264743112090687
-11.983708513520424 1.627724946278241
-11.984840830238308 1.6277353641152235
-11.98597136470978 1.6277457270377274
-11.985986812961833 1.6289928211733284
-11.987115570486829 1.6290031537636243
-11.988242555782687 1.6290134320579135
-11.988258131067987 1.6302570049664995
-11.98938334938724 1.6302672532583262
-11.990506805408591 1.6302774478639066
-11.990522508516765 1.6315175190905704
-11.991644207445814 1.6315276840188502
-11.99276415392315 1.6315377958620798
-11.992779985643903 1.6327743847921776
-11.993898184828652 1.6327844672787615
-11.995014641323799 1.6327944972730717
-11.995030602446946 1.6340276231339292
-11.996145321365598 1.6340376240878167
-11.997258307273649 1.6340475731339297
-11.997274398589303 1.635277254996524
-11.998385656554284 1.6352871753140799
-11.999495191105488 1.6352970443002206
-11.999511413403406 1.6365233010808418
-12.000619229563236 1.6365331416460054
-12.001725331824886 1.6365429314481115
-12.001741685895375 1.6377657819100016
-12.002846079236544 1.637775543594496
-12.003948768114807 1.637785255076421
-12.003965254748243 1.6390047178313925
-12.00506624409703 1.6390144014949264
-12.006165538338774 1.6390240355086407
-12.006182158325474 1.640240129018674
-12.007279762349755 1.640249735509142
-12.008375680544344 1.6402592928949302
-12.008392434675088 1.6414720354737504
-12.00948667188612 1.6414815656274266
-12.010579232467178 1.6414910472140793
-12.010596121532581 1.6427004570287127
-12.011687010286762 1.6427099116704442
-12.012776231533913 1.6427193182754483
-12.012793256324677 1.643925413347758
-12.013880814825267 1.6439347932911519
-12.014966714865864 1.6439441257208751
-12.014983876173313 1.6451469239290795
-12.016068122472147 1.645156229976687
-12.01715071928296 1.6451654890265606
-12.017168017897815 1.6463650081067294
-12.018248969896982 1.6463742410502276
-12.01932828130587 1.6463834275049238
-12.019345718019778 1.6475796850524573
-12.02042339347329 1.6475888456728252
-12.021499437160848 1.647597960306434
-12.021517012764933 1.6487909737775224
-12.022591429280348 1.6488000628452155
-12.023664222781536 1.648809106421415
-12.023681938067693 1.6499988931344791
-12.024753113107737 1.6500079114096002
-12.025822673813474 1.6500168846818255
-12.025840529572939 1.6512034618189406
-12.026908480457095 1.651212410051407
-12.027974825615853 1.6512213137630158
-12.02799282264071 1.6524046983713152
-12.029057566546788 1.6524135773010227
-12.030120713266136 1.6524224121854572
-12.030138852348255 1.6536026211785204
-12.03120040631394 1.653611431535505
-12.032260371562092 1.6536201983164514
-12.03227865349358 1.654797248475673
-12.033337034417963 1.6548059909802686
-12.034393835025288 1.6548146903718124
-12.034412260598545 1.6559885983477556
-12.035467485243618 1.6559972737107491
-12.03652113790414 1.65600590641753
-12.03653970791165 1.657176688731261
-12.037591792903802 1.657185297654045
-12.038642314176672 1.6571938643714057
-12.038661029410584 1.658361537415813
-12.039709991242058 1.6583700805905355
-12.04075739755301 1.6583785820046697
-12.040776258806645 1.6595431620457668
-12.041822113836997 1.6595516401554766
-12.042866421479784 1.659560076943575
-12.042885429545343 1.6607215801217865
-12.043928194002845 1.6607299938405784
-12.04496941914066 1.660738366670969
-12.044988574811713 1.6618968090024009
-12.046028264794785 1.6619051589955562
-12.047066423461645 1.6619134685278456
-12.047085727531053 1.663068865905539
-12.04812235900963 1.663077152829665
-12.049157467111769 1.6630853997148742
-12.049176920373071 1.6642377679100455
-12.050210509189988 1.6642459924132107
-12.051242582507207 1.6642541772939103
-12.051262185753739 1.6654035319571743
-12.052292747626069 1.6654116946790423
-12.053321801813086 1.6654198181894846
-12.053341555838632 1.6665661748520626
-12.054369106359028 1.666574276424024
-12.055395156946792 1.6665823391902717
-12.055415062545347 1.6677257132651864
-12.056439617183354 1.6677337543104866
-12.057462679580357 1.667741756950541
-12.057482737545465 1.6688821637337952
-12.058504311648816 1.6688901448676619
-12.05952440114239 1.6688980879915876
-12.059544612268457 1.670035542663328
-12.060563221064355 1.6700434644930944
-12.061580352821927 1.6700513487031416
-12.06160071790342 1.671185866328811
-12.062616376499802 1.6711937294540382
-12.063630565570167 1.6712015553447641
-12.06365108540139 1.6723331508762365
-12.064663808788172 1.6723409558888331
-12.065675070102714 1.6723487240472192
-12.065695745478605 1.673477412323923
-12.06670554852892 1.673485159808263
-12.067713896902847 1.6734928708138317
-12.067734728617904 1.6746186665638594
-12.068741626089306 1.6746263570968971
-12.069747076222859 1.674634011521826
-12.069768065072164 1.6757569293630283
-12.070772071607832 1.675764563514412
-12.071774638087465 1.6757721619236456
-12.071795784866614 1.6768922163647155
-12.07279691499654 1.6768997946968993
-12.073796612296102 1.6769073376482595
-12.073817917800127 1.6780245430898004
-12.074816185942277 1.678032066158153
-12.075813028424172 1.6780395542024462
-12.075834493448749 1.6791539249380292
-12.076829913910215 1.679161393290941
-12.077823915826547 1.6791688269720666
-12.077845541167331 1.6802803771892736
-12.078838128145474 1.6802877913682637
-12.079829303639182 1.6802951712233152
-12.079851090092392 1.6814039150047715
-12.080840857675964 1.6814112755445894
-12.081829220781923 1.6814186021039594
-12.081851169143325 1.6825245534283513
-12.082838131313578 1.6825318608570807
-12.083823695959719 1.6825391346445608
-12.083845807025991 1.6836423073876432
-12.084829977657767 1.6836495622268006
-12.085812757666156 1.6836567837596799
-12.085835032233511 1.684757191695271
-12.086816425096327 1.6847643944599051
-12.08779643418424 1.6847715642490677
-12.08781887304959 1.6858692210500326
-12.088797501808706 1.6858763722488197
-12.089774753589685 1.6858834907988405
-12.089797357549857 1.6869784100380616
-12.090773235767328 1.6869855101734015
-12.091747743752235 1.6869925779826398
-12.091770513604509 1.6880847731339774
-12.092743654740223 1.6880918227020865
-12.093715432338266 1.6880988402627775
-12.093738368879697 1.6891883247020185
-12.094708786292406 1.689195324193021
-12.095677846812167 1.6892022919913678
-12.095700950840474 1.6902890789971632
-12.096668657788802 1.6902960288951814
-12.09763501443924 1.6903029474114426
-12.097658286751857 1.6913870501662331
-12.098623296395308 1.6913939509494762
-12.099586962286756 1.6914008206580544
-12.099610403682183 1.6924822522489873
-12.100572729082126 1.6924891043898378
-12.101533717227268 1.692495925759365
-12.101557328503173 1.6935746991791978
-12.102516982623817 1.6935815031442976
-12.103475305938666 1.69358827663772
-12.103499087893516 1.6946644047857156
-12.104456083602875 1.6946711610360492
-12.105411754907728 1.6946778871107104
-12.105435708340206 1.6957513827935202
-12.106390058411055 1.6957580917844983
-12.107343090431437 1.6957647708922208
-12.107367216140254 1.6968356468247594
-12.108318933251068 1.696842309006299
-12.109269338618667 1.696848941593464
-12.109293637403011 1.6979172103997715
-12.110242734138888 1.6979238262163767
-12.11119052539248 1.6979304127240038
-12.111214998051352 1.6989960869381
-12.112161486904936 1.6990026568289396
-12.113106676491299 1.6990091976927637
-12.1131313238241 1.700072289759492
-12.114075217196483 1.700078814158477
-12.11501781747129 1.7000853098090252
-12.11504264027809 1.7011458320848851
-12.115983950479714 1.701152311420745
-12.11692397370843 1.7011587622834108
-12.116948972789169 1.7022167270373836
-12.117887712040702 1.7022231617337396
-12.118825170399452 1.7022295682288575
-12.118850346553991 1.703284987643221
-12.119786526987202 1.7032913781186603
-12.120721432563654 1.7032977406615775
-12.120746786592276 1.7043506268327104
-12.121680420250897 1.7043569735008586
-12.122612785045106 1.7043632925020062
-12.122638317748951 1.705413657441186
-12.123569416589534 1.7054199607107767
-12.124499252514795 1.7054262365757409
-12.124524964694249 1.7064740922099295
-12.125453540587001 1.7064803524848748
-12.126380859470684 1.7064865856144646
-12.126406751927389 1.7075319437870877
-12.127332816657011 1.7075381614665468
-12.128257630241384 1.7075443522568619
-12.128283703776235 1.708587224728578
-12.129207269042732 1.7085934002070242
-12.130129588985783 1.7085995490495223
-12.130155844400905 1.7096399474989832
-12.131076921820407 1.70964608116627
-12.131996759696648 1.7096521884478317
-12.132023197793403 1.710690124472435
-12.132941798898967 1.7106962167138617
-12.133859166200232 1.7107022828168554
-12.13388578778089 1.7117377679334878
-12.13480192402328 1.7117438191298635
-12.135716832159511 1.7117498444322086
-12.135743638026774 1.7127828900779805
-12.136657320775262 1.7127889006056871
-12.137569781075284 1.7127948854809163
-12.137596772031415 1.7138255030138898
-12.13850801257454 1.7138314732449438
-12.139418036286838 1.7138374180622642
-12.13944521313505 1.7148656187621718
-12.140354022681386 1.714871549064285
-12.141261620974856 1.7148774541886391
-12.141288984518054 1.7159032492575934
-12.142195374196971 1.7159091399942343
-12.143100558161676 1.7159150057863586
-12.14312810920367 1.716938406349556
-12.144032090066068 1.716944257880007
-12.144934870713977 1.716950084696491
-12.144962610058231 1.7179711018029065
-12.14586419307729 1.7179769144823227
-12.146764581343012 1.717982702675666
-12.146792509793553 1.7190013472987398
-12.147691705865453 1.7190071214782068
-12.148589712606961 1.7190128713968755
-12.148617830968169 1.7200291544351933
-12.149514650912815 1.7200348904617824
-12.150410286912162 1.7200406024502652
-12.150438595988462 1.72105453472823
-12.151333050550194 1.7210602329450537
-12.15222632651422 1.7210659073439158
-12.152254827110609 1.7220774996124124
-12.1531469269589 1.7220831603586795
-12.154037853519934 1.7220887975046173
-12.154066546441406 1.7230980604416692
-12.154956302171568 1.7231036840527372
-12.155844889888114 1.7231092842786306
-12.155873775940163 1.724116228490051
-12.156761198074024 1.7241218152974793
-12.157647457431446 1.7241273789324445
-12.157676537419986 1.7251320149524783
-12.158561636406576 1.7251375652840806
-12.159445577817776 1.7251430926535198
-12.159474852548348 1.7261454309454796
-12.160357638764564 1.726150945125374
-12.161239272570644 1.7261564365510285
-12.161268742849963 1.7271564875079237
-12.162149226601239 1.727161965856583
-12.163028563072164 1.7271674216565802
-12.163058229706438 1.7281651956017388
-12.163936421227396 1.7281706384360407
-12.164813470562645 1.7281760589249446
-12.16484333435939 1.7291715661126281
-12.165719243814484 1.7291769737459028
-12.1665940161437 1.7291823592347617
-12.166624077909669 1.7301756098507741
-12.16749771539384 1.7301809825928527
-12.168370220777456 1.7301863333892462
-12.168400481320418 1.731177337551536
-12.169271856859716 1.7311826757087971
-12.17014210528959 1.7311879921168831
-12.170172565417172 1.732176759876138
-12.171041688969378 1.732182063751555
-12.171909690369423 1.7321873460721153
-12.17194035089029 1.7331738874123512
-12.172807232345553 1.733179157305537
-12.173672996572337 1.7331844058360228
-12.173703858294074 1.7341687306751672
-12.174568507475502 1.7341739668824194
-12.175432044318873 1.7341791819169954
-12.175463108051238 1.7351613001074624
-12.176325534715518 1.7351665029218073
-12.177186853899194 1.7351716847513958
-12.177218120450833 1.7361516060806574
-12.178078334288823 1.7361567757918939
-12.178937445470993 1.7361619247042175
-12.178968915651435 1.7371396588953663
-12.179826926288758 1.737144795790109
-12.180683839062663 1.7371499120697327
-12.180715513681903 1.7381254687820413
-12.181571330679528 1.7381305731437615
-12.182426054574051 1.7381356570721358
-12.182457934442102 1.7391090459016072
-12.183311567296927 1.7391141180106755
-12.184164111777166 1.739119169866176
-12.184196197704413 1.740090400346091
-12.185047655849832 1.740095440479818
-12.185898030317663 1.7401004605377863
-12.185930323115121 1.7410695421392428
-12.186779615921594 1.7410745505719187
-12.187627829716238 1.741079539104703
-12.187660330195083 1.7420464812371508
-12.18850746697069 1.7420514582400857
-12.18935352936927 1.742056415517079
-12.18938623834093 1.7430212275288488
-12.190231228331928 1.743026173370412
-12.191075148550018 1.7430310996580913
-12.191108066826498 1.7439937908369172
-12.191950919217867 1.7439987057825748
-12.19279270641003 1.744003601344539
-12.192825834803298 1.7449641809180776
-12.19366655871928 1.7449690652304304
-12.19450622197961 1.7449739303274379
-12.194539561302676 1.745932407463779
-12.195378165807313 1.7459372614026007
-12.196215714169968 1.7459420962926058
-12.196249265235561 1.7468984801007805
-12.197085759333214 1.7469033039230533
-12.197921201772946 1.746908108861243
-12.197954965394395 1.7478624083917242
-12.19878935803028 1.7478672023516755
-12.199622703462941 1.7478719775905058
-12.199656680454158 1.7488242018357048
-12.200488980514859 1.7488289661848428
-12.201320237797924 1.7488337119740724
-12.201354428972817 1.7497838698688308
-12.20218464528679 1.7497886048559792
-12.20301382321987 1.7497933214427057
-12.203048229392753 1.7507414218647799
-12.20387637073084 1.750746127736113
-12.204703478056182 1.7507508153648061
-12.204738100042292 1.7516968671353492
-12.205564175118221 1.7517015441344252
-12.206389220521196 1.7517062030469615
-12.206424059135637 1.7526502149309986
-12.207248076606513 1.752654863298794
-12.208071068716123 1.7526594937344886
-12.208106124774403 1.7536014744413884
-12.208928093241198 1.75360609441633
-12.209749040630555 1.7536106966119707
-12.209784314948685 1.7545506547959104
-12.210604242956727 1.7545552466139087
-12.211423154143533 1.754559820803787
-12.211458647537986 1.7554977650642152
-12.212276543577433 1.7555023289586955
-12.213093427024463 1.755506875374639
-12.213129140312288 1.7564428142567308
-12.213945012818602 1.7564473504586657
-12.214759876934169 1.7564518693300692
-12.214795810932184 1.757385811325178
-12.215609668286604 1.7573903200631178
-12.216422521425027 1.7573948116169742
-12.216458676951257 1.7583267651630794
-12.217270527481254 1.758331246663183
-12.218081377943324 1.7583357111241134
-12.218117755815486 1.7592656846062626
-12.218927607795235 1.759270139092328
-12.219736463828664 1.7592745766826112
-12.21977306486516 1.760202578433359
-12.220580926515982 1.7602070061268515
-12.22138779631586 1.7602114170664547
-12.22142462133612 1.7611374553662944
-12.222230500826937 1.761141856486378
-12.22303539253617 1.7611462409929841
-12.22307244235892 1.762070324070779
-12.223876347806696 1.762074698834344
-12.224679269516459 1.7620790571233813
-12.224716544961803 1.7630011931567877
-12.225518484431985 1.7630055417784796
-12.226319444182154 1.7630098740631497
-12.226356946070103 1.7639300711790378
-12.22715692757706 1.7639343938712846
-12.227955933356641 1.7639387003625906
-12.227993662507437 1.764856966637461
-12.22879169401488 1.7648612636105017
-12.229588753762444 1.7648655445172743
-12.229626710997893 1.7657818879776699
-12.23042280041931 1.7657861594395807
-12.23121792202341 1.7657904149685066
-12.23125610816432 1.7667048435914199
-12.232050263363393 1.7667090897481426
-12.232843454662987 1.7667133201037895
-12.23288187053196 1.7676258418170665
-12.233674099322979 1.767630062872433
-12.234465368107843 1.7676342682572779
-12.234504014526488 1.7685448909400172
-12.235294324674772 1.7685490870957772
-12.23608367868591 1.7685532677102298
-12.236122556477403 1.7694619991931795
-12.236910955699699 1.769466170649025
-12.237698402629752 1.7694703266914547
-12.23773751261766 1.7703771747574024
-12.238524008582553 1.7703813217109934
-12.239309556076192 1.770385453377754
-12.239348899083934 1.7712904257619155
-12.240133499412243 1.771294548408905
-12.240917155066578 1.7712986558943595
-12.240956731918445 1.772201760284762
-12.24173944418362 1.7722058588188208
-12.242521215548583 1.7722099423153648
-12.242561027069232 1.7731111863532274
-12.243341858797747 1.7731152609660679
-12.244121753376488 1.773119320664155
-12.24416180039116 1.7740187119442643
-12.24494075906289 1.7740227628256642
-12.245718784312164 1.7740267989138288
-12.245759067646658 1.774924344984912
-12.24653616069528 1.7749283723227387
-12.247312324025819 1.774932384987619
-12.247352844506082 1.7758280933527124
-12.24812807931944 1.7758320973329451
-12.248902388096337 1.7758360867593077
-12.248943146548731 1.7767299648761212
-12.249716530469215 1.7767339456828746
-12.250488992012297 1.776737912053635
-12.250529989264498 1.7776299673349145
-12.251301529589417 1.7776339251504611
-12.252072151173616 1.7776378686467076
-12.252113388052855 1.7785281084605924
-12.252883092034807 1.7785320434653844
-12.25365188089052 1.7785359642663996
-12.253693358224979 1.7794243959367768
-12.254461233072208 1.7794283083094689
-12.255228196385662 1.7794322065927508
-12.255269915004074 1.7803188373996068
-12.256035967880837 1.7803227273170765
-12.256801112794452 1.7803266032583613
-12.25684307352563 1.7812114404381285
-12.25760731155255 1.7812153080754984
-12.258370645165286 1.7812191618487805
-12.258412848839361 1.7821022125946813
-12.259175279093782 1.78210605812534
-12.259936808461498 1.7821098899028933
-12.259979255908284 1.7829911613652818
-12.260739885424615 1.7829949849609041
-12.26149961756041 1.7829987949133022
-12.261542309610507 1.7838782942000004
-12.262301145380578 1.7838820960305686
-12.263059087255137 1.7838858843267047
-12.263102024740055 1.784763618503338
-12.263859073713448 1.7847673987371606
-12.264615232255384 1.7847711655442688
-12.264658416006482 1.7856471416345954
-12.265413685090877 1.7856509004383285
-12.266168067187069 1.7856546459220022
-12.266211498036807 1.7865288709082414
-12.266964994098318 1.7865326084469073
-12.267717606594239 1.7865363327711192
-12.26776128537567 1.7874088135942758
-12.26851301523917 1.787412530031283
-12.269263864939226 1.7874162333584036
-12.269307792485197 1.7882869769185896
-12.270057762934655 1.788290672415751
-12.270806856602505 1.7882943549065684
-12.27085103374733 1.789163368063321
-12.271599251526133 1.7891670427808732
-12.272346595885015 1.789170704594611
-12.272391023462996 1.790037994167207
-12.273137495274266 1.7900416482638293
-12.27388309700732 1.790045289558165
-12.27392777585331 1.7909108623259342
-12.274672508360235 1.7909144959587655
-12.275416374110813 1.7909181168898494
-12.275461305060578 1.7917819795924828
-12.276204304886717 1.7917855929171411
-12.27694644125871 1.7917891936396126
-12.276991625148533 1.7926513529774695
-12.277732898878135 1.7926549461480688
-12.278473312436272 1.7926585268150759
-12.278518750102405 1.7935189894494856
-12.279258304280711 1.7935225626186535
-12.279997001550877 1.7935261233818691
-12.280042693830843 1.7943848959354327
-12.280780534964403 1.794388449254328
-12.281517522433933 1.7943919902639665
-12.281563470165842 1.7952490793208544
-12.282299604722812 1.795252612939184
-12.2830348888408 1.795256134344019
-12.283081092862544 1.7961115464502648
-12.283815527272985 1.7961150605163
-12.284549114450586 1.7961185624636817
-12.28459557560173 1.7969723041274739
-12.285328316257912 1.7969757987880686
-12.286060212868632 1.7969792814239383
-12.286106931988348 1.7978313591159103
-12.28683798524504 1.7978348345165152
-12.287568197625026 1.797838297985423
-12.287615175554011 1.7986887181389393
-12.288344547728773 1.7986921744236193
-12.289073082177117 1.79869561886874
-12.289120319755806 1.7995443878801791
-12.289848017129279 1.7995478251916295
-12.290574879908291 1.7995512507547775
-12.290622377978307 1.8003983749838137
-12.291348406794498 1.8004017934633751
-12.292073604130001 1.8004052002850213
-12.292121363533413 1.8012506860549025
-12.29284572999998 1.8012540858425767
-12.293569268081585 1.8012574740618625
-12.293617289660894 1.8021013276596864
-12.294339999949425 1.802104708894152
-12.295061884930814 1.8021080786489054
-12.295110169529586 1.8029503063258925
-12.295831229775878 1.802953669144519
-12.296551467775078 1.8029570205712693
-12.296600016236873 1.803797628543033
-12.297319432541206 1.8038009730818971
-12.298038029640868 1.8038043063158893
-12.298086842810509 1.8046433007627052
-12.298804621237922 1.8046466271566037
-12.299521583485582 1.804649942331814
-12.29957066220812 1.8054873293988838
-12.300286808788675 1.8054906377813504
-12.301002142197037 1.8054939350304995
-12.301051487318448 1.8063297208282154
-12.3017660080475 1.8063330113315328
-12.302479718594688 1.8063362907861005
-12.302529330961502 1.8071704813903053
-12.303242231799967 1.807173754145521
-12.303954325429798 1.8071770159357605
-12.304004205888619 1.808009617388006
-12.304715492763231 1.808012872524945
-12.305425975385472 1.8080161167798965
-12.305476124784711 1.808847135087699
-12.306185803588285 1.8088503727349778
-12.306894681078909 1.8088535995824822
-12.306945100266555 1.8096830407195768
-12.307653176858242 1.8096862610046176
-12.30836045505969 1.8096894705713296
-12.308411144885227 1.81051734047792
-12.30911762509077 1.810520543526964
-12.3098233098122 1.8105237359383655
-12.309874271125208 1.8113500405213745
-12.310579160737197 1.8113532264594943
-12.311283257754736 1.8113564018399075
-12.311334491405567 1.8121811469732223
-12.312037796183684 1.8121843159243356
-12.31274031124068 1.8121874743969364
-12.312791818080722 1.8130106659216532
-12.313493543751989 1.8130138180085356
-12.314194482559252 1.8130169596953662
-12.314246263440067 1.813838603420032
-12.314946415699096 1.8138417387643293
-12.315645783935146 1.8138448637863103
-12.315697839709623 1.8146649654871632
-12.316396424218855 1.814668084209405
-12.317094227530163 1.8146711926863477
-12.317146559051032 1.8154897581075546
-12.317843581440977 1.815492860327165
-12.318539825442203 1.815495952377785
-12.318592433563754 1.8163129872316763
-12.319287899433235 1.816316073066988
-12.319982589707465 1.8163191488089157
-12.32003547528438 1.8171346587762196
-12.320729390200759 1.817137728344484
-12.321422532299744 1.8171407878942774
-12.32147569618684 1.8179547786243506
-12.322168065686261 1.8179578320417513
-12.322859665130649 1.8179608755149077
-12.32291310818432 1.8187733526259642
-12.32360393777194 1.818776390007628
-12.3242940000515 1.818779417518596
-12.324347723128804 1.8195903865979346
-12.325037018279021 1.8195934080579435
-12.325725548852876 1.8195964197201335
-12.325779552810832 1.8204058863243626
-12.326467318967506 1.8204088919757646
-12.327154323264365 1.8204118879015612
-12.327208608961683 1.821219857556822
-12.327894851538371 1.821222847511643
-12.328580334956742 1.8212258278124154
-12.328634903251851 1.8220323060146024
-12.329319627632024 1.8220352803838573
-12.33000359554045 1.822038245169971
-12.330058447293604 1.8228432373849517
-12.330741658830874 1.8228461962786549
-12.331424116568138 1.8228491456594822
-12.331479252639388 1.823652657323313
-12.332160956657722 1.82365560085049
-12.332841909533073 1.8236585349344212
-12.332897330783863 1.8244605714535633
-12.3335775325778 1.8244634997222609
-12.334256985871175 1.824466418616714
-12.334312693163609 1.8252669853682468
-12.334991397998479 1.8252698984855436
-12.335669356960706 1.8252728022969764
-12.335725351157244 1.8260719046288076
-12.33640256426938 1.8260748027008253
-12.337079034122391 1.8260776915347443
-12.337135316086838 1.8268753347658202
-12.337811042683784 1.8268782178977325
-12.338486028620839 1.826881091858704
-12.338542599217265 1.8276772812792164
-12.339216844477987 1.827680149575261
-12.339890351663863 1.8276830087669205
-12.339947211757377 1.828477749638513
-12.340619980832473 1.8284806032020002
-12.341292014403686 1.828483447727063
-12.341349164860567 1.8292767452830343
-12.342020462872469 1.829279584216358
-12.342691027937471 1.829282414176629
-12.342748469623642 1.8300742736221347
-12.343418301666821 1.830077098026781
-12.344087403306203 1.8300799135231645
-12.344145137089665 1.8308703400354178
-12.344813508230832 1.830873150011976
-12.345481151497523 1.8308759511444845
-12.345539178246668 1.8316649498729551
-12.346206093524977 1.831667745521126
-12.34687228344445 1.831670532388891
-12.346930604027834 1.8324581084555007
-12.347596068455076 1.8324608898741075
-12.34826081002554 1.832463662575388
-12.34831942531344 1.833249821074706
-12.348983443874237 1.8332525883617026
-12.349646742066835 1.8332553469938946
-12.349705652929927 1.8340400929933312
-12.350368230581937 1.8340428462458114
-12.351030090340933 1.834045590905457
-12.351089297650596 1.8348289294454554
-12.351750439324695 1.8348316687596624
-12.352410865567675 1.8348343995424587
-12.352470370196503 1.8356163356366844
-12.353130080796982 1.83561906110802
-12.353789078415039 1.8356217781088287
-12.353848881236019 1.836402316744357
-12.35450716564077 1.8364050284673903
-12.355164739498695 1.8364077317802452
-12.355224841386073 1.8371868779177496
-12.35588170444678 1.837189575986225
-12.356537859383247 1.8371922657043422
-12.356598261212087 1.837970024278278
-12.357253707754412 1.837972708785125
-12.357908448582158 1.8379753850009106
-12.357969151227874 1.8387517609196986
-12.358623186051632 1.83875443195704
-12.359276517557655 1.8387570947620988
-12.359337521897029 1.8395320929083072
-12.359990149776385 1.839534750567467
-12.360642076722113 1.839537400052611
-12.360703383632638 1.8403110252831356
-12.36135460931628 1.8403136696546483
-12.362005136437752 1.8403163059099044
-12.362066746797794 1.8410885630561475
-12.362716575009111 1.8410911942297656
-12.363365707017165 1.8410938173443847
-12.363427621706162 1.8418647112124316
-12.364076057143428 1.841867329277134
-12.364723798723867 1.8418699393395985
-12.364786018621537 1.8426394747103934
-12.365433065958081 1.8426420797543932
-12.366079421771856 1.8426446768524254
-12.36614194775983 1.8434128584819456
-12.366787611644215 1.8434154505926985
-12.367432586327592 1.8434180348132676
-12.367495419287316 1.844184867432696
-12.368139704343509 1.8441874466969084
-12.36878330250825 1.8441900181262394
-12.368846443322742 1.8449555064421355
-12.36948935415029 1.8449580729457713
-12.370131580383818 1.844960631669352
-12.370195029936687 1.8457247803638215
-12.37083657111088 1.8457273341921099
-12.371477429976453 1.8457298802946989
-12.371541189152639 1.846492694025562
-12.372181365224687 1.8464952352630064
-12.372820861261559 1.8464977688286401
-12.372884930946414 1.847259252229598
-12.37352374644361 1.8472617809599818
-12.3741618841672 1.8472643020719826
-12.374226265247326 1.8480244597527835
-12.374863724673212 1.8480269760591788
-12.375500508575275 1.848029484800161
-12.37556520193811 1.8487883213467637
-12.376201309772638 1.8487908253115373
-12.376836744321421 1.8487933217634165
-12.376901750855348 1.8495508417381519
-12.377536511555046 1.8495533334429737
-12.378170601195457 1.8495558176869722
-12.378235921789575 1.850312025628706
-12.378869339787714 1.8503145051545555
-12.379502088941472 1.85031697727121
-12.379567724486575 1.8510718776955017
-12.380199804193323 1.8510743451226754
-12.380831217259127 1.851076805191844
-12.380897168646074 1.8518304025911054
-12.381527914448649 1.8518328579992234
-12.382157995802334 1.851835306100092
-12.38222426392349 1.8525876049437446
-12.382853680186328 1.8525900484117575
-12.38348243418102 1.852592484622848
-12.383549019929564 1.8533434893574778
-12.38417711099447 1.853345920963674
-12.384804541960746 1.8533483453628494
-12.384871446230802 1.8540980604123631
-12.385498216417103 1.854100480234375
-12.386124328663135 1.8541028928988466
-12.386191552349816 1.8548513226646233
-12.38681700595452 1.8548537307794337
-12.387441803766231 1.8548561317857684
-12.387509347765866 1.8556032806468117
-12.388133489063804 1.8556056771307612
-12.38875697670503 1.855608066554887
-12.388824841914653 1.8563539388679766
-12.389447675158642 1.8563563237967695
-12.390069856871271 1.8563587017139829
-12.390138044188921 1.8571033018138223
-12.390759573609907 1.8571056752625332
-12.391380453614026 1.8571080417475043
-12.391448963938757 1.857851373946871
-12.392069193745957 1.8578537359899503
-12.392688776240009 1.8578560911167306
-12.392757610472437 1.8585981597066206
-12.393376544853497 1.8586005104179026
-12.393994834014418 1.8586028542599298
-12.394063993055441 1.8593436635097051
-12.394681636176577 1.8593460029624127
-12.395298636159948 1.8593483355925176
-12.395368120911755 1.8600878897500501
-12.395984476917896 1.860090218016801
-12.39660019185808 1.8600925395072134
-12.396670003224155 1.8608308427990283
-12.397285076239083 1.8608331599518415
-12.397899510249376 1.8608354703741963
-12.397969649133795 1.8615725270056132
-12.398583443260296 1.8615748331159145
-12.39919660043306 1.8615771325412576
-12.399267067741466 1.8623129466965327
-12.399879587061463 1.8623152418351614
-12.40049147146827 1.862317530333955
-12.400562268106686 1.8630521061764205
-12.401173516681384 1.863054390413634
-12.401784132373153 1.8630566680557634
-12.401855259249405 1.8637900097279652
-12.402465241119423 1.8637922831334461
-12.403074592126563 1.8637945499882247
-12.4031460501491 1.8645266616120606
-12.403754769334611 1.8645289242549214
-12.40436285966715 1.8645311803910962
-12.404434649745534 1.8652620660679526
-12.405042110246404 1.8652643180167419
-12.40564894389413 1.8652665635024994
-12.405721066939128 1.8659962273133859
-12.406327272735048 1.8659984686360933
-12.406932853667643 1.8660007035390656
-12.407005310591085 1.866729149544749
-12.407610265641704 1.8667313803088113
-12.408214597808872 1.86673360469608
-12.40828738952356 1.8674608369372174
-12.40889109776862 1.8674630572095239
-12.409494185100224 1.8674652711476274
-12.409567312520318 1.8681912936448983
-12.410169777879785 1.8681935034917956
-12.410771624285976 1.868195707046733
-12.410845088326624 1.8689205238009703
-12.411446314700816 1.8689227232882686
-12.412046924072165 1.8689249165255053
-12.412120725649439 1.8696485315178244
-12.412720716919155 1.8696507207108017
-12.413320093126782 1.8696529036952751
-12.41339423315804 1.8703753208872034
-12.413992993184696 1.8703774998506113
-12.414591140080391 1.8703796726467357
-12.414665619484381 1.8711008959803395
-12.415263152110127 1.8711030647784084
-12.415860073526487 1.8711052274500795
-12.415934893222682 1.8718252608480914
-12.416531202270532 1.871827419544535
-12.417126902021078 1.871829572155136
-12.417202062930064 1.87254841952108
-12.417797152204026 1.872550568179101
-12.418391634083333 1.8725527107915063
-12.418467137127589 1.8732703760098226
-12.419061010412781 1.8732725146921174
-12.419654278196598 1.8732746473686988
-12.41973012429848 1.8739911343048674
-12.42032278536126 1.8739932630736307
-12.420914842806637 1.8739953858762612
-12.420991032890857 1.8747106983769246
-12.42158248547894 1.8747128172938545
-12.422173336324342 1.8747149302839143
-12.422249871316662 1.8754290721769988
-12.422840119159243 1.8754311813033016
-12.42342976712468 1.8754332845416817
-12.423506647951337 1.8761462596365182
-12.424095694759213 1.8761483590329129
-12.42468414354635 1.8761504525800203
-12.424761371135093 1.876862264667464
-12.42534922060078 1.8768643543941876
-12.425936473893064 1.87686643830995
-12.42601404917319 1.8775770911624996
-12.426600704971037 1.8775791712793113
-12.427186766433811 1.877581245623181
-12.427264690335218 1.8782907429950955
-12.427850156121533 1.8782928135612809
-12.428435029402149 1.878294878392241
-12.428513302856715 1.8790032240196572
-12.429097582269874 1.8790052850940335
-12.429681270997818 1.8790073404706005
-12.429759894937673 1.879714538071649
-12.430342991598241 1.8797165897125692
-12.430925499385237 1.8797186356927984
-12.43100447474442 1.880424688967718
-12.431586392255259 1.8804267312330754
-12.432167722695391 1.8804287678745655
-12.432247050409494 1.881133680505818
-12.43282779235588 1.88113571345305
-12.4334079490257 1.8811377408129468
-12.433487630030625 1.88184151646533
-12.43406719998036 1.8818435401514233
-12.434646186439004 1.8818455582864244
-12.43472622167232 1.8825482006071834
-12.435304623175846 1.8825502150886781
-12.435882442965143 1.882552224055037
-12.435962833366093 1.8832537366739772
-12.436540069956598 1.8832557420069704
-12.437116726601177 1.8832577418605005
-12.437197473109373 1.8839581283900972
-12.437773548302905 1.8839601246302478
-12.438349045310312 1.8839621154263275
-12.438430148867727 1.8846613794618352
-12.439005066163299 1.8846633666643677
-12.439579407024098 1.8846653484579434
-12.439660868572863 1.885363493577505
-12.440234631452562 1.8853654717972144
-12.440807819640447 1.8853674446428046
-12.440889640124979 1.88606447440756
-12.441462252054075 1.8860664436988142
-12.442034291025976 1.8860684076505148
-12.442116471391179 1.886764325604707
-12.442687935818231 1.8867662860214522
-12.443258829014418 1.8867682411329387
-12.443341370207243 1.8874630508040204
-12.443911690564205 1.887465002399785
-12.444481441408394 1.8874669487243176
-12.444564344376586 1.8881606536230564
-12.445133524078908 1.8881625964509543
-12.445702135978365 1.8881645340413815
-12.445785401670992 1.8888571376619652
-12.446353444117726 1.8888590717746998
-12.446920920463375 1.8888610006834625
-12.447004549831147 1.8895525065036018
-12.447571458405054 1.88955443195347
-12.448137802571571 1.8895563522326047
-12.448221796566056 1.890246763713637
-12.4487875746337 1.8902486805525336
-12.44935278997962 1.890250592253676
-12.449437149554498 1.8909399128406679
-12.450001800466357 1.8909418211200875
-12.450565890334174 1.8909437242944778
-12.450650616443445 1.891631957416325
-12.451214143534 1.8916338571873679
-12.45177711125027 1.8916357518858526
-12.451862204850487 1.892322900955382
-12.45242461143833 1.8923247922687563
-12.452986460313765 1.8923266785417932
-12.453071922361493 1.8930127469558617
-12.453633211749425 1.893014629861888
-12.454193945078995 1.8930165077595487
-12.454279776533655 1.8937014988991427
-12.454839952008784 1.8937033734477569
-12.45539957307181 1.893705243019731
-12.455485774892793 1.8943891602500655
-12.456044839726628 1.8943910264908224
-12.456603351786889 1.8943928877864213
-12.456689924935969 1.8950757344570355
-12.45724788238452 1.895077592439113
-12.45780528869034 1.8950794455072726
-12.457892234130211 1.8957612249521283
-12.458449087434085 1.8957630747243301
-12.459005391218431 1.8957649196136146
-12.45909270991345 1.8964456351511916
-12.459648462297944 1.8964474767619512
-12.460203666778524 1.8964493135205567
-12.460291359694015 1.8971289684539485
-12.460846014369212 1.8971308019513322
-12.461400122748564 1.89713263062709
-12.461488190852078 1.8978112282440975
-12.46204175101294 1.8978130536758078
-12.46259476647853 1.8978148743161876
-12.462683210738538 1.898492417889414
-12.463235679564995 1.8984942353027932
-12.463787605289307 1.8984960479549065
-12.463876426675233 1.8991725407418498
-12.464427807332287 1.899174350183883
-12.464978646472913 1.899176154894486
-12.465067845956794 1.899851600137632
-12.465618141594598 1.8998534016549502
-12.466167897294333 1.8998551984704481
-12.466257475848467 1.900529599397361
-12.466806689602423 1.9005313930362453
-12.467355364989354 1.9005331820026938
-12.467445323588796 1.9012065418261084
-12.467993458579642 1.9012083276324918
-12.468541056767235 1.9012101087956021
-12.468631396387032 1.9018824307135134
-12.46917845572093 1.9018842087329852
-12.469724979808124 1.9018859821381258
-12.469815701425777 1.902557269333879
-12.470361688194401 1.902559039611687
-12.470907141265696 1.9025608053038872
-12.470998245860093 1.903231060946267
-12.47154316314073 1.9032328235273208
-12.472087548266265 1.9032345815512741
-12.472179036817701 1.903903808794592
-12.47272288767332 1.9039055637234663
-12.473266207908976 1.903907314123533
-12.47335808139932 1.904575516107716
-12.473900868878667 1.9045772634286537
-12.47444312726614 1.904579006248864
-12.474535386678264 1.9052461860995409
-12.47507711381595 1.9052479258564559
-12.475618313382842 1.9052496611405125
-12.47571095970214 1.9059158219691008
-12.476251629518725 1.9059175542055804
-12.476791773278627 1.9059192819968624
-12.476884807490935 1.9065844269006536
-12.477424422993007 1.9065861516599623
-12.477963513945593 1.9065878720015275
-12.478056937038964 1.9072520040637713
-12.478595501219232 1.9072537213888536
-12.479133542350326 1.9072554343234416
-12.479227355314434 1.907918556613432
-12.479764871151806 1.9079202665469148
-12.480301865433475 1.907921972116949
-12.4803960692592 1.9085840876901072
-12.480932539718868 1.9085857902743029
-12.481468490109508 1.9085874885218943
-12.481563085789395 1.9092486004198517
-12.482098513822914 1.9092502956967607
-12.482633423267322 1.9092519866637105
-12.482728411795495 1.9099120979143913
-12.48326280034087 1.9099137859257056
-12.483796671770333 1.9099154696535077
-12.48389205414267 1.910574583271211
-12.484425406124432 1.910576264058316
-12.484958242456802 1.91057794058816
-12.485054019670711 1.911236059573641
-12.485586337999997 1.9112377331776185
-12.486118142139777 1.9112394025503918
-12.486214315194081 1.911896529890943
-12.486745602768716 1.9118981963525739
-12.487276377607133 1.9118998586088656
-12.487372947502623 1.9125559972783954
-12.487903207207202 1.912557656638163
-12.488432955622294 1.9125593118182649
-12.488529923360739 1.913214464777379
-12.489059158066699 1.9132161170754707
-12.489587882923383 1.9132177652193811
-12.489685249508868 1.9138719354154603
-12.490213462074568 1.9138735806917706
-12.490741166224726 1.913875221839197
-12.490838932662882 1.9145284122064754
-12.491366125933686 1.9145300505006086
-12.491892812216237 1.9145316846909692
-12.49199097951399 1.9151838981506129
-12.492517156322332 1.9151855295018854
-12.493042827563313 1.9151871567743124
-12.493141396729445 1.9158383962344958
-12.49366655989492 1.9158400206819388
-12.494191218907556 1.915841641075281
-12.49429019095278 1.916491909431264
-12.494814343282208 1.916493527013626
-12.495337992866991 1.916495140566451
-12.495437368803085 1.9171444407006546
-12.495960513090589 1.9171460514564034
-12.496483156035355 1.917147658207
-12.496582936876338 1.9177959929890822
-12.497105075903422 1.9177975969564085
-12.497626714983419 1.9177991969427892
-12.497726901744816 1.9184465692297197
-12.498248038280432 1.9184481664465383
-12.498768676258399 1.9184497597064418
-12.498869269957508 1.9190961723425766
-12.499389406758139 1.9190977628465293
-12.499909046384376 1.919099349417423
-12.500010048039988 1.9197448052345778
-12.500529187849711 1.919746389063036
-12.501047831862156 1.9197479689821182
-12.501149242495144 1.9203924707996425
-12.50166738804571 1.9203940479897093
-12.502185039170001 1.920395621293911
-12.50228685980298 1.9210391719187603
-12.502804013813883 1.9210407425072726
-12.503320674763442 1.9210423092332614
-12.503422906419928 1.9216849114600694
-12.503939071598472 1.9216864754836007
-12.50445474507457 1.9216880356677808
-12.504557388781038 1.922329692278932
-12.505072567822413 1.9223312497737943
-12.50558725651424 1.9223328034523108
-12.50569031329825 1.9229735172180107
-12.506204508885602 1.922975068220257
-12.506718215470334 1.9229766154289967
-12.506821686361393 1.923616389107343
-12.507334901165887 1.9236179336527695
-12.507847628308765 1.9236194744273645
-12.50795151433822 1.9242583107644171
-12.508463751019123 1.924259848888565
-12.50897550137351 1.9242613832643938
-12.50907980357435 1.9248992849942446
-12.509591064779086 1.9249008167324024
-12.510101840986543 1.9249023447445925
-12.51020656039337 1.9255393145894348
-12.510716848757593 1.9255408399766418
-12.511226653447949 1.9255423616600715
-12.511331791097854 1.9261784023302684
-12.51184110924552 1.9261799214013144
-12.51234994503693 1.926181436790616
-12.512455501968097 1.9268165509847681
-12.51296385251152 1.926818063774198
-12.513471722010543 1.926819572903758
-12.513577699263505 1.9274537633087727
-12.514085084803435 1.9274552698508867
-12.51459199060509 1.9274567727548497
-12.51469838922194 1.9280900420460068
-12.515204812347623 1.9280915423748635
-12.515710757035462 1.9280930390871336
-12.515817578060501 1.9287253899281525
-12.516323041349752 1.9287268840775709
-12.516828027495922 1.9287283746318133
-12.516935271975 1.92935980967492
-12.517439777994255 1.929361297678481
-12.517943808159568 1.9293627821081247
-12.518051477139988 1.9299933039941168
-12.51855502844438 1.9299947858851656
-12.51905810517837 1.9299962642234054
-12.519166199710428 1.9306258755817172
-12.51966879884385 1.9306273513933654
-12.520170924684841 1.9306288236731635
-12.520279445819888 1.9312575271219319
-12.520781095315051 1.9312589968870593
-12.521282272790222 1.9312604631411472
-12.521391221581744 1.9318882612872752
-12.521891923960247 1.9318897250385318
-12.52239215558569 1.9318911852994127
-12.522501533089226 1.9325180807386337
-12.523001290861613 1.9325195385084417
-12.523500579142404 1.932520992808392
-12.523610386415225 1.9331469881253331
-12.524109202081052 1.9331484399458887
-12.524607549511305 1.9331498883169602
-12.524717787612627 1.933774986085206
-12.52521566366052 1.9337764319884814
-12.525713072723455 1.933777874462503
-12.525823742714568 1.9344020772446568
-12.52632068162229 1.9344035172624021
-12.52681715479029 1.934404953870982
-12.52692825773442 1.9350282642187293
-12.527424261968928 1.935029698382474
-12.527919801703602 1.935031129157001
-12.528031338665816 1.9356535496111706
-12.52852641068332 1.9356549779522259
-12.529021019435561 1.9356564029238716
-12.52913299148317 1.936277936014497
-12.5296271337292 1.9362793585639577
-12.530120813939249 1.9362807777636788
-12.530233222141328 1.9369014260100583
-12.53072643705079 1.9369028427988046
-12.53121919114829 1.936904256257343
-12.531332036575828 1.937524022168102
-12.531824326573055 1.9375254332268004
-12.53231615697712 1.9375268409746875
-12.53242944070367 1.9381457270478364
-12.5329208082025 1.9381471324069426
-12.53341171732176 1.9381485344744989
-12.53352544042222 1.938766543197494
-12.534015887826037 1.9387679428872544
-12.53450587805871 1.9387693393045922
-12.534620041610474 1.9393864731543948
-12.53510957131227 1.9393878672048477
-12.535598645046212 1.9393892580018723
-12.535713250128428 1.940005519445007
-12.536201864510872 1.9400069078859845
-12.536690024123631 1.9400082930923972
-12.53680507181777 1.94062368458501
-12.53729277325325 1.9406250674461407
-12.537780021112138 1.940626447091439
-12.537895512501642 1.941240971079356
-12.538382303352332 1.9412423483900652
-12.53886864181446 1.941243722503545
-12.538984577984696 1.9418573814223297
-12.539470460602608 1.941858753211842
-12.539955892014964 1.9418601218225997
-12.540072274053845 1.94247291809761
-12.540557250780886 1.9424742843949507
-12.541041777480379 1.942475647531884
-12.541158606477108 1.9430875835783286
-12.541642679645134 1.9430889444123256
-12.54212630395865 1.9430903021041361
-12.542243581005465 1.943701380327132
-12.542726752936343 1.9437027357264165
-12.543209477180799 1.9437040880016105
-12.543327203371248 1.9443143107962375
-12.543809476376902 1.9443156607892471
-12.54429130285931 1.9443170076761378
-12.54440947928983 1.944926377427495
-12.544890855672302 1.9449277220424739
-12.545371786689813 1.9449290635691827
-12.54549041445857 1.9455375826524437
-12.545970896510068 1.945538921917445
-12.546450934350034 1.945540258111903
-12.546570014557323 1.9461479288923702
-12.547049604560284 1.946149262835258
-12.547528751500302 1.946150593725207
-12.547648285248854 1.946757418558367
-12.54812698547599 1.946758747206816
-12.548605243783962 1.946760072819812
-12.548725232178503 1.9473660540513877
-12.549203044892854 1.9473673774328872
-12.549680416827039 1.9473686977962996
-12.549800860974521 1.9479738377623066
-12.550277788429513 1.9479751559041605
-12.550754276238582 1.9479764710451746
-12.55087517724797 1.9485807720719723
-12.551351221687463 1.9485820850013007
-12.551826827610542 1.94858339494692
-12.551948186593584 1.9491868593512658
-12.552423350251924 1.9491881670950066
-12.552898076518659 1.9491894718720528
-12.553019894588646 1.949792101961154
-12.553494179690716 1.949793404546065
-12.553968028521313 1.9497947041811803
-12.554090306794468 1.9503965022527467
-12.554563715555748 1.9503977997054065
-12.555036689161026 1.950399094225055
-12.555159428755049 1.951000062567351
-12.555631963381652 1.95100135491416
-12.556104063963103 1.9510026443446293
-12.55622726599891 1.951602785236525
-12.556698928687641 1.951604072503708
-12.557170158437469 1.9516053568711098
-12.557293824037275 1.952204672582132
-12.557764616975685 1.9522059547957387
-12.558234978076861 1.9522072341260115
-12.55835910836593 1.9528057269163952
-12.558829033732358 1.952807004102302
-12.559298528358669 1.9528082784212109
-12.559423124464116 1.9534059505419499
-12.559892184427742 1.953407222725861
-12.560360814743838 1.9534084920590007
-12.560485877795422 1.9540053457518967
-12.560954074516316 1.9540066129593456
-12.561421842677765 1.954007877332141
-12.561547373807379 1.9546039148298542
-12.562014709436548 1.9546051770862054
-12.562481617589881 1.9546064365239126
-12.562607617931697 1.9552016600500113
-12.563074094611137 1.9552029173804615
-12.563540144893896 1.9552041719081699
-12.563666615584639 1.955798583677179
-12.56413223544738 1.955799836106758
-12.564597429988163 1.955801085749391
-12.564724372166731 1.9563946879668415
-12.565189137336889 1.956395935520414
-12.565653478255403 1.9563971803027311
-12.5657808930636 1.956989975165208
-12.566244805656417 1.9569912178674744
-12.566708295063524 1.9569924578140718
-12.566836183644531 1.957584447509263
-12.567299245766431 1.9575856853847617
-12.567761885764192 1.9575869205200735
-12.56789024926455 1.958178107226817
-12.568352463013177 1.9581793402999248
-12.568814255694903 1.9581805706482251
-12.568943095263343 1.958770956536556
-12.569404462727617 1.95877218483149
-12.569865410177911 1.9587734104168932
-12.569994726965069 1.9593629976480926
-12.570455250225223 1.9593642211889104
-12.57091535452003 1.9593654420353734
-12.571045149679483 1.9599542327620139
-12.571504830807115 1.959955451572616
-12.571964094013767 1.9599566677039386
-12.57209436870155 1.9605446640699316
-12.572553209759663 1.9605458781740621
-12.573011633936924 1.960547089613889
-12.573142389311771 1.9611342937545297
-12.57360039235483 1.9611355031757784
-12.574057979552936 1.9611367099475996
-12.574189216775412 1.961723123989615
-12.574646383849375 1.9617243287514166
-12.575103136110085 1.9617255308785697
-12.57523485634342 1.9623111569401621
-12.57569118948579 1.9623123570657999
-12.57614710884243 1.96231355457147
-12.576279313252918 1.9628983947623644
-12.576734814492784 1.9628995902749695
-12.577189902970293 1.9629007831821916
-12.577322592726263 1.963484839603679
-12.577777264084348 1.963486030526233
-12.578231523699314 1.9634872188578922
-12.578364699971699 1.9640704936028752
-12.578818543460402 1.9640716799582099
-12.579271976221111 1.9640728637370437
-12.57940564018343 1.9646553588900812
-12.579858657806868 1.964656540700881
-12.58031126571335 1.964657719949479
-12.580445418541451 1.96523943758683
-12.580897612295505 1.965240614875632
-12.581349397339574 1.9652417896164387
-12.581484040212677 1.965822731806106
-12.581935412085032 1.9658239045953025
-12.582386376250325 1.9658250748506167
-12.582521510349224 1.9664052436523902
-12.582972062319413 1.966406411964229
-12.583422207581439 1.9664075777562062
-12.583557834089925 1.9669869752217075
-12.584007568129373 1.966988139078293
-12.584456896455553 1.966989300428946
-12.584593016560797 1.96756792860167
-12.585041934632859 1.967569088024964
-12.585490447982563 1.9675702449561645
-12.585627062872987 1.9681481058715231
-12.586075166932993 1.9681492608833469
-12.58652286725759 1.9681504134168257
-12.586659978124988 1.9687275091021896
-12.587107270120281 1.968728659724224
-12.587554159363178 1.968729807881573
-12.587691767402529 1.9693061403563141
-12.588138249272513 1.9693072866101013
-12.588584329369189 1.9693084304127741
-12.588722435777294 1.9698840016883077
-12.58916810945347 1.969885143595252
-12.589613382331523 1.9698862830645651
-12.589751988308105 1.970461095144391
-12.59019685571411 1.9704622327257602
-12.5906413232933 1.9704633678828938
-12.59078043004065 1.971037422762638
-12.5912244930923 1.9710385560395636
-12.591668157284584 1.971039686905563
-12.591807766008507 1.971612986573019
-12.592251026613837 1.9716141155664983
-12.59269388932341 1.971615242162275
-12.592834001231386 1.9721877885974437
-12.593276461290692 1.9721889133283403
-12.59371852441403 1.9721900356746727
-12.593859140716877 1.9727618308498038
-12.594300802122751 1.972762951338849
-12.594742067548644 1.9727640694563833
-12.594883189459948 1.9733351153360157
-12.595324054097318 1.9733362316038083
-12.59576452370692 1.9733373455130605
-12.595906152442838 1.9739076440540617
-12.596346222189014 1.9739087561210709
-12.596785897855868 1.9739098658424261
-12.596928034635285 1.9744794189940325
-12.597367311359989 1.9744805268805974
-12.597806194950076 1.9744816324343124
-12.597948840994748 1.9750504421381683
-12.598387326560156 1.9750515458644997
-12.598825419931934 1.9750526472707033
-12.59896857646723 1.9756207154609005
-12.599406272728011 1.9756218150470815
-12.599843577732441 1.9756229123257754
-12.599987245984915 1.976190240928892
-12.600424154788268 1.976191336394879
-12.600860673268869 1.9761924295659392
-12.60100485446924 1.976759020501079
-12.601440977654933 1.9767601118667029
-12.601876711447808 1.9767612009498798
-12.602021406829667 1.9773270561287102
-12.602456746230075 1.977328143413677
-12.602891697163948 1.977329228428597
-12.603036907962508 1.977894349755387
-12.603471465402645 1.977895432979279
-12.603905635298908 1.9778965139454463
-12.60405136275426 1.9784609033171048
-12.604485140051825 1.9784619824993817
-12.604918530724564 1.978463059436177
-12.605064776077526 1.9790267187422916
-12.605497775042931 1.9790277939022907
-12.605930388298972 1.9790288668289742
-12.606077152795075 1.979591797951847
-12.60650937523149 1.9795928691087852
-12.606941212870424 1.9795939380444962
-12.607088497757013 1.9801561428591818
-12.607519945460394 1.9801572100321558
-12.607951009274633 1.9801582749959148
-12.608098815802405 1.980719755370258
-12.608529490561537 1.980720818578245
-12.608959782336322 1.9807218795889534
-12.609108111759484 1.9812826373836252
-12.609538015356014 1.9812836966454848
-12.609967536869474 1.9812847537219263
-12.610116390444153 1.9818447907904608
-12.610545524652622 1.9818458461249344
-12.610974277675803 1.9818468992857763
-12.61112365666146 1.982406217474607
-12.611552023249349 1.98240726890032
-12.611980009546242 1.9824083181641134
-12.612129915206491 1.9829669193126094
-12.612557515934242 1.982967966848072
-12.61298473726183 1.9829690122332528
-12.613135170861455 1.9835268981737546
-12.613562007482518 1.9835279418373613
-12.613988465590802 1.9835289833622518
-12.614139428399234 1.9840861559201068
-12.614565502660097 1.9840871957301391
-12.614991199292133 1.984088233412948
-12.615142692581072 1.9846446944065461
-12.615568006221293 1.984645730381172
-12.615992943113229 1.984646764239995
-12.616144968157327 1.9852025154808044
-12.616569522909572 1.9852035476380798
-12.616993701790676 1.9852045776909018
-12.617146259867884 1.985759620983503
-12.617570057457959 1.9857606493413724
-12.617993480050663 1.985761675606067
-12.618146572442704 1.986316012748188
-12.618569614589596 1.9863170373244858
-12.618992282609518 1.9863180598188166
-12.619145910600125 1.9868716926013674
-12.61956819901602 1.986872713413818
-12.619990114172008 1.9868737321554395
-12.620144279048992 1.987426662362547
-12.620565815439324 1.9874276794287655
-12.62098697943348 1.987428694435224
-12.621141682486947 1.9879809238442654
-12.621562468550426 1.9879819371817595
-12.621982883078148 1.9879829484704934
-12.622138125602453 1.9885344788521304
-12.622558163031092 1.9885354884783002
-12.622977829781103 1.9885364960666416
-12.623133613072666 1.9890873291848539
-12.623552903551824 1.9890883351169928
-12.6239718242062 1.9890893390221673
-12.624128149565122 1.9896394766342864
-12.624546694773528 1.989640478889583
-12.62496487100774 1.9896414791287114
-12.625121739738217 1.9901909229854533
-12.62553954134801 1.9901919215809902
-12.625956974830947 1.990192918171089
-12.62611438823903 1.9907416700165885
-12.626531447915783 1.9907426649693447
-12.626948140309787 1.990743657927326
-12.627106099705589 1.9912917194991684
-12.627522419108347 1.9912927108260194
-12.627938372069252 1.9912937001686934
-12.628096878765632 1.9918410731979472
-12.628512459546942 1.991842060915666
-12.628927674724096 1.99184304665974
-12.629086730038082 1.9923897328709903
-12.629501573844022 1.992390716996248
-12.629916052880326 1.9923916991583286
-12.630075658131462 1.992937700269708
-12.630489766601679 1.9929386808190743
-12.630903511133608 1.9929396594156672
-12.631063667644975 1.993484977138889
-12.631477042412708 1.993485954128834
-12.631890054070352 1.9934869291763442
-12.632050763168712 1.9940315652167342
-12.63246340586083 1.9940325386636273
-12.632875686267925 1.994033510178362
-12.633036949282744 1.9945774662348894
-12.633448861519772 1.9945784361550019
-12.633860412293721 1.9945794041531688
-12.63402223055892 1.9951226819184784
-12.634433413955074 1.995123648327983
-12.634844236706986 1.9951246128256925
-12.635006611558353 1.9956672139861353
-12.635417067721564 1.9956681769011073
-12.635827164056284 1.9956691379143732
-12.635990096834501 1.996211064150038
-12.63639982736645 1.996212023586456
-12.636809198882585 1.9962129811311948
-12.63697269093124 1.996754234115939
-12.637381697427388 1.9967551900896858
-12.63779034571734 1.996756144181719
-12.637954398383078 1.9972967255831993
-12.638362682432694 1.997297678110062
-12.638770609082686 1.997298628765116
-12.63893522371623 1.9978385402448187
-12.639342786902422 1.9978394893404896
-12.639749993492535 1.9978404365741969
-12.639915171447965 1.9983796797874682
-12.64032201534771 1.998380625467546
-12.640728503451903 1.9983815692954452
-12.640894246086019 1.9989201458915222
-12.641300372270187 1.9989210881715118
-12.641706143456334 1.9989220286090488
-12.641872452130794 1.999459940231089
-12.642277862164187 1.9994608791264032
-12.642682917994101 1.9994618161889313
-12.642849794073253 1.9999990644740409
-12.643254489514621 2.