-2.9999999999999996 -10.486734440612544
-2.8999999999999995 -10.191442535128694
-2.8 -9.898708671175878
-2.6999999999999997 -9.609798456997133
-2.5999999999999996 -9.326442869104925
-2.5 -9.050805798788073
-2.4 -8.785258664128689
-2.2999999999999994 -8.531870849361288
-2.1999999999999997 -8.29173161247831
-2.1 -8.064457568807025
-1.9999999999999996 -7.848253416377118
-1.8999999999999997 -7.640562896174438
-1.7999999999999996 -7.438825603366346
-1.6999999999999997 -7.240968240933416
-1.5999999999999999 -7.045605874992287
-1.4999999999999998 -6.851863022085114
-1.4 -6.659260281621067
-1.2999999999999996 -6.467631060059826
-1.2 -6.27691899962773
-1.0999999999999999 -6.087269977650883
-0.9999999999999998 -5.89891180981936
-0.8999999999999998 -5.712223198453626
-0.7999999999999997 -5.527773224629133
-0.6999999999999996 -5.346312661354806
-0.5999999999999995 -5.168891480933889
-0.4999999999999999 -4.996868406815326
-0.3999999999999999 -4.831932139817117
-0.2999999999999998 -4.6761049817153895
-0.19999999999999976 -4.532279495991885
-0.09999999999999963 -4.403909899693991
0. -4.295556547373668
0.10000000000000009 -4.213163855134627
0.20000000000000015 -4.164035447104721
0.3000000000000002 -4.1577447908572704
0.40000000000000036 -4.205593123951627
0.5 -4.321150598349934
0.6000000000000001 -4.520307360646598
0.7000000000000001 -4.822447581820807
0.8000000000000002 -5.251574335696319
0.9000000000000002 -5.838184772976798
1. -6.62050472194041