-2.9999999999999996 -10.483120034353602
-2.8999999999999995 -10.18349423605216
-2.8 -9.884061754698015
-2.6999999999999997 -9.584908985296563
-2.5999999999999996 -9.286201684282307
-2.5 -8.988172517788549
-2.4 -8.691191078058473
-2.2999999999999994 -8.395808667596725
-2.1999999999999997 -8.10286105688638
-2.1 -7.81355278604074
-1.9999999999999996 -7.5295431990158495
-1.8999999999999997 -7.252948069953352
-1.7999999999999996 -6.986180469105409
-1.6999999999999997 -6.73147776600148
-1.5999999999999999 -6.490254875239551
-1.4999999999999998 -6.262519008412811
-1.4 -6.046829501838191
-1.2999999999999996 -5.840868776964191
-1.2 -5.642191382198273
-1.0999999999999999 -5.4488219680469205
-0.9999999999999998 -5.259536508027762
-0.8999999999999998 -5.073756100962067
-0.7999999999999997 -4.8914951175492725
-0.6999999999999996 -4.713156317861539
-0.5999999999999995 -4.539622117408718
-0.4999999999999999 -4.372187845317779
-0.3999999999999999 -4.212701548587472
-0.2999999999999998 -4.0637249025697155
-0.19999999999999976 -3.928785188387745
-0.09999999999999963 -3.8122540336085695
0. -3.719803932474108
0.10000000000000009 -3.6579676217013355
0.20000000000000015 -3.6346194243661976
0.3000000000000002 -3.6577592122773663
0.40000000000000036 -3.736582902900388
0.5 -3.8819321010813512
0.6000000000000001 -4.107553336717634
0.7000000000000001 -4.432024692679239
0.8000000000000002 -4.879945620001466
0.9000000000000002 -5.484452327774802
1. -6.286707507825107