-2.9999999999999996 -10.478974065036828
-2.8999999999999995 -10.179530319684597
-2.8 -9.880372162670051
-2.6999999999999997 -9.58166665448347
-2.5999999999999996 -9.283648653881981
-2.5 -8.986704370292893
-2.4 -8.691398307235346
-2.2999999999999994 -8.398591078894873
-2.1999999999999997 -8.109511976189818
-2.1 -7.825851176459868
-1.9999999999999996 -7.549760097628061
-1.8999999999999997 -7.283626291651411
-1.7999999999999996 -7.029627507108395
-1.6999999999999997 -6.789056870959915
-1.5999999999999999 -6.561764391713783
-1.4999999999999998 -6.346171501100901
-1.4 -6.139873329395499
-1.2999999999999996 -5.940387452560083
-1.2 -5.745745622480787
-1.0999999999999999 -5.554652654560742
-0.9999999999999998 -5.366504899774601
-0.8999999999999998 -5.181096459098677
-0.7999999999999997 -4.9987011298168005
-0.6999999999999996 -4.819891308096038
-0.5999999999999995 -4.645609233897746
-0.4999999999999999 -4.477135730061937
-0.3999999999999999 -4.3162941701478585
-0.2999999999999998 -4.165667175702328
-0.19999999999999976 -4.028619221396237
-0.09999999999999963 -3.9093923559574733
0. -3.8135829701838055
0.10000000000000009 -3.7474210623244484
0.20000000000000015 -3.7183647446727437
0.3000000000000002 -3.7345273692824787
0.40000000000000036 -3.8054448416340008
0.5 -3.942454279369994
0.6000000000000001 -4.160217554888221
0.7000000000000001 -4.477816512121209
0.8000000000000002 -4.920551938824316
0.9000000000000002 -5.520935488327672
1. -6.319776774275972