-2.9999999999999996 -10.486759138494453
-2.8999999999999995 -10.191352953752165
-2.8 -9.898445397705755
-2.6999999999999997 -9.60928526784131
-2.5999999999999996 -9.325571091057167
-2.5 -9.04943764521605
-2.4 -8.783269094295962
-2.2999999999999994 -8.529164296583245
-2.1999999999999997 -8.288288334572792
-2.1 -8.060333932532139
-1.9999999999999996 -7.84359069969391
-1.8999999999999997 -7.635509419361808
-1.7999999999999996 -7.433509324296247
-1.6999999999999997 -7.235514004917724
-1.5999999999999999 -7.040056793663108
-1.4999999999999998 -6.846286853301721
-1.4 -6.653683614875828
-1.2999999999999996 -6.462057498864254
-1.2 -6.271404395178994
-1.0999999999999999 -6.081792778732652
-0.9999999999999998 -5.893441152830758
-0.8999999999999998 -5.7067768507875964
-0.7999999999999997 -5.522349757276298
-0.6999999999999996 -5.340928541598138
-0.5999999999999995 -5.16355145399646
-0.4999999999999999 -4.991571624049636
-0.3999999999999999 -4.826650354134514
-0.2999999999999998 -4.6709551168261205
-0.19999999999999976 -4.527151607040122
-0.09999999999999963 -4.398923085703513
0. -4.2907867287427335
0.10000000000000009 -4.208474509146836
0.20000000000000015 -4.159611715717655
0.3000000000000002 -4.153465823166819
0.40000000000000036 -4.201496933966441
0.5 -4.317159804588413
0.6000000000000001 -4.516502859863313
0.7000000000000001 -4.818716573456637
0.8000000000000002 -5.24804666498463
0.9000000000000002 -5.834859179583292
1. -6.617444154621003