-2.9999999999999996 -9.002229519855868
-2.8999999999999995 -8.779991221504682
-2.8 -8.563974408117184
-2.6999999999999997 -8.35183866837137
-2.5999999999999996 -8.141849219150329
-2.5 -7.93273243129608
-2.4 -7.723819516447215
-2.2999999999999994 -7.514682431798469
-2.1999999999999997 -7.3050937325902465
-2.1 -7.094904206918067
-1.9999999999999996 -6.883972475158336
-1.8999999999999997 -6.67240750751216
-1.7999999999999996 -6.460142403296235
-1.6999999999999997 -6.247142413164108
-1.5999999999999999 -6.033759392374685
-1.4999999999999998 -5.819971273298495
-1.4 -5.606073280850353
-1.2999999999999996 -5.392510182400947
-1.2 -5.179558200017545
-1.0999999999999999 -4.967896292480731
-0.9999999999999998 -4.758290987992247
-0.8999999999999998 -4.551401211146455
-0.7999999999999997 -4.348291858358618
-0.6999999999999996 -4.149818339606724
-0.5999999999999995 -3.956803549518254
-0.4999999999999999 -3.769886693581918
-0.3999999999999999 -3.590301881185444
-0.2999999999999998 -3.419188832380196
-0.19999999999999976 -3.2587388220554243
-0.09999999999999963 -3.1117288131146212
0. -2.9826239796109215
0.10000000000000009 -2.877422265738708
0.20000000000000015 -2.803975587156282
0.3000000000000002 -2.772126921643752
0.40000000000000036 -2.7934155739060595
0.5 -2.8809791470933135
0.6000000000000001 -3.0497140123128217
0.7000000000000001 -3.317294842863443
0.8000000000000002 -3.7058264351012293
0.9000000000000002 -4.243735913100338
1. -4.96756432175703