-2.9999999999999996 -10.260131230125028
-2.8999999999999995 -9.96085013958793
-2.8 -9.661952259416683
-2.6999999999999997 -9.363651326749133
-2.5999999999999996 -9.066270874140786
-2.5 -8.770310166014404
-2.4 -8.47651539198577
-2.2999999999999994 -8.185978356228524
-2.1999999999999997 -7.900202369215986
-2.1 -7.621170187087498
-1.9999999999999996 -7.3511388430200695
-1.8999999999999997 -7.092311558485521
-1.7999999999999996 -6.846161865703352
-1.6999999999999997 -6.6128579607278555
-1.5999999999999999 -6.391075709354014
-1.4999999999999998 -6.1785477284897246
-1.4 -5.972714863626876
-1.2999999999999996 -5.7714770758613465
-1.2 -5.573366867439028
-1.0999999999999999 -5.377522792016937
-0.9999999999999998 -5.183620552583519
-0.8999999999999998 -4.9917061113701875
-0.7999999999999997 -4.802110168779615
-0.6999999999999996 -4.615410808636453
-0.5999999999999995 -4.432567422427503
-0.4999999999999999 -4.254840958909424
-0.3999999999999999 -4.083921853614577
-0.2999999999999998 -3.922242550774688
-0.19999999999999976 -3.7730243184511907
-0.09999999999999963 -3.640247512484901
0. -3.5291837586399804
0.10000000000000009 -3.4459286270515084
0.20000000000000015 -3.3981222258461568
0.3000000000000002 -3.394472868549715
0.40000000000000036 -3.4454818006903367
0.5 -3.563743271220005
0.6000000000000001 -3.7649398389229036
0.7000000000000001 -4.0684182868246666
0.8000000000000002 -4.499280754298379
0.9000000000000002 -5.089362799393561
1. -5.878319983899238