-2.9999999999999996 -10.290032085474454
-2.8999999999999995 -10.019480281912092
-2.8 -9.759955751235816
-2.6999999999999997 -9.512842838271029
-2.5999999999999996 -9.278211911119763
-2.5 -9.054648228539785
-2.4 -8.839741561033424
-2.2999999999999994 -8.63085628911214
-2.1999999999999997 -8.425757504184146
-2.1 -8.2227761609997
-1.9999999999999996 -8.020839694711793
-1.8999999999999997 -7.819343787766681
-1.7999999999999996 -7.617914284374872
-1.6999999999999997 -7.416341001764352
-1.5999999999999999 -7.2145736422285145
-1.4999999999999998 -7.01252836095727
-1.4 -6.810286274283601
-1.2999999999999996 -6.60792299061057
-1.2 -6.4057126136418185
-1.0999999999999999 -6.2038621861252325
-0.9999999999999998 -6.00280251184653
-0.8999999999999998 -5.802962052617684
-0.7999999999999997 -5.6051260726491945
-0.6999999999999996 -5.4098937187898715
-0.5999999999999995 -5.21829916192803
-0.4999999999999999 -5.031819181264166
-0.3999999999999999 -4.852045533992949
-0.2999999999999998 -4.681197718279946
-0.19999999999999976 -4.5220205842783905
-0.09999999999999963 -4.377841360808378
0. -4.2531844082092265
0.10000000000000009 -4.154104803744177
0.20000000000000015 -4.08842719240211
0.3000000000000002 -4.06578016561661
0.40000000000000036 -4.097640851451225
0.5 -4.19730690632273
0.6000000000000001 -4.380102386258092
0.7000000000000001 -4.664141838136091
0.8000000000000002 -5.072165653606637
0.9000000000000002 -5.633153004032414
1. -6.383947294004833