-2.9999999999999996 -10.4342849438904
-2.8999999999999995 -10.135270710070818
-2.8 -9.836800043243638
-2.6999999999999997 -9.539166340030505
-2.5999999999999996 -9.242821246094502
-2.5 -8.948461002510452
-2.4 -8.657089041103797
-2.2999999999999994 -8.370146053833173
-2.1999999999999997 -8.089519932482888
-2.1 -7.817486727243952
-1.9999999999999996 -7.556383830364069
-1.8999999999999997 -7.307995718359204
-1.7999999999999996 -7.072902763580164
-1.6999999999999997 -6.850172089084531
-1.5999999999999999 -6.637700983870255
-1.4999999999999998 -6.43289386028436
-1.4 -6.233419793750056
-1.2999999999999996 -6.037576111485621
-1.2 -5.844319775136406
-1.0999999999999999 -5.653077408765232
-0.9999999999999998 -5.463767773378547
-0.8999999999999998 -5.276511476041296
-0.7999999999999997 -5.091734366804386
-0.6999999999999996 -4.910001643562004
-0.5999999999999995 -4.732373926271398
-0.4999999999999999 -4.560044226348904
-0.3999999999999999 -4.394938499139898
-0.2999999999999998 -4.239391597888647
-0.19999999999999976 -4.096572975140735
-0.09999999999999963 -3.9705768942966904
0. -3.8665512850673327
0.10000000000000009 -3.7904797463879705
0.20000000000000015 -3.749666111254106
0.3000000000000002 -3.7526827925431574
0.40000000000000036 -3.8098884848663053
0.5 -3.9336750904117097
0.6000000000000001 -4.1395550462421165
0.7000000000000001 -4.447263903610329
0.8000000000000002 -4.8819786950859685
0.9000000000000002 -5.475429700385689
1. -6.267515534523283