-2.9999999999999996 -10.198438033645797
-2.8999999999999995 -9.933059928976194
-2.8 -9.67943758174449
-2.6999999999999997 -9.438306147175856
-2.5999999999999996 -9.20887952537457
-2.5 -8.989168403829296
-2.4 -8.776551570837045
-2.2999999999999994 -8.56855418721705
-2.1999999999999997 -8.363250212205172
-2.1 -8.159347208995827
-1.9999999999999996 -7.955994132914941
-1.8999999999999997 -7.75276739877733
-1.7999999999999996 -7.549356831918823
-1.6999999999999997 -7.34570984488561
-1.5999999999999999 -7.141606644017327
-1.4999999999999998 -6.937195132678258
-1.4 -6.732517708437406
-1.2999999999999996 -6.527656037557606
-1.2 -6.322862506418612
-1.0999999999999999 -6.118443694674088
-0.9999999999999998 -5.914777483406816
-0.8999999999999998 -5.712419911143028
-0.7999999999999997 -5.511953719520208
-0.6999999999999996 -5.314295851433658
-0.5999999999999995 -5.120499281881455
-0.4999999999999999 -4.93196024256254
-0.3999999999999999 -4.750504920373215
-0.2999999999999998 -4.578164463226228
-0.19999999999999976 -4.417662650220051
-0.09999999999999963 -4.272262500217862
0. -4.146381929154853
0.10000000000000009 -4.046095352986196
0.20000000000000015 -3.97898638713522
0.3000000000000002 -3.9547876008154783
0.40000000000000036 -3.9849853642593227
0.5 -4.08286349948566
0.6000000000000001 -4.263622186493173
0.7000000000000001 -4.5453577883813505
0.8000000000000002 -4.9506797406411245
0.9000000000000002 -5.508467143414985
1. -6.255484839682406