-2.9999999999999996 -8.455022446627847
-2.8999999999999995 -8.170823750428218
-2.8 -7.893893577439788
-2.6999999999999997 -7.626373141519081
-2.5999999999999996 -7.370026538698773
-2.5 -7.12566418344673
-2.4 -6.892585195854583
-2.2999999999999994 -6.668927963204973
-2.1999999999999997 -6.45211457710729
-2.1 -6.239733589250224
-1.9999999999999996 -6.029882775957937
-1.8999999999999997 -5.821307396114429
-1.7999999999999996 -5.613209950706702
-1.6999999999999997 -5.405181008471357
-1.5999999999999999 -5.197008895778766
-1.4999999999999998 -4.988601732393118
-1.4 -4.779908310601864
-1.2999999999999996 -4.571124074830198
-1.2 -4.362254128719523
-1.0999999999999999 -4.153630421878018
-0.9999999999999998 -3.9454872895176525
-0.8999999999999998 -3.738345277577158
-0.7999999999999997 -3.532783933853558
-0.6999999999999996 -3.329646949811851
-0.5999999999999995 -3.1298316052845023
-0.4999999999999999 -2.9349537238125505
-0.3999999999999999 -2.7466635216140927
-0.2999999999999998 -2.5675653950587836
-0.19999999999999976 -2.4005572788512826
-0.09999999999999963 -2.2494984524229977
0. -2.119270335753533
0.10000000000000009 -2.015824801170991
0.20000000000000015 -1.947053668629513
0.3000000000000002 -1.9224523260451714
0.40000000000000036 -1.9533465754792059
0.5 -2.052981753130653
0.6000000000000001 -2.2364819493230295
0.7000000000000001 -2.522173056321342
0.8000000000000002 -2.932978735761215
0.9000000000000002 -3.4981202346462683
1. -4.254693086571243