-2.9999999999999996 -10.48027330179587
-2.8999999999999995 -10.180797150203032
-2.8 -9.881595819331368
-2.6999999999999997 -9.582816884539252
-2.5999999999999996 -9.284684742832553
-2.5 -8.987566021106492
-2.4 -8.691987668882572
-2.2999999999999994 -8.398766296880055
-2.1999999999999997 -8.109071145136527
-2.1 -7.824524629202604
-1.9999999999999996 -7.547219677245191
-1.8999999999999997 -7.279533031082308
-1.7999999999999996 -7.023719647795752
-1.6999999999999997 -6.781237489529918
-1.5999999999999999 -6.552173886228974
-1.4999999999999998 -6.335134886974456
-1.4 -6.127783031638007
-1.2999999999999996 -5.927611264489354
-1.2 -5.7325863024066965
-1.0999999999999999 -5.5413114169399424
-0.9999999999999998 -5.353075395418772
-0.8999999999999998 -5.167681431952434
-0.7999999999999997 -4.985344705756381
-0.6999999999999996 -4.806642035497373
-0.5999999999999995 -4.6325197117068795
-0.4999999999999999 -4.4642314903054325
-0.3999999999999999 -4.303652969231423
-0.2999999999999998 -4.153281180627936
-0.19999999999999976 -4.016575005952673
-0.09999999999999963 -3.897806037414124
0. -3.802433842627398
0.10000000000000009 -3.7369823078314655
0.20000000000000015 -3.7087694743596704
0.3000000000000002 -3.725978470454402
0.40000000000000036 -3.798003932847738
0.5 -3.936189141143912
0.6000000000000001 -4.154989208126105
0.7000000000000001 -4.4735761093700885
0.8000000000000002 -4.916934226604105
0.9000000000000002 -5.517892588099765
1. -6.317268588527778