-2.9999999999999996 -10.210160633889679
-2.8999999999999995 -9.91214746724336
-2.8 -9.615234739541572
-2.6999999999999997 -9.320015744068657
-2.5999999999999996 -9.027371887703712
-2.5 -8.738563967955857
-2.4 -8.455300351129104
-2.2999999999999994 -8.179698469244267
-2.1999999999999997 -7.914017027242911
-2.1 -7.660175799348363
-1.9999999999999996 -7.419052891433339
-1.8999999999999997 -7.190087385417352
-1.7999999999999996 -6.97136134457629
-1.6999999999999997 -6.76034173345278
-1.5999999999999999 -6.554573211372575
-1.4999999999999998 -6.352163922096156
-1.4 -6.151803388812328
-1.2999999999999996 -5.952779978424908
-1.2 -5.754767596140955
-1.0999999999999999 -5.557704507431632
-0.9999999999999998 -5.361680860966213
-0.8999999999999998 -5.167028970006727
-0.7999999999999997 -4.974105707765362
-0.6999999999999996 -4.783729637021525
-0.5999999999999995 -4.596731769664584
-0.4999999999999999 -4.414426388181726
-0.3999999999999999 -4.238394261132351
-0.2999999999999998 -4.071151494246405
-0.19999999999999976 -3.9154801433548
-0.09999999999999963 -3.775262084806013
0. -3.6554599771344587
0.10000000000000009 -3.5623784757700694
0.20000000000000015 -3.503848950309365
0.3000000000000002 -3.4893222876796948
0.40000000000000036 -3.5301016166780212
0.5 -3.6393813243921107
0.6000000000000001 -3.833332849763224
0.7000000000000001 -4.1308889201992205
0.8000000000000002 -4.556452328386792
0.9000000000000002 -5.140780903662897
1. -5.9224674749726125