-2.9999999999999996 -10.221746430345275
-2.8999999999999995 -9.923688599634776
-2.8 -9.626707103580758
-2.6999999999999997 -9.331382455205269
-2.5999999999999996 -9.03858123219357
-2.5 -8.749536970371246
-2.4 -8.465944685492753
-2.2999999999999994 -8.189892600485116
-2.1999999999999997 -7.923656199170953
-2.1 -7.669201801885211
-1.9999999999999996 -7.427469002554
-1.8999999999999997 -7.197974751397764
-1.7999999999999996 -6.978887548474902
-1.6999999999999997 -6.767666502963424
-1.5999999999999999 -6.561842774024318
-1.4999999999999998 -6.359489563343034
-1.4 -6.159267301744835
-1.2999999999999996 -5.960419448529553
-1.2 -5.762624998886392
-1.0999999999999999 -5.565794891364179
-0.9999999999999998 -5.370076126006265
-0.8999999999999998 -5.175660422891866
-0.7999999999999997 -4.983041000294845
-0.6999999999999996 -4.793000184954482
-0.5999999999999995 -4.606295652234435
-0.4999999999999999 -4.424344111187399
-0.3999999999999999 -4.248762005430108
-0.2999999999999998 -4.081861544610317
-0.19999999999999976 -3.926635575801024
-0.09999999999999963 -3.78681520949505
0. -3.6675041968930344
0.10000000000000009 -3.5749111201211385
0.20000000000000015 -3.5167760445356055
0.3000000000000002 -3.5027112041052355
0.40000000000000036 -3.5438408489667275
0.5 -3.6535503115788477
0.6000000000000001 -3.8476485232752875
0.7000000000000001 -4.145451084046592
0.8000000000000002 -4.571231921361977
0.9000000000000002 -5.155854392045234
1. -5.93786151357955