-11.206752649921803 2.
-11.20575570827115 1.9993605370481689
-11.203517587939748 1.9979122053955507
-11.20040638021911 1.9958637908634556
-11.1990686106396 1.9949748743718416
-11.195468987226315 1.9926752741679952
-11.195016547787924 1.992378617358499
-11.191345881763668 1.9899497487436832
-11.189667585777425 1.9888817665904925
-11.185929648241256 1.9864822792368386
-11.184270382393741 1.9853986990719754
-11.183526668509293 1.9849246231155426
-11.181599275223194 1.9836873736818106
-11.178874865395786 1.981915149728965
-11.175804058103434 1.979899497487402
-11.173479728470884 1.9784314917936534
-11.168341708542764 1.9751582962521432
-11.168037635885339 1.9749612497613827
-11.16790476681484 1.9748743718592614
-11.167541428163394 1.9746457203222985
-11.162636868082346 1.9714792006483828
-11.160134669970288 1.9698492462311208
-11.157198415881094 1.9680079185063146
-11.153326928535893 1.9655593090863004
-11.152194180161594 1.9648241206029802
-11.15174226669147 1.9645416926466384
-11.150753768844272 1.963918658118149
-11.146308544693532 1.9610690590179072
-11.144279149617141 1.9597989949748396
-11.141959798995025 1.958336658367605
-11.140829437156485 1.9576093926860665
-11.138943250258496 1.9564245610931899
-11.136381996957224 1.954773869346699
-11.135368402876082 1.9541445625666123
-11.13316582914578 1.9527655291245658
-11.12989542502399 1.950683144896213
-11.128440689339648 1.9497487437185583
-11.124388912883557 1.9472410533579234
-11.12437832505097 1.9472343335460787
-11.120456602675354 1.9447236180904177
-11.118912477596576 1.9437708786191923
-11.115577889447287 1.9416962308761319
-11.113402625568668 1.940319996427597
-11.112396519164468 1.939698492462277
-11.109697663857169 1.9380184280079575
-11.107880860441833 1.9368725179785518
-11.104424033435796 1.9346733668341365
-11.102379390795933 1.933419240820668
-11.097989949748795 1.9307046130101648
-11.096834890041796 1.9299782582651384
-11.09631456643737 1.9296482412059959
-11.094845863631045 1.9287499308866387
-11.091308641083513 1.9265320609107937
-11.088289952552318 1.9246231155778553
-11.085773692151706 1.9230883492631694
-11.080402010050303 1.919785084893764
-11.080196625353492 1.9196566712916603
-11.080100510084106 1.9195979899497146
-11.079839231198925 1.9194371959921783
-11.07466603502782 1.9162117143279973
-11.072059682380106 1.914572864321574
-11.069099614495121 1.9127769945663422
-11.064701623394742 1.9100870395628426
-11.063841584906442 1.9095477386934334
-11.063512040920168 1.9093483185310456
-11.062814070351811 1.9089225282053022
-11.05795711200905 1.9059103154489394
-11.055738233126622 1.9045226130652928
-11.05236110360982 1.9024840493634354
-11.049424260919444 1.9006969532274738
-11.047501350700536 1.8994974874371522
-11.046769196593495 1.8990566114542444
-11.045226130653319 1.8981199655854706
-11.041185671207824 1.8956267787934387
-11.039269985205788 1.8944723618090116
-11.036432160804072 1.8927480917915265
-11.03556184486343 1.8922084606922676
-11.034006954994034 1.8912668830492159
-11.031075206806213 1.889447236180871
-11.029965676857488 1.8887822402086822
-11.027638190954827 1.8873761282399162
-11.024355266105163 1.885360089081206
-11.022840431730353 1.8844221105527303
-11.018705287060905 1.8819492431799958
-11.018454887897361 1.8817983096791684
-11.014567581703552 1.8793969849245897
-11.013104911373107 1.8785242248912262
-11.010050251256335 1.8766870867745071
-11.007469226778944 1.8751092948614172
-11.006234084976107 1.8743718592964491
-11.002787990482073 1.8722969276466603
-11.001810768858899 1.871700871496147
-10.997981772616475 1.8693467336683085
-10.996189610767026 1.8682817910371128
-10.992462311557842 1.8660500051351212
-10.990529534343787 1.8648738301013266
-10.989629410210636 1.8643216080401679
-10.986994300946254 1.8627593192939997
-10.984865952010303 1.8614668708541817
-10.981320611803284 1.8592964824120273
-10.979221468530985 1.85805445479156
-10.97487437185935 1.855462334351369
-10.973538764398796 1.8546529589154739
-10.972894059721112 1.8542713567838867
-10.97107662540829 1.853186286369298
-10.96787054696608 1.8512473239823937
-10.96458818308971 1.849246231155746
-10.962204224209549 1.8478411477132628
-10.957286432160858 1.844920239325245
-10.956500268513807 1.844445723712477
-10.956131091963153 1.8442211055276054
-10.95504012200167 1.8435793026249803
-10.950827361134895 1.8410414287640258
-10.94778832202514 1.8391959798994648
-10.945140475984498 1.83764112746457
-10.939698492462366 1.8344209719834286
-10.93941651253693 1.834251419964306
-10.939279342932709 1.8341708542713242
-10.938889026995776 1.8339395784237267
-10.933738848800138 1.8308484839752488
-10.930904522613119 1.8291867781956226
-10.930835908596778 1.8291457286431836
-10.928032606518064 1.827453713284843
-10.922632474038117 1.8242697233791123
-10.922385533903928 1.824120603015043
-10.922295214480256 1.8240678425246486
-10.922110552763874 1.8239591503649546
-10.916607313482091 1.8206678314674116
-10.913998885977373 1.8190954773869024
-10.910882852637574 1.817278266080562
-10.90627623676892 1.8145713871026299
-10.905443620278456 1.8140703517587617
-10.905140441725994 1.813893829284301
-10.904522613065382 1.8135313823813846
-10.899434919273219 1.8104988529283812
-10.896938435046714 1.8090452261306211
-10.895728643216135 1.808334441598701
-10.893693316235405 1.807114185311045
-10.889816309038528 1.804843424980091
-10.88844353359844 1.8040201005024805
-10.88794580050874 1.8037312070333806
-10.88693467336689 1.8031399126855545
-10.882223701091064 1.8003409669531472
-10.87997579872559 1.79899497487434
-10.876465974131069 1.7969609061707201
-10.873256444012334 1.7950869093444668
-10.871387956170434 1.7939698492461993
-10.870713261792126 1.7935794126394198
-10.869346733668397 1.7927827004631265
-10.864975573963731 1.7901936263908205
-10.862817248064383 1.7889447236180587
-10.86055276381915 1.7876223845294676
-10.859202687005423 1.7868178970364816
-10.856600272286082 1.7853028775088262
-10.854279429575952 1.783919597989918
-10.8534446815174 1.783437915833491
-10.851758793969905 1.7824578470010817
-10.847692341449774 1.7800563159389577
-10.845740116685395 1.7788944723617774
-10.841905207504448 1.7766846571523391
-10.839851304900275 1.7754923326275973
-10.837120363202338 1.7738693467336368
-10.836141808543928 1.7733062169414895
-10.834170854271413 1.7721635837465284
-10.830375703282668 1.769928549959423
-10.82849109941856 1.7688442211054962
-10.825376884422166 1.7670357773117669
-10.82457518759899 1.7665607145266193
-10.823012936124991 1.7656562444922335
-10.819913042051496 1.7638190954773556
-10.818806291865437 1.7631838448223514
-10.81658291457292 1.761898261616765
-10.813027262320263 1.7598098704928313
-10.811310751721205 1.758793969849215
-10.807214185277566 1.7564456240197481
-10.806088446034678 1.7557955502668596
-10.802659633895448 1.7537688442210744
-10.801439687176766 1.7530703549918352
-10.798994974874429 1.751660341411399
-10.795648530870947 1.7496998454510715
-10.793978107593357 1.7487437185929338
-10.790201005025182 1.7465614300622505
-10.789823670641088 1.7463389656028907
-10.789081002893493 1.745911155169809
-10.785362195841527 1.7437185929647931
-10.784043462858156 1.7429653279127306
-10.781407035175937 1.7414483851964793
-10.77824093646095 1.7395980669695064
-10.7767047172647 1.7386934673366525
-10.77240503146146 1.7362403427697908
-10.771993665372651 1.7360039331071428
-10.768022680364957 1.733668341708512
-10.766619005437384 1.7328683674342438
-10.763819095477444 1.7312610485469353
-10.760805827100805 1.7295041499022679
-10.75929458257868 1.7286432160803713
-10.755025125628197 1.7261878469868934
-10.754959583651898 1.7261493795452436
-10.754829431913207 1.726074740776303
-10.750643757694977 1.7236180904522307
-10.74916810796474 1.7227789612562914
-10.746231155778952 1.7210964557031163
-10.743345798481677 1.7194173526233119
-10.741939847694672 1.71859296482409
-10.737599995977426 1.716126919166511
-10.737492696221446 1.7160645419266656
-10.7332302316111 1.7135678391959495
-10.731694499290018 1.7126960439932182
-10.72864321608046 1.710951292308895
-10.72586344249326 1.7093369345927227
-10.724463824224339 1.7085427135678088
-10.720305900120456 1.7061606232935222
-10.720004540964545 1.7059857808299297
-10.715782262193128 1.7035175879396682
-10.714197677918339 1.7026197589292762
-10.711055276381968 1.7008263314492957
-10.708358224668624 1.6992630485153404
-10.707038731642319 1.6984924623115276
-10.70294570350282 1.696175441488914
-10.702493478187767 1.6959135647388734
-10.698300781101548 1.693467336683387
-10.696678578675963 1.6925498389712477
-10.693467336683476 1.6907204369406141
-10.690831343924433 1.6891953518435443
-10.689499144380857 1.6884422110552464
-10.685522386384944 1.6861722252556657
-10.684960711340041 1.6858475498109442
-10.680787492181508 1.6834170854271058
-10.67913837594393 1.682485948581692
-10.675879396984984 1.6806325325261362
-10.67328394626494 1.679133517147549
-10.672009560799193 1.6783919597989652
-10.668038853575656 1.676151804539157
-10.667407391136548 1.675787407270378
-10.663244032124696 1.6733668341708245
-10.661578192811529 1.6724277668779566
-10.658291457286492 1.670561597693542
-10.65571712779682 1.6690772312540183
-10.654411715205823 1.668341708542684
-10.650497935557555 1.6661149880487018
-10.649834618512926 1.6657328225641335
-10.645671973695274 1.6633165829145433
-10.643999103914364 1.6623749868212956
-10.640703517588 1.6605066639072508
-10.6381319374545 1.659026194467403
-10.63686517634352 1.6582914572864027
-10.632902389369645 1.65606256350973
-10.632243447292783 1.655683494599752
-10.628072828633528 1.653266331658262
-10.626402137993777 1.652327314485614
-10.623115577889507 1.6504668112196557
-10.620529379454542 1.6489801198686829
-10.619214001572779 1.6482412060301215
-10.615254899241544 1.6459952978449897
-10.61463488658634 1.6456391350600281
-10.610448050252211 1.6432160804019809
-10.608788280194565 1.642284468400966
-10.605527638191015 1.6404411652298618
-10.602910415495243 1.6389387326869178
-10.601617438251653 1.6381909547738402
-10.597558076971845 1.6359139372826483
-10.597009902935667 1.635599467790085
-10.592799035738347 1.6331658291456996
-10.591158474115662 1.6322461789676597
-10.587939698492523 1.6304288943626473
-10.58527596671519 1.6289017697396542
-10.583917520650823 1.628140703517559
-10.579814462041831 1.6258192073887905
-10.579369422219713 1.6255642282530776
-10.575127128170832 1.6231155778894184
-10.573513623626154 1.6222121879373832
-10.57035175879403 1.6204292074440412
-10.567626915422561 1.6188689789388402
-10.566277306969546 1.6180904522612778
-10.562026521453864 1.61571181302123
-10.561714331330228 1.6155331630513672
-10.557433618262152 1.6130653266331372
-10.555854594457104 1.6121822479584047
-10.552763819095539 1.6104413515531748
-10.54996410660486 1.6088401188594759
-10.548532915036335 1.6080402010049966
-10.544196649282274 1.6055924382012066
-10.544045479627785 1.605506029510499
-10.539719745830475 1.603015075376856
-10.538182215577747 1.60215612218237
-10.535175879397046 1.6004109249630618
-10.532370667817778 1.5987914387713635
-10.531037541933316 1.5979899497487153
-10.527122196893076 1.595688897604723
-10.526645540611852 1.595402063773487
-10.522626441046036 1.5929648241205747
-10.520975423494667 1.5919969716073998
-10.517587939698554 1.589996466494667
-10.515266341125365 1.5886030123704877
-10.51413465101944 1.587939698492434
-10.510903949405161 1.5860299869800363
-10.509540652911571 1.5852137976605745
-10.505729412616768 1.5829145728642935
-10.503845837956494 1.5818157620195992
-10.500000000000062 1.5795557642013236
-10.498112537141019 1.578428722338737
-10.49721622414567 1.5778894472361529
-10.494531055970008 1.5763268917989945
-10.492375344107181 1.5750427947202645
-10.488745649654874 1.5728643216080123
-10.486656750141284 1.5716515530823791
-10.48241206030157 1.5691692970541782
-10.480900532135445 1.5682710611701927
-10.480156400204027 1.5678391959798716
-10.478006019877785 1.5665803272873617
-10.47515214956078 1.5648883305633854
-10.471679586866179 1.562814070351731
-10.469411779441261 1.5615033106836789
-10.464824120603078 1.5588326244696686
-10.463634395419342 1.5581288662046573
-10.463064011919217 1.5577889447235904
-10.461335994563422 1.5567923372836887
-10.457874635084538 1.5547493863864617
-10.454535366839854 1.5527638190954498
-10.452113849493008 1.5513701994987583
-10.447236180904586 1.5485429790528462
-10.446316625632539 1.5480014235450366
-10.445859863461488 1.5477386934673092
-10.444525076204453 1.5469640921244139
-10.440545287271721 1.5446252517342725
-10.437316213617269 1.5427135678391686
-10.43476537405277 1.5412515298829756
-10.429648241206094 1.5382978053776188
-10.428949565934445 1.5378880637172134
-10.428611667072564 1.537688442211028
-10.427577242818215 1.5370967283859196
-10.42316643956542 1.534515259908794
-10.420025176992056 1.5326633165828873
-10.417368619061028 1.5311466544247656
-10.412060301507601 1.5280947392895499
-10.411535416816143 1.5277881580094492
-10.411272552365222 1.5276381909547467
-10.41049636040317 1.5271913506391952
-10.405740284793293 1.5244187843878372
-10.402665145466854 1.5226130653266061
-10.399925714705658 1.5210549644990206
-10.39447236180911 1.5179315895466319
-10.394076247710286 1.5177011151552717
-10.393883136180788 1.5175879396984655
-10.393286188794324 1.5172490331228126
-10.388268886535343 1.5143352355771151
-10.385238858133418 1.512562814070325
-10.382438666366438 1.5109758871400905
-10.376884422110617 1.5078063214953152
-10.376574007528527 1.5076263783227812
-10.376417378173803 1.5075376884421843
-10.375950387246101 1.5072708213380368
-10.370754189449528 1.5042640578600688
-10.367748915578698 1.5025125628140437
-10.36490936455993 1.5009088822003847
-10.359296482412125 1.4977170425233917
-10.359030534240048 1.497563422377925
-10.35889992438614 1.497487437185903
-10.358492519753673 1.497257733569202
-10.3531980286645 1.4942047269142273
-10.3501977899077 1.4924623115577624
-10.347339593989044 1.4908534397647877
-10.341708542713633 1.4876619890685223
-10.341447563590732 1.487511751393308
-10.341314966578707 1.4874371859296218
-10.34091606012138 1.4872107623318351
-10.33560213833534 1.4841567472667077
-10.33258783396348 1.4824120603014812
-10.329731041788774 1.4808090777947287
-10.32412060301514 1.4776395149925738
-10.323826737050194 1.4774708963776106
-10.323681439269272 1.4773869346733406
-10.323224396784493 1.477130875750298
-10.317968159446409 1.4741196500648375
-10.314921289815354 1.4723618090452
-10.312085305048326 1.4707753399790064
-10.306532663316649 1.4676480811584538
-10.306169609063355 1.4674404132037147
-10.305983976862981 1.4673366834170594
-10.305420837387993 1.467019018866015
-10.300297646935125 1.4640929910407827
-10.297200296578035 1.4623115577889187
-10.294403897680164 1.4607517937712018
-10.288944723618156 1.4576862460686888
-10.288477653673702 1.457419880716337
-10.288245281474284 1.4572864321607781
-10.287508613123384 1.4568761148765574
-10.282592076201503 1.4540763486516814
-10.279426897616936 1.4522613065326375
-10.276688256697739 1.450738028596045
-10.271356783919664 1.4477526574441733
-10.270752270577255 1.447408899002328
-10.270441372100562 1.447236180904497
-10.26949088282176 1.446703066305096
-10.264852849060272 1.4440693223790397
-10.26160304718815 1.4422110552763563
-10.258939747956111 1.4407336542092306
-10.253768844221172 1.4378460446379702
-10.252994774967359 1.4374070922921618
-10.252607437861297 1.4371859296482157
-10.251370584034534 1.436500712452033
-10.24708115888886 1.4340715712578787
-10.24373014067586 1.432160804020075
-10.2411593282538 1.4307383972397547
-10.23618090452268 1.4279656791850268
-10.235205884156278 1.4274142556394773
-10.234701704867009 1.4271356783919344
-10.233149026991025 1.426269427668605
-10.229277788582873 1.4240828716037388
-10.225809706963464 1.4221105527637938
-10.223348035812283 1.4207519610529094
-10.218592964824188 1.4181103012332201
-10.217386975358504 1.4174299955544196
-10.216780316205647 1.4170854271356532
-10.214829790093022 1.41601023435532
-10.211444241914641 1.4141027937673831
-10.207843641595916 1.4120603015075126
-10.205507277243965 1.4107739437594358
-10.201005025125696 1.4082787793209057
-10.199539265014291 1.40745396448263
-10.198777544437585 1.407035175879372
-10.196415869876956 1.4057239886654465
-10.193581655580688 1.4041310129783762
-10.189833599024558 1.4020100502512314
-10.18763812999055 1.4008040375188466
-10.183417085427203 1.3984701472418113
-10.181663802673384 1.3974858625527533
-10.18077752229091 1.3969849246230908
-10.177909913363248 1.3954114468905319
-10.175691081889319 1.3941672285772029
-10.171781083011316 1.3919597989949501
-10.169741619358732 1.390841949386373
-10.165829145728711 1.388683494204324
-10.163761587354207 1.3875254043309537
-10.162682182810196 1.3869346733668095
-10.159314499351488 1.3850733458304605
-10.15777352294562 1.3842111542481232
-10.153687533114034 1.381909547738669
-10.151818721987205 1.3808874003223872
-10.14824120603022 1.3789179606026716
-10.145833570896196 1.3775723178631063
-10.144611029859151 1.3768844221105283
-10.14063214106957 1.3747104035503428
-10.139829933965625 1.374262517072272
-10.13555432857362 1.3718592964823877
-10.133870369052486 1.3709401242764567
-10.130653266331727 1.3691727341579556
-10.127880661061093 1.3676263437887144
-10.126427032223765 1.366834170854247
-10.121865288728813 1.3643233201105573
-10.121861226344713 1.3643210566509678
-10.117382791941703 1.3618090452261065
-10.115897449238583 1.3609998673388644
-10.113065326633235 1.359447046390036
-10.109903724407365 1.3576872345196431
-10.108291661415402 1.3567839195979658
-10.10388040523895 1.354383057225335
-10.103027885136797 1.3539160791704115
-10.099174192473328 1.3517587939698252
-10.09790081149339 1.351066386953069
-10.095477386934743 1.349740169385509
-10.091903588959845 1.3477547534773695
-10.090022576668026 1.3467336683416846
-10.086683417085496 1.344902763389511
-10.085876951629624 1.3444515242292923
-10.084111493161444 1.3434862701207422
-10.080929749307579 1.341708542713544
-10.07988126759288 1.3411394511830785
-10.07788944723625 1.340051412830701
-10.073881046694945 1.3378286743829193
-10.071829375671884 1.3366834170854034
-10.067851580149824 1.3345262534819566
-10.065118312607305 1.333034521477133
-10.062650634457691 1.3316582914572628
-10.061839594532382 1.3312188380302272
-10.060301507537758 1.3303801212818032
-10.055836855860196 1.3279087805941394
-10.053478479810838 1.3266331658291222
-10.051507537688511 1.3255562770832254
-10.049805030774328 1.3246070335619615
-10.046050545578776 1.3225614624122706
-10.044337975631102 1.3216080402009815
-10.043776536763003 1.321304334794199
-10.042713567839266 1.3207256716470095
-10.037771743145589 1.3179948644853203
-10.035233367713127 1.316582914572841
-10.031738012880432 1.3146936617900815
-10.026910343599882 1.3120677076473024
-10.025992858898922 1.3115577889447003
-10.02569280828995 1.3113957374735072
-10.025125628140774 1.311087470857931
-10.019686405723046 1.3080867268644818
-10.016803680129843 1.3065326633165597
-10.016331658291527 1.3062755954032106
-10.01365120723084 1.3047859436626856
-10.007699809916103 1.3015538581095107
-10.007616331233667 1.301507537688419
-10.007589094648534 1.3014928502009182
-10.007537688442282 1.3014649537095853
-10.001581537904077 1.298184169356909
-9.998512402208195 1.2964824120602785
-9.995545403487986 1.2948836535619366
-9.98994974874379 1.291849225071335
-9.989481001072933 1.291591214338097
-9.989239271929769 1.2914572864321379
-9.988436199560953 1.2910248438084704
-9.983458243951885 1.2882868764588276
-9.9801081246531 1.2864321608039972
-9.977421575832109 1.2849865131506224
-9.972361809045298 1.2822466400219712
-9.971356696153569 1.281694210287779
-9.970837599450046 1.2814070351758566
-9.969109607761604 1.280477834809087
-9.965316869882463 1.2783947493085268
-9.96167585863385 1.276381909547716
-9.959279999854592 1.2750944436883485
-9.954773869346806 1.2726577325633652
-9.953215030861958 1.271802166343817
-9.952384627911352 1.2713567839195754
-9.94971989786449 1.269912792067485
-9.947157961941988 1.2685076318356678
-9.94321638827179 1.2663316582914348
-9.941121272275069 1.2652072746837906
-9.937185929648313 1.263082031455692
-9.935056588635216 1.2619149158098937
-9.93395381784015 1.2613065326632942
-9.930269038543766 1.259330278061995
-9.928982108737607 1.2586253558667844
-9.924730614321259 1.2562814070351536
-9.922945968707596 1.2553248416757894
-9.919597989949821 1.2535190850010869
-9.916881932385035 1.252032297854094
-9.91543129229409 1.251256281407013
-9.910804020100574 1.2487552000872126
-9.91079030723273 1.2487476365551835
-9.910759373450203 1.2487309624071221
-9.906219409164212 1.2462311557788723
-9.904754644797684 1.245446985908485
-9.902010050251329 1.243968459822331
-9.898691605594802 1.2421541571954542
-9.896968627189912 1.2412060301507317
-9.892601065477537 1.2388691858865322
-9.891210200140916 1.2381203586906135
-9.88768361814473 1.236180904522591
-9.886547837268221 1.2355735540324817
-9.884422110552837 1.2344297397421151
-9.880486133328082 1.232280343815809
-9.878378912068298 1.2311557788944505
-9.87562814070359 1.229672431733186
-9.874397009743237 1.228994967783338
-9.871606063240701 1.227494051090983
-9.869124060792196 1.2261306532663099
-9.868326064879488 1.2257043978305546
-9.866834170854345 1.224902524755426
-9.862266023153479 1.2224107126955595
-9.859888658446874 1.2211055276381693
-9.856178636644264 1.2191248403557662
-9.851948760147486 1.2168525531504955
-9.850541531937848 1.2160804020100286
-9.850089829307882 1.2158393739665918
-9.849246231155853 1.2153864300884525
-9.84403176599023 1.212545123572066
-9.841233981157213 1.211055276381888
-9.840452261306606 1.2106346338219867
-9.83794642656679 1.2092586663506228
-9.832240051229883 1.2061963678316108
-9.831936802728809 1.2060301507537474
-9.831839615947402 1.205978343756593
-9.83165829145736 1.2058810853380848
-9.825783836878454 1.2026834407195803
-9.822720145942796 1.2010050251256068
-9.819717670362378 1.1993915055246038
-9.814070351758868 1.1963241823735054
-9.813658206199978 1.1960976553714344
-9.813439937603759 1.1959798994974662
-9.812745147113807 1.1956012695988774
-9.807647999905717 1.1927897315416542
-9.804342855226434 1.1909547738693256
-9.801621249398842 1.189486534629764
-9.796482412060376 1.1866969032266272
-9.795565474221434 1.1861916304808826
-9.795093114891896 1.185929648241185
-9.79352572613876 1.1850848808350092
-9.789536847447437 1.1828889696453126
-9.785955327604734 1.1809045226130443
-9.783507575729113 1.179586493079551
-9.778894472361884 1.1770870034714713
-9.777449442991767 1.1762922625192234
-9.77668117773471 1.1758793969849037
-9.774222145487647 1.1745444464494081
-9.771402134139487 1.1729949394203052
-9.767531264037936 1.1708542713567631
-9.765370822438925 1.1696930457066106
-9.761306532663392 1.1674949348702999
-9.759310803589347 1.1663993540354927
-9.758278787810047 1.1658291457286225
-9.754836463371037 1.1639805545022348
-9.753244554697954 1.1631074423763215
-9.749071811140984 1.160804020100482
-9.747211730847363 1.1598059807054923
-9.7437185929649 1.1579200533106713
-9.741150371981497 1.156512671896171
-9.739780044057575 1.1557788944723413
-9.735371559279425 1.1533940277050627
-9.735065053984632 1.153226208552848
-9.730578220118417 1.1507537688442007
-9.729031175331647 1.1499250482541319
-9.726130653266408 1.1483616938246763
-9.722968880421838 1.1466320068859375
-9.721328110449496 1.14572864321606
-9.716878491680928 1.1433469923266282
-9.715842949749627 1.1427892993541224
-9.712051372974202 1.1407035175879194
-9.71082964451944 1.140050108744627
-9.708542713567915 1.1388194673044207
-9.7047668286901 1.136757216210583
-9.70274540849346 1.1356783919597788
-9.699748743718668 1.1340625591510962
-9.698676043927676 1.1334723148002777
-9.696243462380057 1.1321643201918192
-9.693492154582003 1.1306532663316382
-9.692607742903363 1.1301809894647983
-9.690954773869423 1.1292928777376758
-9.686544822868537 1.1268881267037507
-9.684248847641173 1.1256281407034976
-9.680454050757728 1.1236032216786986
-9.6765709901669 1.1215184882170623
-9.674901493515723 1.120603015075357
-9.674366068008116 1.1203175196933044
-9.673366834170931 1.1197814506369594
-9.668303447260799 1.11702457142154
-9.665584411127883 1.1155778894472164
-9.664572864321684 1.1150340941610493
-9.66221308357264 1.1137395497043014
-9.656827456415845 1.1108523529457628
-9.656280289227077 1.1105527638190758
-9.656105196329339 1.110459534717105
-9.655778894472439 1.1102847315285729
-9.650043265788861 1.1071663892433863
-9.647048089379192 1.1055276381909351
-9.643953694021016 1.1038811412632006
-9.638190954773947 1.100796122003592
-9.637836786478854 1.100603703504249
-9.637651706344787 1.1005025125627945
-9.637025448945487 1.10016951089752
-9.63176482329368 1.0973134245004443
-9.628404303868246 1.095477386934654
-9.625676415258061 1.0940278440253381
-9.620603015075455 1.0913155226180056
-9.619560763199614 1.090750047556754
-9.619015350063398 1.0904522613065133
-9.61716628092223 1.0894703372627346
-9.613468646745504 1.0874655266297877
-9.60973267908079 1.0854271356783727
-9.60738176311728 1.0841795106097107
-9.603015075376963 1.0818480351198705
-9.601267720479443 1.0809012543066663
-9.6003248605509 1.080402010050232
-9.597242230967131 1.078752625933138
-9.595155246369025 1.077622549852931
-9.59103400969398 1.0753768844220915
-9.589070237199257 1.0743359982732947
-9.58542713567847 1.0723932813070425
-9.582958147538998 1.0710571839766576
-9.58166274317773 1.0703517587939508
-9.577255085522813 1.0680168873209057
-9.57682511668784 1.0677843528774194
-9.572309068783218 1.0653266331658102
-9.570742321881697 1.064497168622462
-9.567839195979978 1.0629508967697472
-9.564632518839964 1.0612177010062451
-9.562897960745843 1.0603015075376696
-9.559045226130731 1.05824502799772
-9.558495998878378 1.0579458667957002
-9.557223336742146 1.0572684048982897
-9.553558609074278 1.055276381909529
-9.55239848725424 1.0546628873458843
-9.550251256281486 1.053520529961161
-9.546291294987956 1.0513826737938254
-9.544208630762757 1.0502512562813884
-9.540157449733096 1.0481100753813593
-9.53713819663733 1.0465046678116288
-9.534783364097958 1.0452261306532478
-9.534039189980971 1.0448330239681116
-9.532663316582994 1.0441018413412104
-9.527934923564457 1.041551974458975
-9.525371456040578 1.0402010050251072
-9.523869346733747 1.039400991996172
-9.521804062353166 1.0382785234626315
-9.516995702004552 1.0357245437169809
-9.515984049248665 1.0351758793969665
-9.515664874092813 1.035007451623163
-9.515075376884502 1.0346945025894634
-9.50956383988987 1.0317254786244359
-9.50665866145144 1.030150753768826
-9.503436216398503 1.0284511025652563
-9.49748743718601 1.0252946997924788
-9.497282273698366 1.0251842462800127
-9.49717086171359 1.0251256281406853
-9.49680320443841 1.024930133069942
-9.491177934996621 1.021903217423798
-9.487848463400436 1.0201005025125447
-9.485053545722751 1.018627917302478
-9.479899497487517 1.0158960857193309
-9.478902929316801 1.0153601106474657
-9.478376779803616 1.015075376884404
-9.476570884280063 1.0141243445394172
-9.472777407401662 1.0120851341379362
-9.46901535553925 1.0100502512562635
-9.466656800402355 1.0088087533667407
-9.462311557789025 1.0065078222485182
-9.460510006549928 1.0055398545535787
-9.459529758404358 1.0050251256281229
-9.456285559527082 1.0033034118389965
-9.454363127860193 1.0022709799796488
-9.450160535831214 0.9999999999999822
-9.44824657438105 0.9989934410598345
-9.444723618090533 0.9971296434279457
-9.44210386949171 0.9957233739715052
-9.440718073297857 0.9949748743718416
-9.435948716896927 0.9924677597450975
-9.435935465305809 0.9924606495393373
-9.431284597000497 0.989949748743701
-9.429823229272573 0.9891818770635492
-9.427135678392041 0.987761291560485
-9.423684872590764 0.9859105676302109
-9.421803842413672 0.9849246231155604
-9.418341708542794 0.9830904992993945
-9.417520668148152 0.9826466432713881
-9.415587079409029 0.9816250234061288
-9.412388117763932 0.9798994974874198
-9.411387117321333 0.9793739607366243
-9.409547738693549 0.9784025166858399
-9.405253361194061 0.9761013368591334
-9.402977705546936 0.9748743718592792
-9.399093782140929 0.9728360909604588
-9.395177448502594 0.9707685746618635
-9.393471663564874 0.9698492462311386
-9.392938581929108 0.969569593964267
-9.391959798995057 0.9690530760960625
-9.386809672058096 0.9662955854421291
-9.383997698656158 0.9648241206029979
-9.38316582914581 0.964384135564762
-9.380654959784609 0.9630289490349853
-9.374721058746408 0.9598987662462406
-9.374535787265444 0.9597989949748573
-9.374477958150544 0.9597686810165778
-9.374371859296565 0.9597127338820615
-9.368354133829913 0.9564932194800457
-9.36516011010302 0.9547738693467167
-9.362204523449714 0.9532251253891051
-9.356783919598072 0.9503678448716224
-9.35602939298226 0.949964322751665
-9.35562875933263 0.9497487437185761
-9.354242608158604 0.9490226547358711
-9.349887067500237 0.9466941472612458
-9.346223684291543 0.9447236180904355
-9.34374278806878 0.9434245300420923
-9.33919597989958 0.9410295444480719
-9.337572999714357 0.9401622010866442
-9.336710608818674 0.9396984924622949
-9.333723733735347 0.9381349935582284
-9.331408786830904 0.9368982791394904
-9.327269527991568 0.9346733668341543
-9.32527006155164 0.9336270750197109
-9.321608040201088 0.9316994477539335
-9.319105834650424 0.9303631570776325
-9.317736143125734 0.9296482412060136
-9.313162598518993 0.9272352578682721
-9.312919598758624 0.9271055274185773
-9.30829814443609 0.924623115577873
-9.306786645177937 0.9238326742420613
-9.304020100502596 0.9223773483478412
-9.300628193525244 0.920567106228976
-9.298823407654387 0.9195979899497324
-9.294444503768622 0.9173087491027276
-9.292584760109003 0.916330749837277
-9.289310027143834 0.9145728643215918
-9.288292833968887 0.9140412434173681
-9.286432160804104 0.9130630445915884
-9.282140365995089 0.9107739657817415
-9.279788088150456 0.9095477386934512
-9.277638190954857 0.9084148631603997
-9.275962658938417 0.9075138993126499
-9.271970817934951 0.905415926445122
-9.270305660424365 0.9045226130653106
-9.269788917040206 0.9042526999411411
-9.268844221105612 0.9037563393428467
-9.263642635981405 0.9009836546155148
-9.260871547787964 0.89949748743717
-9.257471111385003 0.8977218217292036
-9.25131887546095 0.8944902458244091
-9.25128551986067 0.8944723618090293
-9.25127517793812 0.8944669628001716
-9.25125628140712 0.8944570396642941
-9.245135518765323 0.8911960255071163
-9.242462311557873 0.8898040065829731
-9.241790915759427 0.8894472361808887
-9.238970639574173 0.8879322939335896
-9.233668341708627 0.8851484494565476
-9.232780786265609 0.8846756978221819
-9.232307597342047 0.8844221105527481
-9.23066089803602 0.8835628409320027
-9.226619719900068 0.8814108768699107
-9.22286087355823 0.8793969849246075
-9.220461477380512 0.8781452491044996
-9.216080402010135 0.8758461996949212
-9.214278233045068 0.8748867647150576
-9.21328868177643 0.8743718592964669
-9.209969258967403 0.8726258184271156
-9.20809504139943 0.8716282652713847
-9.203834574779194 0.8693467336683263
-9.201943608409334 0.8683606919261289
-9.198492462311643 0.8665504753246864
-9.195767158212421 0.8651002663542497
-9.194312775984502 0.8643216080401857
-9.189565940239525 0.8618469172897933
-9.189248616804274 0.8616805093237945
-9.184794711333023 0.859296482412045
-9.183417304828033 0.8585785446363641
-9.180904522613151 0.8572610943230528
-9.177247829496487 0.8553161262458078
-9.175238170466725 0.8542713567839044
-9.172110552763904 0.8526276478774042
-9.17105356724572 0.8520607898321719
-9.168520870594177 0.8507331704927692
-9.16574173677216 0.8492462311557638
-9.16488283480261 0.8487987306163491
-9.163316582914659 0.8479778774439435
-9.158720510754579 0.8455342690019316
-9.156265671185226 0.8442211055276232
-9.152533377651253 0.8422768956890279
-9.14776277955112 0.8397771617094696
-9.14667609850737 0.8391959798994826
-9.1463404627533 0.8390211743174447
-9.145728643216167 0.8387006480052737
-9.140185462222394 0.8357546202695625
-9.137223612649114 0.834170854271342
-9.134005627585196 0.8324951616806215
-9.128140703517674 0.8294231293316727
-9.127801203914657 0.8292427285297777
-9.127619768531467 0.8291457286432014
-9.126986209389852 0.828815873178109
-9.121642940754784 0.8259771066616013
-9.118169792055458 0.8241206030150607
-9.11547056991238 0.8227155155598611
-9.110552763819182 0.8201404469337197
-9.109273581688102 0.8194609579958003
-9.10856964748658 0.8190954773869201
-9.106200580625156 0.8178519964743414
-9.103093200059035 0.81620165569025
-9.099104634420383 0.8140703517587795
-9.09692845446257 0.8129378859468135
-9.09296482412069 0.8108630875981344
-9.090739060415755 0.8096811586177628
-9.089548780121365 0.8090452261306389
-9.085388495899705 0.8068805609246432
-9.084536490922474 0.8064281957019892
-9.080028559956087 0.8040201005024983
-9.078379528254684 0.8031622022646454
-9.075376884422198 0.8015908882422478
-9.072197883417951 0.7999032608755705
-9.070447431709997 0.7989949748743577
-9.066582914572951 0.7969677330647711
-9.065991797689561 0.7966513025983986
-9.0645697244287 0.7959072148762161
-9.060941984402882 0.793969849246217
-9.059824035717877 0.7933883946764535
-9.057788944723706 0.7923236873413337
-9.053650291530026 0.7901271959591281
-9.051435815410521 0.7889447236180764
-9.047452069841034 0.7868729908135563
-9.043738220722355 0.7849302310462614
-9.041845319361492 0.7839195979899358
-9.041262218911498 0.7836163940224257
-9.040201005025214 0.7830613247553941
-9.035096523320595 0.7803528957059722
-9.032284447011353 0.7788944723617952
-9.031407035175967 0.7784344219843842
-9.028906311145809 0.7770964021277704
-9.022883985746626 0.7739467525679133
-9.022738972629037 0.7738693467336546
-9.022694317745994 0.7738461317567191
-9.022613065326722 0.7738036415568521
-9.016536815311575 0.7705802925384138
-9.013284103256677 0.768844221105514
-9.010354754801751 0.767321469913079
-9.00502512562823 0.764534652861653
-9.004148370103913 0.7640695970557498
-9.00366521089931 0.7638190954773734
-9.002035769130785 0.7629649936209608
-8.997971369035062 0.760809328875852
-8.994194569346178 0.7587939698492328
-8.991797537863691 0.7575481550109604
-8.987437185929737 0.7552686079688202
-8.985599328146376 0.7542939464449097
-8.984615198185933 0.7537688442210921
-8.981169089345846 0.7519779594828373
-8.979400257329859 0.7510399839072024
-8.975096305582412 0.7487437185929515
-8.973234820681544 0.7477764116071519
-8.969849246231245 0.7460067496600526
-8.967044968193282 0.7445198152613717
-8.96549905587875 0.7437185929648109
-8.961055276381998 0.741390085511398
-8.960830935029238 0.7412701276801004
-8.960289925061337 0.740987358344837
-8.955989771230227 0.7386934673366703
-8.954666915061111 0.7380061506142823
-8.952261306532753 0.7367488966952687
-8.948485545670067 0.7347471305264399
-8.946463099757 0.7336683417085297
-8.942279945866344 0.7314950334136485
-8.939415689245472 0.729998165340735
-8.936875355108537 0.7286432160803891
-8.936094031466013 0.728237311899889
-8.93467336683426 0.7274949107958202
-8.929921267313786 0.7249758331723841
-8.927300909941719 0.7236180904522485
-8.925879396985014 0.72287340917521
-8.923724220695696 0.7217212922922691
-8.918524212119049 0.7190040462479024
-8.917753409356672 0.7185929648241078
-8.917516376398577 0.7184698364633055
-8.917085427135769 0.7182446559518967
-8.911352335881416 0.7152058652686399
-8.908280792573965 0.7135678391959672
-8.905163958558095 0.7119488474471618
-8.899497487437277 0.7089881136542688
-8.898951476926982 0.7086987165707681
-8.898658935654904 0.7085427135678266
-8.897633751886541 0.708010217696188
-8.89277894994042 0.7054371700816446
-8.889179159356079 0.703517587939686
-8.886599354273715 0.7021776432154203
-8.881909547738784 0.6997273866063365
-8.880395597673504 0.6989250194730543
-8.87958439699054 0.6984924623115454
-8.876741355740101 0.6970158360262078
-8.874201303623991 0.6956696921447749
-8.870070976948444 0.6934673366834048
-8.868030598187355 0.6924076252128151
-8.864321608040292 0.6904699089814894
-8.861835672982622 0.6891524782145986
-8.860464547426522 0.6884422110552642
-8.855834719827314 0.6860173858515566
-8.855619586348805 0.6859033773389767
-8.85095656279692 0.6834170854271235
-8.849457875875807 0.6826387404174072
-8.8467336683418 0.6812155594073346
-8.843271884611196 0.67938104086487
-8.841416841598846 0.6783919597989829
-8.8370618427246 0.676130212918614
-8.834942571338694 0.6750230749409525
-8.831836225273317 0.6733668341708423
-8.830881367814978 0.6728709372646513
-8.829145728643308 0.6719642194711906
-8.824704409149994 0.6696106569693621
-8.822254664041791 0.6683417085427017
-8.820351758794061 0.6673451212403076
-8.818503336731498 0.6663572663179353
-8.814040889709391 0.6640260402758678
-8.812710263013 0.6633165829145611
-8.812301249004278 0.6631041657547145
-8.811557788944816 0.6627157739486531
-8.80613341763659 0.6598412776601998
-8.803226645563496 0.6582914572864205
-8.799941407251579 0.6565852978563473
-8.793969849246324 0.6534656764160012
-8.793725445872681 0.6533361611936064
-8.79359063831864 0.6532663316582799
-8.793135422120503 0.653027923908045
-8.78755907512223 0.6500728557798796
-8.784123768745696 0.6482412060301392
-8.781376215296048 0.6468142615306487
-8.776381909547831 0.6442051133105062
-8.775169337210192 0.6435625296413239
-8.774519569912156 0.6432160804019986
-8.772242180131474 0.6420333005687535
-8.76898154018973 0.64030534601903
-8.765016063374127 0.638190954773858
-8.762807915303263 0.6370441132155937
-8.75879396984934 0.6349470545351927
-8.75661020280069 0.6337897625881883
-8.755405755246985 0.6331658291457174
-8.75133902688231 0.6310358454408522
-8.75040096441921 0.6305387050690419
-8.745903858688223 0.6281407035175768
-8.744236698813742 0.6272747981853204
-8.741206030150847 0.6256913479914541
-8.738048284953713 0.6240177908029034
-8.736356358553984 0.6231155778894362
-8.731835946971406 0.6207676188839928
-8.730445583981782 0.6200411646982742
-8.726787525866236 0.6180904522612956
-8.725662817940687 0.6175062444074868
-8.723618090452355 0.616437850436867
-8.719483754252861 0.6142465655472957
-8.717203789809165 0.6130653266331549
-8.714824120603108 0.6118187773547135
-8.71328069549208 0.6109937424222354
-8.709556496739106 0.6090477284293696
-8.707667288680431 0.6080402010050143
-8.70708636238121 0.6077384262543433
-8.706030150753863 0.6071864976111527
-8.700916727356152 0.6044760534905054
-8.698177378947303 0.6030150753768737
-8.69472302460126 0.6012205572209055
-8.688660117278904 0.5980522086697428
-8.68854338685428 0.5979899497487331
-8.688507487495265 0.5979712993373347
-8.68844221105537 0.597937185533767
-8.682347356501257 0.594706211136053
-8.679082564842798 0.5929648241205925
-8.676163083445037 0.5914480206668333
-8.670854271356879 0.588673462235545
-8.669954893669198 0.5881966635460749
-8.669473156179313 0.5879396984924519
-8.667785796484079 0.5870629913859373
-8.663775789862294 0.5849369961484783
-8.65998453301671 0.5829145728643113
-8.657601017109869 0.5816760913067451
-8.653266331658386 0.5794103833032302
-8.65140225198191 0.5784220414294499
-8.650374630163325 0.5778894472361706
-8.64690767799991 0.5760726890480345
-8.64520217140206 0.5751683673955519
-8.640883522761479 0.57286432160803
-8.639036966475018 0.5719047288894235
-8.635678391959894 0.5701490049231044
-8.632847691923557 0.5686479674188432
-8.631331852132428 0.5678391959798894
-8.626634571552506 0.5653980190395744
-8.626032361933882 0.5650831874010285
-8.621779765390086 0.5628140703517488
-8.620471068058892 0.5621338944096088
-8.618090452261402 0.5608892357457291
-8.614291346963318 0.5588744033802033
-8.612197555237053 0.5577889447236082
-8.609296482412155 0.556268307634836
-8.608087701600091 0.5556217478558416
-8.605175121176714 0.5540988501279838
-8.602673483952925 0.5527638190954676
-8.601903453859542 0.5523635501535731
-8.60050251256291 0.5516309868834623
-8.59573334605533 0.5491013124694932
-8.593180214998064 0.547738693467327
-8.589539234021677 0.5458459331366816
-8.584314009126373 0.5431134067711731
-8.58356489294506 0.5427135678391863
-8.583334251189529 0.5425936597462977
-8.582914572864418 0.5423741720099118
-8.577173813474545 0.5393286591795805
-8.57412060301517 0.5377453284660554
-8.574013105598896 0.5376884422110457
-8.570989290083608 0.5360705402345651
-8.565326633165926 0.5331087769512379
-8.5647809037889 0.5328192392620554
-8.564488825834948 0.5326633165829051
-8.56346699872012 0.5321319924555326
-8.55861286864725 0.5295564093886718
-8.555019927410974 0.5276381909547645
-8.552437986211038 0.5262955358851631
-8.547738693467434 0.5238372227459154
-8.54623915838829 0.5230415039206653
-8.545413195146981 0.5226130653266239
-8.54263024386232 0.5211535082965915
-8.540050625976066 0.5197845304103019
-8.535937027354061 0.5175879396984833
-8.533885433814246 0.5165208882569674
-8.530150753768941 0.5145668353572619
-8.527696212373426 0.5132641116119183
-8.526383006562742 0.5125628140703427
-8.521791267531546 0.5101743894310866
-8.52148719465916 0.5100129910449969
-8.516852531450528 0.507537688442202
-8.515331739109222 0.506746567002553
-8.51256281407045 0.5052975427666633
-8.509152169006144 0.5034870328324343
-8.507274244531274 0.5025125628140614
-8.503768844221202 0.5006734213350041
-8.502948700275754 0.5002343268415474
-8.500976655026783 0.4992022316587281
-8.497766521234395 0.4974874371859208
-8.496776949464854 0.49697255858795053
-8.494974874371957 0.4960293307767589
-8.490606991642005 0.4937102780520517
-8.488270988066573 0.4924623115577802
-8.484413035027412 0.49045485431379543
-8.480163869524938 0.4882305958872033
-8.478678871862675 0.4874371859296396
-8.478220960488745 0.48719889283955986
-8.477386934673465 0.48676227383416837
-8.472060683638293 0.48393384631154834
-8.469212693189148 0.48241206030149897
-8.465876327713305 0.48067567951911805
-8.459798994974973 0.4774938393281811
-8.459668112961836 0.4774243295342542
-8.459598136279162 0.47738693467335835
-8.459353698620657 0.4772597071435536
-8.453513399905834 0.47415769335068614
-8.450153113799487 0.47236180904521774
-8.447338669229989 0.4708967764870726
-8.44221105527648 0.4682116448011806
-8.441139988728656 0.4676427024307417
-8.440550643118888 0.4673366834170771
-8.438568104161856 0.46629584024147075
-8.434965184101447 0.464381806696089
-8.431092317915574 0.4623115577889365
-8.428800098915776 0.4611181339781405
-8.424623115577988 0.45893037921329327
-8.422610971342637 0.45786133051375355
-8.421535604302111 0.4572864321607959
-8.41778143406639 0.45533166601462494
-8.4164160682777 0.4546061771898806
-8.412030353310534 0.4522613065326553
-8.410260644393428 0.45133974410010325
-8.407035175879496 0.4496500248503592
-8.40408108400146 0.44808020715538266
-8.402456268033136 0.44723618090451467
-8.39824120603025 0.445022376903899
-8.397877606668425 0.44482750362239454
-8.397005371425786 0.4443705224891694
-8.392967246247487 0.44221105527637405
-8.391720320824964 0.4415616025209568
-8.389447236181004 0.44037057191945017
-8.385550337324531 0.43829932932151117
-8.383468531235312 0.43718592964823344
-8.379356341717125 0.43504391672405873
-8.376246502601438 0.43341429148264243
-8.373903000144606 0.4321608040200928
-8.373179130125978 0.43178370869338867
-8.371859296482512 0.431092019063974
-8.367018728561959 0.42851869779782437
-8.364357363805576 0.4271356783919522
-8.363065326633265 0.4264568186815403
-8.360834218188174 0.42526057513362225
-8.355486617312888 0.42245777005777363
-8.354837594168208 0.4221105527638116
-8.354637060138398 0.4220060660911322
-8.35427135678402 0.42181437390468535
-8.34848624076201 0.41873831742767376
-8.345396939015522 0.417085427135671
-8.342311214338611 0.415477485063362
-8.336683417085528 0.41252726246794946
-8.33611219989579 0.4122235064188837
-8.335798232943972 0.41206030150753037
-8.334743796962526 0.41150612432952993
-8.32995284189616 0.4089581973620655
-8.326359349031149 0.40703517587938975
-8.323787293214851 0.40569465707144214
-8.319095477387036 0.40323464360701333
-8.317597657293254 0.4024379988494724
-8.316798037168057 0.40201005025124914
-8.314010935348245 0.40055732395445176
-8.311418483940908 0.39917835132200263
-8.30732045697829 0.3969849246231085
-8.305262401729669 0.39591210632564433
-8.301507537688543 0.3939430049777952
-8.299082131540093 0.39265277218023975
-8.297749505384843 0.3919597989949679
-8.2932764320964 0.3896080545400702
-8.292883101915795 0.38939879787332643
-8.288280147154877 0.3869346733668273
-8.286736469695672 0.38612985287950696
-8.283919597990051 0.38465239625096537
-8.280565547243336 0.382867847952034
-8.27877560565408 0.3819095477386867
-8.274370553183138 0.37961272062680784
-8.27256395171376 0.37866507737403143
-8.269238272940367 0.37688442211054607
-8.268209408815062 0.3763479219609742
-8.26633165829156 0.3753628789169552
-8.26204781075229 0.37308325292219635
-8.259694856561936 0.37185929648240545
-8.257537688442312 0.3707247849687434
-8.255862039535657 0.3698254904988083
-8.251854236210098 0.3677228901734164
-8.250194667551577 0.36683417085426484
-8.249681119523082 0.36656634201711746
-8.248743718593067 0.3660745198002129
-8.243528858102193 0.3632990053663745
-8.240746787100763 0.3618090452261242
-8.23735232677356 0.3600386029749858
-8.231155778894575 0.35678722486657044
-8.231151738150581 0.35678507409626814
-8.231149582616345 0.3567839195979836
-8.231142077557408 0.3567800049302221
-8.225008633250637 0.35351512129668183
-8.22172967029377 0.351758793969843
-8.218841275959273 0.3502520977517882
-8.213567839196083 0.34748471329822905
-8.212649756602831 0.34699597765405965
-8.212160072635294 0.3467336683417024
-8.210455436047992 0.3458444102993905
-8.206486921571411 0.34373166203489713
-8.202710362472674 0.34170854271356177
-8.200328700161291 0.34046602823821903
-8.19597989949759 0.3381836009331538
-8.194146210481026 0.3372073282330108
-8.193139526352578 0.33668341708542115
-8.189764594341018 0.33490761561211446
-8.187963558500305 0.3339486745993616
-8.18368858234774 0.33165829145728054
-8.18181442917456 0.3306804430642911
-8.178391959799098 0.3288840078851534
-8.175640923935058 0.3274191760760088
-8.174173916911828 0.3266331658291399
-8.169443260345782 0.32416481147337617
-8.169073629584929 0.3239707857679486
-8.164664009766316 0.3216080402009993
-8.163298269930959 0.3208953973923272
-8.160804020100606 0.31958606934991707
-8.15713369808255 0.3176315780065888
-8.15511908942639 0.3165829145728587
-8.15201005025136 0.31494673238338056
-8.150944859418662 0.31437469199670254
-8.14840065807412 0.3130390968510053
-8.145636283478295 0.3115577889447181
-8.144780005204524 0.311110953286887
-8.143216080402114 0.31028993642592084
-8.138624309706268 0.30784459780110485
-8.13617608565365 0.30653266331657747
-8.132444237483673 0.30458520709370607
-8.12772064699768 0.3021053966295968
-8.126604998775148 0.30150753768843686
-8.126259392248981 0.3013271801040487
-8.125628140703622 0.30099577697039503
-8.120112509883361 0.29805830658037014
-8.117085340258328 0.29648241206029624
-8.116834170854375 0.29635021805951123
-8.113941139432795 0.2947964296523917
-8.10804020100513 0.2916984396282656
-8.107745498267235 0.29154148721441153
-8.107588377760612 0.2914572864321556
-8.107041733918726 0.29117201012175453
-8.101598022542673 0.2882727832218599
-8.098163398328598 0.286432160804015
-8.095435282814133 0.28500844037330175
-8.090452261306638 0.28239234722461504
-8.089248160184924 0.2817510640677927
-8.088587315728997 0.2814070351758744
-8.086372687368188 0.28024144262203166
-8.08308054294598 0.27848811479363533
-8.079150289101024 0.2763819095477338
-8.076926356303725 0.27522132820613976
-8.072864321608145 0.27308880678801817
-8.070747673107268 0.2719615406341296
-8.069619154789425 0.27135678391959317
-8.065692621923676 0.2693077268668871
-8.064559736088814 0.2687043970112617
-8.060131932165923 0.26633165829145256
-8.058414018096304 0.26543519080955225
-8.055276381909653 0.2637880586060595
-8.052243688414208 0.2621730165191529
-8.050579120883084 0.26130653266331194
-8.046482412060406 0.2591505854438969
-8.04604896425831 0.2589178120784119
-8.045013597419775 0.2583743085233472
-8.041107706794998 0.2562814070351713
-8.039897894210188 0.25565013503544876
-8.037688442211161 0.2544903641280385
-8.033735825081612 0.2523856005869014
-8.031628115761867 0.2512562814070307
-8.027549245491421 0.24912806912738716
-8.024335187435252 0.24744106575677094
-8.022076934315262 0.2462311557788901
-8.021377576701106 0.24586627743933676
-8.020100502512669 0.24519600703225475
-8.015223667883502 0.2425994114733685
-8.012546313447828 0.24120603015074948
-8.011306532663422 0.2405537318833284
-8.009045131104397 0.2393395820678288
-8.003640426711218 0.23650315135033484
-8.003038874753205 0.23618090452260887
-8.002852621779388 0.2360837448182629
-8.002512562814177 0.23590529433457252
-7.996706802585966 0.23281456753109975
-7.993610042482486 0.23115577889446826
-7.990536249415073 0.229552457094643
-7.984924623115684 0.22660792537996155
-7.98434117667934 0.22629735224814063
-7.984029938507471 0.22613065326632764
-7.9829460820953315 0.22556535583194126
-7.97818484995174 0.2230311771136
-7.9745891384302094 0.22110552763818703
-7.972022137018314 0.2197668266092947
-7.967336683417191 0.21730881977169592
-7.965834778107897 0.21650951781270145
-7.965033405541117 0.2160804020100464
-7.962241700241958 0.2146246925314088
-7.959657198705535 0.21324941487095028
-7.955559106418212 0.2110552763819058
-7.953502196481894 0.20998286130670696
-7.949748743718699 0.20801431036298723
-7.947322427288039 0.20672338401966783
-7.945989396296419 0.20603015075376518
-7.94151428827652 0.20367744919885666
-7.941123279553824 0.2034694434584461
-7.936518982826963 0.20100502512562457
-7.934975857345147 0.20020072417564183
-7.9321608040202065 0.19872479505115148
-7.928803545607291 0.19693911618688809
-7.927011127418874 0.19597989949748396
-7.922606561163696 0.1936845575426318
-7.920784942137679 0.1927296532453333
-7.917467743745984 0.19095477386934334
-7.916442505136561 0.19042059077938678
-7.9145728643217135 0.1894406999667364
-7.910277510142811 0.18715689229231813
-7.907915977462902 0.18592964824120273
-7.905778894472467 0.1848069206711891
-7.904087718908297 0.18390027844546708
-7.900032138510923 0.1817751551524056
-7.898404284983507 0.1809045226130621
-7.8979014789439645 0.18064264994999224
-7.89698492462322 0.18016248078166708
-7.8917436512126145 0.17737690367366632
-7.8889430751824845 0.1758793969849215
-7.885560902068598 0.17411827780095823
-7.879396984924728 0.17088984412083175
-7.8793534474618365 0.17086671063189307
-7.879329495122612 0.17085427135678088
-7.879248909231891 0.17081196401597065
-7.873201249778988 0.16759935577028084
-7.869889020589786 0.16582914572864027
-7.8670253824566325 0.16433876366281286
-7.861809045226236 0.16160803720974126
-7.860824683420807 0.16108526633062237
-7.860298301582879 0.16080402010049966
-7.858458372721288 0.15984668509908584
-7.854649534692073 0.15782446891069135
-7.850819910726975 0.15577889447235904
-7.848480379404834 0.15456195907890447
-7.844221105527743 0.15233353755442725
-7.842286264421313 0.1513065805889129
-7.841220620589158 0.15075376884421843
-7.837629001255781 0.14887031048080068
-7.836087679760262 0.14805247914964426
-7.831734348965499 0.1457286432160778
-7.829925056810315 0.14478810293577382
-7.82663316582925 0.14306692233716412
-7.823737344395745 0.14153089514036754
-7.822186854228127 0.1407035175879372
-7.817524758107751 0.1382807941659392
-7.816766484373241 0.13788446574336355
-7.812630836012457 0.13567839195979658
-7.811358519988234 0.13501745085766093
-7.809045226130758 0.13380880487715974
-7.805177018265527 0.13175846857886508
-7.803043577903026 0.13065326633165597
-7.800251256281512 0.12919102967386742
-7.7989705116116985 0.128506630566104
-7.79587679533051 0.1268908575315848
-7.793507763433626 0.12562814070351536
-7.792779812317329 0.1252502761649259
-7.791457286432266 0.12455983622669553
-7.7866043185536435 0.12198957732640903
-7.784001836150053 0.12060301507537474
-7.780403686873938 0.11873606074961351
-7.774935292883169 0.11588244548991877
-7.774363406666606 0.11557788944723413
-7.774187911658737 0.11548687089724474
-7.773869346733773 0.11532070682614837
-7.768018211766656 0.11222451666684119
-7.764877581733545 0.11055276381909351
-7.761823238968721 0.1089693832666816
-7.75628140703528 0.10608011632173397
-7.755603205959864 0.1057214099267858
-7.755238990034543 0.1055276381909529
-7.753957667505231 0.10486371261093907
-7.749417570782283 0.10246360863509718
-7.745729570473426 0.10050251256281229
-7.743227966994753 0.09920694123196494
-7.7386934673367875 0.09684529587954227
-7.7370131505930955 0.09595747743286953
-7.7360833941581 0.09547738693467167
-7.73292661996264 0.0938297162563444
-7.730801031221598 0.09270724305372813
-7.726555691277068 0.09045226130653106
-7.724616584887957 0.0894491020923418
-7.721105527638295 0.08762252023963146
-7.718406802477785 0.08619820000996459
-7.7169543004774726 0.08542713567839044
-7.712171898297127 0.08295447557629743
-7.711831159333425 0.082777316162713
-7.707353892586805 0.08040201005024983
-7.705987945849337 0.0796961935046685
-7.703517587939802 0.07841258401698514
-7.699782941172487 0.07644392635562802
-7.6977115761981 0.07537688442210921
-7.694723618090556 0.0738210572972724
-7.693552674621507 0.07319887688491011
-7.690687759303859 0.07171121909755396
-7.68812191249025 0.0703517587939686
-7.6873406963688655 0.06994860218609578
-7.685929648241309 0.06921638476838332
-7.681140199904488 0.06669504697634832
-7.678555644369074 0.06532663316582799
-7.674914299302065 0.06344875009175688
-7.669462603217354 0.06062176315898338
-7.668857288434203 0.06030150753768737
-7.668673396564348 0.06020673953153555
-7.668341708542817 0.0600348679946654
-7.662477124991869 0.056951977209817706
-7.659547738693571 0.05544716205593403
-7.65922194897487 0.05527638190954676
-7.6562553047935165 0.053704514495492184
-7.650753768844325 0.05085594737502497
-7.650008149707771 0.05046429032042177
-7.649604869534897 0.05025125628140614
-7.648170531134711 0.04951318836437402
-7.643792171120577 0.047215158574336336
-7.640023787267194 0.04522613065326553
-7.637574131360147 0.04396661573488991
-7.633165829145832 0.041687791455957246
-7.631330610429001 0.040725353229933425
-7.630307401115942 0.040201005025124914
-7.626790903450559 0.038379597683618094
-7.6250836963753335 0.037485060188555686
-7.620701129641082 0.0351758793969843
-7.618869122088811 0.03423552721370626
-7.615577889447339 0.0325371319593275
-7.61262891798563 0.03099331704361763
-7.611028351799966 0.030150753768843686
-7.606363296635649 0.02775836894404282
-7.605317564972454 0.02721923249030489
-7.601336665554181 0.02512562814070307
-7.60013851765095 0.02451175159724528
-7.597989949748847 0.023405100583089755
-7.5939012973972 0.021268688898747
-7.591613279010086 0.020100502512562457
-7.589195979899601 0.01885308450942258
-7.587638509289031 0.01803293130151218
-7.583749362992497 0.01603176343931967
-7.581927151164011 0.015075376884421843
-7.581380450808971 0.0147958223819602
-7.580402010050355 0.014292883610159457
-7.575145865174321 0.011552006935148462
-7.572281500004238 0.010050251256281229
-7.568885558586563 0.008315540332080928
-7.562814070351862 0.005198006238215314
-7.56259974238609 0.005086362189789639
-7.562482813942472 0.005025125628140614
-7.562061340000391 0.004810059813435075
-7.556360623562715 0.0018438419397561745
-7.5540201005026155 0.0006539443345623397
-7.552759578727416 0.