-13.274360760690948 2.
-13.271296159631476 1.9978290535056074
-13.270615577264088 1.9973402729712024
-13.267357628310378 1.9949748743718416
-13.265593099939403 1.993750140864388
-13.26130653266333 1.9907438718889097
-13.260512279279403 1.9901766782819488
-13.260186569284114 1.9899497487436832
-13.259415191264335 1.9894093654868277
-13.255454664838728 1.9865965853511431
-13.253125206787695 1.9849246231155426
-13.25036179727109 1.9830265647423273
-13.247350252331326 1.9809371144492562
-13.245896756468747 1.979899497487402
-13.245254595427303 1.9794606396409833
-13.243718592964838 1.9784003622439252
-13.240151325169956 1.9758935912292275
-13.238716111980478 1.9748743718592614
-13.23509103798658 1.9724093561511875
-13.23499448795374 1.9723418476628636
-13.23146665899322 1.9698492462311208
-13.229882689226272 1.968777235956856
-13.226130653266345 1.9662124448959464
-13.22471620944463 1.9652282474091853
-13.224121068276034 1.9648241206029802
-13.222676496203515 1.963837218585029
-13.219557389520386 1.9616770703308282
-13.217336683417098 1.9601761238224036
-13.216789892100428 1.9597989949748396
-13.214384738655804 1.9581298449497107
-13.210077506426085 1.9552123815919078
-13.209447908802748 1.954773869346699
-13.209176678926827 1.9545927363869922
-13.208542713567853 1.9541651994476545
-13.203999338778312 1.9510468508012844
-13.202127167112785 1.9497487437185583
-13.1987696806965 1.9475159131965185
-13.197319586136185 1.9465421358809385
-13.194685400966613 1.9447236180904177
-13.193561100721835 1.9439789532754252
-13.190954773869361 1.9422359273628755
-13.188328777037954 1.94044877727125
-13.187199329649603 1.939698492462277
-13.184397561839774 1.9378250033109667
-13.183071029603486 1.936925865195815
-13.179780870187544 1.9346733668341365
-13.177837359401758 1.933396073911025
-13.173366834170869 1.9304298062903724
-13.17255343545627 1.9298806408387383
-13.172212618246068 1.9296482412059959
-13.171319049688169 1.9290631599252244
-13.167296302779109 1.9263575531183585
-13.164742858075064 1.9246231155778553
-13.162012803580513 1.9228419986898162
-13.158089681851859 1.9202582149152807
-13.157114034195475 1.9195979899497146
-13.156706413597231 1.9193329844854707
-13.155778894472377 1.9187242842458172
-13.151424523816853 1.915816970223152
-13.149515905640891 1.914572864321574
-13.14698492462313 1.9129114605650601
-13.146094188874336 1.912314797435731
-13.144712143964036 1.9114109356049056
-13.141938897686291 1.9095477386934334
-13.140789297425927 1.908805355078564
-13.138190954773885 1.9071117220686276
-13.135462131105436 1.9053022769705636
-13.134297643059222 1.9045226130652928
-13.131190337904325 1.902522436816847
-13.130107770561152 1.9018069686407904
-13.126646808957734 1.8994974874371522
-13.12478484576961 1.8983026786673758
-13.120603015075393 1.8955943753694813
-13.119415064243814 1.89481177633232
-13.118887393394363 1.8944723618090116
-13.117534224839051 1.8935955645986287
-13.114062893586699 1.8913158423204974
-13.111809045226146 1.889870569922584
-13.111162105795064 1.889447236180871
-13.108698733371424 1.887823333896721
-13.103734172270219 1.8846275668079642
-13.103423340954386 1.8844221105527303
-13.103296790766569 1.884341620441396
-13.1030150753769 1.8841608024400953
-13.097939231268517 1.880847226098414
-13.09573862118733 1.8793969849245897
-13.0925362125527 1.8773658201033632
-13.089818911815424 1.875626652478453
-13.087909336771773 1.8743718592964491
-13.087137004432961 1.8738833253665765
-13.085427135678408 1.8727919533581012
-13.081741813387234 1.8703996828943579
-13.080080750385347 1.8693467336683085
-13.076633165829161 1.867144512801242
-13.076302153353032 1.8669287458474182
-13.075763053049537 1.8665855672029172
-13.072298469582172 1.8643216080401679
-13.070906000622001 1.863445378142429
-13.067839195979916 1.8614981874392749
-13.065475309664809 1.8599718785020576
-13.064438978733358 1.8592964824120273
-13.06159823311572 1.8575133501651147
-13.060029127552484 1.8565028049060102
-13.05659628489319 1.8542713567838867
-13.054608260941555 1.8530264983095641
-13.050251256281424 1.8502738638291119
-13.049144062811516 1.849562572147148
-13.04863986345311 1.849246231155746
-13.047311797688607 1.8484063858435125
-13.04370131000754 1.8460925187487147
-13.040807994781623 1.8442211055276054
-13.038247958208244 1.8426254936346593
-13.032902752693662 1.8392643902168162
-13.03279673365081 1.8391959798994648
-13.032754733848575 1.8391698606807099
-13.032663316582932 1.8391125065046436
-13.027313023509786 1.8356995094350808
-13.024938503978404 1.8341708542713242
-13.021828983823452 1.8322412522887497
-13.01840286177779 1.8300964386127125
-13.016922751860257 1.8291457286431836
-13.016339494166647 1.8287845522768382
-13.01507537688444 1.827994879945022
-13.010868014551583 1.8253227065387163
-13.008930204789744 1.824120603015043
-13.006281407035193 1.8224639989763247
-13.005354971394944 1.8218727360981868
-13.00378723146642 1.8208954186098945
-13.000972871665693 1.8190954773869024
-12.99986940211841 1.8184149159776277
-12.997487437185947 1.8169330110686506
-12.994369762904542 1.8149611158391634
-12.992974095488394 1.8140703517587617
-12.989064546406881 1.811663811536171
-12.98883329461568 1.8115178382935548
-12.984951332763393 1.8090452261306211
-12.98334777033917 1.8080600053158458
-12.979899497487455 1.8059229920078774
-12.977821492298062 1.8046138162708782
-12.976856734606086 1.8040201005024805
-12.974260383473712 1.802408925069983
-12.97228915705937 1.8011693578537926
-12.968862218478536 1.79899497487434
-12.966777774338732 1.797718913002977
-12.962311557788963 1.7949611289379872
-12.96122629617723 1.7942799239924092
-12.960736702016384 1.7939698492461993
-12.959353980938468 1.7931248272889153
-12.955698237153323 1.7908342437996705
-12.952709387990769 1.7889447236180587
-12.950162380593273 1.787390791474401
-12.944723618090471 1.7840440403866067
-12.944587049820225 1.7839586174957027
-12.944523191410806 1.783919597989918
-12.94434994136736 1.7838128332118863
-12.939063396797856 1.7805116784453814
-12.936412303416228 1.7788944723617774
-12.935929648241224 1.7785975211303988
-12.933504369375417 1.7770748463665091
-12.929274471883001 1.7744804305882145
-12.928302920016174 1.7738693467336368
-12.927929427128898 1.773642561380231
-12.927135678391979 1.7731564756236233
-12.922387325971682 1.7702008932255806
-12.92022693908394 1.7688442211054962
-12.916806354631488 1.7667703308374962
-12.914113099307013 1.7651234842240777
-12.912032720483484 1.7638190954773556
-12.91123598172116 1.7633367403265918
-12.909547738693487 1.7623059540660035
-12.90567255572552 1.75990116498292
-12.903846279980694 1.758793969849215
-12.90075376884424 1.7569027585001562
-12.900070796467325 1.7564765419999775
-12.898866211444455 1.7557421049209205
-12.895709664393216 1.7537688442210744
-12.894505101603421 1.7530416149043813
-12.891959798994995 1.7514919041200097
-12.88892146989227 1.749611812622284
-12.887530850299104 1.7487437185929338
-12.883541728181795 1.7463385555034483
-12.88330402737901 1.7461916705693605
-12.879336829088714 1.7437185929647931
-12.877739097795564 1.7427565248222043
-12.874371859296502 1.740711809091608
-12.872136315645703 1.7393321940940236
-12.871076956646979 1.7386934673366525
-12.868158432979769 1.7369182026747287
-12.866523700129035 1.7359106728992169
-12.862917135350276 1.733668341708512
-12.86094015019505 1.7324808472522149
-12.85678391959801 1.7299633242165164
-12.855319213023172 1.7290617036731817
-12.854645275354887 1.7286432160803713
-12.852700780558846 1.7274766049263244
-12.849711522393092 1.7256387753679219
-12.846453356709757 1.7236180904522307
-12.844110316514312 1.7222139942765757
-12.839195979899518 1.7192442622264474
-12.83847216351376 1.7187997695057353
-12.838127492246766 1.71859296482409
-12.837172515023653 1.7180148320024138
-12.832869492076858 1.715375407145281
-12.829948127901746 1.7135678391959495
-12.82725154033993 1.7119554105848342
-12.821608040201026 1.7085525805158834
-12.821597057800744 1.7085458513964609
-12.821591980894125 1.7085427135678088
-12.821577256614313 1.70853391825732
-12.815999497082453 1.7051200288306898
-12.813403952521801 1.7035175879396682
-12.810365658395463 1.7017045713988317
-12.805938125688712 1.6990404695075787
-12.805049549103941 1.6984924623115276
-12.804716011199227 1.6982936306839012
-12.804020100502534 1.6978753129534843
-12.799103322118425 1.6948721305074184
-12.796749530904092 1.693467336683387
-12.795226130653287 1.6925498596229698
-12.793454407079805 1.6914609806045968
-12.790238612777165 1.6895297687618527
-12.788471637633902 1.6884422110552464
-12.78781001681882 1.6880485379081671
-12.786432160804042 1.6872218616910857
-12.782182654824739 1.684631229992621
-12.780208161624444 1.6834170854271058
-12.776519428344272 1.681224169073185
-12.77448169455711 1.6800026664994103
-12.771859832076995 1.6783919597989652
-12.770880384983933 1.6778101986908558
-12.76884422110555 1.6765907188815081
-12.765239091270908 1.6743968712664357
-12.76350685758582 1.6733668341708245
-12.760050251256303 1.6712925247921504
-12.759562274963928 1.6709936931545757
-12.75867054802364 1.670460070433136
-12.755216270310054 1.668341708542684
-12.75392866721295 1.6675781697410006
-12.751256281407057 1.665980303870347
-12.748273831217503 1.66416871154013
-12.746882862494783 1.6633165829145433
-12.742809403473649 1.660903189219284
-12.742587209417653 1.6607683349976616
-12.73854074906045 1.6582914572864027
-12.736954699311434 1.6573524979712975
-12.733668341708565 1.6553909462898933
-12.731286847146599 1.6539467586759669
-12.730138619670168 1.653266331658262
-12.726910174376275 1.6513354267061793
-12.72560552758622 1.650544867207934
-12.72183613664342 1.6482412060301215
-12.719960640173424 1.6471325665548777
-12.716080402010073 1.6448199911864583
-12.714280712870696 1.6437302772989462
-12.713438711802905 1.6432160804019809
-12.710963941625751 1.6417542345778884
-12.708604853558814 1.6403268257599146
-12.705104823144294 1.6381909547738402
-12.702948189202754 1.6369178899477914
-12.698492462311581 1.6342660347072755
-12.69725676968185 1.6335188841827657
-12.696659253635088 1.6331658291456996
-12.69497340397958 1.6321603839079852
-12.691586438651356 1.630113853134766
-12.688348565435087 1.628140703517559
-12.685918561893399 1.6267081208660414
-12.680904522613089 1.6237278763882363
-12.680216200028138 1.6233122414851184
-12.679893265178755 1.6231155778894184
-12.67894113899013 1.6225546111400018
-12.674551464612254 1.619905611690088
-12.67156897859791 1.6180904522612778
-12.668872907844923 1.6165029308526133
-12.663316582914597 1.6132043891935357
-12.663160122143786 1.613110029710512
-12.663084273520196 1.6130653266331372
-12.66286962044373 1.6129376230700325
-12.657501049024761 1.6097017821163782
-12.654680197787005 1.6080402010049966
-12.65452261306535 1.6079465012394598
-12.65181231410733 1.606302009321789
-12.64677191157454 1.6033131520506947
-12.64628127187568 1.603015075376856
-12.646100526365991 1.6029088230483168
-12.645728643216104 1.602676362504499
-12.640518364442293 1.5994786008269468
-12.638247395658277 1.5979899497487153
-12.635137426652745 1.5959908859958203
-12.632306132314353 1.594154946633929
-12.630518756436269 1.5929648241205747
-12.629784793574785 1.5924950841042396
-12.628140703517612 1.5914336688138047
-12.62443386265472 1.5889987958818317
-12.622781778503109 1.587939698492434
-12.619346733668365 1.5857226930796635
-12.619033748077118 1.585516560133006
-12.618532914091473 1.585194615799252
-12.615077828749506 1.5829145728642935
-12.613673123037028 1.582023041659177
-12.61055276381912 1.5800255697384733
-12.608272903053303 1.5785408360263862
-12.60728154737467 1.5778894472361529
-12.604583495298579 1.5761839419445698
-12.602855841049514 1.5750634423993288
-12.599494993622152 1.5728643216080123
-12.59745675751112 1.5715809120678719
-12.592964824120628 1.5687284442752807
-12.59201036094009 1.5681118997457393
-12.591577858063754 1.5678391959798716
-12.590443413534409 1.5671187929552373
-12.586585830481926 1.5646366399627887
-12.583777978383036 1.562814070351731
-12.581142213620835 1.5611668334378175
-12.576118393425304 1.5580008044387812
-12.575790744123445 1.5577889447235904
-12.575660578684442 1.5577078892200742
-12.575376884422136 1.5575297549402958
-12.570220868373104 1.5542369665380305
-12.567933975356944 1.5527638190954498
-12.564735485352665 1.5507790932014442
-12.561630145100878 1.548836179289376
-12.55992019444522 1.5477386934673092
-12.559246689202762 1.5473221950447034
-12.557788944723644 1.5464132814063447
-12.553766670820513 1.5438627889543488
-12.551910220614086 1.5427135678391686
-12.548994974874397 1.5408952902597157
-12.548242097373592 1.540416112882471
-12.546960473610778 1.539619718949778
-12.543930149315221 1.537688442211028
-12.542746367371683 1.5369611958263043
-12.540201005025152 1.5353847121336752
-12.537228514287948 1.5335125996506598
-12.53589138392088 1.5326633165828873
-12.532122152927622 1.53035507312645
-12.531674812536178 1.5300742459515968
-12.527826788071213 1.5276381909547467
-12.526164657845095 1.5266234502351939
-12.52261306532666 1.5244376691095392
-12.52061127910173 1.5231850042480142
-12.519675196446086 1.5226130653266061
-12.517132066344574 1.5210470656174397
-12.515050698909594 1.519748615817627
-12.51161589512702 1.5175879396984655
-12.509506233303236 1.5163076232198742
-12.505025125628167 1.5135663707176574
-12.50391952854195 1.5128786989521013
-12.503415917483805 1.512562814070325
-12.501976549601792 1.5116917923485031
-12.498352359404452 1.509444193077532
-12.49530375940132 1.5075376884421843
-12.492776019527522 1.5060123074142284
-12.487437185929675 1.502764672458924
-12.487158348573502 1.5025922306300936
-12.487026421528581 1.5025125628140437
-12.486663127028788 1.5022914031280763
-12.481584752470203 1.4991595610314663
-12.47880807274806 1.497487437185903
-12.478643216080428 1.4973873512401523
-12.475978209425449 1.4957363048446837
-12.471208549274275 1.4928506838557887
-12.470582188557819 1.4924623115577624
-12.470345412235408 1.4923205498422698
-12.469849246231183 1.492021160589772
-12.46475082175216 1.4888938786379144
-12.462395141811683 1.4874371859296218
-12.459115804904041 1.4854787578235218
-12.45561024670054 1.4833689003494381
-12.45405881046499 1.4824120603014812
-12.453476159358571 1.4820649594940871
-12.45226130653269 1.4813356180655814
-12.447854051546154 1.4786461503837796
-12.445741065436213 1.4773869346733406
-12.443467336683444 1.4760205809361793
-12.44219226744421 1.4752386773561943
-12.439865740167678 1.4738453442833368
-12.437448047774184 1.4723618090452
-12.436545748455393 1.4718268428677161
-12.434673366834199 1.4707081691959365
-12.430897772520165 1.4684154246496401
-12.429135456377066 1.4673366834170594
-12.425210826223113 1.4650151408206575
-12.42397985766781 1.4642813950838054
-12.420754050852677 1.4623115577889187
-12.41955738687986 1.4616052835763034
-12.417085427135707 1.4601351712867814
-12.413885095356632 1.4582008126690855
-12.412336116290664 1.4572864321607781
-12.40829145728646 1.454878345227419
-12.408174498323495 1.4548072861932688
-12.407957282743581 1.4546783909058858
-12.40398073336541 1.4522613065326375
-12.402514073496615 1.4513994248013802
-12.399497487437214 1.4496132746683772
-12.39681892966144 1.4480014831261467
-12.395557063040538 1.447236180904497
-12.391813129552972 1.4450406500804274
-12.391097609643317 1.4446110203603268
-12.38713179031106 1.4422110552763563
-12.385418616391307 1.4412084642327603
-12.381909547738722 1.4391393927744707
-12.379702000979371 1.4378166572937445
-12.378624274577163 1.4371859296482157
-12.375543224416575 1.4353669801276023
-12.373973381336633 1.4344282801349575
-12.370210714462225 1.432160804020075
-12.368273648829643 1.4310316495088138
-12.36432160804023 1.4287106757861325
-12.362536866134052 1.4276456046508423
-12.361688978017547 1.4271356783919344
-12.359148685049238 1.425657700394508
-12.356800849923587 1.4242593407971205
-12.353220811372644 1.4221105527637938
-12.35108164366446 1.420868274100159
-12.346733668341738 1.4183244873536216
-12.345325927082412 1.4174876389240323
-12.34463324715863 1.4170854271356532
-12.342633721693248 1.4159140138075132
-12.33958240875168 1.4141035185332438
-12.336165213095796 1.4120603015075126
-12.333844926364764 1.4107176735870786
-12.329145728643246 1.4079783839839708
-12.328071443449526 1.4073421145061493
-12.32755715641811 1.407035175879372
-12.326002428303559 1.4061370900680323
-12.322320310813623 1.403960169631124
-12.319046890743143 1.4020100502512314
-12.316565686818945 1.4005792222871767
-12.311557788944754 1.3976700967437639
-12.310775543889035 1.3972084232104391
-12.310387876787022 1.3969849246230908
-12.309258787667863 1.396328067115408
-12.305016679871496 1.3938286873015953
-12.301868665996091 1.3919597989949501
-12.299245990045586 1.390452330195143
-12.293969849246261 1.38739751497811
-12.293440236396618 1.3870859913238505
-12.29318492498171 1.3869346733668095
-12.292406676272883 1.3864880525172731
-12.287673520563867 1.3837084987907815
-12.284633221673428 1.381909547738669
-12.281887785929214 1.3803364402011136
-12.27638190954777 1.3771586717899682
-12.276067417688548 1.3769742769274487
-12.275910542212362 1.3768844221105283
-12.275449868933679 1.3766181247922162
-12.270292727604051 1.3735990627520218
-12.267343111445204 1.3718592964823877
-12.264492918084354 1.3702310255580796
-12.258793969849277 1.366951731060169
-12.258658881744191 1.3668727674557006
-12.2585933364871 1.366834170854247
-12.258392043202166 1.3667193346693587
-12.252876094164943 1.3634998668502023
-12.250000395796796 1.3618090452261065
-12.247062966012475 1.3601356349799092
-12.24123564773299 1.3567923817643104
-12.241221234363772 1.3567839195979658
-12.241216151285803 1.3567810278451038
-12.241206030150785 1.3567752292528859
-12.235424474413021 1.3534106670377577
-12.232518994076086 1.3517587939698252
-12.232412060301538 1.3516974277564113
-12.229598875483362 1.3500499982466625
-12.223986422252116 1.3468389059987773
-12.223806670610717 1.3467336683416846
-12.223743507936856 1.346697834774667
-12.223618090452293 1.346626174507791
-12.217939976296538 1.3433308610437598
-12.21516516254838 1.341708542713544
-12.212102875932139 1.3399734783768764
-12.206645110677986 1.3368591199208844
-12.206344185387884 1.3366834170854034
-12.206238824895124 1.3366237959021685
-12.2060301507538 1.336504872053852
-12.20042424896113 1.3332599776837402
-12.197592023727022 1.3316582914572628
-12.197236180904554 1.3314551432570658
-12.194576438550188 1.3299056550301538
-12.189214996473709 1.3268539616629509
-12.18883585984768 1.3266331658291222
-12.188703574707173 1.3265584905000178
-12.188442211055309 1.3264099050762521
-12.182878726577451 1.323197607194655
-12.180145804376814 1.3216080402009815
-12.177020960151632 1.3198461291167485
-12.171699275984487 1.3168243444664611
-12.171283681411511 1.316582914572841
-12.171139156106413 1.3165015189300995
-12.170854271356816 1.3163399419562358
-12.16530477173235 1.3131433602659763
-12.162487420215232 1.3115577889447003
-12.16206030150757 1.3113151034864714
-12.159437768123377 1.3097945213832567
-12.154101060850218 1.3067711573713865
-12.153689549789009 1.3065326633165597
-12.153546898875131 1.3064525012546149
-12.153266331658324 1.3062937296081012
-12.1477036801127 1.3030968667014546
-12.144958231826665 1.301507537688419
-12.141828124936758 1.2997504711235832
-12.136423380181489 1.2966952658378945
-12.136055281997637 1.2964824120602785
-12.135928068276407 1.2964110759698286
-12.135678391959832 1.2962700874700896
-12.130076684774178 1.2930577741994673
-12.1272202436906 1.2914572864321379
-12.126884422110585 1.2912672977836843
-12.124193232258675 1.2897136350043281
-12.118669182501682 1.2865975123012374
-12.11838261695368 1.2864321608039972
-12.118283869092593 1.2863768988522102
-12.11809045226134 1.286267902081267
-12.112424960030193 1.2830257472418989
-12.109616702723859 1.2814070351758566
-12.106534234695856 1.2796836859949972
-12.100841337456929 1.2764787166603107
-12.10067321966516 1.276381909547716
-12.100615449302994 1.2763496419076743
-12.100502512562848 1.276286122184933
-12.094749624992088 1.2730004660826495
-12.091804278343337 1.2713567839195754
-12.0917085427136 1.271302834706793
-12.088852223202064 1.2696603123945156
-12.082942637294678 1.266339676700098
-12.0829286850538 1.2663316582914348
-12.082923903429599 1.2663289924156516
-12.082914572864356 1.2663237543064652
-12.077051746788305 1.26298162582788
-12.07413428078014 1.2613065326632942
-12.071148238174683 1.2596432169464888
-12.065326633165864 1.2563779476736059
-12.065213752836964 1.256313658557696
-12.065155799983886 1.2562814070351536
-12.064979133347148 1.256182121372663
-12.059332343486973 1.2529689356009817
-12.05634402093131 1.251256281407013
-12.0534232722641 1.2496321160365191
-12.047738693467371 1.2464492123145767
-12.047483431802608 1.2463040876830904
-12.047356064313828 1.2462311557788723
-12.046951021722116 1.2460061067087995
-12.041592386743645 1.2429621177860826
-12.038522955864075 1.2412060301507317
-12.035678272916613 1.239626738965665
-12.03015075376888 1.2365368721445646
-12.029733585515906 1.2363000954520116
-12.029518680983228 1.236180904522591
-12.028860578124167 1.2358122829098166
-12.023832804193288 1.2329609073446193
-12.020672432771088 1.2311557788944505
-12.017914144669108 1.2296268272948154
-12.012562814070387 1.2266401419194617
-12.011965095940354 1.2263014298748907
-12.011665874829196 1.2261306532663099
-12.010710271851986 1.2256013554896237
-12.006054481603444 1.2229650512001538
-12.00279385400858 1.2211055276381693
-12.000131805694293 1.2196321186889127
-11.994974874371895 1.2167581685536693
-11.99417895598023 1.2163078072647897
-11.993767687160803 1.2160804020100286
-11.992503112896117 1.2153741844455208
-11.988258588683571 1.2129742151499805
-11.984888788569734 1.211055276381888
-11.982332419800256 1.2096422806313578
-11.977386934673403 1.2068900191490277
-11.976376204860058 1.2063189307004176
-11.975868721630624 1.2060301507537474
-11.9742419567005 1.2051315856186324
-11.970445876979333 1.2029881844667694
-11.966958366406255 1.2010050251256068
-11.964546297233186 1.1996486530518142
-11.95979899497491 1.1969350724013834
-11.95869170721617 1.1962962674285347
-11.958135773600066 1.1959798994974662
-11.956488942430408 1.1950341701990368
-11.952875523996815 1.1929329084344955
-11.949498366685814 1.1909547738693256
-11.947057931308168 1.1895699521459688
-11.942211055276418 1.1868004285502423
-11.9412057276971 1.1862168846924188
-11.94071443397237 1.185929648241185
-11.939191320144747 1.185066866774993
-11.935377356053595 1.1828570081052803
-11.93203172954392 1.1809045226130443
-11.92954497163061 1.1794982780265633
-11.924623115577926 1.1766957242088285
-11.923678412777655 1.1761493120706952
-11.923200683464064 1.1758793969849037
-11.921772307252322 1.1750648803204458
-11.917837627231537 1.172792982312874
-11.914503897481412 1.1708542713567631
-11.911991450557453 1.1694381928773288
-11.907035175879434 1.1666254793079167
-11.906111512230016 1.166093049628456
-11.905656939533788 1.1658291457286225
-11.9042353855289 1.1650292056284695
-11.90025808526167 1.1627403317055576
-11.89691723701964 1.160804020100482
-11.8943990681173 1.1593892109758084
-11.889447236180942 1.1565880278360599
-11.888506679762378 1.1560476248776457
-11.888027893805557 1.1557788944723413
-11.886583947794783 1.154960812076296
-11.882640382946162 1.1526985840541375
-11.879274001712478 1.1507537688442007
-11.876769432590462 1.14935087281334
-11.87185929648245 1.1465818129265006
-11.870865480411105 1.1460125906650163
-11.870373211132884 1.14572864321606
-11.86882130258411 1.1448606449593912
-11.864986085426656 1.1426672921752896
-11.861576340126884 1.1407035175879194
-11.85910406752288 1.1393227430910846
-11.854271356783958 1.1366053772764255
-11.85318939730955 1.1359875232381809
-11.852635275978022 1.1356783919597788
-11.850950678640146 1.1347296267758322
-11.847296676844882 1.132646032028517
-11.84382630322923 1.1306532663316382
-11.841404418156408 1.1293044088827973
-11.836683417085466 1.126657354513675
-11.83547983789642 1.1259720204717967
-11.834880114640084 1.1256281407034976
-11.83297522924873 1.1245686584644297
-11.829573566456459 1.1226344009693596
-11.826025851231861 1.120603015075357
-11.823671857333851 1.119295477947678
-11.819095477386973 1.116736461401194
-11.817738139619555 1.1159657002379069
-11.817039093635657 1.1155778894472164
-11.814898036421212 1.1143786205998563
-11.811818094251983 1.1126320161433583
-11.808176859948897 1.1105527638190758
-11.805907690930566 1.1092955771784796
-11.801507537688481 1.1068414907836903
-11.79996557518479 1.1059681989062753
-11.799193036599245 1.1055276381909351
-11.796722114937216 1.1041603745477166
-11.794031536133657 1.1026385130070304
-11.790281126705313 1.1005025125627945
-11.788113162858814 1.0993043511717016
-11.78391959798999 1.0969713051931356
-11.782163357394115 1.095979169962046
-11.781254220637928 1.095477386934654
-11.778450416256845 1.093914763582327
-11.77621510869029 1.0926535439635705
-11.772340375838962 1.0904522613065133
-11.770289459685976 1.0893214609080903
-11.766331658291497 1.0871248310402102
-11.764332643612592 1.0859982827294887
-11.763326080609637 1.0854271356783727
-11.760085832310915 1.0836426139696353
-11.758369973609051 1.0826767771023595
-11.754356247382349 1.080402010050232
-11.752437705682308 1.079346585167574
-11.748743718593005 1.0773010669720593
-11.746474491766241 1.0760252349440238
-11.745294229311414 1.0753768844220915
-11.741630823449137 1.0733446286667014
-11.74049710253872 1.0727079348094604
-11.736330052552034 1.0703517587939508
-11.734558769727405 1.069379475698839
-11.731155778894513 1.0674992678260526
-11.728589746490517 1.0660597852812375
-11.727291667871944 1.0653266331658102
-11.723087792569842 1.0630214942159038
-11.722597476491282 1.0627467367957362
-11.718263335127979 1.0603015075376696
-11.716653743189893 1.0594198206822778
-11.71356783919602 1.0577184040870797
-11.710679541773708 1.0561016097444753
-11.709170746592623 1.055276381909529
-11.704773869346774 1.0528475972762674
-11.704675237454325 1.0527919996361579
-11.70446261335557 1.0526748888122581
-11.70015761438512 1.0502512562813884
-11.698723631564272 1.0494673328337472
-11.695979899497528 1.0479576315837766
-11.69274482213205 1.0461504384719555
-11.691101323291358 1.0452261306532478
-11.686736114388431 1.0428420864848498
-11.685762427787733 1.042306853021877
-11.682014270090725 1.0402010050251072
-11.68076936104778 1.0395217475254661
-11.678391959799036 1.0382161498977744
-11.674786491503191 1.0362060131957795
-11.672895519833625 1.0351758793969665
-11.66959798994979 1.033361473097461
-11.66877391666386 1.0328987660931626
-11.666983022810806 1.0319161831146149
-11.663834630056037 1.030150753768826
-11.662791818735606 1.0295828113016654
-11.660804020100544 1.028493199095533
-11.656805415919743 1.0262680864780576
-11.654766079582346 1.0251256281406853
-11.65078948978223 1.0229617968892057
-11.648126842152061 1.0215035772982617
-11.645619973287467 1.0201005025125447
-11.644791855178205 1.0196502811479293
-11.643216080402052 1.018788056738427
-11.638802425982629 1.0163364210042394
-11.636479074499798 1.015075376884404
-11.634422110552805 1.0139476273532502
-11.632783644893244 1.0130309471159222
-11.629196278952232 1.0110697193273124
-11.627371532919792 1.0100502512562635
-11.626770286748492 1.009723923814854
-11.62562814070356 1.0091000351441348
-11.620778319150933 1.006410788928874
-11.618295972497094 1.0050251256281229
-11.614757161009688 1.003105994198231
-11.610193677784803 1.0006152790799065
-11.609090498947635 0.9999999999999822
-11.608727897834592 0.9998035151915463
-11.608040201005068 0.9994284788753065
-11.60273386186335 0.9964909712694752
-11.59993118499844 0.9949748743718416
-11.59924623115582 0.99460057698525
-11.596710787059845 0.9931867241566215
-11.591121336564267 0.9901409131030414
-11.590778020770117 0.989949748743701
-11.590665442872348 0.9898888397249088
-11.590452261306575 0.9897727624341703
-11.584669791504862 0.9865767573446211
-11.58170033884709 0.9849246231155604
-11.578645243790433 0.9832729310634605
-11.572864321608083 0.9801275942151779
-11.57259212868814 0.9799772668931181
-11.572452241982445 0.9798994974874198
-11.571989669308492 0.9796495968303942
-11.566586818231006 0.9766679442527302
-11.563358196123636 0.9748743718592792
-11.560561225531954 0.9733644165386037
-11.555276381909591 0.9704931909216725
-11.554507195476594 0.9700690137834238
-11.554111297154767 0.9698492462311386
-11.552799517009968 0.9691415705455322
-11.54848562666089 0.9667643363883416
-11.544987896569793 0.9648241206029979
-11.5424594018372 0.9634609892812547
-11.537688442211099 0.9608725734515806
-11.536404861394152 0.9601657323511281
-11.535723359282255 0.9597989949748573
-11.533546845017137 0.9586156814908682
-11.530366877449145 0.9568657449929896
-11.526590444634303 0.9547738693467167
-11.524340419002705 0.9535624646352598
-11.520100502512607 0.9512652275943427
-11.518285758714518 0.9502672419466016
-11.517349088333606 0.9497487437185761
-11.51423376336216 0.9480725325327342
-11.512231208746016 0.9469719877380331
-11.508166814272354 0.9447236180904355
-11.506204901482022 0.9436686641853198
-11.502512562814115 0.9416706597755091
-11.500150478178197 0.9403733737868425
-11.498893037541887 0.9396984924622949
-11.494862133904178 0.9375126556308846
-11.494079164589868 0.9370829091839381
-11.489717733143655 0.9346733668341543
-11.488053301101413 0.933779458838214
-11.484924623115623 0.9320885555399094
-11.48199943535239 0.9304840091383655
-11.480485703275862 0.9296482412060136
-11.475917877339342 0.9271964715139536
-11.475439981125957 0.9269383434946805
-11.471244131397233 0.924623115577873
-11.469886222218257 0.9238946759204083
-11.46733668341713 0.9225183748505588
-11.463833308390557 0.9205989542430393
-11.461963807227576 0.9195979899497324
-11.458542713567883 0.917747202936809
-11.45775279089567 0.9173111193277235
-11.455974323599074 0.9163516014302875
-11.452746973689361 0.9145728643215918
-11.45170428635098 0.9140141378552089
-11.449748743718638 0.9129596622821925
-11.445652662088087 0.9107180477307519
-11.443528045489758 0.9095477386934512
-11.439573516089741 0.9074298209592815
-11.436456504518336 0.9057499560647937
-11.434227121983582 0.9045226130653106
-11.433508032083516 0.9041376907614911
-11.432160804020146 0.9034120017981238
-11.427458023629875 0.9008411389772473
-11.424942988705732 0.89949748743717
-11.4233668341709 0.8986466206583179
-11.421380568954495 0.897552428970644
-11.41688839213488 0.8951339411842367
-11.415685402302227 0.8944723618090293
-11.41529798101511 0.894265185610899
-11.414572864321654 0.8938749925946707
-11.409249903667362 0.8909680820821153
-11.406483035632675 0.8894472361808887
-11.403174449427716 0.887678800522445
-11.397271818521213 0.8845040802379058
-11.397122617311092 0.8844221105527481
-11.397074638632558 0.8843964779786351
-11.396984924623162 0.8843482481871918
-11.391028797161402 0.8810987356279671
-11.388190954773915 0.8795856289222757
-11.387844242919993 0.8793969849246075
-11.38495564216645 0.8778087971412418
-11.37939698492467 0.8748218777181371
-11.378855466767785 0.8745265787698626
-11.378573573863344 0.8743718592964669
-11.377625136283406 0.8738656168275343
-11.372795184162818 0.8712329624574267
-11.369356968066388 0.8693467336683263
-11.366724617301124 0.8679422845040561
-11.361809045226178 0.8653032699337553
-11.360627085631123 0.8646593107816303
-11.359992857273605 0.8643216080401857
-11.357936631269204 0.8632152040524792
-11.354549530535209 0.8613706294666077
-11.350765410051945 0.859296482412045
-11.34848183113388 0.8580791322388466
-11.344221105527685 0.855793611846706
-11.342387217079738 0.8547953249118896
-11.341430864843211 0.8542713567839044
-11.33820536051086 0.8525525724933827
-11.336292288624401 0.8515116074138449
-11.332155794193666 0.8492462311557638
-11.330227726785314 0.8482192137397293
-11.326633165829193 0.8462925749425931
-11.324136295195707 0.8449344971371904
-11.322794277451306 0.8442211055276232
-11.318433002852828 0.8418782018200908
-11.318023897878634 0.8416557707424994
-11.313528815458534 0.8391959798994826
-11.311962734793704 0.8383624059957668
-11.309045226130701 0.8367998412144146
-11.305874741785368 0.8350767069414369
-11.304218720121028 0.834170854271342
-11.299760201267292 0.8317985928898901
-11.29863630944264 0.8311968780747536
-11.294885150684706 0.8291457286432014
-11.293687273670542 0.828508589432249
-11.291457286432209 0.8273151026011183
-11.287602966916166 0.8252218371625011
-11.285528271122507 0.8241206030150607
-11.282663316582962 0.822583757525865
-11.281492146013495 0.8219426603636952
-11.278807650769325 0.8205064213970941
-11.276225459256494 0.8190954773869201
-11.275401750416115 0.818657647763378
-11.273869346733717 0.8178380604677882
-11.269321369415094 0.8153697738498149
-11.266942445863194 0.8140703517587795
-11.26321450297828 0.812089467203621
-11.258943092426945 0.8098057076711305
-11.257550383732212 0.8090452261306389
-11.257106560998777 0.8088094678553386
-11.256281407035225 0.8083684251237848
-11.251030389992772 0.8055203910860556
-11.2482001847544 0.8040201005024983
-11.247487437185978 0.8036382484690456
-11.244927836251746 0.8022388522410662
-11.239045492178981 0.7990955534007149
-11.2388611950027 0.7989949748743577
-11.238802509696578 0.7989638199144018
-11.238693467336732 0.7989055686297473
-11.232730923423297 0.7956734332214843
-11.229608353853248 0.793969849246217
-11.226632907072808 0.7923905979791979
-11.22110552763824 0.7894386504256339
-11.220508733589433 0.7891152362034495
-11.220196104785934 0.7889447236180764
-11.219135141101182 0.7883817560360598
-11.214423042009235 0.7858288795982231
-11.210921474794624 0.7839195979899358
-11.208329700753247 0.7825447086146502
-11.203517587939748 0.779976114028968
-11.202210217392137 0.7792680068039699
-11.201524983700956 0.7788944723617952
-11.199197784289552 0.7776602427474533
-11.196107046518996 0.7759866442824412
-11.192221950651508 0.7738693467336546
-11.19001859171068 0.7727010771709617
-11.185929648241256 0.7705195676859224
-11.183904005735696 0.7694229761071023
-11.182810185036468 0.768844221105514
-11.179231678589618 0.7669305154907606
-11.17778330999304 0.7661466206911491
-11.17351038233704 0.7638190954773734
-11.171699946200517 0.7628595990037299
-11.168341708542764 0.7610687496855757
-11.16559045820175 0.7595800413752372
-11.164147038310322 0.7587939698492328
-11.159455112293088 0.7563078717209999
-11.159241205890323 0.7561938262342496
-11.154787358210966 0.7537688442210921
-11.153374122529284 0.7530201717396601
-11.150753768844272 0.7516234043290284
-11.147269926569043 0.7497391021001594
-11.14538703201961 0.7487437185929515
-11.141959798995025 0.746912482788125
-11.141139874735412 0.746465419853056
-11.139244730931287 0.7454554220463852
-11.136053454265038 0.7437185929648109
-11.135041471229021 0.743182695226742
-11.13316582914578 0.7421832817210499
-11.128942754973734 0.7399000599572547
-11.126725312802874 0.7386934673366703
-11.122818181170413 0.7366248125586345
-11.119224179534507 0.7347101388763067
-11.117309234249776 0.7336683417085297
-11.116702335192835 0.7333470714955164
-11.115577889447287 0.7327481375936085
-11.110609280031225 0.7300628187706923
-11.107921906866245 0.7286432160803891
-11.10678391959804 0.7280356089349223
-11.104490362027951 0.7267859554292011
-11.099180956736324 0.7239583781629708
-11.098555249741954 0.7236180904522485
-11.098357049771577 0.7235132047314536
-11.097989949748795 0.7233177331608003
-11.092269830919456 0.7202272844896331
-11.089264227551483 0.7185929648241078
-11.086156740400181 0.7169487561527141
-11.080402010050303 0.713884965164759
-11.080018037780714 0.7136775455587072
-11.079810259476318 0.7135678391959672
-11.079128440096662 0.7132039620663555
-11.073924729423315 0.7103933651755376
-11.070520254144425 0.7085427135678266
-11.067817632072973 0.7071131245046374
-11.062814070351811 0.7044499967639215
-11.061684909547921 0.7038402053122264
-11.06109133826762 0.703517587939686
-11.059067300966268 0.7024470824009592
-11.055574289939738 0.7005609710007095
-11.051768011788901 0.6984924623115454
-11.04947334551824 0.6972789723501389
-11.045226130653319 0.6950189737886747
-11.043346759526683 0.6940042998624438
-11.042329236911014 0.6934673366834048
-11.0389877315472 0.6916849369387998
-11.03721881944285 0.6907300142582553
-11.033007998986998 0.6884422110552642
-11.031124181846366 0.6874462136576813
-11.027638190954827 0.6855916849209827
-11.02500388303468 0.6841697448328796
-11.023618425215481 0.6834170854271235
-11.018891004280425 0.6809178892344372
-11.01885861740829 0.6809004093837077
-11.014240701858672 0.6783919597989829
-11.012770434717964 0.6776147645242316
-11.010050251256335 0.6761679239386842
-11.006656567984175 0.6743364579628883
-11.004818401688247 0.6733668341708423
-11.001256281407088 0.6714675176544205
-11.00051726086821 0.671065420082166
-10.998801444045286 0.6701528892533997
-10.995466440867663 0.6683417085427017
-10.994412297003896 0.6677845698438292
-10.992462311557842 0.6667475864952186
-10.988304904869302 0.6645044133970011
-10.986117524993501 0.6633165829145611
-10.982172049873634 0.6612315320533373
-10.978696811001841 0.6593835827557033
-10.976685512921266 0.6582914572864205
-10.976049913151558 0.6579555883457902
-10.97487437185935 0.6573305416196984
-10.969949203899933 0.6546735225038276
-10.96728060254416 0.6532663316582799
-10.966080402010103 0.6526265963629836
-10.963823006709573 0.6513987389300757
-10.95857851039443 0.6486103712397311
-10.95789854784831 0.6482412060301392
-10.957683715045107 0.6481276966346394
-10.957286432160858 0.6479164836985518
-10.951589820569286 0.6448436837138765
-10.948591769518684 0.6432160804019986
-10.945470406269832 0.6415669621712947
-10.939698492462366 0.6384985246327899
-10.939325722377596 0.6382974605123639
-10.939129527768241 0.638190954773858
-10.938459427437301 0.637836936195268
-10.933227011285247 0.6350148237677509
-10.929820807515005 0.6331658291457174
-10.927114499750312 0.6317361300067352
-10.922110552763874 0.6290761934348481
-10.920976683603246 0.6284646661348994
-10.920379856706326 0.6281407035175768
-10.918341162871647 0.6270637349769403
-10.914861025360292 0.6251868714333169
-10.911045001158053 0.6231155778894362
-10.9087555312983 0.6219061726800312
-10.904522613065382 0.6196562419880545
-10.902624694954225 0.6186327145787685
-10.901596003979206 0.6180904522612956
-10.898212656463238 0.6162876075178261
-10.896492104901785 0.6153597575370391
-10.892264744092417 0.6130653266331549
-10.890393737897124 0.6120770224816594
-10.88693467336689 0.6102385049965529
-10.884269988349327 0.608801539581461
-10.88286723579143 0.6080402010050143
-10.878121102882249 0.6055332383724856
-10.878075533059048 0.6055090180599167
-10.873480417477014 0.6030150753768737
-10.87202934922917 0.602248613788082
-10.869346733668397 0.6008228218734306
-10.865912788440152 0.5989710769568033
-10.86405142326798 0.5979899497487331
-10.86055276381915 0.5961257723367313
-10.859771048689856 0.5957007341144616
-10.857953562724498 0.5947347580504765
-10.854692389690213 0.5929648241205925
-10.85366258751737 0.5924208831070308
-10.851758793969905 0.5914090368263727
-10.847553312447717 0.5891412646416487
-10.845339379165459 0.5879396984924519
-10.84141881293334 0.5858688531604734
-10.837824359720098 0.5839584315639357
-10.835901016001413 0.5829145728643113
-10.835293667345306 0.5825937691289127
-10.834170854271413 0.5819969989594327
-10.829191769977928 0.5793120427485947
-10.826492883303604 0.5778894472361706
-10.825376884422166 0.5772948043785071
-10.823064600293273 0.5760375370303557
-10.81768881125755 0.5731802920893525
-10.817106638208958 0.57286432160803
-10.816922795455893 0.5727672127843242
-10.81658291457292 0.5725865623908017
-10.810828362815904 0.5694833536247517
-10.807799071618103 0.5678391959798894
-10.804708607647578 0.5662067294732758
-10.798994974874429 0.5631698061032813
-10.798563773276355 0.5629372708083418
-10.79833005504169 0.5628140703517488
-10.79756138814741 0.5624044741440288
-10.792463284699032 0.5596551419165783
-10.789025060768875 0.5577889447236082
-10.786351023840503 0.5563763765337315
-10.781407035175937 0.5537483956317582
-10.780213631178686 0.5531047916661107
-10.779585453633837 0.5527638190954676
-10.777439750596747 0.5516303092156987
-10.774096721068545 0.5498273546408674
-10.770248883707067 0.547738693467327
-10.767992029430314 0.5465464266236504
-10.763819095477444 0.5443281482875069
-10.761862151177263 0.543272694782095
-10.760801589170176 0.5427135678391863
-10.757314252453902 0.5408550412610316
-10.755728848799285 0.5399999412619483
-10.751470811618862 0.5376884422110457
-10.749631788218855 0.5367168329425018
-10.746231155778952 0.5349089553835631
-10.743509475073939 0.5334409396414808
-10.742077066893195 0.5326633165829051
-10.737362147838828 0.5301721932233718
-10.737187799260669 0.530079500434824
-10.732691029370194 0.5276381909547645
-10.73127039758557 0.5268875676675897
-10.72864321608046 0.5254907556392618
-10.725155706475283 0.523609496642389
-10.723265980969328 0.5226130653266239
-10.719849246231213 0.5207918460558778
-10.719015947573153 0.5203385878434279
-10.717080212641854 0.5193093500584505
-10.713909781370525 0.5175879396984833
-10.71290802070367 0.5170585841779962
-10.711055276381968 0.5160734213712681
-10.706801011752649 0.5137783182501483
-10.704562463355707 0.5125628140703427
-10.70066887252994 0.5105052323999244
-10.69697054394144 0.50853860480162
-10.695127298314903 0.507537688442202
-10.694544792108461 0.5072298440350629
-10.693467336683476 0.5066568623962917
-10.688445513343616 0.5039473694825922
-10.685725007130133 0.5025125628140614
-10.684673366834229 0.5019518837996921
-10.682321039662664 0.500672093477581
-10.676859286765225 0.4977674056945611
-10.676343770896143 0.4974874371859208
-10.67618082732854 0.4974013142306193
-10.675879396984984 0.49724099672390576
-10.670089321193936 0.49411661892665126
-10.667043381532093 0.4924623115577802
-10.663972553363177 0.4908391412501558
-10.658291457286492 0.4878174245196032
-10.657830761868397 0.48756881319195244
-10.657588423360865 0.4874371859296396
-10.656761459105073 0.4870000435920918
-10.651732532117071 0.4842860389213328
-10.648282587172915 0.48241206030149897
-10.645623504814608 0.48100634966532496
-10.640703517588 0.47838911502046777
-10.639489385057653 0.4777338296820286
-10.63885080442256 0.47738693467335835
-10.636672116180222 0.4762351056997076
-10.63337522911303 0.4744556057523521
-10.62952113887448 0.47236180904521774
-10.627273971303607 0.47117369664118947
-10.623115577889507 0.46896129683723053
-10.62114755019246 0.467898977044805
-10.620081886319523 0.4673366834170771
-10.616582303623598 0.4654700336268176
-10.61501748064538 0.46462529985868706
-10.610759142439223 0.4623115577889365
-10.608924015490839 0.4613411642747005
-10.605527638191015 0.45953392774871293
-10.602805314154548 0.45806423902835824
-10.601373899542597 0.4572864321607959
-10.596661612659545 0.45479445668450413
-10.596494528415294 0.4547055436534473
-10.591996677775445 0.4522613065326553
-10.590573684638777 0.45150873906229716
-10.587939698492523 0.45010697593410676
-10.584462718330219 0.4482296038080298
-10.582580513979384 0.44723618090451467
-10.579145728643276 0.4454035716201661
-10.578326677149898 0.4449576328028382
-10.576428031150868 0.4439471330926139
-10.573233797545525 0.44221105527637405
-10.572223009795715 0.44167641213303543
-10.57035175879403 0.44068042054074397
-10.566119787788155 0.438395064221341
-10.563895247579493 0.43718592964823344
-10.559991414230806 0.4351209024667284
-10.556361520658443 0.4331887187523513
-10.554470525739426 0.4321608040200928
-10.553872004935164 0.43184417949448584
-10.552763819095539 0.4312542522819802
-10.5477765304127 0.42856061801562007
-10.545077528459142 0.4271356783919522
-10.543969849246292 0.4265445133830461
-10.541655825717527 0.42528426515752926
-10.5362949859099 0.4224302974817693
-10.535706856171632 0.4221105527638116
-10.53552066604966 0.42201204229163647
-10.535175879397046 0.4218284740654461
-10.52943293599181 0.41872626810859614
-10.526415031209458 0.417085427135671
-10.523319895212635 0.41544772556021936
-10.517587939698554 0.412395761786283
-10.51718177824716 0.4121763476365006
-10.516962019578159 0.41206030150753037
-10.516241184099972 0.41167551419364923
-10.511088975258987 0.40889202286212356
-10.507674261869344 0.40703517587938975
-10.504983587142426 0.40561129383871464
-10.500000000000062 0.4029574408108161
-10.498853045757533 0.4023377514634001
-10.498250453101512 0.40201005025124914
-10.496197711832577 0.4009236822033957
-10.492744631832487 0.39905788695670186
-10.488933030067097 0.3969849246231085
-10.48664690932213 0.395774967760091
-10.48241206030157 0.3935195259583075
-10.480523946636875 0.3924992600420234
-10.47950263765914 0.3919597989949679
-10.476153946635955 0.39017176651907803
-10.47439987274212 0.3892238698123842
-10.47019121965486 0.3869346733668273
-10.468309771074303 0.3859387732321915
-10.464824120603078 0.38408212177912127
-10.462194343626846 0.38266091258903856
-10.460813053111433 0.3819095477386867
-10.45610934466726 0.3794196117570241
-10.456054569829673 0.3793900080458048
-10.451448638741995 0.37688442211054607
-10.449972059619494 0.37610274247771525
-10.447236180904586 0.3746452983777706
-10.44386413619226 0.37282273782878406
-10.442040574023663 0.37185929648240545
-10.438442211055339 0.36993751565481325
-10.437731032953348 0.36954992741176085
-10.436085921978101 0.36867350821769573
-10.432705097870183 0.36683417085426484
-10.431633657918564 0.36626690893641634
-10.429648241206094 0.3652091418107508
-10.425533200554986 0.3629847711264409
-10.423372239775896 0.3618090452261242
-10.41940747446546 0.3597098529524505
-10.416061384428922 0.35792708614693236
-10.413960367103403 0.3567839195979836
-10.413294424627178 0.35643131299238995
-10.412060301507601 0.3557737549126241
-10.407201388481896 0.35314705483432984
-10.404574232138833 0.351758793969843
-10.403266331658354 0.35106015917026756
-10.401082992909421 0.34987004222689677
-10.39603430431044 0.3471799376277973
-10.395214173919808 0.3467336683417024
-10.394954192836874 0.3465960023337695
-10.39447236180911 0.3463392581516196
-10.388868526021945 0.34330963865275166
-10.385926202895826 0.34170854271356177
-10.382757407304858 0.34003054694377877
-10.376884422110617 0.33690104206529625
-10.376621068895155 0.3367586608612676
-10.376482797260639 0.33668341708542115
-10.376012191386724 0.33643420830716586
-10.37053441219287 0.33347258000520785
-10.367200474301443 0.33165829145728054
-10.364430509483615 0.3301914265797121
-10.359296482412125 0.3274555751291013
-10.35830129324961 0.32691750558985877
-10.357778797122261 0.3266331658291399
-10.356000571375853 0.3256914769616337
-10.352198817618584 0.3236359444277257
-10.348472446310616 0.3216080402009993
-10.346102062725183 0.32035274876912734
-10.341708542713633 0.31801145960781163
-10.339979898749483 0.3170768128483301
-10.339045381367391 0.3165829145728587
-10.335983651153656 0.31494723127000857
-10.333861483118932 0.31379980597177504
-10.329741687905702 0.3115577889447181
-10.327771800345747 0.31051458970740153
-10.32412060301514 0.3085688926479566
-10.321656611223641 0.30723666097129154
-10.32036297056766 0.30653266331657747
-10.315960244404463 0.3042011322849554
-10.315522118254359 0.30396424762008944
-10.311007715880256 0.30150753768843686
-10.309439424243623 0.30067703456644423
-10.306532663316649 0.2991280932193563
-10.303331124926578 0.2973971373146025
-10.301600274994593 0.29648241206029624
-10.297738693467402 0.2944195360537032
-10.297197452001722 0.2941244896649913
-10.295946028731901 0.29345765932179724
-10.292269992282488 0.2914572864321556
-10.291104603404913 0.2908401779216536
-10.288944723618156 0.2896893030837182
-10.285003101047348 0.28755833868138936
-10.282933458236236 0.286432160804015
-10.278876124945732 0.2842837776537106
-10.275928507942517 0.28271324203954595
-10.273527921781698 0.2814070351758744
-10.272766972374471 0.2810041241887866
-10.271356783919664 0.28025278777118423
-10.26667216618619 0.27772037175729736
-10.264139101668267 0.2763819095477338
-10.262562814070417 0.2755399991538967
-10.260551784496185 0.2744439266120162
-10.255900084462324 0.271965709702779
-10.254780848966108 0.27135678391959317
-10.254426129698757 0.2711689880688546
-10.253768844221172 0.27081883755849034
-10.248338054527967 0.2678833124895119
-10.24548608085911 0.26633165829145256
-10.242224385690104 0.2646049493864746
-10.23618090452268 0.2613854822245951
-10.236085350326567 0.2613338338622011
-10.236033675350079 0.26130653266331194
-10.235864273268048 0.26121606659055985
-10.23000095337236 0.2580471073638346
-10.226755025728707 0.2562814070351713
-10.223893806275546 0.254766880906212
-10.218592964824188 0.25194349476051503
-10.217761129899825 0.2514939485282772
-10.217324182977642 0.2512562814070307
-10.215835851515157 0.25046853474730746
-10.211659989836878 0.24821200577526437
-10.208017854153521 0.2462311557788901
-10.205559191134709 0.2449299654906012
-10.201005025125696 0.24250477439454787
-10.199432759917649 0.24165524878161992
-10.198582171971832 0.24120603015074948
-10.195792083928081 0.2397166183800028
-10.19331462888828 0.23837816059044137
-10.189273654388666 0.23618090452260887
-10.18722005852029 0.23509434078172653
-10.183417085427203 0.23306967346698393
-10.18109975079908 0.23181787450250368
-10.17988193505887 0.23115577889446826
-10.175730853009751 0.22895971248948221
-10.174964356825084 0.22854571858121897
-10.170521576424674 0.22613065326632764
-10.168875886623447 0.225260155867832
-10.165829145728711 0.22363857162956258
-10.162761572573993 0.22198197711096324
-10.161101123045224 0.22110552763818703
-10.157035175879464 0.2189362585799719
-10.156621644713885 0.21871111658571074
-10.155662766538567 0.21820084786957494
-10.151760698848161 0.2160804020100464
-10.15052611115138 0.21542757197542883
-10.14824120603022 0.21421187730323776
-10.144417652410947 0.21214772027312634
-10.142406973749004 0.2110552763819058
-10.138283471966233 0.20887521762919015
-10.135582859936449 0.2074386060693998
-10.132990024106968 0.20603015075376518
-10.13217012265757 0.2055967632320952
-10.130653266331727 0.20479002926174505
-10.126067371888293 0.20231528068089144
-10.123583218842503 0.20100502512562457
-10.12185929648248 0.2000859788820586
-10.11993878967881 0.1990411785411741
-10.115478057194219 0.1966692510863366
-10.114208473237854 0.19597989949748396
-10.113807263585732 0.1957679175110556
-10.113065326633235 0.19537349835967355
-10.107710063967998 0.19248484891655426
-10.104891467312463 0.19095477386934334
-10.101586921218505 0.18920919264541158
-10.095477386934743 0.1859620894933105
-10.095438063820065 0.18594088341682458
-10.095417362146982 0.18592964824120273
-10.095346609870678 0.1858922833657557
-10.08934500962449 0.182656630415992
-10.086115705028403 0.1809045226130621
-10.083227137349617 0.17937946829495743
-10.07788944723625 0.1765441165343935
-10.077083436819079 0.17610968567554153
-10.076658876133077 0.1758793969849215
-10.075206640998816 0.17511288091708277
-10.070971434072607 0.17283084654639325
-10.067326257836951 0.17085427135678088
-10.064858652358602 0.16955222997939767
-10.060301507537758 0.16713296788591858
-10.058719926460478 0.1662810260364349
-10.057861596078629 0.16582914572864027
-10.055032238717136 0.16432364035131997
-10.05258850252891 0.1630077358173141
-10.048521739281515 0.16080402010049966
-10.046480619693059 0.15972771957084486
-10.042713567839266 0.15772925260714477
-10.040346674208438 0.15645514979545272
-10.039098275311565 0.15577889447235904
-10.034819578006603 0.15352346880588374
-10.034195315429132 0.15318755524711403
-10.02970065061802 0.15075376884421843
-10.028092127034363 0.14990619773176483
-10.025125628140774 0.148333622735219
-10.021962754732353 0.1466323213327696
-10.020243746225457 0.1457286432160778
-10.016331658291527 0.14365009728157485
-10.01580742475559 0.14336586141227503
-10.0145806628489 0.14271579598982775
-10.010861370692902 0.1407035175879372
-10.009692190709046 0.140087945511719
-10.007537688442282 0.1389467764262733
-10.003567111814224 0.1368128424249564
-10.00146892038855 0.13567839195979658
-9.997415795826843 0.13354523565035326
-9.994301265388689 0.13189655680162726
-9.992000657645965 0.13065326633165597
-9.991278804915126 0.13027353599698888
-9.98994974874379 0.12957034443701776
-9.985157184299114 0.12699744483056552
-9.98254729396642 0.12562814070351536
-9.981155778894543 0.12489028752741049
-9.979009330005104 0.12372884900071313
-9.973963954043468 0.12106077078913735
-9.973116073216882 0.12060301507537474
-9.972850392033342 0.12046341993593312
-9.972361809045298 0.12020518837206584
-9.96673248680626 0.11718626722981629
-9.96375167731875 0.11557788944723413
-9.96058822010671 0.11391664637297616
-9.954773869346806 0.11084532773620648
-9.95441781951395 0.11065449234276681
-9.954223603943937 0.11055276381909351
-9.95357833913089 0.11021118375740357
-9.948292141674546 0.10737956038302698
-9.944855840642244 0.1055276381909529
-9.942151191268282 0.10410899201381874
-9.937185929648313 0.10148936765912442
-9.93598397781612 0.10084592737201081
-9.935346348101898 0.10050251256281229
-9.933142388423303 0.09934721506995192
-9.929834806268264 0.09757770790039988
-9.925932470104359 0.09547738693467167
-9.923696887900782 0.09430627323439733
-9.919597989949821 0.09214659385417612
-9.917532575509725 0.09104237971798668
-9.916403038679377 0.09045226130653106
-9.912635195044984 0.08846289133372132
-9.911359054106397 0.08778111734793992
-9.906979160897484 0.08542713567839044
-9.905223870419373 0.08450890134466338
-9.902010050251329 0.0828179992076219
-9.899062159976365 0.08124426441452481
-9.897493832258993 0.08040201005024983
-9.892874149873705 0.07798714167285947
-9.89206008087649 0.07755916165743848
-9.887993350185853 0.07537688442210921
-9.886730612027645 0.0747173125721643
-9.884422110552837 0.07350462612127107
-9.880571191329741 0.07145202142913831
-9.878458760285284 0.0703517587939686
-9.87562814070359 0.0688618258014424
-9.874385337230756 0.0681942826864228
-9.871415898864877 0.06663569831169447
-9.868972309708004 0.06532663316582799
-9.868215495607972 0.06493196895050612
-9.866834170854345 0.06420756697446439
-9.862058039400301 0.06166611652455689
-9.8595084777363 0.06030150753768737
-9.855874014573658 0.05840785513260016
-9.850678301046955 0.05568554473557619
-9.849913138405563 0.05527638190954676
-9.84967681078291 0.05515335915895836
-9.849246231155853 0.05492796431737368
-9.843520980916502 0.05188704206407824
-9.840458982586476 0.05025125628140614
-9.837338445918414 0.04862835500681939
-9.83165829145736 0.04565785903527253
-9.831129432872045 0.04537723310621278
-9.830846302370794 0.04522613065326553
-9.829854227815293 0.04471068389838884
-9.824958196969128 0.04211531773604893
-9.82136752305844 0.040201005025124914
-9.818776800005427 0.038856305526108414
-9.814070351758868 0.03640003822310245
-9.812568788284803 0.03560489753243168
-9.811739622502323 0.0351758793969843
-9.808931505820036 0.03370763770017504
-9.806367770865608 0.032351491166918045
-9.802230804082743 0.030150753768843686
-9.800187148355482 0.02909225768452739
-9.796482412060376 0.02716301216107908
-9.793979773722661 0.025840667665764983
-9.792634080245481 0.02512562814070307
-9.787887546157664 0.022669952168499208
-9.787747686506151 0.022596138385198472
-9.783045338964696 0.020100502512562457
-9.781567463896648 0.01933679064548688
-9.778894472361884 0.017948094538866144
-9.775360351546079 0.01608512568893783
-9.773399791437194 0.015075376884421843
-9.770100502512637 0.01335830853916331
-9.769126577428139 0.012841078380207982
-9.766739819586432 0.011602618948578503
-9.763807444579493 0.010050251256281229
-9.762915620334658 0.009590511921634182
-9.761306532663392 0.008756643305527056
-9.756708386122556 0.006338881782665062
-9.754223566748413 0.005025125628140614
-9.750474389828513 0.003094897952823139
-9.745450763151647 0.0004949057676419955
-9.744505444162249 0.