-13.586037300019441 2.
-13.583683048800848 1.9983446852672344
-13.579403924070656 1.9954075820388333
-13.578791148238151 1.9949748743718416
-13.578523461894259 1.9947937273266776
-13.577889447236188 1.9943602438823609
-13.573396034398387 1.9912335809830592
-13.57150602580462 1.9899497487436832
-13.569095477386941 1.9883016410910468
-13.56821643508855 1.98768834087201
-13.566946115603566 1.9868230825629345
-13.564236348349906 1.9849246231155426
-13.563062189811692 1.9841358567515437
-13.560301507537696 1.9822623284048406
-13.557881383463158 1.9805909615086987
-13.556890700993149 1.979899497487402
-13.554350981236153 1.978199347115532
-13.55268252546179 1.9770512238809488
-13.549552290539669 1.9748743718592614
-13.547501732002708 1.9735063249554035
-13.542713567839204 1.9702794854033634
-13.542270686300972 1.9699757838134735
-13.542081688062828 1.9698492462311208
-13.541616869042956 1.9695359037179072
-13.53707837730509 1.9664341750412984
-13.53474699658481 1.9648241206029802
-13.531848967485978 1.9629031665043328
-13.528765996006006 1.9608391000792098
-13.527254896149147 1.9597989949748396
-13.526612157396327 1.9593742723303782
-13.525125628140712 1.9583821492381084
-13.521385481246568 1.9558424827450258
-13.519827947613358 1.954773869346699
-13.516110239259389 1.9523245691132223
-13.515776985325537 1.9521028285423627
-13.512335100482161 1.9497487437185583
-13.510880973346078 1.9487935194603132
-13.50753768844222 1.9465755165498209
-13.505609894448956 1.9452744163742075
-13.504774153223842 1.9447236180904177
-13.502685944463366 1.943337405525031
-13.500336142646887 1.9417560769752296
-13.49730974308408 1.939698492462277
-13.49507022217912 1.9382355000521647
-13.489949748743728 1.9348575750213541
-13.489757220492317 1.9347283749059683
-13.48967608063978 1.9346733668341365
-13.489462335105028 1.9345341057945085
-13.48449184621843 1.931207641927509
-13.48218527669694 1.9296482412059959
-13.479185267441833 1.9276986816641113
-13.47614599899554 1.9257043127065137
-13.474542463642742 1.9246231155778553
-13.473875352700555 1.9241906745334783
-13.472361809045236 1.9231999979551118
-13.468576105703523 1.9206796194759184
-13.466912580568785 1.9195979899497146
-13.463567839195989 1.9174067697659565
-13.463231086378856 1.9171816422262538
-13.462707068702565 1.9168394927089523
-13.45932813357994 1.914572864321574
-13.457930260094294 1.9136710383937023
-13.454773869346743 1.9116150216444314
-13.452593695569561 1.9101706454869145
-13.451662833657494 1.9095477386934334
-13.44917966834802 1.9079493955509408
-13.447248225210206 1.9066727971043038
-13.444027392952085 1.9045226130652928
-13.441920950936597 1.9031697498400515
-13.437185929648251 1.9000994388057189
-13.436549059296317 1.8996794503948475
-13.436266555265876 1.8994974874371522
-13.435543747151563 1.8990282924380981
-13.431213296894798 1.8961788283099983
-13.428645518403222 1.8944723618090116
-13.425851696450986 1.892685588522946
-13.421818922366702 1.8900817882999972
-13.420862023302167 1.889447236180871
-13.42047115361446 1.8891977608480985
-13.419597989949759 1.888635143240288
-13.415120617130984 1.8857013599295236
-13.413187476600752 1.8844221105527303
-13.409726482664599 1.8822174155774931
-13.408003459106355 1.8811093874546154
-13.405410495858115 1.8793969849245897
-13.404356200388015 1.8787266563140905
-13.402010050251267 1.8772208019453016
-13.39897402486161 1.875239295122065
-13.39761343191739 1.8743718592964491
-13.39409430342731 1.872110217346747
-13.39355880588123 1.8717613749168898
-13.389888306940666 1.8693467336683085
-13.388189308248442 1.8682703914695464
-13.384422110552775 1.865861268710673
-13.382777111991738 1.8647916076290354
-13.382061347307486 1.8643216080401679
-13.380115925511578 1.8630912694569686
-13.377372658790549 1.8613106114869495
-13.374299835175385 1.8592964824120273
-13.371973942911886 1.8578279761098546
-13.366834170854283 1.8545523346301298
-13.366533244076715 1.8543573358631917
-13.366397422373176 1.8542713567838867
-13.366043440165397 1.8540454337299197
-13.361139824058197 1.8508731873831987
-13.358565489693122 1.849246231155746
-13.358040201005036 1.8489115107723908
-13.355713355058262 1.8473984814693258
-13.351909593781894 1.8449820662779208
-13.350742791266894 1.8442211055276054
-13.350275038400177 1.8439271606006375
-13.34924623115579 1.8432745907873445
-13.344863443631205 1.8404482049064894
-13.342940369051684 1.8391959798994648
-13.339410597813847 1.8369810352261648
-13.337698425836752 1.8358966069511675
-13.335044104993658 1.8341708542713242
-13.333983768503224 1.8335064322582033
-13.331658291457298 1.8320356693580049
-13.328546471427176 1.8300348200803613
-13.327131146456448 1.8291457286431836
-13.323411723123863 1.8267895662622022
-13.323074577998163 1.8265730925747956
-13.3192915971929 1.824120603015043
-13.317653437198071 1.82309686431811
-13.314070351758806 1.820836863761806
-13.31219168819983 1.819632238403753
-13.311362604271048 1.8190954773869024
-13.309076597548794 1.8176686904697554
-13.306731723730293 1.8161671026240516
-13.30348875902227 1.8140703517587617
-13.301286739251939 1.8126976868468692
-13.296482412060314 1.8096750628497293
-13.295801715023789 1.8092397109981997
-13.295490484882247 1.8090452261306211
-13.294667871219326 1.808526785890339
-13.290353907076575 1.805771101926406
-13.287638904119401 1.8040201005024805
-13.284886217058107 1.8023081734463986
-13.280203456303791 1.7993689702863307
-13.279622864758325 1.79899497487434
-13.279393396405997 1.798852425147433
-13.278894472361822 1.7985396209927762
-13.273943595679498 1.7953843854411495
-13.27174518053453 1.7939698492461993
-13.26845427221731 1.7919276379450624
-13.265692186500866 1.79019776757164
-13.263742581798722 1.7889447236180587
-13.262974041816163 1.788468292431535
-13.26130653266333 1.7874250403505592
-13.257503122647503 1.785006286565869
-13.255754330535362 1.783919597989918
-13.252512562814083 1.781887648563072
-13.251993152293828 1.781555438181635
-13.251118302318831 1.7810086750343475
-13.247821603813113 1.7788944723617774
-13.246525475204601 1.7780925060075594
-13.243718592964838 1.7763399720640454
-13.241034086657466 1.7746363485357426
-13.239836908848583 1.7738693467336368
-13.236500247323473 1.7718069622646757
-13.23552130254281 1.7711863040832183
-13.231862126513127 1.7688442211054962
-13.230049175320577 1.7677246433757157
-13.226130653266345 1.76528259495446
-13.224538406170067 1.7642740232191496
-13.223803425066496 1.7638190954773556
-13.22184029589127 1.7625932790844772
-13.219038698504038 1.7608202426384452
-13.215867172802438 1.758793969849215
-13.213547659685354 1.7573639852442149
-13.208542713567853 1.7542501792361351
-13.208018408728348 1.7539186456037905
-13.20778373876236 1.7537688442210744
-13.207127210963389 1.753364414905513
-13.202531960402997 1.7504610766400361
-13.19983942901926 1.7487437185929338
-13.197022831357025 1.7470099878821728
-13.192379375073914 1.7441256218803796
-13.19174071589822 1.7437185929647931
-13.191491432807881 1.7435652618395014
-13.190954773869361 1.743232153408667
-13.18600288678773 1.7401082922171183
-13.183707864404816 1.7386934673366525
-13.182160804020114 1.7377312255642199
-13.180476439124359 1.736662151635655
-13.177599495085257 1.734877673398337
-13.175699140714565 1.733668341708512
-13.174958689156274 1.733213525998396
-13.173366834170869 1.732226820119104
-13.169453173470979 1.7297614048517689
-13.16769481873703 1.7286432160803713
-13.163910131677762 1.7263200054502619
-13.162775367907471 1.7256170828622572
-13.159629845562229 1.7236180904522307
-13.158406205192986 1.7228674302463425
-13.155778894472377 1.7212409726514446
-13.152884418927492 1.719419957836914
-13.151539346631932 1.71859296482409
-13.14791984353971 1.7163475217004711
-13.14733563511536 1.7159801990122396
-13.1435349141734 1.7135678391959495
-13.14183553040803 1.7125265318719078
-13.138190954773885 1.710272951610337
-13.136298129143286 1.7090835208908368
-13.13544557976813 1.7085427135678088
-13.133044705637571 1.707072356671719
-13.130763558036827 1.705639701293113
-13.127416316425354 1.7035175879396682
-13.125248124036045 1.7021904139509108
-13.120603015075393 1.6993212062386895
-13.119695721962534 1.698751688915201
-13.119273158998672 1.6984924623115276
-13.118133246592157 1.697786814173461
-13.114175530847882 1.6953037607483896
-13.111275912704684 1.693467336683387
-13.108645359111371 1.6918586841878236
-13.103189870164563 1.6884921524231498
-13.103110977583977 1.6884422110552464
-13.103080429609374 1.6884235384173962
-13.1030150753769 1.6883832267979848
-13.097572882522595 1.6849719976711928
-13.095115457824127 1.6834170854271058
-13.092028526083173 1.6815309738828876
-13.088241512901382 1.6791960675769575
-13.086970132554304 1.6783919597989652
-13.08647836396219 1.6780916088607416
-13.085427135678408 1.6774437250880574
-13.080956860960308 1.6746440555188533
-13.078870225441818 1.6733668341708245
-13.076633165829161 1.6719849866118839
-13.075398836023963 1.6712069370153824
-13.07326381202767 1.6698915988420424
-13.070811316391142 1.668341708542684
-13.069863599202256 1.6677633076220157
-13.067839195979916 1.6665165614842472
-13.06432863595312 1.664319600065057
-13.06274090658329 1.6633165829145433
-13.058757423461273 1.6608862494345873
-13.05825896465983 1.6605793739659473
-13.05463606452201 1.6582914572864027
-13.053237264185022 1.657438312171089
-13.050251256281424 1.6556005549177923
-13.047689301791861 1.6539983186552805
-13.046491766333327 1.653266331658262
-13.043248268835143 1.6512654781021823
-13.042124772501426 1.6505630585386921
-13.038445815314683 1.6482412060301215
-13.036600413169625 1.6471163212910662
-13.032663316582932 1.6446946091064127
-13.03103987953501 1.6436799195585303
-13.030304713280794 1.6432160804019809
-13.028222780442151 1.6419473557903288
-13.025490800919982 1.6402402449632545
-13.022241912349566 1.6381909547738402
-13.01995402788201 1.6367970544888202
-13.01507537688444 1.633797709504596
-13.014381318962089 1.6333641314092278
-13.014056542321283 1.6331658291456996
-13.013175839001937 1.632623104036413
-13.008847828539817 1.6299200030445933
-13.006281407035193 1.628353338298889
-13.005940064866872 1.628140703517559
-13.003299044428372 1.6264802443054371
-12.998116146119528 1.6232952090132988
-12.997831173049832 1.6231155778894184
-12.997721389655965 1.6230487343265558
-12.997487437185947 1.6229049904180908
-12.992197000153789 1.6196020056990372
-12.989798626900457 1.6180904522612778
-12.986636728980562 1.6161655289775334
-12.983060284196005 1.6139684085498658
-12.98162712905262 1.6130653266331372
-12.981075246536498 1.6127293983334106
-12.979899497487455 1.6120072067410982
-12.975539389338316 1.6092859461904645
-12.973497322683563 1.6080402010049966
-12.971105527638208 1.6065675074416887
-12.969967859590088 1.605852686204675
-12.967988524109856 1.604637065754254
-12.965413743953725 1.603015075376856
-12.964422592446274 1.602411922617624
-12.962311557788963 1.6010201786757392
-12.959041515263857 1.5989242476130316
-12.957705145820283 1.5979899497487153
-12.95443156044366 1.5957385219357718
-12.953905642805104 1.5953665141159634
-12.950545505506042 1.5929648241205747
-12.948829983189603 1.5917915769493947
-12.944723618090471 1.5889551981039975
-12.943696812708431 1.5882330714587312
-12.943269224704794 1.587939698492434
-12.942241194547217 1.5872304346229331
-12.938579913910337 1.58466991691576
-12.936095541190278 1.5829145728642935
-12.933435328732868 1.5811146727668959
-12.929849885355802 1.578664934940103
-12.928746260641388 1.5778894472361529
-12.928266349447204 1.5775663983632313
-12.927135678391979 1.5767978777112948
-12.92311211085971 1.5740139123315178
-12.921467324719078 1.5728643216080123
-12.917903197291713 1.5704770477228047
-12.917261628726163 1.5700431645606363
-12.914091903914828 1.5678391959798716
-12.912728536048473 1.5669303967355894
-12.909547738693487 1.564789769280372
-12.907512415903097 1.5633955911489847
-12.90664245189871 1.562814070351731
-12.90449672499073 1.5613709235795152
-12.90228586374747 1.5598637661367372
-12.899272180166127 1.5577889447235904
-12.897064087517405 1.5563305765743305
-12.891959798994995 1.5529274518804783
-12.89179009918913 1.5528123047542683
-12.891719339691129 1.5527638190954498
-12.891534578602736 1.5526423275548042
-12.886559297360106 1.5492816939344207
-12.884297079140229 1.5477386934673092
-12.881281779400453 1.5457644305804665
-12.878412012306748 1.5438678972706672
-12.876712055830767 1.5427135678391686
-12.87599903757723 1.5422486597589602
-12.874371859296502 1.5411778428857597
-12.870719368726428 1.5387320109453348
-12.869122708594775 1.537688442211028
-12.865577889447255 1.535356065379613
-12.86538963544272 1.535229666255396
-12.865098643580733 1.5350389520065226
-12.861570073314065 1.5326633165828873
-12.860103719977609 1.5317148021887164
-12.85678391959801 1.5295476829845693
-12.854773696674968 1.5282125403613307
-12.85391711512806 1.5276381909547467
-12.85163348499659 1.5261666382114836
-12.849435611742493 1.524712581856754
-12.846291912419156 1.5226130653266061
-12.844106536312827 1.521210049208518
-12.839195979899518 1.5180288715054155
-12.83872927560112 1.5177212837837226
-12.838522017357512 1.5175879396984655
-12.837990366206034 1.5172434786431843
-12.833388820905071 1.514222002354452
-12.830885447817233 1.512562814070325
-12.828014147208105 1.5107324977825876
-12.824196922642198 1.5082773691396625
-12.823076804564645 1.5075376884421843
-12.822621157485571 1.5072482263608853
-12.821608040201026 1.5065988724657906
-12.817250192545847 1.5037576621440953
-12.815358023172791 1.5025125628140437
-12.81183269104705 1.5002803940870395
-12.810244457104634 1.4992658247865034
-12.807532477532654 1.497487437185903
-12.80643792817963 1.496796629278161
-12.804020100502534 1.495257169281146
-12.801025588261384 1.4933178864838057
-12.7996724593429 1.4924623115577624
-12.7961363633231 1.4902098152207817
-12.795577822745923 1.4898492652886537
-12.791875053688964 1.4874371859296218
-12.790171669920113 1.4863687547536015
-12.786432160804042 1.4840026450898058
-12.784720430150887 1.4829011262023828
-12.783967294115909 1.4824120603014812
-12.781894001044206 1.4811154432272424
-12.779271331403477 1.4794328859306454
-12.776110875429293 1.4773869346733406
-12.773827574075595 1.475963119539042
-12.76884422110555 1.4728286370032002
-12.768339744218089 1.47250594529876
-12.768108976839493 1.4723618090452
-12.767497782497767 1.4719771123001193
-12.762889599977546 1.469038003739346
-12.760157876374853 1.4673366834170594
-12.760050251256303 1.4672691325103075
-12.75741046009746 1.465578346648373
-12.752970646696161 1.4628013764429486
-12.752207326929344 1.4623115577889187
-12.751906805133503 1.462125693867077
-12.751256281407057 1.461719913778932
-12.746436809651831 1.458663424090843
-12.744284594661185 1.4572864321607781
-12.740923809392607 1.4552134413939095
-12.738309849096675 1.4535874515006686
-12.73623145952511 1.4522613065326375
-12.735418642590925 1.4517612205662491
-12.733668341708565 1.4506752656568542
-12.729916106388337 1.4483082481388472
-12.72817587528597 1.447236180904497
-12.724874371859318 1.445185967806685
-12.72437149429778 1.4448672973937233
-12.723508981956819 1.4443335066897127
-12.720165164043662 1.4422110552763563
-12.71886543725159 1.4414153309216369
-12.716080402010073 1.4396959423730626
-12.71333233819773 1.4379710907374568
-12.712092230108983 1.4371859296482157
-12.708586874398833 1.4350449217592898
-12.707771935945935 1.4345346514669721
-12.70401341410325 1.432160804020075
-12.702251133162212 1.4310868980627518
-12.698492462311581 1.4287773296582564
-12.6966892056471 1.4276508945817863
-12.695844705959976 1.4271356783919344
-12.693548099082584 1.4257230031836494
-12.691127972020528 1.4242146928469515
-12.687780710050072 1.4221105527637938
-12.685579234828174 1.4207749207023408
-12.680904522613089 1.4179153065110128
-12.67999010626629 1.4173466889490243
-12.679573542764292 1.4170854271356532
-12.678384025621671 1.416365285138105
-12.674428113451672 1.41391070412506
-12.671471262020217 1.4120603015075126
-12.668853012798321 1.410478464397877
-12.663316582914597 1.407106091838716
-12.663238211765224 1.4070575676363353
-12.663201185457563 1.407035175879372
-12.663099468699755 1.4069731432465602
-12.657675510616235 1.4036217851936206
-12.655089036221701 1.4020100502512314
-12.652075523050131 1.4001966560129384
-12.64771869848494 1.3975535118427578
-12.6468043797373 1.3969849246230908
-12.646457605240943 1.3967766497588512
-12.645728643216104 1.3963352666301176
-12.64087310980444 1.393347094255426
-12.638637772359967 1.3919597989949501
-12.635249624390656 1.389928678745509
-12.63222764842624 1.3881023719121313
-12.63034249814562 1.3869346733668095
-12.629630950039477 1.3865088886462766
-12.628140703517612 1.3856099221703353
-12.624023669506066 1.383085843170539
-12.622059478074425 1.381909547738669
-12.619346733668365 1.3802709006524303
-12.618377994100271 1.37967376765834
-12.61662855784188 1.3786203632598886
-12.613815488476954 1.3768844221105283
-12.612758575331382 1.376254190249882
-12.61055276381912 1.3749282971014152
-12.607129775068179 1.372837293268371
-12.605542050275833 1.3718592964823877
-12.601463142017025 1.3694312056548466
-12.600925682805318 1.369108701907015
-12.597226656108855 1.366834170854247
-12.59584297898557 1.3660118408928357
-12.592964824120628 1.3642876511964834
-12.590193851905648 1.3626007515732441
-12.588862585556434 1.3618090452261065
-12.5851326076057 1.3595712690789847
-12.584517524698127 1.3591974337186805
-12.580579125690088 1.3567839195979658
-12.57888650596379 1.3557811705860647
-12.575376884422136 1.3536854469117614
-12.573218177423229 1.3523755673980844
-12.572210049935242 1.3517587939698252
-12.569251165185431 1.3500085884736235
-12.567541004266754 1.348972491243222
-12.563875852757546 1.3467336683416846
-12.561891359522043 1.3455615498278561
-12.557788944723644 1.3431193312019554
-12.556204891788653 1.3421611292663984
-12.555439037210222 1.341708542713544
-12.553276951783538 1.3404194018735138
-12.550526852677194 1.338758300527246
-12.547119634330599 1.3366834170854034
-12.544859611341952 1.3353523867091743
-12.540201005025152 1.3325871193565382
-12.53915600767954 1.3319568621274378
-12.538664976735744 1.3316582914572628
-12.537213718692012 1.330804781076366
-12.533477076075622 1.3285542883861305
-12.530313118581178 1.3266331658291222
-12.527793210705555 1.325153124292295
-12.52261306532666 1.3220867806038967
-12.522073419112633 1.3217622248335603
-12.52181101609822 1.3216080402009815
-12.521065088737126 1.3211657611754006
-12.516393562983644 1.3183599152422731
-12.51345881366792 1.316582914572841
-12.510693992813842 1.3149632382340766
-12.505025125628167 1.3116164252653864
-12.504958915058722 1.3115767062502561
-12.50492764334572 1.3115577889447003
-12.504834604867856 1.3115033544417543
-12.499278580536568 1.308174533342731
-12.49656100294136 1.3065326633165597
-12.493565000392095 1.3047818591844393
-12.488543170673184 1.3018235333294221
-12.48801949743581 1.301507537688419
-12.487828134249014 1.3013958381686077
-12.487437185929675 1.3011658023230037
-12.482136289167522 1.297996953992322
-12.479543231081095 1.2964824120602785
-12.478643216080428 1.2959518840582502
-12.476409282400148 1.2946081160120029
-12.472182732351737 1.292123996752296
-12.471075145575526 1.2914572864321379
-12.4706717462902 1.2912222864152758
-12.469849246231183 1.2907394038623314
-12.464966604906326 1.2878272011825285
-12.462646460607866 1.2864321608039972
-12.459226661782349 1.2844420593040953
-12.455752302263408 1.2824044625274897
-12.454091606431154 1.2814070351758566
-12.453488475330385 1.2810564155193722
-12.45226130653269 1.2803374753743775
-12.447770820245749 1.277664905629699
-12.445564574328804 1.276381909547716
-12.443467336683444 1.2751509239447678
-12.442018703932206 1.2742832418054277
-12.439255268878119 1.272665898789267
-12.437071025848155 1.2713567839195754
-12.436279888540563 1.2708977777177575
-12.434673366834199 1.2699584675083857
-12.430550462217726 1.2675096310389984
-12.428583068494362 1.2663316582914348
-12.424786896720748 1.2641312384099948
-12.4226949228716 1.2629092457306923
-12.420015496706121 1.2613065326632942
-12.419047475930917 1.260745947293234
-12.417085427135707 1.25960092157609
-12.413306982793797 1.257360962561413
-12.411443329141992 1.2562814070351536
-12.40829145728646 1.2544384189369806
-12.407532654985628 1.2539856448784636
-12.406074458351336 1.2531354159539054
-12.402927019268754 1.251256281407013
-12.40179265473063 1.2506005193231795
-12.399497487437214 1.2492634631221406
-12.396041763081735 1.2472185055947236
-12.394386554111106 1.2462311557788723
-12.390257324550168 1.2438460766898878
-12.389396973762803 1.2433452947290409
-12.385807505399454 1.2412060301507317
-12.384516773303277 1.2404611085608588
-12.381909547738722 1.238944796197062
-12.378756117071255 1.2370818847132954
-12.377195349278505 1.236180904522591
-12.373115577889475 1.233803388373925
-12.372962185804418 1.2337121680185374
-12.37266547247005 1.233539740160114
-12.3686587822936 1.2311557788944505
-12.367221114628592 1.2303273484406327
-12.36432160804023 1.2286436982696278
-12.361451294958028 1.2269507427183672
-12.36007191604924 1.2261306532663099
-12.355886442771638 1.2237206060467116
-12.355652140319235 1.2235825184155962
-12.351482595749767 1.2211055276381693
-12.349906899377055 1.2201988901995078
-12.346733668341738 1.2183590157242703
-12.344128486071034 1.216824739801658
-12.342835115117804 1.2160804020100286
-12.339063179014337 1.2138888336307714
-12.338328817838097 1.2134566622400706
-12.334280612998334 1.211055276381888
-12.332575288599871 1.2100754021085658
-12.329145728643246 1.2080896598967321
-12.32678882142455 1.206703552816232
-12.325652848506119 1.2060301507537474
-12.322193894371011 1.2040439123902518
-12.320988679034283 1.2033356107281676
-12.317054425102585 1.2010050251256068
-12.315274767461222 1.199943031263759
-12.311557788944754 1.1976626972360211
-12.309691094199986 1.1965132408531138
-12.308822058578588 1.1959798994974662
-12.30647256271965 1.1945269777188656
-12.304149340802976 1.1930714733384047
-12.300798787731374 1.1909547738693256
-12.298618538552647 1.1896265769246437
-12.293969849246261 1.1867719405295976
-12.293044397770466 1.1861940629485552
-12.292624442249638 1.185929648241185
-12.291429023079942 1.1852036979079505
-12.287494209075032 1.1827547055191099
-12.284545908779487 1.1809045226130443
-12.281928308529615 1.1793198371896603
-12.27638190954777 1.1759354714527346
-12.27632002685227 1.1758970777550468
-12.27629083837797 1.1758793969849037
-12.27621073214856 1.1758304891565583
-12.270761451697096 1.1724601164569552
-12.268186177958174 1.1708542713567631
-12.2651625711534 1.1690346709841561
-12.260842363697467 1.16641440111382
-12.259900899945826 1.1658291457286225
-12.259543851560947 1.1656148938110027
-12.258793969849277 1.1651614081827066
-12.253955247162812 1.162186512296615
-12.251723954620108 1.160804020100482
-12.248325137442421 1.1587699894457284
-12.245307967516158 1.1569508765767331
-12.243410897811762 1.1557788944723413
-12.2426970742451 1.1553528818739656
-12.241206030150785 1.1544563972342585
-12.237077798702 1.151933263543853
-12.235101462881815 1.1507537688442007
-12.232412060301538 1.1491355060387018
-12.231418108797685 1.1485251921740884
-12.22960869245735 1.1474402437889335
-12.22682270118324 1.14572864321606
-12.225781312713295 1.1451105797129166
-12.223618090452293 1.1438169196700025
-12.220133913428718 1.1416989967375129
-12.218509128868368 1.1407035175879194
-12.21444687385013 1.1382987395603967
-12.213753188993854 1.1378849743140798
-12.210142087095992 1.1356783919597788
-12.2088012819407 1.1348866401920938
-12.2060301507538 1.133237907730729
-12.203127467036644 1.13148260453654
-12.201723094165171 1.1306532663316382
-12.197751099079676 1.1282878229961746
-12.197420090946315 1.1280881577913506
-12.193373469794627 1.1256281407034976
-12.191760266551753 1.1246801248473703
-12.188442211055309 1.1227156226590056
-12.186061644671057 1.1212831768994285
-12.184940022671338 1.120603015075357
-12.181611003255293 1.1186512414182097
-12.180345114314452 1.1178913456588901
-12.176520842674204 1.1155778894472164
-12.174661336223902 1.1144901566280492
-12.170854271356816 1.1122466296350462
-12.168939424331038 1.111099862969298
-12.168004031618722 1.1105527638190758
-12.165327298458399 1.1089736287052423
-12.163213626070371 1.1077106797013476
-12.15958797584258 1.1055276381909351
-12.157507364470321 1.104315914530364
-12.153266331658324 1.101827766123491
-12.151763594917906 1.1009318659172003
-12.151048896893352 1.1005025125627945
-12.148904432417288 1.0992562556367842
-12.14602840120345 1.097545367064618
-12.142578433639459 1.095477386934654
-12.14030104556968 1.0941566287604116
-12.135678391959832 1.0914561140155454
-12.134536772511419 1.0907784382917747
-12.133974184478818 1.0904522613065133
-12.132346733602844 1.0895003589188024
-12.128792044714139 1.087394663462856
-12.125495590648468 1.0854271356783727
-12.123044909855889 1.0840115763656444
-12.11809045226134 1.0811289750429882
-12.117261415076564 1.0806388778173108
-12.116863739645195 1.080402010050232
-12.115658418108067 1.0797071431492968
-12.11150700599143 1.077257869070638
-12.108342646355203 1.0753768844220915
-12.105741337553084 1.0738800772820243
-12.100502512562848 1.0708438490216485
-12.099939835777398 1.0705125235897937
-12.09966032117627 1.0703517587939508
-12.098843596233825 1.0698777826999448
-12.094175591840163 1.067134324800863
-12.091122638586318 1.0653266331658102
-12.088392571317241 1.0637614907507
-12.082914572864356 1.0605984145492346
-12.08257421505179 1.0603987526269743
-12.08240967163365 1.0603015075376696
-12.081906278796957 1.0600134235184129
-12.07679997830602 1.057023408926196
-12.073838455848906 1.055276381909529
-12.071000727625332 1.0536552120639673
-12.065326633165864 1.0503905118384615
-12.065166611581413 1.0502969767340886
-12.065086536420846 1.0502512562813884
-12.064850383174226 1.0501151848552066
-12.059382221427287 1.0469245340071263
-12.056492848675534 1.0452261306532478
-12.053567807135167 1.0435606696053057
-12.047738693467371 1.0402181274133149
-12.047718972274412 1.0402066396516672
-12.047709370052388 1.0402010050251072
-12.047679739092874 1.0401841609181082
-12.041924267026387 1.0368371440943909
-12.039088440068056 1.0351758793969665
-12.036095704123712 1.033477322152729
-12.03040043883365 1.03022209235876
-12.030278460206759 1.030150753768826
-12.03023565414305 1.0301264965190624
-12.03015075376888 1.0300780465437187
-12.02442795964012 1.0267607121774738
-12.021540518476753 1.0251256281406853
-12.021356783919632 1.025020612756018
-12.018586215098217 1.0234046564184478
-12.013013351151235 1.0202292273927869
-12.0127925493989 1.0201005025125447
-12.012715390886603 1.0200569091364828
-12.012562814070387 1.0199701014215456
-12.006895050675267 1.0166947378544382
-12.004112897497142 1.015075376884404
-12.001040947051141 1.0133422132617627
-11.995520634231314 1.0102061826446684
-11.995252328849984 1.0100502512562635
-11.99515896816522 1.0099976530295987
-11.994974874371895 1.0098932220825265
-11.9893264606024 1.006638958133692
-11.986459208737799 1.0050251256281229
-11.986180904522648 1.0048670001547197
-11.983460618483479 1.0032897873966728
-11.977923493330445 1.0001533024734233
-11.977658930617203 0.9999999999999822
-11.977567232801125 0.9999484862492043
-11.977386934673403 0.999846498024703
-11.97172369374432 0.9965929432087224
-11.96892732420065 0.9949748743718416
-11.965847167159493 0.9932468251762465
-11.960227131181956 0.9900720733742849
-11.960015434105443 0.989949748743701
-11.959942338165785 0.9899087935463085
-11.95979899497491 0.9898279261495597
-11.954088574120266 0.9865561719311726
-11.951173822084254 0.9849246231155604
-11.951005025125664 0.9848292332039108
-11.948202146344684 0.9832128828103421
-11.942434757186001 0.9799634123187291
-11.942323846903133 0.9798994974874198
-11.942285690969252 0.9798781730037529
-11.942211055276418 0.9798361748395257
-11.93642246723223 0.9765282541576186
-11.93354876797889 0.9748743718592792
-11.93052688608779 0.9731875802850327
-11.924623115577926 0.9698695971239681
-11.924599353653242 0.9698560353524766
-11.924587542161659 0.9698492462311386
-11.924550148836751 0.9698283985908027
-11.918726671146725 0.9665088190119127
-11.915792037691379 0.9648241206029979
-11.912822651140619 0.9631705562426589
-11.907035175879434 0.9599257263543137
-11.906886962515772 0.9598413416501899
-11.906813107190645 0.9597989949748573
-11.90657856308036 0.9596685341751217
-11.90100242123126 0.9564975135319091
-11.897992693025879 0.9547738693467167
-11.895090645534125 0.9531614666743788
-11.889447236180942 0.9500046654847578
-11.889147468583651 0.9498343916035159
-11.888993143535243 0.9497487437185761
-11.888520817828887 0.9494840527608464
-11.883250894516795 0.9464940014230487
-11.88015240667492 0.9447236180904355
-11.877332016795078 0.9431599837153986
-11.87185929648245 0.9401053801312118
-11.87138199066284 0.9398348655536113
-11.871143045930419 0.9396984924622949
-11.870379755282743 0.9392757664052356
-11.86547321372255 0.9364979619084108
-11.862272782871774 0.9346733668341543
-11.859547859838292 0.9331657945329157
-11.854271356783958 0.9302268927451403
-11.853591596595729 0.9298424584026499
-11.853240126519616 0.9296482412060136
-11.852158151257132 0.9290444681983496
-11.847670450975983 0.926509088665866
-11.844355361709829 0.924623115577873
-11.841739220565993 0.9231786002977218
-11.836683417085466 0.9203682781802973
-11.835777306744205 0.9198568786186643
-11.835321775710035 0.9195979899497324
-11.833858717972133 0.9187909330602082
-11.829843631257665 0.9165270888438206
-11.82640162317664 0.9145728643215918
-11.823907099203002 0.9131981152312978
-11.819095477386973 0.9105286596416811
-11.817940097219026 0.909877847312865
-11.817340336286028 0.9095477386934512
-11.81548410676445 0.9085159185155876
-11.81199373559814 0.9065516821478345
-11.808412990930076 0.9045226130653106
-11.806052453393796 0.9032240657209343
-11.801507537688481 0.9007072049756948
-11.800080902880705 0.8999050973822484
-11.799360909662283 0.89949748743717
-11.797036910735686 0.898220165450657
-11.794121704051394 0.8965825999910546
-11.790390835842034 0.8944723618090293
-11.78817620108534 0.8932561894960722
-11.78391959798999 0.8909031232649731
-11.78220062013492 0.8899383727109083
-11.781305058173155 0.8894472361808887
-11.778519667352635 0.8879043988559303
-11.776228438467639 0.8866195847019913
-11.772336479333587 0.8844221105527481
-11.77027922321753 0.883294234859596
-11.766331658291497 0.8811156616951532
-11.764300109543674 0.8799774274239853
-11.763271215128709 0.8793969849246075
-11.759934861015799 0.8775693285601225
-11.758314805086249 0.8766623887836804
-11.754251237995623 0.8743718592964669
-11.752362389588383 0.8733379532977876
-11.748743718593005 0.8713440706368001
-11.746380314562666 0.8700219919627088
-11.745145000692649 0.8693467336683263
-11.74128577973978 0.8672158939959766
-11.740381942048366 0.8667106870529393
-11.736136915936044 0.8643216080401857
-11.734426947068494 0.8633869885619054
-11.731155778894513 0.861587256422558
-11.728442378432213 0.8600717396869877
-11.727063800202565 0.859296482412045
-11.72257505628992 0.8568448473821606
-11.722430648066265 0.8567642513062612
-11.717994379143068 0.8542713567839044
-11.716473362266283 0.8534412073352575
-11.71356783919602 0.8518449672236414
-11.710486650381574 0.850126570817034
-11.708871323880434 0.8492462311557638
-11.704773869346774 0.8469904791979612
-11.704470847923847 0.8468202458911014
-11.703813168640394 0.8464591824255852
-11.699824549516869 0.8442211055276232
-11.698502288174353 0.8435004230485301
-11.695979899497528 0.8421165892569089
-11.692513853111555 0.8401862788669039
-11.690747735268253 0.8391959798994826
-11.686496462081937 0.8368804078186534
-11.684995804502407 0.8360576670437334
-11.68162851377569 0.834170854271342
-11.680514435176422 0.8335644327349456
-11.678391959799036 0.8324015373118732
-11.674524680280959 0.8302506656483661
-11.672491701552497 0.8291457286432014
-11.66959798994979 0.8275569124080429
-11.668506095372619 0.8269451357083231
-11.666123118988816 0.8256403455545671
-11.663407318755521 0.8241206030150607
-11.662510485287488 0.8236330415330766
-11.660804020100544 0.8226992530725008
-11.656519797871647 0.8203195408808908
-11.654330978264147 0.8190954773869201
-11.650500398092664 0.8170142437610313
-11.647197208898517 0.8152078170434836
-11.645161972950275 0.8140703517587795
-11.64449109344179 0.8137060623188539
-11.643216080402052 0.8130092035949588
-11.638499845424214 0.8103927218385927
-11.6360144285885 0.8090452261306389
-11.634422110552805 0.8081730662226745
-11.632479994716796 0.8070875535554283
-11.62822011476821 0.8047606645209697
-11.626893447894682 0.8040201005024983
-11.626456888655945 0.803783315373245
-11.62562814070356 0.8033308799289554
-11.620465437152323 0.8004700330318535
-11.617821438069221 0.7989949748743577
-11.614445484964671 0.7971648937430427
-11.609193820995207 0.7942994549576854
-11.608602679397931 0.793969849246217
-11.608408475074876 0.7938646280834147
-11.608040201005068 0.793663795871657
-11.602417162943071 0.7905513059215039
-11.599447202367225 0.7889447236180764
-11.59924623115582 0.788834887096427
-11.596397444756951 0.7872460997751123
-11.590452261306575 0.7840056977445853
-11.59034963235634 0.7839489205471466
-11.590296985163171 0.7839195979899358
-11.590123370498503 0.7838256291876293
-11.584355589249954 0.7806363786636874
-11.581226452340447 0.7788944723617952
-11.578336427066866 0.7773310136592864
-11.572864321608083 0.7743514672929086
-11.572289255534818 0.7740336513260164
-11.571985048177764 0.7738693467336546
-11.57101877147096 0.7733420466944763
-11.5662812598845 0.7707250958836811
-11.562899062826782 0.768844221105514
-11.560262962673047 0.7674194837445265
-11.555276381909591 0.7647069051222326
-11.554216734278441 0.7641218519434165
-11.553672048012928 0.7638190954773734
-11.551871000729037 0.7628461294257862
-11.548194696712056 0.7608173084771002
-11.544552821758055 0.7587939698492328
-11.542177560818944 0.7575113645327063
-11.537688442211099 0.7550716151858099
-11.536132565448986 0.7542133804388387
-11.535307960888243 0.7537688442210921
-11.532681799216782 0.7523383747941441
-11.530096400256754 0.7509128734370494
-11.526188499566839 0.7487437185929515
-11.524080709783663 0.747606516515507
-11.520100502512607 0.7454452193344139
-11.51803722530803 0.7443081007375474
-11.516974705918663 0.7437185929648109
-11.51345285038512 0.741819263785529
-11.511986850220286 0.7410116537059057
-11.507806835943281 0.7386934673366703
-11.505972877368704 0.7377048060353593
-11.502512562814115 0.7358273566920239
-11.499931234472133 0.7344058640919533
-11.498560873766122 0.7336683417085297
-11.494186458440737 0.731289454744708
-11.493866729160706 0.731113454267077
-11.489409213197655 0.7286432160803891
-11.487854980528791 0.7278059711051981
-11.484924623115623 0.7262171923520446
-11.481815574295132 0.7245063901152458
-11.480212022283476 0.7236180904522485
-11.475748803657213 0.7212146275265106
-11.474897353691661 0.7207531563311163
-11.470996344580078 0.7185929648241078
-11.469727439565732 0.7179098916387936
-11.46733668341713 0.7166145972468962
-11.463690405187926 0.7146096329757397
-11.461751849869893 0.7135678391959672
-11.458542713567883 0.7118251441188255
-11.457626055949708 0.7113171785585184
-11.4555790986487 0.7102085292621299
-11.452568729309634 0.7085427135678266
-11.451590537727876 0.7080164867080443
-11.449748743718638 0.7070192843191547
-11.445556124873448 0.7047154790383114
-11.443390630963615 0.703517587939686
-11.439494441524753 0.7014222629383706
-11.436228941256328 0.6996547872361685
-11.43412705321333 0.6984924623115454
-11.433444725960191 0.6981256274715326
-11.432160804020146 0.6974309103798584
-11.427413175127409 0.6948238020813298
-11.42488578316159 0.6934673366834048
-11.4233668341709 0.6926435329951284
-11.421354393155513 0.6915297570165881
-11.416848506005042 0.6890923943933753
-11.415672014600101 0.6884422110552642
-11.415290442077897 0.6882371888391949
-11.414572864321654 0.6878491431199327
-11.409261984870694 0.6849344795559693
-11.406515485340055 0.6834170854271235
-11.40320633102694 0.6816395407403295
-11.397439379477127 0.6785218040429726
-11.397204292362371 0.6783919597989829
-11.397128111172519 0.6783510493563094
-11.396984924623162 0.6782736606502668
-11.391102970557277 0.6750473924753804
-11.388059430465546 0.6733668341708423
-11.385050663105956 0.6717514975476178
-11.37939698492467 0.6686966178062983
-11.378971471281229 0.6684632838693991
-11.378751236655757 0.6683417085427017
-11.37801626417139 0.6679472168989076
-11.37293653651635 0.6651624253169386
-11.369591910704822 0.6633165829145611
-11.366887785466783 0.6618655142743881
-11.361809045226178 0.6591226458548771
-11.360812173797989 0.6585762776944746
-11.360280482078583 0.6582914572864205
-11.358572065532652 0.6573666059454135
-11.354763075249993 0.6552794659371894
-11.351113545747664 0.6532663316582799
-11.348718082572626 0.651981481074011
-11.344221105527685 0.6495539150011327
-11.342646248679184 0.6486911651297111
-11.341830352193064 0.6482412060301392
-11.339103956632407 0.6467791634886311
-11.336582967687376 0.6453984054992299
-11.33262493746883 0.6432160804019986
-11.330541927514593 0.6420992913490275
-11.326633165829193 0.6399901488598951
-11.324474061303246 0.6388078417812713
-11.323321461863594 0.638190954773858
-11.319613358089462 0.6361852954196499
-11.318396583396208 0.6355191384122847
-11.314126670129841 0.6331658291457174
-11.312359682208488 0.6322188416949217
-11.309045226130701 0.6304310796382886
-11.306295966052952 0.6289262063969341
-11.304870457414122 0.6281407035175768
-11.30020570869842 0.62564115429866
-11.30010306709446 0.6255858009357933
-11.295619310520186 0.6231155778894362
-11.294171697549688 0.6223400318558712
-11.291457286432209 0.620876447925351
-11.288112306456366 0.619046160825822
-11.286325308262871 0.6180904522612956
-11.282663316582962 0.6161111746570302
-11.282026380042371 0.6157598713159658
-11.280589999202979 0.614985513052944
-11.27710340803721 0.6130653266331549
-11.275978313526117 0.6124627646924692
-11.273869346733717 0.6113260025183189
-11.269923415286204 0.6091676099900178
-11.267875998820616 0.6080402010050143
-11.263841983772602 0.6058800362229064
-11.261058667410126 0.6043800069125602
-11.258579494703305 0.6030150753768737
-11.257779859288814 0.6025869461615629
-11.256281407035225 0.6017795002851969
-11.251729567246485 0.5992904754026585
-11.249296262251788 0.5979899497487331
-11.247487437185978 0.5970129021798627
-11.245652670607988 0.5960016059569453
-11.241509243812619 0.5937693316851318
-11.240047443280135 0.5929648241205925
-11.239576236037044 0.5927126044919317
-11.238693467336732 0.5922370797503209
-11.233530521514338 0.5894148258702794
-11.230849856997894 0.5879396984924519
-11.227458246978394 0.586124635823837
-11.221941961586435 0.5831535539923669
-11.221507614243505 0.5829145728643113
-11.221367652171097 0.5828396801406379
-11.22110552763824 0.5826985177656416
-11.215326802473076 0.5795405115690748
-11.212311557788993 0.5779299125018991
-11.212237320308617 0.5778894472361706
-11.209259381046577 0.576248934919934
-11.203517587939748 0.5731571782244638
-11.203165653383254 0.5729648743384574
-11.202982851883025 0.57286432160803
-11.202369886062302 0.5725364067859022
-11.197118751228015 0.569667435040385
-11.193794666798194 0.5678391959798894
-11.191056304798071 0.566374436963657
-11.185929648241256 0.563614551342857
-11.18496753599451 0.5630889595651052
-11.184452724400387 0.5628140703517488
-11.18279102736457 0.5619173215298385
-11.178906591748934 0.559795532292843
-11.175257403326537 0.5577889447236082
-11.172849234363229 0.5565010802034749
-11.168341708542764 0.5540750137540069
-11.166765534995795 0.5532141543946016
-11.165946465913455 0.5527638190954676
-11.163198302356962 0.5512942744709521
-11.16069053168104 0.5499247439992478
-11.15671414028232 0.547738693467327
-11.15463836956066 0.546628807548359
-11.150753768844272 0.5445384225154326
-11.148559842454148 0.5433404039506504
-11.147385423965014 0.5427135678391863
-11.143592478670886 0.5406674849325048
-11.142470761846987 0.5400550156388411
-11.138165178003334 0.5376884422110457
-11.136423893386134 0.5367575667138018
-11.13316582914578 0.5350046467396545
-11.130350633609618 0.5334676581646658
-11.128887136417536 0.5326633165829051
-11.124251242276808 0.5301852157744706
-11.123978021916658 0.5300382288031562
-11.119610788342275 0.5276381909547645
-11.11820597144674 0.5268873103834926
-11.115577889447287 0.5254735679592217
-11.112138066296962 0.5235958719410023
-11.110296078644918 0.5226130653266239
-11.10678391959804 0.5207190826139492
-11.106043999426278 0.5203119082759144
-11.104367377426257 0.5194100618920441
-11.101051213606596 0.5175879396984833
-11.09998475134007 0.5170179963866905
-11.097989949748795 0.515945080532985
-11.09392228031286 0.5137250053377524
-11.091806990041253 0.5125628140703427
-11.08783361425637 0.5104394985828948
-11.08474560449671 0.5087787154268897
-11.082486665410466 0.507537688442202
-11.081760361978375 0.5071495878913241
-11.080402010050303 0.506419092093271
-11.075703396728514 0.5038550237631441
-11.073186603370903 0.5025125628140614
-11.071608040201056 0.5016615412352516
-11.069620200057326 0.5005679543267707
-11.065113157782713 0.498144319309036
-11.063917323438336 0.4974874371859208
-11.063532912857648 0.4972820536128246
-11.062814070351811 0.49689552403350756
-11.057481517147778 0.49398589818750427
-11.054707680105036 0.4924623115577802
-11.051403850598316 0.49069724871635234
-11.045470407398 0.48750697928526243
-11.045343334119954 0.4874371859296396
-11.045302493271928 0.48741536803860797
-11.045226130653319 0.4873743120356915
-11.03925672291106 0.4841176053707157
-11.036151216577288 0.48241206030149897
-11.03318463932127 0.4808273607682292
-11.027638190954827 0.47784552731082997
-11.027086497185447 0.4775445614646099
-11.026799466514206 0.47738693467335835
-11.025834895109803 0.4768717072890656
-11.021029074245615 0.4742501281049929
-11.017590347690053 0.47236180904521774
-11.014962618481832 0.4709582755522188
-11.010050251256335 0.4683176362713404
-11.008870058545705 0.4676738813343997
-11.008237616381518 0.4673366834170771
-11.006191951868008 0.4662343121632695
-11.00279860936312 0.46438345547271176
-10.999025270552625 0.4623115577889365
-10.996737893961809 0.4610899628163745
-10.992462311557842 0.4587918253380927
-10.99065106442764 0.4578039313408544
-10.989708539283805 0.4572864321607959
-10.986540288267923 0.4555944255065336
-10.98456568456215 0.4545174856742813
-10.980456285937999 0.4522613065326553
-10.978510751462421 0.4512223409317775
-10.97487437185935 0.4492679612490935
-10.9724296299626 0.44793467858930036
-10.971119307562024 0.44723618090451467
-10.96687992531374 0.44495205332005483
-10.9663301783034 0.4446522534352164
-10.961883339763308 0.44221105527637405
-10.9602810226651 0.44135545798944786
-10.957286432160858 0.439746165089554
-10.954205627550149 0.43806615953700767
-10.952602135089307 0.43718592964823344
-10.948104244376394 0.43478428624422527
-10.947222737879517 0.43431058842499315
-10.9433063413657 0.4321608040200928
-10.942048696724552 0.4314893170880394
-10.939698492462366 0.43022644013968314
-10.935979050448744 0.4281983761101298
-10.933985128370914 0.4271356783919522
-10.930904522613119 0.4254762084452537
-10.92988336241943 0.42491487563322217
-10.927564180555509 0.4236687321328505
-10.924725260017569 0.4221105527638116
-10.923813752798214 0.42162392418257166
-10.922110552763874 0.420708804526444
-10.917749870798346 0.4183313362686789
-10.915479768174055 0.417085427135671
-10.911659890978578 0.4150462048747574
-10.907896523225213 0.4130242758389109
-10.906140028799161 0.41206030150753037
-10.905576148128535 0.41175929148948676
-10.904522613065382 0.4111932917917658
-10.89951803877574 0.4084650542478583
-10.896834629676846 0.40703517587938975
-10.895728643216135 0.40643952248754456
-10.893433773207398 0.40517829021067264
-10.888219524240924 0.402377150500973
-10.88755054310503 0.40201005025124914
-10.887335817154652 0.40189543774045955
-10.88693467336689 0.40167995149249247
-10.881283481698846 0.39859955081397835
-10.878340909842256 0.3969849246231085
-10.875204929342505 0.395311154430507
-10.869346733668397 0.3921644387179599
-10.869100408432212 0.3920301776338775
-10.868968308301078 0.3919597989949679
-10.86854055230961 0.39172946146388643
-10.863046103076819 0.38873485353584947
-10.859764967519954 0.3869346733668273
-10.8569732557457 0.3854448271451716
-10.851758793969905 0.3826442360211857
-10.850874376872788 0.38216223833786334
-10.850413774419552 0.3819095477386867
-10.84886370503397 0.38108237947127677
-10.844805781602352 0.37887099707270444
-10.841184427743519 0.37688442211054607
-10.838738623887588 0.37557934507735347
-10.834170854271413 0.3731264102663605
-10.832645369449187 0.37229514928875584
-10.83182706349283 0.37185929648240545
-10.829176246639083 0.37043226573031074
-10.826562370081763 0.3690080234798785
-10.822599045949813 0.36683417085426484
-10.82050087926815 0.3657147523699136
-10.81658291457292 0.36361108068986336
-10.814413224384646 0.36242895670848885
-10.813282923934677 0.3618090452261242
-10.809477504357565 0.3597789280217363
-10.808315694297852 0.3591459825337182
-10.80400853283324 0.3567839195979836
-10.802259840269032 0.355851100913811
-10.798994974874429 0.3540983856566955
-10.796177752685724 0.3525637145951874
-10.794666048766116 0.351758793969843
-10.790201005025182 0.34935587458031936
-10.790069677290976 0.34928375336554573
-10.78977078969853 0.3491233124910149
-10.785412552272858 0.3467336683417024
-10.784015296931285 0.345988450697317
-10.781407035175937 0.3445884834690789
-10.77793873690777 0.34269948507589554
-10.776131277495793 0.34170854271356177
-10.771836117504689 0.3394179649914921
-10.770067140478968 0.3384685728001422
-10.766810719110925 0.33668341708542115
-10.765767009651313 0.3361268701786013
-10.763819095477444 0.3350815532201805
-10.759695929836887 0.3328363387831539
-10.757482595885287 0.33165829145728054
-10.755025125628197 0.33033630154621463
-10.753598724613877 0.32955327179015903
-10.75034961299253 0.32780986789016264
-10.748202658366923 0.3266331658291399
-10.747514746363164 0.3262664256622223
-10.746231155778952 0.32557775902789743
-10.741449157830294 0.3229743253291879
-10.738956024656787 0.3216080402009993
-10.735357367379018 0.3196897112585537
-10.730617559706706 0.3171470127517866
-10.729588086919037 0.3165829145728587
-10.729258346846978 0.31640716292528204
-10.72864321608046 0.31607721573913405
-10.723198133662178 0.3131135267785128
-10.720358555722102 0.3115577889447181
-10.717111632008049 0.3098274016229805
-10.711055276381968 0.3065792984124043
-10.710999084695523 0.30654871808413287
-10.710969777002438 0.30653266331657747
-10.710870934284097 0.3064799941457572
-10.704942400382247 0.30325407368835755
-10.7017536428826 0.30150753768843686
-10.698861112124161 0.299966458991098
-10.693467336683476 0.2970745669181065
-10.692753697377428 0.2966863090048806
-10.692370264205886 0.29648241206029624
-10.691125110944462 0.2958132047062918
-10.686681569529169 0.2933960770476718
-10.683140649479828 0.2914572864321556
-10.680605410657915 0.2901069968113177
-10.675879396984984 0.2875739683150096
-10.674503042329304 0.2868254049913519
-10.67378471510915 0.286432160804015
-10.671359790163766 0.2851408445693808
-10.66841521355861 0.2835396590119812
-10.664518873601613 0.2814070351758744
-10.66234409124516 0.28024913975911225
-10.658291457286492 0.27807782856037555
-10.656246674363295 0.2769661332400757
-10.65514724430325 0.2763819095477338
-10.651573105113421 0.2744623803554278
-10.650142863864327 0.2736849534687833
-10.645887544575608 0.27135678391959317
-10.64407667622829 0.2703930243080812
-10.640703517588 0.2685865021548359
-10.637984106761136 0.26710863281341357
-10.636563687483951 0.26633165829145256
-10.631865396009626 0.2638317102571328
-10.631764367755464 0.26377761548215695
-10.62724581920033 0.26130653266331194
-10.625802644523159 0.26053879933941193
-10.623115577889507 0.2591003734188231
-10.619714809118154 0.25725305525555786
-10.617884690677656 0.2562814070351713
-10.61432160804026 0.25436952293978354
-10.613600743071625 0.25397480564071095
-10.61194956497429 0.2530911176308237
-10.60859277768581 0.2512562814070307
-10.607521429338636 0.25068662679342424
-10.605527638191015 0.24961985783198504
-10.601438205036999 0.24739956525146667
-10.599300073681103 0.2462311557788901
-10.595328658547135 0.24412002433471525
-10.59210676593211 0.24239662084777436
-10.589927419271978 0.24120603015074948
-10.589232415733933 0.24083668236748945
-10.587939698492523 0.24014540344013913
-10.583153669655758 0.2375483413331132
-10.580575306687662 0.23618090452260887
-10.579145728643276 0.2354146549437912
-10.577048507620432 0.2342675477150653
-10.572233264236614 0.2316933518780635
-10.571248657488363 0.23115577889446826
-10.570934937996771 0.23098915626511385
-10.57035175879403 0.23067749233496837
-10.564860526992971 0.2276995766380594
-10.561986016435666 0.22613065326632764
-10.558759603999205 0.22441757186528033
-10.552763819095539 0.22121431629307775
-10.552632407300292 0.22114307386540055
-10.552561545263792 0.22110552763818703
-10.552330161892545 0.22098162558018863
-10.546558047089562 0.2178534797260392
-10.543307241673858 0.2160804020100464
-10.54046120701751 0.2145703084042001
-10.535175879397046 0.2117485973100477
-10.534337994932596 0.21129467194317808
-10.533898922502173 0.2110552763819058
-10.532407893171358 0.21026442317456606
-10.528245442924863 0.20801027546010342
-10.524612272192092 0.20603015075376518
-10.522152518507298 0.20472598537983888
-10.517587939698554 0.2022909385108127
-10.516033121374715 0.2014492589324357
-10.51519345262501 0.20100502512562457
-10.512445465697486 0.1995357468396053
-10.509921867080516 0.19817020595978008
-10.505899707021245 0.19597989949748396
-10.503832679411387 0.1948848482371055
-10.500000000000062 0.19284196333695736
-10.49771678639954 0.19160712061234975
-10.496518208316413 0.19095477386934334
-10.492437680729767 0.18879411122068745
-10.491585933063718 0.18833366736587287
-10.487166848364017 0.18592964824120273
-10.48549991271396 0.18504740469480563
-10.48241206030157 0.1834031899293045
-10.479387195613498 0.1817687696667969
-10.477750545408231 0.1809045226130621
-10.473618090452323 0.17869922441726693
-10.473248018856625 0.1784976945406198
-10.472390123301276 0.1780411120415497
-10.468412410389128 0.1758793969849215
-10.467153620330063 0.17521382563435406
-10.464824120603078 0.1739746839422862
-10.461044050530369 0.17193429137755523
-10.459055659763418 0.17085427135678088
-10.454907912625943 0.16866234800782198
-10.45230035488953 0.1672760525814816
-10.44963499971635 0.16582914572864027
-10.448792895762823 0.1653843700548583
-10.447236180904586 0.16455721898202924
-10.442686246924158 0.1621040012377648
-10.440219091405583 0.16080402010049966
-10.438442211055339 0.15985785585802592
-10.436552919102338 0.15883125498728656
-10.432152072543373 0.15649427485443912
-10.430832684553874 0.15577889447235904
-10.430416571923164 0.15555937141033915
-10.429648241206094 0.1551516156474113
-10.424312604202143 0.15227823655963313
-10.42149920610641 0.15075376884421843
-10.418181844132958 0.14900475666554502
-10.412060301507601 0.14575811771181701
-10.412024526893589 0.14573886453436735
-10.412005650935896 0.1457286432160778
-10.411940907728498 0.14569453070776195
-10.405921861260236 0.14245735765861234
-10.402680769790834 0.1407035175879372
-10.399793412519852 0.1391832173848675
-10.39447236180911 0.13636496699052536
-10.393638290850143 0.1359166979480726
-10.393197584423499 0.13567839195979658
-10.39168286116377 0.13488139177541392
-10.387512672083687 0.13264174911034843
-10.383832571278443 0.13065326633165597
-10.381386263585567 0.12936702591024218
-10.376884422110617 0.12698616837270116
-10.375233063772251 0.12609995737162016
-10.374333362464357 0.12562814070351536
-10.3713489042498 0.12404656417185311
-10.369083601076154 0.12283182108522084
-10.364952194934425 0.12060301507537474
-10.362958946465206 0.11955659677449404
-10.359296482412125 0.117622729351611
-10.356807379448501 0.11628906172255515
-10.355488011257474 0.11557788944723413
-10.350932076547995 0.11318805920033981
-10.350633118099406 0.11302801076558477
-10.346037053764343 0.11055276381909351
-10.344509915107203 0.10975237170664531
-10.341708542713633 0.10827571224826116
-10.338359675829095 0.10648445730082123
-10.33652899967787 0.1055276381909529
-10.332914572864386 0.10361868064679847
-10.332182633580977 0.10322420088642836
-10.330446624240166 0.10230994719853381
-10.327084378147259 0.10050251256281229
-10.326037522964322 0.09995482114876086
-10.32412060301514 0.09894623597684848
-10.319888289676163 0.09668661931723666
-10.317636638994498 0.09547738693467167
-10.313712126762427 0.09342611166444925
-10.309866782952062 0.0914048669166494
-10.308091203667693 0.09045226130653106
-10.307540017355782 0.09016444586677874
-10.306532663316649 0.08963547780037473
-10.301391450883738 0.08689605351636409
-10.298570031492227 0.08542713567839044
-10.297738693467402 0.08498978070975394
-10.295215825135495 0.08363539238772244
-10.289179830359632 0.0804691834049569
-10.289054357966897 0.08040201005024983
-10.289015533480896 0.0803817786608958
-10.288944723618156 0.08034467506607257
-10.282867276448204 0.07711329789923838
-10.279620186776343 0.07537688442210921
-10.27669182738695 0.07385258628859948
-10.271356783919664 0.0710602346748388
-10.270489417455444 0.07059957778374581
-10.270011841824404 0.0703517587939686
-10.268401471217887 0.06950738373631804
-10.26431376406986 0.06733892455148638
-10.260541869374222 0.06532663316582799
-10.258138112080069 0.06407827092042861
-10.253768844221172 0.06179681013346805
-10.251935388114092 0.06082535213971063
-10.250952296301303 0.06030150753768737
-10.247498528548185 0.058509988773976396
-10.24572889397284 0.0575735105519275
-10.241412374894288 0.05527638190954676
-10.239552789487398 0.05431298620534175
-10.23618090452268 0.05255670841486815
-10.233349463655678 0.05106023938626336
-10.231782750274359 0.05025125628140614
-10.227386934673433 0.04795778475572021
-10.227119138050174 0.04781520678826645
-10.226466440134827 0.04747569502773352
-10.222227832223782 0.04522613065326553
-10.220933611761147 0.04455737438556273
-10.218592964824188 0.043341516337960684
-10.2147291614768 0.04130494883866387
-10.212646159116792 0.040201005025124914
-10.208497569514773 0.03806027805681733
-10.20530586585168 0.036404691032979386
-10.20298385084327 0.0351758793969843
-10.202278004900704 0.03481217088983968
-10.201005025125696 0.03415282336591918
-10.19607198956269 0.03156019250113129
-10.193326873733751 0.030150753768843686
-10.192211055276449 0.029571899506277255
-10.189838687117915 0.028316010428640404
-10.18398168598519 0.025286942585841743
-10.183675917163798 0.02512562814070307
-10.183583414355802 0.025078105589674493
-10.183417085427203 0.02499221971721166
-10.177375370926699 0.021826706655564188
-10.174098072141813 0.020100502512562457
-10.171139891331347 0.018583146626094837
-10.165829145728711 0.015845316473256155
-10.164877201482822 0.015347360954676148
-10.164359959438782 0.015075376884421843
-10.162505784439402 0.014125845087476385
-10.158636571172629 0.012105272558018854
-10.154721709472168 0.010050251256281229
-10.152398424279347 0.008862474613673399
-10.14824120603022 0.006726580428806805
-10.146132914270922 0.005627494702225455
-10.14498334168772 0.005025125628140614
-10.140839974998407 0.0029104881904800095
-10.139852689718397 0.0023967189462350547
-10.139447236180974 0.0021906210956812444
-10.135224045023675 0.