-8.691228386977146 0.
-8.694773962862088 0.0018090719447769743
-8.696554236502937 0.0027074040716934533
-8.701167841518185 0.005025125628140614
-8.702901769777705 0.00591894876418575
-8.706030150753863 0.007524076431929316
-8.709222092052965 0.009138268027966134
-8.711033616727406 0.010050251256281229
-8.715514993860255 0.012365421711166391
-8.717243000922158 0.013253922732936907
-8.72082535863702 0.015075376884421843
-8.721836722589888 0.015584339130840341
-8.723618090452355 0.016502162476446536
-8.728152661099056 0.01880491089921943
-8.730715784401953 0.020100502512562457
-8.734441371389787 0.022033262158579703
-8.739471178350724 0.02462995619781072
-8.740449901507006 0.02512562814070307
-8.740718095166939 0.025265038136105922
-8.741206030150847 0.025517425466215826
-8.747030298655805 0.028486677053141563
-8.7503100643999 0.030150753768843686
-8.753315503725654 0.03171602980418253
-8.75879396984934 0.03455501988040233
-8.759573494322511 0.034953158118934624
-8.760011664655744 0.0351758793969843
-8.761485537975636 0.035944898861639984
-8.765858732162739 0.03818250150701097
-8.76982292142814 0.040201005025124914
-8.772141019009466 0.041412688036087
-8.776381909547831 0.043618164719089414
-8.77839622486314 0.04465061199174869
-8.779524594191129 0.04522613065326553
-8.783298870318303 0.04720240515911467
-8.78464104988666 0.04789150189888325
-8.785175879397077 0.048172586691814345
-8.789211927504565 0.05025125628140614
-8.790920949446496 0.05112237050992796
-8.793969849246324 0.05271321526205863
-8.797173942740953 0.05436092662536751
-8.798963055203552 0.05527638190954676
-8.803399813195275 0.05760723212370156
-8.804933998062076 0.05840899585690451
-8.808626997607679 0.06030150753768737
-8.809658382784836 0.060844195011967805
-8.811557788944816 0.06183833065975364
-8.815909706309563 0.06408322820447143
-8.81833249061967 0.06532663316582799
-8.822134076888016 0.06732996223876775
-8.826405316114824 0.06956878378583031
-8.827916344112024 0.0703517587939686
-8.828356221020938 0.0705773324003598
-8.829145728643308 0.07099174803962782
-8.834606390110595 0.07381669543145541
-8.837637971593601 0.07537688442210921
-8.840829771868414 0.07706371198593409
-8.8467336683418 0.0801669308812194
-8.847026147184966 0.08031844466648774
-8.847188307509084 0.08040201005024983
-8.847721778395602 0.08068432720847873
-8.853266696751499 0.08356055613276236
-8.855527638191045 0.08476091618343684
-8.85680816456097 0.08542713567839044
-8.859489575366393 0.08680771644236174
-8.864321608040292 0.08935412117522734
-8.865685609232557 0.09006254668016922
-8.866439969411722 0.09045226130653106
-8.868911779203545 0.09176373878174626
-8.871893167838488 0.09331408413518716
-8.87607566689115 0.09547738693467167
-8.878116005189442 0.09656125623448375
-8.881909547738784 0.09856520477825015
-8.884312155858828 0.09981605309994279
-8.8856378339708 0.10050251256281229
-8.889965716543863 0.10280427507854917
-8.890488194052727 0.10307659638696887
-8.89070351758803 0.10319145684586761
-8.895172628235743 0.1055276381909529
-8.896711429660359 0.10632365469864347
-8.899497487437277 0.10779868192908992
-8.902908133275847 0.109578293579502
-8.904785962902098 0.11055276381909351
-8.909078083795519 0.11284057620202237
-8.910918225868572 0.11381583194232103
-8.914310308041507 0.11557788944723413
-8.915278076791003 0.11609427526002403
-8.917085427135769 0.11705312110786181
-8.921475748675874 0.1193486374924877
-8.923888151181659 0.12060301507537474
-8.92764681923355 0.12261060010414937
-8.931763574601298 0.12479677149409785
-8.933360951528497 0.12562814070351536
-8.933818042761919 0.12587251900989838
-8.93467336683426 0.12632715690007856
-8.940017078600565 0.12912649154128353
-8.942947946076062 0.13065326633165597
-8.946189661971744 0.1323880219205158
-8.952261306532753 0.13561823555733987
-8.952335569993954 0.135657173828025
-8.952376265994882 0.13567839195979658
-8.952507701747521 0.13574879059258738
-8.958534076689615 0.13891129754311926
-8.961055276381998 0.14026525135486168
-8.961888065912008 0.1407035175879372
-8.964708547268943 0.1421722887200234
-8.969849246231245 0.14491184418992464
-8.970856488962784 0.14544085957849529
-8.971407553880406 0.1457286432160778
-8.973182820851855 0.14668109310768074
-8.977028580864348 0.1487025303776175
-8.980953408746384 0.15075376884421843
-8.983205295639019 0.15196288035585237
-8.987437185929737 0.15422161870269235
-8.989355625454042 0.15523076889398624
-8.990403614909455 0.15577889447235904
-8.993772004992115 0.1575888427758958
-8.995502319996314 0.15849969608147774
-8.996231155778982 0.15889229822714945
-8.999852660412161 0.16080402010049966
-9.00168156585566 0.16175932289266193
-9.00502512562823 0.16354648761542911
-9.007834545091715 0.16502645445335862
-9.009367152734395 0.16582914572864027
-9.013961037758676 0.16830115360522502
-9.014286580292355 0.16847527563267573
-9.018825971980979 0.17085427135678088
-9.020138829654968 0.17156119583442475
-9.022613065326722 0.17288542307868848
-9.026294861346203 0.1748274552650697
-9.028300868051705 0.1758793969849215
-9.032424571927251 0.1781012350129103
-9.034752111645274 0.1793476959330791
-9.037693790293634 0.1809045226130621
-9.038578857930078 0.18136799321167185
-9.040201005025214 0.18223719880048161
-9.0447382714864 0.1846332863951501
-9.04720756893409 0.18592964824120273
-9.050871500392558 0.18790606090724538
-9.055153610261188 0.19020182116576656
-9.056587066254089 0.19095477386934334
-9.057003083600753 0.19117930561875873
-9.057788944723706 0.19160084856422088
-9.063166167893227 0.19444355002047775
-9.066006372155792 0.19597989949748396
-9.066582914572951 0.1962884758896859
-9.069303202064098 0.19771523731408358
-9.075376884422198 0.20097482120170973
-9.075413961204047 0.2009944317593817
-9.075434108944057 0.20100502512562457
-9.075498341420733 0.201039727125206
-9.081579859526569 0.20425787215251656
-9.084949056583158 0.20603015075376518
-9.087720973015495 0.20752839392667788
-9.09296482412069 0.21034521008634943
-9.09383594467416 0.21080638479519997
-9.094308897984098 0.2110552763819058
-9.095814683266582 0.21186952185216068
-9.099980576368324 0.21407590136786503
-9.101758793969935 0.2150395270679928
-9.103718855175208 0.2160804020100464
-9.106126030882056 0.21734518284922544
-9.110552763819182 0.21972502766571722
-9.112245475011079 0.22062189586907355
-9.113163761476178 0.22110552763818703
-9.116083885984452 0.22268584825683568
-9.118369473576658 0.22389730762133464
-9.122608446808883 0.22613065326632764
-9.124519518974228 0.22716527742159798
-9.128140703517674 0.2291134818571683
-9.130643683741159 0.23044064168775868
-9.132000576210725 0.23115577889446826
-9.136310854408581 0.2334901077204421
-9.136747635376372 0.23372178113440967
-9.13693467336692 0.2338232842921597
-9.14136788458128 0.23618090452260887
-9.142902510131394 0.2369883711182581
-9.145728643216167 0.23850982434794155
-9.149031632374655 0.24026231896260963
-9.150821097033857 0.24120603015074948
-9.155134777168898 0.2435436889352527
-9.15651853519196 0.24428885642954778
-9.160200473533596 0.2462311557788901
-9.161276010337927 0.24681417651509907
-9.163316582914659 0.24791334896524742
-9.167410315989661 0.25008664338560127
-9.16962696383437 0.2512562814070307
-9.173518771317848 0.25336649606283146
-9.176698348899677 0.25507964311703635
-9.178955584050069 0.2562814070351713
-9.179640962121187 0.2566424243185894
-9.180904522613151 0.25732339008694805
-9.185780666601202 0.2599133486667258
-9.188419708032482 0.26130653266331194
-9.191894646350633 0.2631916229378861
-9.196848421350236 0.2658619323024789
-9.197738010818481 0.26633165829145256
-9.197998247749148 0.26647286245216506
-9.198492462311643 0.2667393210924569
-9.204143556332793 0.2697421856278357
-9.207200758616274 0.27135678391959317
-9.210263264283217 0.2730188232701414
-9.216080402010135 0.2761557560930319
-9.216357146278076 0.2763028397568936
-9.216506835922205 0.2763819095477338
-9.216980748980106 0.27663915153915397
-9.222499800406084 0.27957292134846057
-9.22597144776681 0.2814070351758744
-9.22862543056946 0.2828478669299219
-9.233668341708627 0.28556818716820853
-9.234725358037114 0.28613015613873305
-9.235296917781481 0.286432160804015
-9.237105601750782 0.28741423510177366
-9.24085015996262 0.28940533835958604
-9.242462311557873 0.2902823495671525
-9.244666313510328 0.2914572864321556
-9.246981915955715 0.29267853370398544
-9.25125628140712 0.29498487918252625
-9.253088140282495 0.29595902381018924
-9.254078447174834 0.29648241206029624
-9.257211349457185 0.29818386007460074
-9.259195593963018 0.29923916267246664
-9.263487137292339 0.30150753768843686
-9.26533375869649 0.30251052694818625
-9.268844221105612 0.3044050377630114
-9.271446451744843 0.30578916884822505
-9.272852921470541 0.30653266331657747
-9.277300999450478 0.30894888570082557
-9.277536647561172 0.30907423852884364
-9.277638190954857 0.3091294995588374
-9.282191474481948 0.3115577889447181
-9.283681215630686 0.31234377327997986
-9.286432160804104 0.31382864639041674
-9.289800432762028 0.31562055115630905
-9.291620642593497 0.3165829145728587
-9.29589407398744 0.31890463643433176
-9.297396212022994 0.31971550063539844
-9.300975543979275 0.3216080402009993
-9.30202480209687 0.32217812545977864
-9.304020100502596 0.3232552544609195
-9.308150707522953 0.32545299239475156
-9.310382630695505 0.3266331658291399
-9.314251156951205 0.32873513247196406
-9.317482363623787 0.3304795267209091
-9.319692150235795 0.33165829145728054
-9.320365104613773 0.332013415910799
-9.321608040201088 0.3326844433508267
-9.326497853405986 0.33528632759830757
-9.329139827584957 0.33668341708542115
-9.332605264607706 0.33856647859738587
-9.337558629309415 0.3412407282592289
-9.3384432796346 0.34170854271356177
-9.338702664926847 0.3418494898486282
-9.33919597989958 0.34211582503518745
-9.344842403299754 0.34512040451308135
-9.347805944293896 0.3467336683417024
-9.347989949748825 0.34683275993116336
-9.350956921002783 0.3483985250832138
-9.356783919598072 0.3515444606984808
-9.357045992925045 0.3516839158764222
-9.35718758823543 0.351758793969843
-9.357635181720894 0.35200201171922085
-9.363184847822103 0.3549550829625465
-9.366643247701576 0.3567839195979836
-9.36930660818408 0.3582311342015503
-9.374371859296565 0.3609657232489294
-9.375403038862057 0.3615144224931264
-9.375960192726247 0.3618090452261242
-9.377721523301295 0.36276609208461874
-9.381525637440255 0.3647902342417817
-9.38316582914581 0.36568304662596773
-9.38532382117408 0.36683417085426484
-9.387654768311105 0.3680641796211086
-9.391959798995057 0.37038818814985763
-9.393758684125453 0.3713453293022919
-9.394730702060361 0.37185929648240545
-9.397803925182165 0.37352904682157906
-9.399865184495503 0.3746257405389901
-9.404137021523013 0.37688442211054607
-9.406001805669922 0.3778975458315825
-9.409547738693549 0.37981157178095426
-9.412113324956788 0.38117652309204697
-9.413499766177177 0.3819095477386867
-9.417884030770075 0.38429134547483734
-9.418203865135826 0.3844614943833191
-9.418341708542794 0.38453651194641303
-9.422838419854411 0.3869346733668273
-9.424348088595952 0.3877311275942814
-9.427135678392041 0.38923561524183725
-9.430467321888448 0.39100790085313797
-9.432267975628287 0.3919597989949679
-9.436561340322642 0.39429187835722246
-9.437982729105608 0.3950589563417015
-9.441626255916423 0.3969849246231085
-9.442693951308453 0.39756482941798854
-9.444723618090533 0.3986600831679521
-9.44882100156853 0.40083936925753516
-9.451035864697316 0.40201005025124914
-9.454922947872104 0.4041210816560836
-9.458086358822447 0.4058279761746535
-9.46035066396925 0.40703517587938975
-9.461039695660194 0.40739856505905525
-9.462311557789025 0.40808476258659265
-9.467174658501225 0.4106708441611877
-9.469803914357831 0.41206030150753037
-9.473284626845574 0.41395026454808637
-9.47819176403199 0.4165975032912348
-9.479115149565029 0.417085427135671
-9.479385592805905 0.4172322570447031
-9.479899497487517 0.41750946181307835
-9.48552855670622 0.4205022501298963
-9.488572555078346 0.4221105527638116
-9.49164663413338 0.4237793536359913
-9.49748743718601 0.4269295797787942
-9.497739596773108 0.4270636327956385
-9.497875967362964 0.4271356783919522
-9.498307750142233 0.42737005352230195
-9.50388284909683 0.4303335434741449
-9.507341955398084 0.4321608040200928
-9.510009026359898 0.4336083327414082
-9.515075376884502 0.43634026703970985
-9.516110195370874 0.4368902672235553
-9.516669974166795 0.43718592964823344
-9.518443015533673 0.4381481121194257
-9.52223765500129 0.4401646901001488
-9.523869346733747 0.44105173379166107
-9.526045515081778 0.44221105527637405
-9.528372116086839 0.44343711256099017
-9.532663316582994 0.4457504453010923
-9.534481686290778 0.4467166467022903
-9.535465576187379 0.44723618090451467
-9.538583241217811 0.4489275879430332
-9.540593415162464 0.4499955640813784
-9.544884824802065 0.4522613065326553
-9.546736233276807 0.45326559881970674
-9.550251256281486 0.4551599727570492
-9.552854263245726 0.4565427158852984
-9.554263089996132 0.4572864321607959
-9.558729204244381 0.4597087030073377
-9.558950277767636 0.45982612307860826
-9.559045226130731 0.45987771159548707
-9.563616345862174 0.4623115577889365
-9.565101507304803 0.46309375455327206
-9.567839195979978 0.4645687630860307
-9.571228050199974 0.46636843935422156
-9.573062721513729 0.4673366834170771
-9.577329681478178 0.4696502417600179
-9.578902949343249 0.4704977558065826
-9.582435547202182 0.47236180904521774
-9.583468047667715 0.4729215484768625
-9.58542713567847 0.47397674355521335
-9.589603151321155 0.4761937873468769
-9.591864643603442 0.47738693467335835
-9.595713444195711 0.4794731150108582
-9.599086500398567 0.48128961030767137
-9.601195890355578 0.48241206030149897
-9.601835944885257 0.4827489547277004
-9.603015075376963 0.4833838543963349
-9.607979651879797 0.48601873550025854
-9.610668997562014 0.4874371859296396
-9.614098647658933 0.4892955766200746
-9.619277200890778 0.49208350750501584
-9.619995513500005 0.4924623115577802
-9.620205271365641 0.49257595261772646
-9.620603015075455 0.4927900482019476
-9.626357619113755 0.49584326460354955
-9.62938696036318 0.4974874371859208
-9.6293969849247 0.49749281898953157
-9.632485353918218 0.4991176088589864
-9.638190954773947 0.5021882908359219
-9.638588250357724 0.5023990497901254
-9.638803568909966 0.5025125628140614
-9.639487616772431 0.5028830376707711
-9.644737103059544 0.5056673603606034
-9.648285416951428 0.507537688442202
-9.650873607900106 0.50893919889144
-9.655778894472439 0.5115782961305761
-9.656985371892798 0.5122181062359541
-9.657639443115066 0.5125628140703427
-9.659718416979356 0.5136883919294624
-9.663118137352145 0.5154910131614248
-9.664572864321684 0.5162800528966427
-9.667033498377544 0.5175879396984833
-9.669263438206114 0.5187603385455741
-9.673366834170931 0.5209672771352469
-9.67538409438965 0.5220367052641333
-9.676478069869002 0.5226130653266239
-9.679957057773427 0.524495986355908
-9.681500739994664 0.5253142178622694
-9.685912531566263 0.5276381909547645
-9.687654857881432 0.5285810240941906
-9.690954773869423 0.5303552313677624
-9.69378442591718 0.5318548445692608
-9.695319465738699 0.5326633165829051
-9.69988921813348 0.5351357438498869
-9.700207947117798 0.5353070803681552
-9.704691162140346 0.5376884422110457
-9.706047865154591 0.5384012560434241
-9.708542713567915 0.5397421661953192
-9.71218635980202 0.5416725260580133
-9.714163622380951 0.5427135678391863
-9.718300172589794 0.5449508480325047
-9.72048784789132 0.5461264633601592
-9.723550473839856 0.547738693467327
-9.724442444149084 0.5482210389294195
-9.726130653266408 0.5491280983345552
-9.730589875339065 0.5514897556461369
-9.73301050771137 0.5527638190954676
-9.736712717218875 0.5547654978800454
-9.74077563306065 0.5569480990366795
-9.742359683640373 0.5577889447236082
-9.742838565567743 0.5580403811227956
-9.7437185929649 0.5585130533698015
-9.748994939697592 0.5613065427138366
-9.751860072516918 0.5628140703517488
-9.755126816694865 0.5645797034856139
-9.76107118799139 0.5677719546450319
-9.761199004201087 0.5678391959798894
-9.761236193468502 0.5678592928927149
-9.761306532663392 0.5678970602383426
-9.767401510106616 0.5711228994813942
-9.770712235877365 0.57286432160803
-9.77354241708256 0.574393480259265
-9.778894472361884 0.5772666953193095
-9.779658688375719 0.5776710998036467
-9.780073868573266 0.5778894472361706
-9.781397919765547 0.5786047179229321
-9.78580951437328 0.5809388465753411
-9.789566889247189 0.5829145728643113
-9.791959445259796 0.5842068490930483
-9.796482412060376 0.5866341792954062
-9.798084829533082 0.5874818649288214
-9.798955660733913 0.5879396984924519
-9.801734215322101 0.5894402137100876
-9.804218884727966 0.5907544033584236
-9.805276381909621 0.5913265732048574
-9.808366169628428 0.5929648241205925
-9.81037783056066 0.5940198301772233
-9.814070351758868 0.5960008479230714
-9.816512317250545 0.5972922453225396
-9.817839814628968 0.5979899497487331
-9.822077534023643 0.6002777161100976
-9.82262954342649 0.6005695920432679
-9.82728319639542 0.6030150753768737
-9.828797490430954 0.6038324470987044
-9.83165829145736 0.6053667651631134
-9.834941064154986 0.6071022659485497
-9.836726188094941 0.6080402010050143
-9.841060037609058 0.6103791134469558
-9.842446319687339 0.6111224947850085
-9.84611284925697 0.6130653266331549
-9.847218331151185 0.6136447266344884
-9.849246231155853 0.614732002081106
-9.853370971816513 0.6169119549296784
-9.855614619977356 0.6180904522612956
-9.859499096837437 0.6201861876946984
-9.862828888257722 0.6219712114332578
-9.865007878961269 0.6231155778894362
-9.865640248517566 0.6234566985570877
-9.866834170854345 0.624096636380707
-9.871801931423004 0.6267213433551024
-9.874504931248996 0.6281407035175768
-9.87793918166285 0.6299929689147152
-9.88321728312446 0.63282159273761
-9.883867317030877 0.6331658291457174
-9.88406312848309 0.6332683954513589
-9.884422110552837 0.6334607519645186
-9.890233824414967 0.6365304650989634
-9.893396926062907 0.638190954773858
-9.89638016900022 0.6397994922741752
-9.902010050251329 0.6428157689294212
-9.90250193411139 0.643075542156267
-9.902769685496887 0.6432160804019986
-9.903626195590343 0.6436778362131452
-9.908666523082642 0.6463393566497642
-9.910804020100574 0.6474939687387824
-9.912215653452222 0.6482412060301392
-9.914821926702905 0.6496057955292578
-9.919597989949821 0.6521639152418954
-9.920952830821445 0.6528792342663872
-9.921690522254346 0.6532663316582799
-9.924051321529285 0.6545387121095549
-9.927099891127058 0.6561480569500668
-9.931185104717956 0.6582914572864205
-9.93326431411803 0.6594119188665015
-9.937185929648313 0.6615118227879782
-9.939404315870892 0.6626827582795389
-9.940612508732386 0.6633165829145611
-9.944480599681002 0.6654007743524719
-9.945533784186741 0.6659566072460077
-9.945979899497559 0.6661974581072236
-9.95003282274972 0.6683417085427017
-9.951707182607628 0.6692179047538955
-9.954773869346806 0.6708596001019522
-9.957856236328102 0.6724861578904724
-9.959535392580275 0.6733668341708423
-9.963980715888873 0.675761432215535
-9.964926129522992 0.6762674799354667
-9.96897728897679 0.6783919597989829
-9.970150376037108 0.6790237978013227
-9.972361809045298 0.6802073602062642
-9.976308431835685 0.6822894789155844
-9.978458908380839 0.6834170854271235
-9.982441988534331 0.6855621597726831
-9.985388675505598 0.6871390472729235
-9.98785301379342 0.6884422110552642
-9.988593731232502 0.6888296446299176
-9.98994974874379 0.6895552203081801
-9.994760735062465 0.692092769163783
-9.997382819399178 0.6934673366834048
-10.000903328627489 0.6953628680590604
-10.005853453738398 0.6980112523961504
-10.006771493138087 0.6984924623115454
-10.007037138221971 0.6986354766602059
-10.007537688442282 0.6989032493697476
-10.013213078245064 0.7018960479960343
-10.016306904825663 0.703517587939686
-10.019364661941328 0.7051635782823853
-10.025125628140774 0.7082451348952059
-10.025491657503744 0.7084381337498353
-10.025691210351702 0.7085427135678266
-10.02633110757293 0.708887136262728
-10.031665184204213 0.7116993946064136
-10.035230776752476 0.7135678391959672
-10.037825653157123 0.714964386248008
-10.042713567839266 0.7175784475962725
-10.043961604047672 0.7182363830502778
-10.044642137140281 0.7185929648241078
-10.046824991488592 0.7197676572953435
-10.05011682132969 0.7215028751692696
-10.051507537688511 0.7222528085482924
-10.054091175169026 0.7236180904522485
-10.056286108990795 0.724765347179952
-10.060301507537758 0.7269124108870191
-10.062430946795745 0.7280348048638219
-10.063592290494084 0.7286432160803891
-10.06731834224379 0.7306480259963983
-10.06856780347395 0.7313065428696177
-10.073076396957754 0.7336683417085297
-10.07474583926921 0.7345665154133982
-10.07788944723625 0.7362471599028604
-10.080899491520174 0.7378334546841208
-10.082541347033805 0.7386934673366703
-10.08702852735917 0.7411074272154057
-10.087820932081245 0.7415310344352406
-10.091961922568911 0.7437185929648109
-10.093204648436105 0.7443679468215647
-10.095477386934743 0.7455828328408973
-10.099367038642463 0.747632389533603
-10.101488973781635 0.7487437185929515
-10.105504876959369 0.7509038470711991
-10.108337960036659 0.7524181680506414
-10.110917058349283 0.7537688442210921
-10.111662335824827 0.7541696987377806
-10.113065326633235 0.7549195707885081
-10.117833383502331 0.7574316678866335
-10.120434828626488 0.7587939698492328
-10.123979941829488 0.7607006339927294
-10.128851727417015 0.7633043700731701
-10.12982632553097 0.7638190954773734
-10.130118695911007 0.7639718298832934
-10.130653266331727 0.7642575175661923
-10.136298316606396 0.7672313495984655
-10.139378560756434 0.768844221105514
-10.142453508474473 0.770497848978585
-10.14824120603022 0.7735907990742259
-10.14858403661405 0.7737713951382741
-10.14877111159602 0.7738693467336546
-10.149371823312743 0.7741923802429467
-10.154761623856823 0.7770314958399078
-10.157035175879464 0.7782566505618895
-10.158243009588857 0.7788944723617952
-10.160925358814126 0.7802955543373908
-10.165829145728711 0.7829159409522672
-10.167064488557234 0.7835666428960719
-10.167738637119873 0.7839195979899358
-10.169903607549797 0.7850837299388171
-10.173223086760125 0.7868321690376732
-10.177258212487102 0.7889447236180764
-10.179395270387564 0.7900938136294027
-10.183417085427203 0.7922427881303644
-10.18554290519953 0.7933624721684094
-10.186703065660037 0.793969849246217
-10.190429099430988 0.7959732818187266
-10.191682482616331 0.7966334328203208
-10.192211055276449 0.7969182348923143
-10.196144178989204 0.7989949748743577
-10.19786301653789 0.7998926916137306
-10.201005025125696 0.8015714990717644
-10.204019055889926 0.8031589488555753
-10.205664011095964 0.8040201005024983
-10.210150363398027 0.8064322723385446
-10.210958044216925 0.8068638202428495
-10.215124962856983 0.8090452261306389
-10.216328366577274 0.8096922542011855
-10.218592964824188 0.8109022344622883
-10.222492705950849 0.8129561400083043
-10.224621080013542 0.8140703517587795
-10.228632365472956 0.8162270772015576
-10.231495226962988 0.8177567123698655
-10.234030772682091 0.8190954773869201
-10.234791085932635 0.8194925684126471
-10.23618090452268 0.8202351571345288
-10.240963616818973 0.822754113787548
-10.24357384361575 0.8241206030150607
-10.247111506879852 0.8260226993982949
-10.252022688296284 0.8286468269503757
-10.25297566362352 0.8291457286432014
-10.253250894318247 0.8292937143297516
-10.253768844221172 0.8295704686692105
-10.259431439574078 0.8325529698847971
-10.26252177344874 0.834170854271342
-10.265587400805543 0.8358192494468044
-10.271356783919664 0.8389020782018095
-10.271718542132337 0.8390926204101472
-10.271915966004203 0.8391959798994826
-10.272549957704737 0.8395368866952175
-10.277895965040615 0.8423527680644947
-10.281464515950683 0.8442211055276232
-10.284059948416871 0.8456167555851328
-10.288944723618156 0.8482270595248851
-10.290199156697073 0.8488878217046452
-10.290883702184926 0.8492462311557638
-10.293081758460021 0.850428241110583
-10.29635705918417 0.8521535466221852
-10.297738693467402 0.8528981027795046
-10.300339101492385 0.8542713567839044
-10.302528940517789 0.855415277583579
-10.306532663316649 0.8575549514750138
-10.308676089125939 0.8586840750379618
-10.30984565991143 0.859296482412045
-10.313600565473605 0.8613158830283183
-10.314814464320532 0.8619553791819339
-10.31933323012803 0.8643216080401857
-10.320994115394514 0.8652148902175076
-10.32412060301514 0.866885935705036
-10.327149073623472 0.8684814563516596
-10.328801393365795 0.8693467336683263
-10.333279096006978 0.8717551470130847
-10.33411631179777 0.8722026504633629
-10.338223037150845 0.8743718592964669
-10.339455208087191 0.875015669189736
-10.341708542713633 0.8762201957326994
-10.345617841105293 0.8782800425269901
-10.347750450857813 0.8793969849246075
-10.35175557529162 0.8815515298161802
-10.354632614621066 0.8830895768981595
-10.357176660730095 0.8844221105527481
-10.35791195037337 0.8848176911352494
-10.359296482412125 0.8855579169847054
-10.364082119176192 0.8880799113911548
-10.366692374827908 0.8894472361808887
-10.370227423519072 0.8913492357784731
-10.375132068039923 0.8939716892174028
-10.376079628822403 0.8944723618090293
-10.376364070735155 0.8946210336305898
-10.376884422110617 0.8948992868529384
-10.382541632091586 0.8978811417283223
-10.385626701823673 0.89949748743717
-10.388694360658132 0.9011483449088784
-10.39447236180911 0.9042383994012377
-10.394822009728719 0.9044227136597076
-10.39501266528117 0.9045226130653106
-10.395624056039978 0.9048516685598447
-10.400996100701917 0.9076838132955061
-10.403266331658354 0.908908280368129
-10.404476176252725 0.9095477386934512
-10.407156103210166 0.910948938207004
-10.412060301507601 0.9135722924019731
-10.413291054662352 0.9142212205630917
-10.413962006316439 0.9145728643215918
-10.41611279656441 0.9157307200521085
-10.419445242379668 0.9174880068434277
-10.423470681288808 0.9195979899497324
-10.42561236412963 0.9207510976858648
-10.429648241206094 0.9229105302993261
-10.431754460387834 0.9240213386688039
-10.432902385423677 0.924623115577873
-10.436580612151385 0.9266037929908135
-10.437888770928494 0.9272938041424705
-10.438442211055339 0.927592460851673
-10.442329701544416 0.9296482412060136
-10.444062852726383 0.9305549063997862
-10.447236180904586 0.9322533152743624
-10.450211931651719 0.9338231523349734
-10.451833308072189 0.9346733668341543
-10.456335756765636 0.937098613644852
-10.457035453778587 0.9374731590838685
-10.461278561172966 0.9396984924622949
-10.462507274549377 0.9403604484776382
-10.464824120603078 0.9416008520251076
-10.468663169353606 0.9436267470188557
-10.470754273259995 0.9447236180904355
-10.47479382931954 0.9469002555138726
-10.477483800161385 0.9483406693928096
-10.48014478570808 0.9497487437185761
-10.480945331251194 0.9501678091615409
-10.48241206030157 0.9509533479078511
-10.487107870402953 0.9534322093177501
-10.489664773331981 0.9547738693467167
-10.493245190543824 0.9567038149056417
-10.497906928469988 0.9592009745376933
-10.499046412983237 0.9597989949748573
-10.499376720432897 0.9599770748511904
-10.500000000000062 0.960311013094131
-10.505545784319064 0.9632396107975687
-10.508564420910728 0.9648241206029979
-10.511689648602468 0.9665093466304508
-10.517587939698554 0.9696700995299423
-10.51780804961424 0.9697863576837991
-10.517927834132722 0.9698492462311386
-10.518310718931252 0.9700557545833375
-10.523976661496858 0.9730490227740498
-10.52745270899395 0.9748743718592792
-10.530126811722724 0.9763169626233719
-10.535175879397046 0.9790238076128484
-10.536251506803529 0.9795921753712822
-10.536836619974407 0.9798994974874198
-10.538705620430589 0.980907994925575
-10.54240003346807 0.9828605790952674
-10.543969849246292 0.9837094333897474
-10.54626310584831 0.9849246231155604
-10.548556279668881 0.9861267772374624
-10.552763819095539 0.9883835235773759
-10.554687075430644 0.9894002469336707
-10.555732801721964 0.989949748743701
-10.559070656143748 0.991751702186046
-10.560815579602842 0.9926743713697554
-10.565192495386414 0.9949748743718416
-10.566977726625051 0.995938883562979
-10.57035175879403 0.997749477154322
-10.573114424400366 0.999210666969601
-10.574615828483333 0.9999999999999822
-10.579225411329542 1.002489796332262
-10.579406778788837 1.0025871485699271
-10.584003062882589 1.0050251256281229
-10.58539082195916 1.0057533760662265
-10.587939698492523 1.0071219018037914
-10.591533217655117 1.0090235314955223
-10.593485141561946 1.0100502512562635
-10.597649899085047 1.0123010338579688
-10.59973288804224 1.0134197339847537
-10.602879616506641 1.015075376884404
-10.603795229934315 1.015570350672033
-10.605527638191015 1.0165010349903376
-10.609943113875625 1.0188389380312275
-10.612340174044558 1.0201005025125447
-10.616065276350827 1.0221148743807387
-10.620024402739457 1.0242424352406712
-10.621687587696888 1.0251256281406853
-10.622190609395757 1.0253899048531858
-10.623115577889507 1.0258871184795053
-10.628343766156684 1.02865698569249
-10.631180350352647 1.030150753768826
-10.634471190361129 1.0319314186907889
-10.640279815306922 1.0350548216023734
-10.640509626566642 1.0351758793969665
-10.640576613432577 1.035212137727087
-10.640703517588 1.035280398656936
-10.646734821657057 1.0384777752910903
-10.649497487437245 1.0399762458426105
-10.649920341904172 1.0402010050251072
-10.652867282228874 1.041750769327284
-10.658291457286492 1.044669385375733
-10.658973726109096 1.045031196703932
-10.659343540816723 1.0452261306532478
-10.66051803720369 1.0458622963438762
-10.665115921222455 1.0483014094425416
-10.668813785849643 1.0502512562813884
-10.671253186555898 1.051573030689699
-10.675879396984984 1.05406403344353
-10.677364414661406 1.054852091144837
-10.678168797600845 1.055276381909529
-10.68072063615387 1.0566595931006395
-10.683486698980342 1.058127992681853
-10.684673366834229 1.0587725410099953
-10.687545900423846 1.0603015075376696
-10.689628531014325 1.0613983091574273
-10.693467336683476 1.0634668681120125
-10.695744300950986 1.064676071946522
-10.696976761743333 1.0653266331658102
-10.700882112925495 1.06744514066353
-10.701846781905246 1.0679576315877313
-10.706380650669669 1.0703517587939508
-10.707992935897638 1.0712267132180449
-10.711055276381968 1.072878165575764
-10.714112998453329 1.0745032495445601
-10.71576679937423 1.0753768844220915
-10.720206693178316 1.0777873195369896
-10.72101153189425 1.078221528854172
-10.725101720214301 1.080402010050232
-10.7263460136399 1.0810583536046776
-10.72864321608046 1.082298208776157
-10.732470112536769 1.0843337366908559
-10.734538264539756 1.0854271356783727
-10.738567808051982 1.0876166636003646
-10.741108967271686 1.0889887788758656
-10.743875973522085 1.0904522613065133
-10.744687368301332 1.0908933434429766
-10.746231155778952 1.0917272878971387
-10.750815242318824 1.0941676479232623
-10.753290505295025 1.095477386934654
-10.75691667348392 1.0974495075042325
-10.761160035042817 1.0997427810100433
-10.762582697228725 1.1005025125627945
-10.763016604336189 1.10073179574601
-10.763819095477444 1.1011656928516533
-10.769147980201808 1.1040050996982602
-10.772022848136347 1.1055276381909351
-10.77525286592784 1.1072859722618196
-10.781163035041203 1.1104830494948663
-10.781294609473123 1.1105527638190758
-10.781333293739008 1.1105738328010553
-10.781407035175937 1.1106137422290097
-10.787467889380167 1.1138462168174357
-10.790734590135752 1.1155778894472164
-10.793575944497695 1.1171261838405684
-10.798994974874429 1.1200604684933646
-10.79965717242604 1.1204138157748966
-10.80001391282252 1.120603015075357
-10.80113586365744 1.1212146975847883
-10.805774538089567 1.1236911226420299
-10.809425030182442 1.1256281407034976
-10.811885470631548 1.1269702675438902
-10.81658291457292 1.1295164546386465
-10.817969518175744 1.1302570938736887
-10.818715762719517 1.1306532663316382
-10.821058984391177 1.1319321434225689
-10.824067484772105 1.1335399433314404
-10.825376884422166 1.1342559665803398
-10.828031297059606 1.1356783919597788
-10.830180993913654 1.1368183520619954
-10.834170854271413 1.1389833409482355
-10.836267554556434 1.1401044603636281
-10.837394774554328 1.1407035175879194
-10.840928399525598 1.1426342448034008
-10.842346275646399 1.1433928085374934
-10.846739127860028 1.14572864321606
-10.848462051336309 1.1466705696828017
-10.851758793969905 1.1484614812424576
-10.854550809128098 1.1499560502275736
-10.856050191275939 1.1507537688442007
-10.860612252328867 1.1532493349412087
-10.860744091305893 1.1533209966544833
-10.865320540116599 1.1557788944723413
-10.866728166507878 1.156527056518204
-10.869346733668397 1.157951241639565
-10.87281879566161 1.1598120023881355
-10.87468123601189 1.160804020100482
-10.878882032271045 1.1631047746992946
-10.880520792160429 1.163996608241062
-10.883959203320016 1.1658291457286225
-10.884978848803472 1.1663879527467413
-10.88693467336689 1.1674530014277824
-10.89107101326176 1.169672459958229
-10.893287110893228 1.1708542713567631
-10.897135700747304 1.172964817733356
-10.900237845197651 1.1746551775941239
-10.902511681529296 1.1758793969849037
-10.90321359245432 1.1762534028737788
-10.904522613065382 1.17696715400551
-10.909306945427097 1.179537570509697
-10.911866995798206 1.1809045226130443
-10.915372730274404 1.182829614752893
-10.919893377965257 1.1852961697272946
-10.921078998174659 1.185929648241185
-10.921431875571487 1.186123556010438
-10.922110552763874 1.1864941078954825
-10.92752605904207 1.1894074863612696
-10.930420047009616 1.1909547738693256
-10.933592576246603 1.1926993213595436
-10.939485486025934 1.1959190405156281
-10.939598222215935 1.1959798994974662
-10.939633159099229 1.1959985661726487
-10.939698492462366 1.1960341081032864
-10.945734142290739 1.199280553746072
-10.94897574200441 1.2010050251256068
-10.95184629508748 1.2025593500037148
-10.957286432160858 1.2054864091564186
-10.957952766387121 1.2058397695462437
-10.958313969909435 1.2060301507537474
-10.959461469775352 1.2066515900721742
-10.964095995416905 1.2091096868801605
-10.966080402010103 1.2101864863140328
-10.967714224425352 1.211055276381888
-10.970234299598204 1.212381011313644
-10.97487437185935 1.2148784180309722
-10.976347049278711 1.2156596370330686
-10.977145095635146 1.2160804020100286
-10.979679069199678 1.2174531726786935
-10.98247171636392 1.218934857779721
-10.986588023033725 1.2211055276381693
-10.988616114355905 1.222204441124438
-10.992462311557842 1.2242753103173767
-10.994734968438012 1.2254813227291184
-10.995966096724455 1.2261306532663099
-10.99987295693526 1.2282479805170006
-11.000841106908846 1.2287618373655924
-11.001256281407088 1.2289872851972232
-11.005331377774713 1.2311557788944505
-11.006991431078152 1.232029727516788
-11.010050251256335 1.2336773013886306
-11.013116215155621 1.23530491483708
-11.014776447072494 1.236180904522591
-11.019215197724506 1.2385874740169687
-11.020052991402473 1.2390388302786306
-11.024159570636558 1.2412060301507317
-11.02535991482493 1.2418569661878456
-11.027638190954827 1.2430846407325138
-11.03149042946893 1.2451305162034148
-11.033575562911224 1.2462311557788723
-11.037595145254377 1.248411437321427
-11.040219082258218 1.2498256961512704
-11.04290519429101 1.251256281407013
-11.043721212967025 1.251686257888811
-11.045226130653319 1.2524975741919704
-11.049857268503617 1.2549582247922109
-11.052362876451875 1.2562814070351536
-11.055967524186219 1.2582375630824654
-11.060356847305014 1.2606044689356377
-11.061685975744018 1.2613065326632942
-11.062074994241941 1.2615176972661146
-11.062814070351811 1.261916338500023
-11.068216394989758 1.264788136966307
-11.071137829664284 1.2663316582914348
-11.07433199113411 1.2680659494103468
-11.080402010050303 1.271340838977875
-11.080421516090777 1.2713512107651548
-11.080432061758673 1.2713567839195754
-11.080465420479651 1.2713749011851032
-11.08656746471701 1.2746203510715137
-11.089899853481116 1.276381909547716
-11.092688195606966 1.2778966964453815
-11.097989949748795 1.2807586663128703
-11.098782845560468 1.2811804935153788
-11.099211284104143 1.2814070351758566
-11.100565384546702 1.2821428736895442
-11.10491012624641 1.2844549675189647
-11.10678391959804 1.2854751912022229
-11.108577491557126 1.2864321608039972
-11.11103577970988 1.287729906443257
-11.115577889447287 1.2901832482777547
-11.117135338428758 1.2910123010088608
-11.11797641977228 1.2914572864321379
-11.120632266650688 1.292901394204538
-11.123244020598493 1.2942920888742195
-11.127382779132601 1.2964824120602785
-11.129374377820865 1.297565683867397
-11.13316582914578 1.299614851375023
-11.135478622305543 1.3008467396427719
-11.13672685801972 1.301507537688419
-11.140664528262716 1.3036500231504018
-11.141568780915584 1.3041318199537582
-11.141959798995025 1.3043449818857527
-11.146054909999613 1.3065326633165597
-11.147703616240777 1.3074041354889863
-11.150753768844272 1.3090537486433336
-11.153812316518856 1.3106839181805334
-11.155461975322952 1.3115577889447003
-11.159894607041998 1.3139712465163482
-11.160670980825572 1.3143912780822147
-11.164806864665678 1.316582914572841
-11.16602311281422 1.3172453704952822
-11.168341708542764 1.3185002200399278
-11.172136031721989 1.3205239478640598
-11.174181134854672 1.3216080402009815
-11.178222512626567 1.3238100789480356
-11.180651371445556 1.3251250867446371
-11.183470391373467 1.3266331658291222
-11.184332476519154 1.3270895006068653
-11.185929648241256 1.3279545528540266
-11.190449369468256 1.3303669425352629
-11.192883685915675 1.3316582914572628
-11.196539791479838 1.333651947588666
-11.200591991792656 1.3358475324719485
-11.202167116450433 1.3366834170854034
-11.202631307022875 1.3369366402045104
-11.203517587939748 1.3374170421536746
-11.208751921751018 1.340213018767467
-11.211568963319134 1.341708542713544
-11.214846027766397 1.3434969712483564
-11.220491187433593 1.3465581425689281
-11.220818780630003 1.3467336683416846
-11.2209191942019 1.3467869064663534
-11.22110552763824 1.3468879912687086
-11.227043270506462 1.3500622960074766
-11.230236286724036 1.3517587939698252
-11.233140795319397 1.3533452716890642
-11.238693467336732 1.3563588665379864
-11.2392114841081 1.356635914806147
-11.239489928249046 1.3567839195979658
-11.240362671484906 1.3572608350688729
-11.245322987076518 1.3599148967290242
-11.247487437185978 1.3610998676511512
-11.248809303524945 1.3618090452261065
-11.251423647235939 1.3631969765973313
-11.256281407035225 1.3658358078910897
-11.25749741789949 1.3664867391787432
-11.25815047703889 1.366834170854247
-11.260194538071996 1.3679522082933246
-11.26359059611047 1.3697709567466037
-11.267514209207073 1.3718592964823877
-11.269694120719901 1.3730522182006206
-11.273869346733717 1.3753224308011367
-11.275770708406991 1.3763411759181645
-11.276790896104346 1.3768844221105283
-11.279979441137204 1.3786301633686682
-11.281845706101809 1.3796305879192134
-11.282663316582962 1.3800790477747222
-11.286068864509426 1.381909547738669
-11.287951813883673 1.3829111113239652
-11.291457286432209 1.384819052382749
-11.294030922706998 1.38619934871687
-11.295410486775111 1.3869346733668095
-11.299715691170325 1.3892942175776994
-11.30008785946824 1.3894939209846555
-11.304711834286131 1.3919597989949501
-11.306196246095897 1.3927737932906084
-11.309045226130701 1.3943260437877605
-11.312277565927756 1.3960613989667898
-11.314008456270512 1.3969849246230908
-11.318331522225979 1.3993568227954372
-11.319415956246152 1.3999479903703627
-11.32324435705778 1.4020100502512314
-11.32442691952298 1.4026404063387208
-11.326633165829193 1.4038437875262773
-11.330510130599405 1.4059274716593118
-11.33258399381848 1.407035175879372
-11.33656590187896 1.409222376921865
-11.339068313030774 1.4105880750798239
-11.34182311234855 1.4120603015075126
-11.342643323285415 1.4125110964338754
-11.344221105527685 1.4133726783318377
-11.348728095782276 1.4157977156343415
-11.35113626948523 1.4170854271356532
-11.354785345860876 1.4190921983828826
-11.35866585838284 1.4212124993799833
-11.360329368549358 1.4221105527637938
-11.36084493255242 1.4223860135277242
-11.361809045226178 1.4229131240929398
-11.366930926132842 1.425672283847173
-11.369664432923893 1.4271356783919344
-11.372989308073528 1.428966443206546
-11.378206642925786 1.4318207063061088
-11.378841532295235 1.432160804020075
-11.379031207572304 1.432265311835037
-11.37939698492467 1.4324655468561787
-11.38511807090355 1.4355513336542494
-11.388167612038087 1.4371859296482157
-11.391177226517478 1.4388452719641256
-11.396984924623162 1.442026621739406
-11.397208363365506 1.4421472156356865
-11.397327388288724 1.4422110552763563
-11.397695225049654 1.442413998255354
-11.403288962872226 1.44543502711905
-11.406644911555889 1.447236180904497
-11.40934852218792 1.4487288500855646
-11.414572864321654 1.4515945261900471
-11.415379956518132 1.4520307087622149
-11.415809325074282 1.4522613065326375
-11.417133548076208 1.4529929304625098
-11.421443017196232 1.4553235313394701
-11.4233668341709 1.4563881870855342
-11.42502315032763 1.4572864321607781
-11.427502597892964 1.4586173481971159
-11.432160804020146 1.4611761056622772
-11.433533939815973 1.4619192332758253
-11.434263434572724 1.4623115577889187
-11.436508498242745 1.463553756138233
-11.439579630185989 1.4652170187982474
-11.44351816561131 1.4673366834170594
-11.445638836988724 1.468510942482749
-11.449748743718638 1.4707718614453178
-11.451669683348468 1.471812969150963
-11.452688737129856 1.4723618090452
-11.45581798600875 1.474095878270946
-11.45769817799186 1.4751156677381339
-11.458542713567883 1.4755844146416743
-11.46185672085195 1.4773869346733406
-11.463756602024901 1.47840981507112
-11.46733668341713 1.480382315574178
-11.469786535733403 1.4817121024968323
-11.471084223534389 1.4824120603014812
-11.475059886859256 1.484618689856374
-11.475798015197753 1.4850196625637304
-11.480276509044538 1.4874371859296218
-11.481855233293997 1.4883141544500864
-11.484924623115623 1.4900080124252826
-11.487883822620342 1.4916168259849858
-11.489448846126951 1.4924623115577624
-11.493883450764123 1.4949277721434742
-11.494236802213678 1.495122934157207
-11.498570129351918 1.497487437185903
-11.499934033893734 1.4982241597345833
-11.502512562814115 1.4996495368720044
-11.505960800362285 1.5015273520859953
-11.507781465878065 1.5025125628140437
-11.511958437509984 1.5048388671005082
-11.513350723258654 1.505609180083912
-11.51691158730141 1.5075376884421843
-11.51799219982979 1.5081400606372748
-11.520100502512607 1.5093075615985532
-11.524016697931009 1.5114439010936387
-11.52608091596563 1.512562814070325
-11.530011922298543 1.5147561054739125
-11.53238965929104 1.5160740017213064
-11.535154519495421 1.5175879396984655
-11.536029099290413 1.5180620376758043
-11.537688442211099 1.5189826047150232
-11.542050865948754 1.5213666585444185
-11.544346198738692 1.5226130653266061
-11.548043188706991 1.524679691955921
-11.551351474005314 1.526516788696382
-11.553414706452815 1.5276381909547467
-11.55404398695946 1.5279903037976412
-11.555276381909591 1.528675315312813
-11.56006252512033 1.5312958470941043
-11.562576131762421 1.5326633165828873
-11.56605143872388 1.5346098545498021
-11.570233832744034 1.536936873964157
-11.571601212522644 1.537688442211028
-11.57203606972047 1.5379250856074886
-11.572864321608083 1.538386375611025
-11.578050863082382 1.541231698846512
-11.580769487925613 1.5427135678391686
-11.584035840245614 1.544546830999444
-11.589034350219945 1.547333576013986
-11.58977683394301 1.5477386934673092
-11.590004520198706 1.5478666194981292
-11.590452261306575 1.5481165035342546
-11.596015032145385 1.5511744559986473
-11.598924992627314 1.5527638190954498
-11.601995524741588 1.554490869456444
-11.607750588419814 1.5577061982706608
-11.607900516936612 1.5577889447235904
-11.607948474401603 1.5578151523245802
-11.608040201005068 1.5578664555270416
-11.613954146853422 1.5611243715379155
-11.617041320752667 1.562814070351731
-11.619929584730613 1.5644422292011448
-11.62562814070356 1.5676330108562357
-11.62587441865966 1.5677688308495572
-11.626002840604441 1.5678391959798716
-11.626387040891125 1.56805602460489
-11.63186728134534 1.5710817099960748
-11.634422110552805 1.5725253539724244
-11.635034255713215 1.5728643216080123
-11.637837071051537 1.574401181422445
-11.643216080402052 1.5774199617763847
-11.643776023076848 1.5777294636147827
-11.644067354530128 1.5778894472361529
-11.64493603525178 1.5783808629075038
-11.649753466499106 1.581046748265135
-11.653150874487253 1.5829145728642935
-11.655716989909122 1.5843680100618434
-11.660804020100544 1.5872297622458884
-11.661649428273549 1.5876981533001473
-11.662088261935802 1.587939698492434
-11.663392246983166 1.5886791918874694
-11.667611686839123 1.591019776480981
-11.66959798994979 1.5921475057273264
-11.671067005165337 1.5929648241205747
-11.673568299674136 1.5943430127276894
-11.678391959799036 1.5970633712383444
-11.679493565759357 1.597675205188624
-11.680064002353928 1.5979899497487153
-11.681767273972795 1.5989543252269325
-11.685465111436915 1.600994174908891
-11.689196941592526 1.603015075376856
-11.691495866097627 1.6042962277768273
-11.695979899497528 1.6067783405718323
-11.697498270467301 1.6076063807279182
-11.698298937823983 1.6080402010049966
-11.700735892455427 1.6093990561358247
-11.703511336220789 1.6109134875693485
-11.704773869346774 1.6116184092095498
-11.707418347108216 1.6130653266331372
-11.709542141408805 1.6142155260009128
-11.71356783919602 1.6164465047054213
-11.715544494569942 1.6175256935830147
-11.716585653120129 1.6180904522612778
-11.719749148589326 1.6198565406593648
-11.721543550234742 1.6208368033069274
-11.72574212155135 1.6231155778894184
-11.727574052568956 1.6241389282681489
-11.731155778894513 1.6261262772934497
-11.733575993623404 1.6274492135950185
-11.73484928060886 1.628140703517559
-11.738711126726129 1.6302993743265928
-11.739561141286744 1.6307642970336333
-11.739949748743758 1.630981795571702
-11.743931812592551 1.6331658291456996
-11.745590973650067 1.6340666134151105
-11.748743718593005 1.6358181729602865
-11.751592173514938 1.6373771105104309
-11.753088936559493 1.6381909547738402
-11.757564424738502 1.6406958786461248
-11.757620966528828 1.6407273113269323
-11.762195179958804 1.6432160804019809
-11.76359250285382 1.6439986962413178
-11.766331658291497 1.6455224795464307
-11.769592580023 1.6473095141068352
-11.771303832665712 1.6482412060301215
-11.775563519548488 1.6506286570134074
-11.776486947532543 1.6511427172418491
-11.780348638553159 1.653266331658262
-11.781577738339399 1.6539354344155734
-11.78391959798999 1.6552400453301992
-11.787576211962282 1.6572467104371764
-11.789492479128436 1.6582914572864027
-11.793545410591467 1.6605663507426929
-11.79529440471969 1.6615414020663177
-11.79854811925541 1.6633165829145433
-11.799545894182412 1.663877052487706
-11.801507537688481 1.6649714709412162
-11.805542345272562 1.667188906375804
-11.807653763071174 1.668341708542684
-11.811509374996186 1.670509166368623
-11.814041103743428 1.6719227274155255
-11.816659435555565 1.6733668341708245
-11.817496252840472 1.673823755469825
-11.819095477386973 1.6747173625797025
-11.823490245561375 1.6771363117491367
-11.825786562755521 1.6783919597989652
-11.829454661127144 1.6804573186442004
-11.83272475804877 1.6822860399880497
-11.83479159187938 1.6834170854271058
-11.8354280679878 1.6837757565978677
-11.836683417085466 1.6844783553006542
-11.841419148854284 1.6870891448355838
-11.843889715630457 1.6884422110552464
-11.847380486943075 1.6904110310097842
-11.851343027844633 1.692630671272152
-11.852855114356844 1.693467336683387
-11.853340562850907 1.693733277807116
-11.854271356783958 1.6942551150214404
-11.859328259868635 1.6970476328587631
-11.86196201622155 1.6984924623115276
-11.865286038206865 1.7003705361045522
-11.869893518932834 1.7029559372112066
-11.87091646871068 1.7035175879396682
-11.871232928394214 1.7036965502505934
-11.87185929648245 1.704048340721152
-11.877216750132446 1.7070120125249533
-11.880002213834075 1.7085427135678088
-11.883170466535589 1.7103360763236237
-11.88837378139289 1.713261137827934
-11.8889261211963 1.7135678391959495
-11.889104321344025 1.7136658148636403
-11.889447236180942 1.7138587668501373
-11.895083755936353 1.7169825306082585
-11.898009010057663 1.71859296482409
-11.901032887278165 1.7203079044244527
-11.906781308120967 1.723545556806954
-11.906912937852598 1.7236180904522307
-11.906953862037994 1.7236413229783567
-11.907035175879434 1.7236871659704374
-11.912928376105242 1.7269594445872833
-11.91598105605877 1.7286432160803713
-11.918872377206597 1.730286284186465
-11.924623115577926 1.7335316953743023
-11.924785494306784 1.7336219477859807
-11.924869524158147 1.733668341708512
-11.925118160577863 1.7338097831370654
-11.930749669574581 1.7369430233376084
-11.933916949645706 1.7386934673366525
-11.93668797200529 1.7402714911284036
-11.942211055276418 1.7433949180275796
-11.94259516266778 1.7436088479958327
-11.942793533609018 1.7437185929647931
-11.943378745208125 1.7440522186595668
-11.94854665275488 1.7469335478848018
-11.951005025125664 1.7483363284899038
-11.95173357968823 1.7487437185929338
-11.954478663541066 1.750263813288318
-11.95979899497491 1.7532791292516832
-11.960379321492214 1.7536030366447024
-11.96067839578657 1.7537688442210744
-11.961557952776248 1.7542714035928855
-11.966318296665703 1.7569313122232746
-11.969674384681108 1.758793969849215
-11.972243396894632 1.760263552071721
-11.977386934673403 1.763185300767125
-11.978136889243071 1.7636048227431642
-11.978522528865762 1.7638190954773556
-11.9796530042099 1.7644665439163552
-11.984063523818621 1.7669366242068625
-11.986180904522648 1.7681502933069178
-11.987416302276822 1.7688442211054962
-11.989981067131922 1.7702710231740602
-11.994974874371895 1.7731144603161333
-11.995866720854636 1.7736145334528537
-11.996324241768093 1.7738693467336368
-11.997660942244522 1.774636794697245
-12.001781113555328 1.7769498325950828
-12.00526858086156 1.7788944723617774
-12.007690284530034 1.7802866236590216
-12.012562814070387 1.7830680164251547
-12.013567261639277 1.7836326129702353
-12.014081318517562 1.783919597989918
-12.015577822421418 1.7847810289473562
-12.019469615160606 1.7869713518779964
-12.021356783919632 1.7880584454060928
-12.022926823516494 1.7889447236180587
-12.025369849778688 1.7903106961866841
-12.03015075376888 1.7930468323628856
-12.031237627457125 1.7936593139067005
-12.031792473669311 1.7939698492461993
-12.033401870799382 1.7948987398263432
-12.037128233399068 1.7970014092657145
-12.040685586615174 1.79899497487434
-12.043018826760497 1.8003435082191617
-12.047738693467371 1.8030520025981591
-12.0488766438058 1.803694971834358
-12.049456042190755 1.8040201005024805
-12.05113031942529 1.804989136490458
-12.054755680723687 1.8070403726288164
-12.056532663316617 1.8080694873397434
-12.058251952846097 1.8090452261306211
-12.060635854441449 1.810385448623311
-12.065326633165864 1.8130848438445408
-12.066482914310322 1.813739985717488
-12.067070033838434 1.8140703517587617
-12.068759967109239 1.8150513043140117
-12.07235056343535 1.8170886401670492
-12.075912012131313 1.8190954773869024
-12.078219502473848 1.8204369260699043
-12.082914572864356 1.8231467559974943
-12.084054970928326 1.8237947749967658
-12.084632368744543 1.824120603015043
-12.086287537584086 1.8250843072206804
-12.089911415426595 1.827146630768258
-12.0917085427136 1.828193514492975
-12.093376598485081 1.8291457286431836
-12.095768265634185 1.8304983706228013
-12.100502512562848 1.8332392298411646
-12.101591268193234 1.8338597812340716
-12.102140870785469 1.8341708542713242
-12.103709675532865 1.8350871865484715
-12.107436692338094 1.8372147856779657
-12.110931640147548 1.8391959798994648
-12.113280557772649 1.8405702354676627
-12.11809045226134 1.8433638555748324
-12.119090176948989 1.8439354699025632
-12.119593260429596 1.8442211055276054
-12.121022942463656 1.8450589598711238
-12.124924765194056 1.8472935703178273
-12.126884422110585 1.848442444761984
-12.128283504420093 1.849246231155746
-12.13075470522001 1.8506529987956952
-12.135678391959832 1.853522332265821
-12.136549977519746 1.8540223323381966
-12.136987147011277 1.8542713567838867
-12.138223812418406 1.8549986197720507
-12.142373913458199 1.8573834762696366
-12.145726576611528 1.8592964824120273
-12.148188939591003 1.8607471658598334
-12.153266331658324 1.8637164783515185
-12.153968852250946 1.8641208878708468
-12.154320020372081 1.8643216080401679
-12.155308667501746 1.86490513256686
-12.159782317444687 1.867485023443633
-12.16206030150757 1.8688298680360278
-12.162953712018332 1.8693467336683085
-12.165581389915664 1.8708532712229236
-12.170854271356816 1.8739482433318235
-12.171344877350231 1.8742316861554738
-12.171589241803794 1.8743718592964491
-12.172273793215192 1.8747774369702705
-12.177148050010093 1.8775987624522248
-12.180277115737017 1.8793969849245897
-12.182930074021371 1.8809718812200007
-12.188442211055309 1.8842197208152234
-12.188676013947436 1.8843553097264083
-12.188792034220292 1.8844221105527303
-12.18911537358161 1.8846144427031026
-12.19446906744288 1.8877252772129935
-12.197236180904554 1.8893713858235097
-12.197366293903972 1.889447236180871
-12.200232889078304 1.8911035966595842
-12.20583136897435 1.8944155670148826
-12.205928598114637 1.8944723618090116
-12.205962152406515 1.894491789908236
-12.2060301507538 1.894532100164346
-12.211743199455913 1.8978651878079775
-12.214561454507953 1.8994974874371522
-12.217487601209458 1.9012490557922481
-12.22242341791715 1.904181278055252
-12.223011536337914 1.9045226130652928
-12.223207218988028 1.9046400049122258
-12.223618090452293 1.9048846215999946
-12.228968138174812 1.9080191536298559
-12.23159633021244 1.9095477386934334
-12.234691834053013 1.9114089375785106
-12.238881096610154 1.9139085975956798
-12.240008625252454 1.914572864321574
-12.240401959767285 1.91480259871686
-12.241206030150785 1.9152834637870173
-12.24614142600029 1.9181878768498555
-12.248555466915477 1.9195979899497146
-12.251843093942941 1.9215839544943822
-12.255200464642348 1.9235963998044463
-12.256954178032927 1.9246231155778553
-12.257543978302037 1.924980256019924
-12.258793969849277 1.9257312981815655
-12.263260682662697 1.928372037545019
-12.265435446124776 1.9296482412059959
-12.268938888574585 1.9317748186269057
-12.27137726362733 1.9332434679997252
-12.273781858329857 1.9346733668341365
-12.274630494798116 1.9351737710483228
-12.27638190954777 1.936231288266491
-12.280322815592717 1.938572519306578
-12.28223239405119 1.939698492462277
-12.285975950098738 1.9419824636472836
-12.287406269291942 1.9428483095320406
-12.290578801398256 1.9447236180904177
-12.29165840072124 1.9453840319547098
-12.293969849246261 1.9467869225962744
-12.297324770278951 1.9487901948520756
-12.298942268130132 1.9497487437185583
-12.302951222741072 1.9522077626338952
-12.303282926443215 1.9524096229176884
-12.307218186175865 1.954773869346699
-12.308624617413164 1.9556119183557241
-12.311557788944754 1.9574017991061332
-12.314263369238688 1.9590259720337153
-12.315560962523163 1.9597989949748396
-12.319015229673704 1.9619296923259686
-12.31987560029145 1.9624476030753524
-12.323853974173957 1.9648241206029802
-12.325525838614462 1.9658583748969187
-12.329145728643246 1.9680798496151013
-12.331135198998794 1.969280826129535
-12.33208410437843 1.9698492462311208
-12.33459203604266 1.9714053340595248
-12.336738695098132 1.9727049528721503
-12.337939698492491 1.9734495971330555
-12.340284658091424 1.9748743718592614
-12.342358508973046 1.9761244173931738
-12.346733668341738 1.978825379519189
-12.347936587684586 1.9795558062465881
-12.348507031649078 1.979899497487402
-12.350003462196065 1.980833724302924
-12.353531371308977 1.9829824222677601
-12.356745316587114 1.9849246231155426
-12.359118800001506 1.9864111396980357
-12.36432160804023 1.9896431133488255
-12.36466357993781 1.9898520424872324
-12.364824768566418 1.9899497487436832
-12.365244332438524 1.9902133842860534
-12.370249634088298 1.9932811526438163
-12.373035043244132 1.9949748743718416
-12.375802583131918 1.9967197214023633
-12.380324414720596 1.9995471048519624
-12.3810582084338 2.