-8.892655572218807 0.
-8.895149988715891 0.001242142491824083
-8.897621625148906 0.002512562814070307
-8.899497487437277 0.0034669069386561446
-8.901484338858461 0.004457453793516031
-8.902587484913154 0.005025125628140614
-8.906535498773009 0.00703598600977795
-8.907806531941917 0.0076762385406699
-8.912540235904796 0.010050251256281229
-8.914162924883557 0.01088525189977041
-8.917085427135769 0.012382153292493037
-8.920492176623698 0.014102019887870298
-8.922428858543986 0.015075376884421843
-8.926794078215872 0.017326602203961095
-8.929090686710005 0.01850545104848944
-8.932233055111693 0.020100502512562457
-8.933117747532453 0.020544965170222085
-8.93467336683426 0.021345126680676785
-8.939442586637137 0.023762993911310204
-8.942142744967656 0.02512562814070307
-8.945740267707954 0.026988782090645813
-8.951394905705847 0.029903210675442438
-8.951884476217474 0.030150753768843686
-8.952018279974695 0.03022018992828901
-8.952261306532753 0.030345691222176896
-8.95833935556917 0.03343929395800771
-8.961055276381998 0.03485447676016573
-8.961684707261963 0.0351758793969843
-8.964633459332463 0.03666610422520744
-8.969849246231245 0.039364669711957845
-8.970900378872127 0.03990068141344416
-8.97149213624643 0.040201005025124914
-8.973487750113067 0.04124057756278798
-8.977186039587837 0.04312990397995353
-8.981309169321456 0.04522613065326553
-8.983477175524607 0.046357562197588464
-8.987437185929737 0.04841376877584658
-8.989741307646284 0.049592935790964354
-8.991033955843566 0.05025125628140614
-8.995368579719598 0.05251736879279534
-8.995985979726061 0.05283386939631107
-8.996231155778982 0.05296252896446596
-9.000730628642106 0.05527638190954676
-9.002274689426697 0.0560622208242707
-9.00502512562823 0.057495174490750145
-9.008536551593123 0.05929824297628983
-9.010500137901087 0.06030150753768737
-9.014771353327887 0.06254199668021165
-9.017075981672171 0.06374460926452752
-9.020167552066523 0.06532663316582799
-9.02102899397451 0.06577922498074606
-9.022613065326722 0.0666071049564998
-9.027289174525416 0.06901572759434149
-9.029896154842525 0.0703517587939686
-9.033522481852236 0.07225990827196238
-9.038608229202184 0.07492180561552964
-9.039494945025218 0.07537688442210921
-9.039743172750123 0.07550769364356391
-9.040201005025214 0.07574766827456614
-9.046002207985973 0.07874452349003302
-9.049227336760056 0.08040201005024983
-9.052234538060526 0.08198898338258687
-9.057788944723706 0.08490436968054293
-9.058439945829253 0.0852411353625202
-9.058801381581505 0.08542713567839044
-9.059993077411562 0.08605688787492038
-9.064678388670893 0.08848384875019111
-9.066582914572951 0.0894935861486914
-9.068428120706182 0.09045226130653106
-9.070910231465938 0.09172844786546275
-9.075376884422198 0.09407904151549218
-9.07711531541358 0.09498069236570483
-9.078078052868229 0.09547738693467167
-9.081239515118327 0.09715242427642234
-9.083320285958376 0.09823296926676228
-9.087714046677217 0.10050251256281229
-9.089552106209942 0.10147757482302655
-9.09296482412069 0.10327790496774192
-9.095757327048783 0.10472978021149704
-9.097300174388176 0.1055276381909529
-9.101935728801852 0.10798964819590395
-9.102352783905559 0.10820991241520161
-9.106840618863071 0.11055276381909351
-9.10816255217298 0.11123568143229434
-9.110552763819182 0.11249945216633783
-9.114368347442204 0.11448772269779983
-9.116471849604938 0.11557788944723413
-9.120547479432673 0.11774738204294888
-9.12336442282979 0.11923836345026473
-9.125994836726205 0.12060301507537474
-9.12674381510952 0.12100212604913274
-9.128140703517674 0.12174224516136967
-9.132950600698914 0.12425388436601814
-9.135596908209358 0.12562814070351536
-9.139130875466313 0.12751321720347342
-9.144260715517701 0.13023385841780843
-9.145060807856588 0.13065326633165597
-9.145298005913961 0.1307763055608575
-9.145728643216167 0.13100491341338394
-9.151506177434191 0.1340276678975041
-9.154678926576274 0.13567839195979658
-9.157687987483612 0.1372865620829531
-9.163316582914659 0.14027727203181506
-9.163843214483297 0.14055305142546892
-9.164132161738525 0.1407035175879372
-9.16506720238551 0.1412036945796089
-9.170037043128263 0.14380851172647624
-9.172110552763904 0.1449206640096774
-9.173647774236283 0.1457286432160778
-9.176220762137461 0.14706686049484574
-9.180904522613151 0.14955980584790307
-9.182378044831546 0.15033276249610505
-9.183185186453874 0.15075376884421843
-9.185790391176518 0.15214973129089504
-9.188545045802677 0.15359588784678024
-9.192726990740924 0.15577889447235904
-9.194731029713255 0.15685358950046968
-9.198492462311643 0.15885877959617112
-9.200890721391083 0.16011880322065952
-9.202202402393795 0.16080402010049966
-9.20642611406474 0.16307077774424172
-9.20703192308804 0.16338929979252637
-9.207286432160888 0.16352623297638758
-9.21165426841652 0.16582914572864027
-9.213220511094114 0.16664625741893158
-9.216080402010135 0.16817304803227806
-9.219382948462684 0.1699106866560527
-9.221186691875825 0.17085427135678088
-9.225519012290972 0.17318265119039733
-9.227001312732131 0.17397453156306497
-9.23064024766591 0.1758793969849215
-9.231690824190723 0.17644440199003686
-9.233668341708627 0.17750152298630617
-9.237856328253862 0.17970795502870907
-9.240140756475245 0.1809045226130621
-9.243995600151115 0.18297900297192093
-9.247511733160303 0.18485977731354097
-9.249535638430615 0.18592964824120273
-9.25014349820984 0.18624758629756855
-9.25125628140712 0.18684316347300012
-9.256312411197444 0.18951016535782284
-9.259067192298577 0.19095477386934334
-9.26245523147052 0.19278019947936986
-9.267956811544154 0.1957263539084959
-9.26844004533538 0.19597989949748396
-9.268580053694272 0.1960553759007233
-9.268844221105612 0.1961969161350945
-9.274752624167654 0.1993169099650407
-9.27796834286722 0.20100502512562457
-9.280899230344478 0.20258586239980314
-9.286432160804104 0.20555190914133714
-9.28701964852316 0.20586229711974902
-9.28733923807606 0.20603015075376518
-9.288359855100131 0.20658092055263033
-9.293178199397463 0.20912783678380364
-9.296846287725458 0.2110552763819058
-9.29932887104009 0.21239562765690678
-9.304020100502596 0.21491284075814132
-9.305453489351237 0.2156708623390058
-9.306232533276733 0.2160804020100464
-9.30871697351006 0.21742236572646512
-9.311590394999659 0.21894258635331187
-9.312814070351841 0.21960499579843962
-9.315642715766579 0.22110552763818703
-9.317745398393546 0.22220913958319866
-9.321608040201088 0.22428351132149693
-9.323874481154752 0.2254830987081382
-9.32510527911803 0.22613065326632764
-9.329025522912149 0.22824993404091565
-9.329990390875935 0.22876082155879818
-9.334540742775882 0.23115577889446826
-9.336149979642418 0.23202606468222875
-9.33919597989958 0.23366311346310464
-9.342283778594364 0.23529867632409918
-9.343959391785134 0.23618090452260887
-9.34839156335744 0.2385787205913612
-9.349302560523348 0.23906849898654325
-9.35332600370307 0.24120603015074948
-9.354543708671635 0.24184609041544558
-9.356783919598072 0.24305088523049623
-9.360682463530363 0.2451172860839499
-9.362796660571819 0.2462311557788901
-9.366795333771977 0.2483958773573436
-9.369553189481051 0.24987951860259816
-9.372165604779166 0.2512562814070307
-9.37292760997642 0.25166892406992947
-9.374371859296565 0.2524461082716858
-9.379071548942052 0.25493863856503207
-9.3816187554803 0.2562814070351713
-9.385189731139166 0.25821571213685424
-9.389769022230638 0.2606805964449066
-9.390945840479494 0.26130653266331194
-9.391302642367169 0.2614942916998517
-9.391959798995057 0.26184810607928455
-9.397451982593715 0.2647624629775507
-9.400427234248847 0.26633165829145256
-9.403575692235057 0.268037957279593
-9.409547738693549 0.2712540649524193
-9.409673546436803 0.27132083885009184
-9.409741684387734 0.27135678391959317
-9.409957841438748 0.2714739561325077
-9.415824650468965 0.27458850618332864
-9.418341708542794 0.2759556183230556
-9.419142628699646 0.2763819095477338
-9.421954092482977 0.2778623626646093
-9.427135678392041 0.2806539378086468
-9.428057804226114 0.281143570651853
-9.428557033008913 0.2814070351758744
-9.430139828182819 0.2822653636875252
-9.434190379993018 0.28441653177516457
-9.438009051594733 0.286432160804015
-9.440325749145295 0.2876886947883692
-9.444723618090533 0.2900588678461622
-9.446435511632197 0.29096817399168007
-9.447362002273083 0.2914572864321556
-9.450297979672145 0.2930499611697597
-9.45254994306042 0.2942463192117568
-9.453517587939778 0.29477224344240405
-9.456728478487546 0.29648241206029624
-9.45869142432374 0.2975167359075206
-9.462311557789025 0.29946831967590004
-9.46480742100156 0.30079443391342764
-9.46615783008805 0.30150753768843686
-9.470435455123043 0.3038286512124415
-9.470904058883988 0.3040776630037314
-9.475552565280841 0.30653266331657747
-9.477051827783667 0.3073462832319631
-9.479899497487517 0.30888179246129965
-9.483174232684853 0.31062215031690776
-9.484945666224759 0.3115577889447181
-9.489271049000381 0.31390532842632624
-9.490572734800335 0.3146072853198092
-9.494280363015653 0.3165829145728587
-9.495407619616095 0.31717714816426223
-9.49748743718601 0.318298818455542
-9.501536633121704 0.3204511270765158
-9.503726671211885 0.3216080402009993
-9.507640201718113 0.323732375962825
-9.5107016163921 0.32538351997416726
-9.51306704116203 0.3266331658291399
-9.513759574461453 0.3270091093785821
-9.515075376884502 0.32771881543999726
-9.519895346250085 0.3302811573528279
-9.522501929631106 0.33165829145728054
-9.52600576466374 0.3335604491484956
-9.530818080410796 0.3361562067505073
-9.531815919228029 0.33668341708542115
-9.532108109932604 0.3368420475569609
-9.532663316582994 0.337141535880094
-9.53825074345257 0.3401121350365406
-9.541272115821414 0.34170854271356177
-9.544368140446405 0.34338943295215696
-9.550251256281486 0.34656298166364596
-9.550460075784821 0.3466740056264639
-9.550572990901307 0.3467336683417024
-9.550930370804261 0.34692770106249515
-9.556603327839683 0.3499439163817861
-9.559045226130731 0.3512721229307729
-9.55995826735677 0.351758793969843
-9.56272784254713 0.35321918066494185
-9.567839195979978 0.3559764760877746
-9.568827011806437 0.3565016865047097
-9.569361144166932 0.3567839195979836
-9.57105167435065 0.35770177056103236
-9.57495358118833 0.3597763637380238
-9.578800500554213 0.3618090452261242
-9.581085344886253 0.3630495568810437
-9.58542713567847 0.3653916764362197
-9.587191878014686 0.36632995875820296
-9.588146128427415 0.36683417085426484
-9.59116647812976 0.3684739829832049
-9.593301947359791 0.36960935028774244
-9.594221105527716 0.3701092841042586
-9.59750441664847 0.37185929648240545
-9.599441083660285 0.37288043697288487
-9.603015075376963 0.37480827652709436
-9.605555102939963 0.37615869994968865
-9.60692864727404 0.37688442211054607
-9.611276565580777 0.3792448478830641
-9.61164883406893 0.37944275954098217
-9.616317809486679 0.3819095477386867
-9.61779545910703 0.3827117065868082
-9.620603015075455 0.3842259947681379
-9.623917079341465 0.3859877978622528
-9.625709344603797 0.3869346733668273
-9.630013470183963 0.3892710975353939
-9.631402473647645 0.3900202329588822
-9.635042048118414 0.3919597989949679
-9.636148837200876 0.39254326115870253
-9.638190954773947 0.39364457308925527
-9.642278165898105 0.39581715001620665
-9.644488807545974 0.3969849246231085
-9.648382376738835 0.3990982154041385
-9.651531853241718 0.4007966098996141
-9.653829099722982 0.40201005025124914
-9.65450155128028 0.4023750054490094
-9.655778894472439 0.4030637759018658
-9.660638688831435 0.4056466632053901
-9.663267569251715 0.40703517587938975
-9.66675081871713 0.40892546600904733
-9.67166098073555 0.4115729148117069
-9.672575820274854 0.41206030150753037
-9.672853903609484 0.4122068530965155
-9.673366834170931 0.4124833890861366
-9.678998943462764 0.4154762530522902
-9.682046111553262 0.417085427135671
-9.685119084494334 0.4187527669571258
-9.690954773869423 0.42189866640034257
-9.69121410191162 0.42203645903746967
-9.691354420261085 0.4221105527638116
-9.691799039817047 0.4223517716059897
-9.697359195706522 0.42530584358135215
-9.699748743718668 0.4266045671893073
-9.700745934409714 0.4271356783919522
-9.70348743320789 0.42858004420910234
-9.708542713567915 0.4313046846239308
-9.709590655216639 0.4318613921204575
-9.71015779332849 0.4321608040200928
-9.711955436952667 0.4331358678443076
-9.715719683502066 0.43513536680990494
-9.719604223772349 0.43718592964823344
-9.721856096184272 0.43840723167170115
-9.726130653266408 0.44071056952672105
-9.727967600131057 0.44168621331504543
-9.728961959691393 0.44221105527637405
-9.732114870163995 0.4439208315328278
-9.734080618185956 0.4449647623560722
-9.734924623115653 0.44542327632357903
-9.738329968841718 0.44723618090451467
-9.740225278306541 0.4482342708069025
-9.7437185929649 0.4501161814782373
-9.746345127570732 0.45151086807384644
-9.747767210172778 0.4522613065326553
-9.752278104386281 0.4547068812244781
-9.752442160967439 0.45479398416007033
-9.757165943141926 0.4572864321607959
-9.758595078657294 0.4580611333053959
-9.761306532663392 0.4595214854098417
-9.764723299788027 0.4613353386104695
-9.766573719291916 0.4623115577889365
-9.770826600543966 0.46461666402262747
-9.77246788621571 0.4655005159467418
-9.77591866079889 0.4673366834170771
-9.776965675092937 0.46788776835106205
-9.778894472361884 0.46892630525902046
-9.783102386738811 0.4711595477946666
-9.785381879721372 0.47236180904521774
-9.789214280847393 0.4744384179632135
-9.792665389369692 0.47629635676173443
-9.794733414049594 0.47738693467335835
-9.79533730407814 0.47771410838256845
-9.796482412060376 0.47833050000928967
-9.801482556596959 0.4809834475767607
-9.804191970624395 0.48241206030149897
-9.807603093031693 0.4842598485092635
-9.812868884890147 0.48709390968143307
-9.81352001303298 0.4874371859296396
-9.813710070292922 0.48754012349133813
-9.814070351758868 0.48773399893616
-9.819863908327656 0.49080700968098423
-9.823004154571924 0.4924623115577802
-9.82599313034238 0.4940809290192032
-9.83165829145736 0.4971290103757786
-9.83209751148872 0.49736194574838954
-9.832335614656342 0.4974874371859208
-9.8330923550009 0.4978971696269321
-9.838246521215845 0.500630211454494
-9.840452261306606 0.5018266773182809
-9.84174258933014 0.5025125628140614
-9.844384466476598 0.5039016384367052
-9.849246231155853 0.5065166504547491
-9.850497670082587 0.5071801344631348
-9.851176284813054 0.507537688442202
-9.853334091232666 0.5087056484641481
-9.856630455890885 0.5104530355746197
-9.860635289416111 0.5125628140703427
-9.86277715660206 0.5137219609995674
-9.866834170854345 0.5159034304100203
-9.868899213458665 0.5169979275258205
-9.870019362347938 0.5175879396984833
-9.87358285727949 0.5195161358199538
-9.875015755301758 0.5202754697702199
-9.87562814070359 0.5206074402089547
-9.879403597832363 0.5226130653266239
-9.881171238326944 0.5235418859625929
-9.884422110552837 0.5252893302720132
-9.887302173875716 0.5268153157196567
-9.888864903318355 0.5276381909547645
-9.89340833653062 0.5300958234463957
-9.893844760005202 0.5303303765125831
-9.898275958044238 0.5326633165829051
-9.899566732623402 0.5333614073337412
-9.902010050251329 0.534674341176598
-9.905706567071432 0.5366322945481592
-9.907712935945094 0.5376884422110457
-9.911821724084716 0.5399102324582188
-9.91413352479212 0.5411522920798433
-9.917074404246746 0.5427135678391863
-9.917963644707052 0.5431805236228344
-9.919597989949821 0.5440584647547597
-9.924112393137253 0.5464488639852041
-9.926563462057157 0.547738693467327
-9.930236558136675 0.5497242281849379
-9.93442963616582 0.5519763066718975
-9.935926385534762 0.5527638190954676
-9.936361964874628 0.5529992376022346
-9.937185929648313 0.5534417125495779
-9.942519637351548 0.556265028236969
-9.945416458465955 0.5577889447236082
-9.948652818934912 0.5595378162698639
-9.95473303823798 0.5628024043206565
-9.954755026984802 0.5628140703517488
-9.954761669301744 0.562817556078909
-9.954773869346806 0.5628241054595744
-9.960928270973115 0.5660807955152292
-9.964271878272637 0.5678391959798894
-9.96707047280907 0.5693510063330978
-9.972361809045298 0.5721911063557537
-9.973188049181351 0.5726282529977293
-9.973637005481526 0.57286432160803
-9.9750691668664 0.5736378524140591
-9.97933825199672 0.5758961778214786
-9.981155778894543 0.5768797109497248
-9.983059897323429 0.5778894472361706
-9.985489472921468 0.5791638117568336
-9.98994974874379 0.5815570735142472
-9.991616158406298 0.5824384558178801
-9.992521912082054 0.5829145728643113
-9.99541271317561 0.5844754198448303
-9.997749525872338 0.5857111907414385
-10.001989639277648 0.5879396984924519
-10.003909731892161 0.5889762575067721
-10.007537688442282 0.5909223174803175
-10.010045482900345 0.592248311418289
-10.011408985800141 0.5929648241205925
-10.015762713618527 0.5953148313138055
-10.016161926236984 0.5955258818073892
-10.016331658291527 0.5956176734601835
-10.020807973633168 0.5979899497487331
-10.022331128864018 0.5987883781135208
-10.025125628140774 0.6002868957808385
-10.028475972337334 0.6020578341778569
-10.030298131056545 0.6030150753768737
-10.034596230408608 0.6053343146427768
-10.036140102014208 0.6061620679121402
-10.03971576149276 0.6080402010050143
-10.040753677892885 0.6086001695611234
-10.042713567839266 0.6096508123003392
-10.046907601074654 0.6118670314230439
-10.049189302819817 0.6130653266331549
-10.053037024893895 0.6151408931028302
-10.056529144446248 0.6170126342351505
-10.058564153164667 0.6180904522612956
-10.05917729003645 0.6184116572616691
-10.060301507537758 0.6190141365951369
-10.065340271794273 0.6216759309590039
-10.06808234102496 0.6231155778894362
-10.071478838577217 0.6249471803634457
-10.076924007473929 0.6278648635854847
-10.077449469853033 0.6281407035175768
-10.077601862168962 0.6282228706796591
-10.07788944723625 0.6283769448856269
-10.083773876772701 0.6314845635638742
-10.086977067703042 0.6331658291457174
-10.08992155912597 0.6347532085196521
-10.095477386934743 0.6377293202894521
-10.096044681838904 0.6380288705155257
-10.09635353238054 0.638190954773858
-10.097341765103833 0.6387236342507405
-10.102208298519644 0.6412929628063129
-10.105873288040952 0.6432160804019986
-10.108365064536224 0.644559012429716
-10.113065326633235 0.6470761108743366
-10.114497352290552 0.6478320558423336
-10.11527719792084 0.6482412060301392
-10.11777354685531 0.6495864118078751
-10.120643410379325 0.6511011648736824
-10.12185929648248 0.6517576631873965
-10.124710625611618 0.6532663316582799
-10.126809223728234 0.6543646295449923
-10.130653266331727 0.6564226437498988
-10.132950638485436 0.6576350652425038
-10.134202059032262 0.6582914572864205
-10.138209607623756 0.6604504119412855
-10.139079077095985 0.6609092084104873
-10.143669352154955 0.6633165829145611
-10.145253897106231 0.6641700997499864
-10.14824120603022 0.6657690212028591
-10.151404396472453 0.6674379398449206
-10.153127878303593 0.6683417085427017
-10.15753034648242 0.6707127940416422
-10.15866463285747 0.6713198304933448
-10.162535383838147 0.6733668341708423
-10.163698937083877 0.6739754652122238
-10.165829145728711 0.6751153503456289
-10.169858474387153 0.6772407230394277
-10.172054404445968 0.6783919597989829
-10.175993538814348 0.6805129731169419
-10.179134398322361 0.6821934605400255
-10.18146867447027 0.6834170854271235
-10.182144188576759 0.6837807702415368
-10.183417085427203 0.6844617427886117
-10.18831271293875 0.6870434603376792
-10.190981373111496 0.6884422110552642
-10.194456839127493 0.6903131213404645
-10.19960646395173 0.6930677477765572
-10.20036241212533 0.6934673366834048
-10.200589489463203 0.6935860611584026
-10.201005025125696 0.6938083143344018
-10.20676694586555 0.6968461992430157
-10.209908507660126 0.6984924623115454
-10.212920077000678 0.700113287403977
-10.218592964824188 0.7031471624245418
-10.219048652626489 0.7033873914247426
-10.21929713195967 0.703517587939686
-10.22009415326556 0.7039464989229351
-10.225221000360046 0.7066489891290102
-10.227386934673433 0.7078169398580094
-10.228760394365128 0.7085427135678266
-10.231383075526747 0.7099135218523784
-10.23618090452268 0.7124788974287641
-10.237520666478954 0.7131850500656034
-10.238251372631618 0.7135678391959672
-10.240595831716329 0.7148292469655813
-10.243674697464858 0.7164518811263427
-10.247762186849945 0.7185929648241078
-10.24984569357149 0.719713865009731
-10.253768844221172 0.7218111357981369
-10.2559923101469 0.7229828144734691
-10.257205211036748 0.7236180904522485
-10.261098165366372 0.7257121822080199
-10.262128084723376 0.7262548616511877
-10.262562814070417 0.7264891909202316
-10.266640700093804 0.7286432160803891
-10.268307954402504 0.7295143102281489
-10.271356783919664 0.7311438819821197
-10.274463472442164 0.7327807164163866
-10.2761584389482 0.7336683417085297
-10.280594406342399 0.7360541466444603
-10.281613613395463 0.7365988644159005
-10.285613670451895 0.7386934673366703
-10.286769377071307 0.7393149949214841
-10.288944723618156 0.7404775275678102
-10.292933673635572 0.7425788929598349
-10.295110299047318 0.7437185929648109
-10.299073451861794 0.7458497962376267
-10.302140716537302 0.7474888766559955
-10.3045170019987 0.7487437185929515
-10.305229719491795 0.7491159882571949
-10.306532663316649 0.7498122076201046
-10.311402717694055 0.7523774001132617
-10.314060463562653 0.7537688442210921
-10.317551261475877 0.7556457989465963
-10.322664772112445 0.7583780181627482
-10.323459312892213 0.7587939698492328
-10.323688784872756 0.7589173464613426
-10.32412060301514 0.759148059751892
-10.32987040402264 0.7621762951895157
-10.333008596471236 0.7638190954773734
-10.336027630748386 0.7654422131817293
-10.341708542713633 0.7684772891644718
-10.342160230720397 0.7687151673892956
-10.342406769389072 0.768844221105514
-10.343198755730686 0.769269996253243
-10.348336527626014 0.7719756367586887
-10.351954353784123 0.7738693467336546
-10.354502350843653 0.7752390986103608
-10.359296482412125 0.7778001873459122
-10.360643607440473 0.7785095794965526
-10.361378950438842 0.7788944723617952
-10.36374146310974 0.7801644668468279
-10.366800879259754 0.7817754846048981
-10.36809045226137 0.782470163011018
-10.37083615732246 0.7839195979899358
-10.372975208676072 0.7850365161140909
-10.376884422110617 0.7871247326966406
-10.379125029575123 0.7883045500567896
-10.380348167160705 0.7889447236180764
-10.384278216738391 0.7910572363688688
-10.385263245570693 0.7915758996861957
-10.389837327436027 0.793969849246217
-10.39144598704833 0.7948345277492965
-10.39447236180911 0.7964510769511728
-10.39760427604275 0.7981001422361746
-10.39931404927448 0.7989949748743577
-10.403737876046376 0.8013728107204212
-10.40482249394107 0.8019521554834892
-10.408740207956392 0.8040201005024983
-10.409914464777792 0.8046331967110154
-10.412060301507601 0.8057793740394397
-10.41608112177011 0.8078964203413506
-10.418276219256612 0.8090452261306389
-10.4222231436861 0.8111666825649229
-10.425371844668561 0.8128485241766272
-10.427706483084538 0.8140703517587795
-10.428380416810556 0.8144325873003613
-10.429648241206094 0.8151097800284095
-10.434555337803467 0.8176934497876704
-10.437234292550057 0.8190954773869201
-10.440705675448065 0.8209613360887831
-10.445912063285423 0.8237422836953003
-10.44662879268497 0.8241206030150607
-10.446843614322683 0.8242327648956049
-10.447236180904586 0.8244424530732077
-10.45302669140662 0.8274912970711918
-10.456187877753308 0.8291457286432014
-10.459185234639769 0.8307568389184325
-10.464824120603078 0.8337688859628631
-10.46531900495664 0.8340294587417523
-10.465589170102557 0.834170854271342
-10.466457235348397 0.8346374584842904
-10.471494946145333 0.8372900297445529
-10.473618090452323 0.8384336963214478
-10.475062167635311 0.8391959798994826
-10.47766158085341 0.8405532597418137
-10.48241206030157 0.8430908870209848
-10.483803489743106 0.8438235542586128
-10.484563055058176 0.8442211055276232
-10.487003380670053 0.8455329113471901
-10.489959861957775 0.847089716396848
-10.494079985042923 0.8492462311557638
-10.496134470032406 0.85035066828938
-10.500000000000062 0.8524157225202798
-10.502284360446616 0.8536186823706036
-10.503531250943086 0.8542713567839044
-10.50753654457413 0.8564246552336385
-10.50842105741491 0.856890466007802
-10.508793969849307 0.8570913766397625
-10.51297062863079 0.859296482412045
-10.514603423540764 0.8601492013142709
-10.517587939698554 0.8617437916276902
-10.520761153451446 0.8634149755393601
-10.52249305539766 0.8643216080401857
-10.526894005634537 0.8666878576866175
-10.528071094183389 0.8673167950358529
-10.531948580689285 0.8693467336683263
-10.533068409990197 0.8699488677845695
-10.535175879397046 0.8710749947232914
-10.53923392318814 0.8732124182132974
-10.541448499279406 0.8743718592964669
-10.545374598562782 0.8764830651629687
-10.548602612585283 0.8782080687788199
-10.550853992304807 0.8793969849246075
-10.551529244847558 0.879749720424031
-10.552763819095539 0.8804095095213933
-10.557702407939583 0.8830110851687358
-10.560397142430352 0.8844221105527481
-10.563850770475034 0.8862795357867475
-10.569118120215538 0.8890947680156049
-10.569791198701392 0.8894472361808887
-10.569985666634652 0.8895518339407111
-10.57035175879403 0.8897475162079944
-10.57616634186236 0.8928110523609352
-10.579338537471596 0.8944723618090293
-10.582322251112268 0.896077346774816
-10.587939698492523 0.8990802406399663
-10.588453149265016 0.8993507872164574
-10.58873324141417 0.89949748743717
-10.589632045589573 0.8999810151791845
-10.594625455056397 0.9026123969042041
-10.59827222996092 0.9045226130653106
-10.600788766130131 0.9058765765112771
-10.605527638191015 0.9084103429570218
-10.606927097510441 0.909147893173615
-10.607690359536463 0.9095477386934512
-10.610138805125551 0.9108652149604612
-10.613079473605858 0.9124151970602075
-10.61432160804026 0.9130850064526008
-10.61713722632631 0.9145728643215918
-10.619250037130742 0.9156773045383817
-10.623115577889507 0.917744609330593
-10.625395649524382 0.9189465409111968
-10.626638907992042 0.9195979899497324
-10.630625595323643 0.9217437092166287
-10.631528119592067 0.9222195322342852
-10.63611465481799 0.924623115577873
-10.637705781666481 0.92547961155545
-10.640703517588 0.9270832358302146
-10.643858518269 0.9287468124400133
-10.64557840543348 0.9296482412060136
-10.649986080175603 0.9320212060948387
-10.651105969990754 0.9326203704639431
-10.654989006462353 0.9346733668341543
-10.6561557132164 0.9352835794256089
-10.658291457286492 0.9364264211881155
-10.662315412573644 0.9385487909516801
-10.664508363507412 0.9396984924622949
-10.668449959339833 0.9418211889323382
-10.671575493707467 0.9434939314397157
-10.673920643285372 0.9447236180904355
-10.674599541135724 0.9450892911902242
-10.675879396984984 0.945774366882203
-10.680766037074928 0.9483525608357342
-10.683428286809724 0.9497487437185761
-10.686907399442875 0.9516230115016047
-10.692020851060674 0.9543605877402017
-10.692802028325126 0.9547738693467167
-10.693036970578818 0.9548968310909052
-10.693467336683476 0.9551272772386907
-10.69921009213013 0.9581582077043853
-10.702337672798285 0.9597989949748573
-10.70535809597128 0.961426760806483
-10.711055276381968 0.9644779753928745
-10.711480728207322 0.9647025629386112
-10.711712392480543 0.9648241206029979
-10.71245356598017 0.9652236319167704
-10.717647273704095 0.9679658184248163
-10.719849246231213 0.9691552701751682
-10.721160249967564 0.9698492462311386
-10.723801739927016 0.9712325251321223
-10.72864321608046 0.9738264958398108
-10.729930846407969 0.9745064774799914
-10.730631703729033 0.9748743718592792
-10.732872555890442 0.9760827546621309
-10.736077273229762 0.977775481159048
-10.740122786159628 0.9798994974874198
-10.74223801767782 0.981040394087743
-10.746231155778952 0.983180770787734
-10.748373427759674 0.9843125454067829
-10.749538998675554 0.9849246231155604
-10.753263142788148 0.986933762261045
-10.754499844461305 0.987587266263029
-10.755025125628197 0.9878712514433472
-10.75894834741186 0.989949748743701
-10.760666757046183 0.9908504168669188
-10.763819095477444 0.9925408673528908
-10.766808325620172 0.9941208086167768
-10.768433957335624 0.9949748743718416
-10.772924286875982 0.9973985167432575
-10.77363374184438 0.997779059048109
-10.777860070406874 0.9999999999999822
-10.779087563499342 1.0006627061932951
-10.781407035175937 1.0019071585088604
-10.785235013599863 1.003931417507001
-10.787315756543522 1.0050251256281229
-10.791356856444958 1.0072074451794002
-10.793988768150125 1.0086199064778913
-10.796685875099456 1.0100502512562635
-10.797499986078028 1.0104773909123779
-10.798994974874429 1.0112799220651123
-10.803653113888966 1.0137444800231075
-10.806183767856654 1.015075376884404
-10.809780630879038 1.0170188865112282
-10.814310355127526 1.0194511998138607
-10.815544642004758 1.0201005025125447
-10.815903691455148 1.02029456626048
-10.81658291457292 1.0206593930815613
-10.822062287706961 1.0235600929595305
-10.825037428010232 1.0251256281406853
-10.828195265834376 1.0268329391226958
-10.834170854271413 1.0300435426548882
-10.83430236018708 1.0301131806500647
-10.834373743013039 1.030150753768826
-10.8346009676067 1.0302736432931932
-10.840462190973442 1.0333783546249586
-10.843876165529082 1.0351758793969665
-10.846600411476473 1.0366497029665194
-10.851758793969905 1.0394229842143394
-10.85271273589712 1.0399284501887598
-10.853230227479042 1.0402010050251072
-10.854875867073428 1.0410915973403991
-10.858852473900543 1.0431993649587792
-10.86055276381915 1.0441214491324642
-10.862631419995974 1.0452261306532478
-10.864995712062742 1.0464692796834356
-10.869346733668397 1.048810069951652
-10.87111303778929 1.0497465979611338
-10.872070592704636 1.0502512562813884
-10.875112457800684 1.05189860603347
-10.87723278056627 1.0530232256529937
-10.881506542175027 1.055276381909529
-10.88338080550506 1.056291772727194
-10.88693467336689 1.05820506078482
-10.889502897481888 1.0595677292190988
-10.890894231904758 1.0603015075376696
-10.895309194601241 1.0626942278903417
-10.895602748466544 1.0628500402801944
-10.895728643216135 1.0629184103672946
-10.900253777176404 1.0653266331658102
-10.901755322910114 1.0661172874958869
-10.904522613065382 1.067608223376018
-10.90788193955906 1.0693919512243282
-10.90970052770181 1.0703517587939508
-10.913982324579058 1.0726741097038985
-10.915484388543 1.0734836946446986
-10.919070138900391 1.0753768844220915
-10.92011888809527 1.0759459314702635
-10.922110552763874 1.0770198305824596
-10.926249781073553 1.0792193733903241
-10.928488851425891 1.080402010050232
-10.932354411643137 1.0825003188557254
-10.935620053713262 1.0842618674643427
-10.937806204819852 1.0854271356783727
-10.93847111707771 1.0857778143597034
-10.939698492462366 1.0864401619351174
-10.944606031021658 1.0890501074324295
-10.947258562378142 1.0904522613065133
-10.950714647097234 1.0923299141818346
-10.955710693385878 1.0950271758560879
-10.95656202510854 1.095477386934654
-10.956811617534367 1.0956130482565083
-10.957286432160858 1.095869504147874
-10.962950289787882 1.0988842675265014
-10.965921588125696 1.1005025125627945
-10.966080402010103 1.1005880978202622
-10.969062623876365 1.1021630119865042
-10.97487437185935 1.105303470096465
-10.975148337909893 1.1054493621764943
-10.975296225428137 1.1055276381909351
-10.975762810296665 1.1057814777444532
-10.981282148556744 1.1087219704769629
-10.984739518322893 1.1105527638190758
-10.987397925419689 1.1119997312871197
-10.992462311557842 1.1147389215197663
-10.993487033221392 1.115285111829059
-10.994039659928973 1.1155778894472164
-10.995780702702374 1.1165260012027964
-10.999601175576686 1.118563339641402
-11.001256281407088 1.1194664416082691
-11.003381841859772 1.120603015075357
-11.005720055606462 1.1218402138324635
-11.010050251256335 1.1241846598325784
-11.011812200406363 1.1251247266606326
-11.012761508523273 1.1256281407034976
-11.015747576742577 1.1272559479852813
-11.017906780231806 1.1284085437672173
-11.02213763914336 1.1306532663316382
-11.024028527666335 1.1316845986997786
-11.027638190954827 1.133640951228605
-11.030123501625297 1.1349683031967874
-11.031461201063706 1.1356783919597788
-11.035662293145558 1.1379709925857018
-11.036198737692958 1.1382576470913097
-11.036432160804072 1.1383852765850504
-11.040758754390918 1.1407035175879194
-11.042323069568612 1.1415329636121214
-11.045226130653319 1.143108055412391
-11.04842056401707 1.144815947969274
-11.050138135406126 1.14572864321606
-11.054490927817906 1.148106683940033
-11.055537177212157 1.148674656518585
-11.059447657410363 1.1507537688442007
-11.06060321115844 1.1513854428994499
-11.062814070351811 1.1525863301295383
-11.066702908248107 1.154667797930542
-11.068791542424712 1.1557788944723413
-11.072775402542563 1.157957925188838
-11.075363128787766 1.1593643397397573
-11.078044015747476 1.160804020100482
-11.078868469790024 1.161242174460562
-11.080402010050303 1.1620761447578305
-11.08497004208172 1.164523993719646
-11.08742063461229 1.1658291457286225
-11.091044333230348 1.167813607591036
-11.095131189656357 1.1700374827589233
-11.09666390202731 1.1708542713567631
-11.097118349441722 1.1711033000159272
-11.097989949748795 1.171577881199366
-11.103221459465669 1.17438467992294
-11.106024604842998 1.1758793969849037
-11.109297203564545 1.1776738786656873
-11.11483949146372 1.180693551760597
-11.11523489312575 1.1809045226130443
-11.115352339770405 1.1809689653778683
-11.115577889447287 1.1810919348398272
-11.121456639557229 1.1842500053526308
-11.124602625054404 1.185929648241185
-11.127533481955396 1.1875388902955804
-11.13316582914578 1.1906116926555113
-11.133582559843981 1.1908357079555536
-11.133805426347697 1.1909547738693256
-11.134498330394393 1.191335488511787
-11.139675045681667 1.194120123344355
-11.141959798995025 1.1953777497741633
-11.143076113082795 1.1959798994974662
-11.145752620466466 1.1974087990339823
-11.150753768844272 1.2001263823364878
-11.151821234732207 1.200700034871911
-11.152395230915525 1.2010050251256068
-11.154236378429557 1.202000056435688
-11.157960217261072 1.2039711654918044
-11.161873853163044 1.2060301507537474
-11.164110508334684 1.2072390650989133
-11.168341708542764 1.2095116113157331
-11.170235559367635 1.2105141761462104
-11.171263948987752 1.211055276381888
-11.174540090942124 1.2128262427817047
-11.176359614292421 1.2137895717958402
-11.177135678392009 1.2142099282430436
-11.180659595707453 1.2160804020100286
-11.182516654909838 1.2170555429618624
-11.185929648241256 1.2188890849482936
-11.188648478187845 1.2203287190820014
-11.190124490960955 1.2211055276381693
-11.19475483100817 1.2236091724757632
-11.194825726437095 1.2236472642655514
-11.199543793983542 1.2261306532663099
-11.20091751066447 1.2268735324878186
-11.203517587939748 1.2282707393791394
-11.207055947563898 1.2301448190018363
-11.20897635675268 1.2311557788944505
-11.21316893303093 1.2334233773536818
-11.215115129563642 1.2344693622155631
-11.218337865397801 1.236180904522591
-11.219312775291172 1.236693119478896
-11.22110552763824 1.2376567863407155
-11.225457662057314 1.2399625631738536
-11.227819037720394 1.2412060301507317
-11.231577113238338 1.243239274178845
-11.235382614323106 1.2452851977749786
-11.237178725157476 1.2462311557788723
-11.237702143341451 1.2465143912060954
-11.238693467336732 1.2470474411175836
-11.243853310987095 1.2497820403640523
-11.246652084553206 1.251256281407013
-11.249979083517928 1.2530569452690976
-11.255627122022906 1.2560944684602058
-11.255978888216616 1.2562814070351536
-11.256085404171815 1.2563374078532705
-11.256281407035225 1.2564428382156336
-11.262242772369548 1.259603285424916
-11.265475129325408 1.2613065326632942
-11.268374727897754 1.262876423759284
-11.273869346733717 1.265832557671061
-11.274481010218654 1.2661568972957387
-11.274812600471233 1.2663316582914348
-11.275866098397046 1.2669021587666718
-11.280625599137194 1.2694264260900097
-11.282663316582962 1.2705321192942902
-11.284214200393158 1.2713567839195754
-11.286763474530458 1.2726978730343612
-11.291457286432209 1.2752242297268692
-11.29287568079571 1.2759766540152873
-11.29364429500853 1.276381909547716
-11.296084646387255 1.2777040123920145
-11.299001350503488 1.2792515882983482
-11.303088526093479 1.2814070351758566
-11.305144955675457 1.2825213981630696
-11.309045226130701 1.284621600095302
-11.311262892248164 1.2857985419132936
-11.312464092262871 1.2864321608039972
-11.316275176625046 1.288497860945239
-11.317369690636541 1.2890788680018979
-11.317839195979946 1.2893338581642224
-11.321828962611237 1.2914572864321379
-11.323518829880335 1.2923470967032404
-11.326633165829193 1.2940249129557833
-11.329642297410615 1.2956226601798724
-11.331271418170607 1.2964824120602785
-11.335739828008572 1.2989056342085972
-11.336445616215428 1.2992859693134884
-11.34065415579087 1.301507537688419
-11.341884750070248 1.3021750678191157
-11.344221105527685 1.303434416838412
-11.348013543359697 1.3054491096502705
-11.350065689607407 1.3065326633165597
-11.354116391786427 1.3087305642993456
-11.356599334264144 1.3100693000984052
-11.359393179008725 1.3115577889447003
-11.360242363315043 1.3120054123478813
-11.361809045226178 1.3128503648742358
-11.366376271168065 1.315277992875159
-11.368846314076551 1.316582914572841
-11.372484222317498 1.3185579896034616
-11.376720206916273 1.320843246484297
-11.378167445842491 1.3216080402009815
-11.37859131056298 1.3218382328757503
-11.37939698492467 1.322273015073331
-11.38473011562469 1.3251094142005453
-11.387612689346483 1.3266331658291222
-11.390842948119968 1.3283880162586064
-11.396806683176285 1.3316073653295843
-11.396902993892246 1.3316582914572628
-11.396931226341044 1.3316736338235824
-11.396984924623162 1.331702630631339
-11.403074704921378 1.3349434798573414
-11.406364203038121 1.3366834170854034
-11.409192190932997 1.3382207523393053
-11.414572864321654 1.3411272668708207
-11.415283411361406 1.3415055292736149
-11.415667099904509 1.341708542713544
-11.416878455356205 1.3423672830091302
-11.421409660305242 1.3447802980606598
-11.4233668341709 1.345846690070684
-11.42502802305301 1.3467336683416846
-11.427531565354657 1.3480563079603956
-11.432160804020146 1.350558663885569
-11.433627179162501 1.3513398296434378
-11.434418469015393 1.3517587939698252
-11.436913964508232 1.3531168398235636
-11.439734595696576 1.3546199791189864
-11.443820142606247 1.3567839195979658
-11.445860678444745 1.3578947953905072
-11.449748743718638 1.3599980635938858
-11.451960439819366 1.3611771320544692
-11.453153062390658 1.3618090452261065
-11.45690992872683 1.3638550980855904
-11.4580491172714 1.3644626355534575
-11.458542713567883 1.3647319736332681
-11.462474060200773 1.366834170854247
-11.464179129291605 1.367736329175826
-11.46733668341713 1.3694457616050038
-11.47028278519215 1.3710175531180964
-11.471870214817885 1.3718592964823877
-11.476359804304673 1.374306387571231
-11.476871530240256 1.3745835384318514
-11.48120901195678 1.3768844221105283
-11.482486508541905 1.3775810262744477
-11.484924623115623 1.3789020608567686
-11.4885937984483 1.3808612119293322
-11.490569197812416 1.381909547738669
-11.494674399177429 1.3841490230634363
-11.496804931699206 1.385303921619693
-11.499849568668157 1.3869346733668095
-11.500782312743228 1.38742903052992
-11.502512562814115 1.3883673611744562
-11.506892771691781 1.3907083107441887
-11.509248919587051 1.3919597989949501
-11.512976451427562 1.3939952421621058
-11.51669143637952 1.3960109057279233
-11.518524390661657 1.3969849246230908
-11.519065620109881 1.397280605309584
-11.520100502512607 1.3978423693361473
-11.525179148682785 1.4005590084883233
-11.527908580466105 1.4020100502512314
-11.5312659062928 1.4038450605136026
-11.536531171270283 1.406704527039139
-11.537147357993819 1.407035175879372
-11.537336646164265 1.4071356890356101
-11.537688442211099 1.4073268362299807
-11.543453018485408 1.4104132797148532
-11.546548215725457 1.4120603015075126
-11.549542564361564 1.4136985350926636
-11.555276381909591 1.4168155094927481
-11.555604993742977 1.4169915380404001
-11.555781352437467 1.4170854271356532
-11.556332721242784 1.417387238373708
-11.561713921903044 1.420271255622807
-11.564070351758836 1.4215634984486867
-11.565088329293548 1.4221105527637938
-11.56780595719008 1.4235557997403658
-11.572864321608083 1.4263084147559013
-11.573870812596509 1.4268481095380992
-11.574410433992822 1.4271356783919344
-11.57609486296772 1.4280586902089736
-11.579961386788058 1.430133071111511
-11.583764426696979 1.432160804020075
-11.586055603018647 1.433416992102341
-11.590452261306575 1.4358121058194877
-11.592122569971234 1.4367086986011701
-11.593017151931058 1.4371859296482157
-11.595805003664076 1.4387152846075013
-11.598194927306622 1.4399988649906286
-11.59924623115582 1.4405766235577318
-11.60228113854278 1.4422110552763563
-11.604291006010502 1.443282253846232
-11.608040201005068 1.4453269664318578
-11.61035975980672 1.4465734498183105
-11.611600699834618 1.447236180904497
-11.615461285866258 1.4493564908648366
-11.61641404314458 1.449868780207063
-11.62089139104202 1.4522613065326375
-11.622511655429944 1.4531517308965283
-11.62562814070356 1.4548533940815869
-11.628581860712405 1.456442512158251
-11.630160249247686 1.4572864321607781
-11.634624355581751 1.459741210680864
-11.635067762292877 1.4599834669005833
-11.639380547651182 1.4623115577889187
-11.640717024755386 1.4630255736879656
-11.643216080402052 1.4643918009381744
-11.646788335050077 1.4663160392319092
-11.648694948471096 1.4673366834170594
-11.65283184334505 1.4696144482043438
-11.654628779770217 1.4705974546651062
-11.657922609919938 1.4723618090452
-11.658906570722792 1.4729039374388435
-11.660804020100544 1.4739426148707304
-11.664978627944516 1.4761941895750628
-11.667203921264925 1.4773869346733406
-11.671022784462318 1.4794924133409744
-11.674129609469716 1.4811942459216763
-11.676379807174333 1.4824120603014812
-11.677079732294434 1.4827869824456537
-11.678391959799036 1.4835062805513495
-11.683152166217122 1.4860771269530266
-11.685686265452777 1.4874371859296218
-11.689196593330347 1.489375273405959
-11.6935682427384 1.4917732667694397
-11.694851209245384 1.4924623115577624
-11.695235929547522 1.4926748744006213
-11.695979899497528 1.4930832606506161
-11.701308357236842 1.4959650206889563
-11.704141051421445 1.497487437185903
-11.707352664309065 1.4992632014393186
-11.712942634113377 1.5023339327904308
-11.713274765159175 1.5025125628140437
-11.71337456247672 1.5025677847338441
-11.71356783919602 1.5026740371334455
-11.719446587682222 1.505858046017555
-11.722567320508926 1.5075376884421843
-11.725490370441841 1.5091563765715188
-11.731155778894513 1.5122732653968205
-11.731505587740267 1.512462868685824
-11.731691145928792 1.512562814070325
-11.732260860908264 1.512878551788539
-11.737566222207722 1.51575638446612
-11.739949748743758 1.5170794629588888
-11.740884508951869 1.5175879396984655
-11.743609062076967 1.519054984417333
-11.748743718593005 1.521884344235601
-11.749623234350016 1.5223617751103173
-11.750089088284826 1.5226130653266061
-11.75151613560247 1.5234051844721677
-11.755666860017817 1.5256601505476581
-11.75933093241928 1.5276381909547467
-11.761708568810798 1.5289590736635184
-11.766331658291497 1.531510584004062
-11.76772144698516 1.5322662340989837
-11.768456386406687 1.5326633165828873
-11.770702232124462 1.5339120519637346
-11.77374801628615 1.535569482783984
-11.775125628140742 1.536336646199425
-11.777602710119991 1.537688442211028
-11.779787876888806 1.5388689339542232
-11.78391959798999 1.5411532085529744
-11.785798739853805 1.5421766701637925
-11.786790783068378 1.5427135678391686
-11.789814496265343 1.5443978244892698
-11.791808410691331 1.545484746981212
-11.79596949741314 1.5477386934673092
-11.797845942100786 1.5487848636352224
-11.801507537688481 1.5508128838198303
-11.803854312321596 1.5520933120574165
-11.805091054808381 1.5527638190954498
-11.808850523382475 1.55486181500802
-11.809847288781306 1.5554061586970693
-11.810301507537726 1.5556600121025754
-11.814188687201186 1.5577889447235904
-11.815882006036318 1.558707079395206
-11.819095477386973 1.5604902558812386
-11.821887388565957 1.56201638144345
-11.823356023658574 1.562814070351731
-11.827807997101404 1.565303361698711
-11.82786388045328 1.5653339379609266
-11.832472004624917 1.5678391959798716
-11.833895280660323 1.5686358063870554
-11.836683417085466 1.5701860019968237
-11.839897162152313 1.5719461087317699
-11.841584470773828 1.5728643216080123
-11.84586917060013 1.5752649462319628
-11.84669574511655 1.5757249867597514
-11.85063243193648 1.5778894472361529
-11.8518849460898 1.5785712788630546
-11.854271356783958 1.5799008331735207
-11.8578827937415 1.5818827337335675
-11.859775133523618 1.5829145728642935
-11.863850568421622 1.5852027808816729
-11.865500165222445 1.5861228038467186
-11.868828852932214 1.587939698492434
-11.869850148210132 1.5885137408559533
-11.87185929648245 1.5896354969505824
-11.875843408630715 1.5918265063639279
-11.877926702394786 1.5929648241205747
-11.881806384406358 1.5951479246275984
-11.884218030744163 1.5964958910524931
-11.886923935436926 1.5979899497487153
-11.887792027665744 1.5984628664673428
-11.889447236180942 1.5993756987864005
-11.893816179801096 1.6017668057710974
-11.896135767054773 1.603015075376856
-11.899846091310339 1.6050690995394543
-11.903316858172435 1.6069778245172825
-11.905290066971858 1.6080402010049966
-11.905883929081373 1.608369128661586
-11.907035175879434 1.609002568553958
-11.911942879790312 1.6116631255157436
-11.91454596619366 1.6130653266331372
-11.917974027161817 1.6149650661805968
-11.922602677500791 1.6175131842392396
-11.923664087274044 1.6180904522612778
-11.923996621847255 1.6182694504700406
-11.924623115577926 1.618614524751539
-11.930056574612546 1.621563161022384
-11.932935567279221 1.6231155778894184
-11.93608864038813 1.6248648392860723
-11.941840894804903 1.6280349433828407
-11.94203692540057 1.628140703517559
-11.942096096383828 1.6281735489154423
-11.942211055276418 1.6282369389100735
-11.948156728550217 1.6314670653531858
-11.951005025125664 1.6330504345109382
-11.951216852125041 1.6331658291456996
-11.954189383363763 1.6347685753203125
-11.95979899497491 1.6378635871135616
-11.960193748391276 1.6380781680834504
-11.960402570775898 1.6381909547738402
-11.961041189102838 1.6385458673818194
-11.966242787135801 1.641374996927441
-11.969649569398866 1.6432160804019809
-11.972275689202174 1.6446764362509034
-11.977386934673403 1.647499852962202
-11.978280201253835 1.6479859870071412
-11.978752185876774 1.6482412060301215
-11.980193033258216 1.6490429484829257
-11.9843141761252 1.6512871198148913
-11.986180904522648 1.652327298049661
-11.98790058442041 1.653266331658262
-11.99034697069745 1.6545885898509605
-11.994974874371895 1.657148217563499
-11.996351244749933 1.6578982086069631
-11.997077559458791 1.6582914572864027
-11.999290712472819 1.6595245538866665
-12.002370179371455 1.6612036386289546
-12.006270248881147 1.6633165829145433
-12.008402315442488 1.6645052968082288
-12.012562814070387 1.666809555305095
-12.014405820742407 1.667815135207821
-12.015377170104339 1.668341708542684
-12.018330921477334 1.6699897392303837
-12.020409879469867 1.6711248154852587
-12.021356783919632 1.6716538501245797
-12.024485542151526 1.6733668341708245
-12.026441188481023 1.6744267099673547
-12.03015075376888 1.6764840190180665
-12.032443774819466 1.6777368109273691
-12.033650701016265 1.6783919597989652
-12.037313423448849 1.6804384368503849
-12.03843322111997 1.6810506661839373
-12.042789662139102 1.6834170854271058
-12.044463329659099 1.6843529036580405
-12.047738693467371 1.68617200258345
-12.05046458176032 1.6876633858286896
-12.051897350839313 1.6884422110552464
-12.05623628271323 1.6908700936969208
-12.056439539460188 1.6909813806854395
-12.056532663316617 1.6910335565929167
-12.060965360713023 1.693467336683387
-12.062468025630686 1.6942840816934375
-12.065326633165864 1.6958740998876518
-12.068467512751825 1.6975950681441097
-12.070115998889504 1.6984924623115276
-12.074437664115866 1.7009144362396684
-12.075106372232204 1.701286673473339
-12.079201384421035 1.7035175879396682
-12.080454538248508 1.7042204549727673
-12.082914572864356 1.7055909300036811
-12.08645181346155 1.7075320733971822
-12.088305489650676 1.7085427135678088
-12.092419596954455 1.7108521180273488
-12.093914323573706 1.7116854994847666
-12.097331990458681 1.7135678391959495
-12.098422103053052 1.7141622419130345
-12.100502512562848 1.7153231390054193
-12.104416702464896 1.717474624852076
-12.106464630844236 1.71859296482409
-12.110381644396316 1.7207954813569541
-12.112654927589764 1.7220650834032085
-12.115496463681142 1.7236180904522307
-12.116369927607993 1.7241096689246156
-12.11809045226134 1.7250714019639215
-12.122361369515227 1.7274229540078325
-12.124592191300556 1.7286432160803713
-12.128322977956266 1.7307447629385324
-12.13132572084135 1.732424721388945
-12.133575981619657 1.733668341708512
-12.134297189674891 1.7340629709327802
-12.135678391959832 1.7348364251398571
-12.140284973649349 1.7373773011396478
-12.142686898626039 1.7386934673366525
-12.146242737488148 1.740700208528132
-12.149924194450472 1.7427636966196927
-12.151665239468793 1.7437185929647931
-12.152203035218518 1.7440223919475955
-12.153266331658324 1.744618948388399
-12.158186641119142 1.747337915889843
-12.160747436658129 1.7487437185929338
-12.164140029040679 1.7506620735404015
-12.168447792406896 1.7530812788068113
-12.169687248916214 1.7537688442210744
-12.170086576232569 1.7539881856851451
-12.170854271356816 1.7544197477952679
-12.176065463138501 1.7573050579115908
-12.178772442698667 1.758793969849215
-12.182013922523334 1.7606306237154943
-12.186893909690548 1.763376723658853
-12.187697384184931 1.7638190954773556
-12.18794688837387 1.7639606162434802
-12.188442211055309 1.7642396385653498
-12.193920493433 1.7672789975690133
-12.196760504514074 1.7688442211054962
-12.199863449168937 1.7706061358440284
-12.205259890216372 1.7736492722943709
-12.205654990720301 1.7738693467336368
-12.20578300839125 1.7739399588372224
-12.2060301507538 1.774079478188325
-12.211750745577795 1.7772600166977792
-12.214710157088813 1.7788944723617774
-12.217687598777779 1.7805888985544955
-12.223543024606553 1.7838981506054203
-12.223581816050899 1.783919597989918
-12.22359393133335 1.7839265005953306
-12.223618090452293 1.7839401699091342
-12.229555190107224 1.7872484094309353
-12.232619879116417 1.7889447236180587
-12.235485316725866 1.7905792131680354
-12.241206030150785 1.7938197842378134
-12.241383923302582 1.7939190226314006
-12.24147563943524 1.7939698492461993
-12.241745570670469 1.7941240036803947
-12.247332751377284 1.7972444830953407
-12.250487834858367 1.79899497487434
-12.253255381747424 1.8005774286177267
-12.258793969849277 1.8037225758148923
-12.259146103722703 1.8039194908243594
-12.259327234771368 1.8040201005024805
-12.259858396670733 1.8043242224514682
-12.265081741583181 1.807248719920934
-12.267587939698522 1.808684908372256
-12.268229573861426 1.8090452261306211
-12.270996217469841 1.810583995295743
-12.27638190954777 1.8136499873248777
-12.276878618060001 1.8139284350409808
-12.277133493706133 1.8140703517587617
-12.27787825946223 1.8144978803057503
-12.282801502953758 1.817261307842334
-12.286091430342546 1.8190954773869024
-12.288707235132003 1.8205990814195472
-12.293969849246261 1.8236028470936105
-12.294580594269792 1.8239461044368914
-12.294893189353079 1.824120603015043
-12.295803249601866 1.824644431688073
-12.300490927023782 1.8272825635638918
-12.302763819095507 1.8285918307178601
-12.303745064500113 1.8291457286431836
-12.306387179174742 1.8306230457203299
-12.311557788944754 1.833582358071034
-12.312250743403434 1.83397286728313
-12.31260447526779 1.8341708542713242
-12.313630353894128 1.8347630156854313
-12.318148726823946 1.837312854791124
-12.321508577907267 1.8391959798994648
-12.324034728087604 1.8406562657725054
-12.329145728643246 1.8435898001773596
-12.329887708448624 1.8440091112974981
-12.330265418496625 1.8442211055276054
-12.331356479533229 1.8448527486390294
-12.33577354676487 1.8473525688352819
-12.337939698492491 1.8486074222241955
-12.339064986556075 1.849246231155746
-12.341648489522846 1.8506991393897145
-12.346733668341738 1.8536265370561145
-12.347490059265176 1.8540552450914758
-12.347873993766147 1.8542713567838867
-12.348978451051641 1.85491272327243
-12.353363957491634 1.8574021140834853
-12.35672437671889 1.8592964824120273
-12.35922699496105 1.8607520861489357
-12.36432160804023 1.8636940235519894
-12.365056287054772 1.864111699750299
-12.365428077182719 1.8643216080401679
-12.366493007073753 1.8649420077640313
-12.370918450261671 1.8674619216050399
-12.373115577889475 1.8687425817535086
-12.374173281218715 1.8693467336683085
-12.376768693881175 1.8708155490561795
-12.381909547738722 1.873793814004685
-12.382584798315442 1.8741789305602436
-12.382925439395887 1.8743718592964491
-12.383896796864672 1.8749396447610067
-12.388435430795289 1.877532446908428
-12.391722155559625 1.8793969849245897
-12.39427194738211 1.8808899963689054
-12.399497487437214 1.8839275714633388
-12.400073908225538 1.8842574188989234
-12.400363738174052 1.8844221105527303
-12.401186376663885 1.8849046503317792
-12.405913212541845 1.8876141718652617
-12.40829145728646 1.8890097383020574
-12.40905227003434 1.889447236180871
-12.411735021196206 1.8909759235921566
-12.417085427135707 1.894097077941736
-12.417521833395028 1.8943476743063483
-12.41774051033524 1.8944723618090116
-12.418358205792932 1.8948360128539328
-12.423350009297376 1.897707606819532
-12.426483527790914 1.8994974874371522
-12.429156078027733 1.9010738556675708
-12.434673366834199 1.9043042458528268
-12.434926683914043 1.904450236756766
-12.435053162969242 1.9045226130652928
-12.435408642525797 1.9047326918343206
-12.440743927101297 1.9078132929028344
-12.443467336683444 1.9094231488474884
-12.443682418586777 1.9095477386934334
-12.446533169140562 1.9111843493768985
-12.45226130653269 1.91455113078261
-12.452286454619573 1.9145656791538936
-12.452298963880038 1.914572864321574
-12.452333939709918 1.9145936166579247
-12.45809295533028 1.9179318045789753
-12.460988137087572 1.9195979899497146
-12.463864225109482 1.9213079959844865
-12.469136966624047 1.9244196071186739
-12.469489884788725 1.9246231155778553
-12.469606358063135 1.9246925121972973
-12.469849246231183 1.9248361470475848
-12.475394956896624 1.9280637524444417
-12.478137182679719 1.9296482412059959
-12.481147045638107 1.9314454241464434
-12.485808955892319 1.9342081582520345
-12.486603975266561 1.9346733668341365
-12.486878944273828 1.934832864450093
-12.487437185929675 1.9351644098564833
-12.492647657445817 1.9382097863148084
-12.495213695367529 1.939698492462277
-12.498379415264928 1.9415972668517743
-12.502346230085596 1.943958219363969
-12.503662670966726 1.9447236180904177
-12.504101588787147 1.944987485759281
-12.505025125628167 1.9455384052649007
-12.50984961535313 1.9483703180828549
-12.51221513271627 1.9497487437185583
-12.515559980578942 1.9517639107893343
-12.518746530216184 1.9536691450294201
-12.520617880758826 1.954773869346699
-12.52127234743626 1.9551569316010982
-12.52261306532666 1.9559604561862214
-12.526997710305578 1.9585462392665773
-12.52913768044224 1.9597989949748396
-12.532684722750549 1.9619465041961544
-12.535001870714995 1.963338653657221
-12.537533353279066 1.9648241206029802
-12.538387169664631 1.9653423592774146
-12.540201005025152 1.9664348359204666
-12.544088359093914 1.9687385736400458
-12.545976502588086 1.9698492462311208
-12.549750514825027 1.9721459404878683
-12.551107579644066 1.9729654104079541
-12.554309575800833 1.9748743718592614
-12.555443188178135 1.9755445880151212
-12.557788944723644 1.9769647844362774
-12.561118649439003 1.9789481532830138
-12.562727804854044 1.979899497487402
-12.566754351238199 1.982363078397099
-12.567059202460296 1.982548142555017
-12.571068480146428 1.9849246231155426
-12.572437374342522 1.98576448313829
-12.575376884422136 1.987553836775695
-12.578085454872525 1.9891758714721437
-12.579387547190663 1.9899497487436832
-12.582864485788482 1.9920890634197903
-12.58370682189666 1.9925948922362542
-12.584170854271381 1.9928802544045263
-12.587646580767476 1.9949748743718416
-12.589366473806495 1.9960029744615975
-12.592964824120628 1.998205857162957
-12.594985414909974 1.9994226883458994
-12.595921506475847 2.