-8.136270306020043 0.
-8.138844050687869 0.0012491513469274906
-8.143216080402114 0.003366028597775461
-8.145390929619092 0.004403740137575163
-8.146696243897166 0.005025125628140614
-8.151612518718885 0.0074241080043613294
-8.151909327907452 0.007566466254755433
-8.15201005025136 0.007615984235854079
-8.157062731726034 0.010050251256281229
-8.158463744051964 0.010718901555893723
-8.160804020100606 0.011863770097061632
-8.16498700421116 0.013880238567121062
-8.167472653944657 0.015075376884421843
-8.17147890970832 0.017050534053216104
-8.176698736478178 0.019616724420870923
-8.177700116940798 0.020100502512562457
-8.177953161995532 0.02022587331358139
-8.178391959799098 0.020442629835510928
-8.184454358814023 0.023393514136438753
-8.187185929648344 0.024756150746076955
-8.18794173881374 0.02512562814070307
-8.190924502319126 0.02657002733455016
-8.19597989949759 0.029078929712595958
-8.19736338523253 0.029755472130290173
-8.198174140669332 0.030150753768843686
-8.201097779237527 0.03161300512311094
-8.20380154035632 0.0329411248659186
-8.20836526991279 0.0351758793969843
-8.210251342571743 0.036123449861081625
-8.213567839196083 0.03778406088961894
-8.216670160174777 0.03931462760264104
-8.218472624544244 0.040201005025124914
-8.223057778052608 0.04251471955140129
-8.22488935970884 0.043435725171627304
-8.228488253215389 0.04522613065326553
-8.229467261108988 0.04570856430629
-8.231155778894575 0.04656113592168509
-8.235867315300311 0.04890510302262463
-8.238582649865497 0.05025125628140614
-8.242236423592715 0.05211048342436442
-8.248142653103015 0.055104648912388754
-8.248487718787308 0.05527638190954676
-8.248579537107238 0.05532329090549748
-8.248743718593067 0.05540684645027927
-8.254961833181037 0.058524903369695735
-8.258517985594276 0.06030150753768737
-8.261313394637888 0.06173529715302184
-8.26633165829156 0.06429901286520945
-8.267634009230731 0.06495453289749342
-8.268376122558962 0.06532663316582799
-8.270925435008039 0.06663914079910782
-8.27396013813305 0.0681721931249708
-8.27829169115566 0.0703517587939686
-8.28029552765341 0.07138720746158089
-8.283919597990051 0.07325203360043808
-8.286600211052846 0.07461099497559598
-8.28811709551148 0.07537688442210921
-8.292873958728666 0.07784362126778799
-8.293271371573823 0.07804881973175881
-8.297879752372308 0.08040201005024983
-8.299189360230537 0.08106434646682281
-8.301507537688543 0.0822653072352777
-8.30547915212512 0.08429238869651101
-8.307711904079461 0.08542713567839044
-8.311738215334339 0.08752921055058938
-8.315246315418028 0.08935250074395729
-8.317403458619099 0.09045226130653106
-8.318000665530182 0.09076506469420398
-8.319095477387036 0.09133586901594626
-8.324276537048139 0.09399708417435626
-8.327090351301662 0.09547738693467167
-8.32788944723628 0.09589374400980244
-8.330521874421253 0.09723782769589295
-8.336683417085528 0.10046004646644224
-8.33673643913374 0.10048736340618092
-8.336765976974199 0.10050251256281229
-8.336863733342465 0.10055403149336595
-8.342997688401516 0.10372356067209942
-8.346505246783941 0.1055276381909529
-8.349230198327675 0.10696796917848062
-8.35427135678402 0.10961962327189578
-8.355432116905748 0.11022111807002855
-8.356075138570485 0.11055276381909351
-8.358184136773621 0.11167070095897991
-8.361647579703835 0.11347039718442975
-8.363065326633265 0.11422483584526244
-8.365660021913548 0.11557788944723413
-8.367868106162469 0.11671822953867483
-8.371859296482512 0.11882908079766441
-8.374058213025693 0.11997475320589501
-8.375269927165371 0.12060301507537474
-8.379210946503314 0.12270348650988971
-8.38023086468633 0.1232362640738538
-8.38483240641579 0.12562814070351536
-8.386440202353448 0.12648729322567398
-8.389447236181004 0.1280858124301325
-8.39261928365723 0.1297469670527338
-8.394358602254114 0.13065326633165597
-8.398767861257097 0.13301535622376992
-8.399985396876513 0.13366416938751602
-8.403809175865542 0.13567839195979658
-8.404950802095295 0.1362739273267115
-8.407035175879496 0.13738730536285093
-8.411119600080898 0.13953653924467968
-8.413348809363859 0.1407035175879372
-8.417258048634348 0.14280782242897772
-8.42052852156072 0.1445587592111437
-8.422758327669506 0.1457286432160778
-8.423403954093898 0.14607697506867545
-8.424623115577988 0.1467311380549461
-8.429563170917985 0.14934232446136253
-8.432247637909407 0.15075376884421843
-8.435692185947882 0.15261630293810313
-8.440851047195093 0.15539032073481973
-8.441588551586063 0.15577889447235904
-8.441803460946431 0.15589534999523025
-8.44221105527648 0.1561149778202262
-8.447953762059582 0.15916324673389948
-8.451061672201462 0.16080402010049966
-8.454074003056194 0.1624397320772939
-8.459798994974973 0.16553078004388322
-8.460163930051907 0.16572487856380125
-8.460361047084545 0.16582914572864027
-8.460982557983165 0.1661673065881235
-8.466294914581471 0.16899829432635283
-8.468592964824218 0.17025204209362865
-8.469719400148213 0.17085427135678088
-8.472407007906533 0.17227710757590398
-8.477386934673465 0.17497618502385137
-8.478488922730513 0.17556454325433624
-8.479081955272823 0.1758793969849215
-8.480941305839515 0.1768949316037931
-8.484589960886673 0.17884651512357408
-8.488459435225215 0.1809045226130621
-8.49069450234655 0.18212748604889306
-8.494974874371957 0.18445572326576887
-8.496768993791875 0.1854170426926549
-8.497731156463532 0.18592964824120273
-8.500732142460844 0.1875745819808845
-8.502842028172529 0.18870701564060877
-8.503768844221202 0.1892162382149083
-8.506997807385167 0.19095477386934334
-8.508939566677295 0.19198998741024464
-8.51256281407045 0.1939673977674934
-8.515007180144305 0.1952815091906679
-8.516313835984379 0.19597989949748396
-8.520369552618478 0.19821039622549197
-8.521054033574613 0.19857896241014927
-8.525586126582375 0.20100502512562457
-8.527145125115535 0.20186377616945528
-8.530150753768941 0.20350923579189484
-8.533206416684793 0.20515710420637845
-8.534834933720202 0.20603015075376518
-8.539237649223983 0.20845902053760756
-8.539875180655526 0.20880855843564738
-8.544022432385226 0.2110552763819058
-8.545313977015986 0.2117480525108908
-8.547738693467434 0.2130793438271663
-8.551369461400641 0.2150430397434162
-8.553299060862377 0.2160804020100464
-8.557395006006237 0.21834658119852968
-8.5592609105958 0.21937246404672273
-8.56248030355009 0.22110552763818703
-8.563448734386649 0.2216420701465518
-8.565326633165926 0.22267591733137415
-8.56949890384906 0.22493857592828892
-8.571710512975406 0.22613065326632764
-8.575519249631991 0.22824360276130662
-8.57852926656767 0.22990283423825453
-8.580829825229396 0.23115577889446826
-8.58155186251796 0.23154512470774158
-8.582914572864418 0.2322972254103428
-8.587597188162649 0.2348430144374003
-8.59007331386378 0.23618090452260887
-8.593612803297905 0.23814939288403902
-8.597690493863158 0.24040259623653526
-8.599175763861727 0.24120603015074948
-8.599625688580343 0.24145655128862575
-8.60050251256291 0.24194160922925612
-8.605666621524293 0.24475569607563763
-8.608391234947982 0.2462311557788901
-8.61167795439622 0.24806329802608484
-8.616754004919635 0.25087443930938313
-8.617451910964629 0.2512562814070307
-8.617672409548934 0.2513757221820212
-8.618090452261402 0.25160748040717795
-8.62370938198135 0.25467599854375855
-8.626667812833118 0.2562814070351713
-8.629716862220665 0.2579847012463796
-8.635678391959894 0.2612930521314034
-8.635694587306293 0.261301905421484
-8.635703106010425 0.26130653266331194
-8.635728925725033 0.26132097088192285
-8.641727525660263 0.2646033343770613
-8.64447236180914 0.2661404140477206
-8.644820861576957 0.26633165829145256
-8.647731565083427 0.2679130201700124
-8.653266331658386 0.2709903961890845
-8.653705954763694 0.2712311773180769
-8.653936770084222 0.27135678391959317
-8.654634498350264 0.27174768868870114
-8.659722993436791 0.27453714903961846
-8.663110005638126 0.2763819095477338
-8.665723986897277 0.2778477051076207
-8.670854271356879 0.2807051905753406
-8.67169543378847 0.28116670305256264
-8.672136322284528 0.2814070351758744
-8.673465829981618 0.28215319478294276
-8.677697617111429 0.2844769191598573
-8.679648241206124 0.2855730273685042
-8.681208421155933 0.286432160804015
-8.683695943271529 0.2877882373136842
-8.68844221105537 0.2904360883470254
-8.68966482391222 0.29110796847305576
-8.690304651871704 0.2914572864321556
-8.6922297666033 0.2925394451601351
-8.695653125134859 0.2944221508947287
-8.699424060240625 0.29648241206029624
-8.701649147165785 0.297734127371176
-8.706030150753863 0.30018180586764664
-8.707615822701708 0.30105448856048067
-8.708444471126938 0.30150753768843686
-8.710932644026594 0.30290825005207456
-8.713591147923708 0.3043723784109069
-8.714824120603108 0.30506723108816036
-8.71747762760914 0.30653266331657747
-8.719585214140988 0.3076849136912534
-8.723618090452355 0.3099411211637584
-8.725550030946604 0.31100580594636096
-8.72655832611617 0.3115577889447181
-8.72958033144073 0.31326128636996753
-8.731513222803136 0.3143271624726358
-8.73563127130073 0.3165829145728587
-8.737505667243616 0.31764016111778215
-8.741206030150847 0.3197128722870266
-8.743468957486515 0.32096148953366566
-8.744648894712531 0.3216080402009993
-8.74817827008301 0.32360010875304557
-8.749420798609055 0.3242860891267947
-8.750000000000092 0.3246132889365869
-8.753649291163075 0.3266331658291399
-8.755412542735819 0.3275992878615739
-8.75879396984934 0.3294951194795006
-8.761375270066424 0.3309207771095428
-8.762719600830737 0.33165829145728054
-8.766736977150217 0.3339277221146739
-8.767317037342444 0.3342482549445345
-8.771753628560152 0.33668341708542115
-8.773307701947415 0.3375617621141114
-8.776381909547831 0.3392871444016734
-8.77926936793763 0.34088355460219066
-8.780771645935769 0.34170854271356177
-8.785201768000343 0.3442137087838413
-8.785255404437036 0.34424382696762024
-8.78974459025921 0.3467336683417024
-8.791190811667228 0.3475276790785866
-8.793969849246324 0.3490888552042577
-8.797151727626682 0.35084968586116894
-8.798805708032145 0.351758793969843
-8.803083470309073 0.35418002786576963
-8.803744545473428 0.35455156432044443
-8.80780436353285 0.3567839195979836
-8.809063135209783 0.3574966778079931
-8.811557788944816 0.3588992613968527
-8.815023599056472 0.3608188137656505
-8.8168237394798 0.3618090452261242
-8.82095498065175 0.36414925893799754
-8.822200534985209 0.36484982980909386
-8.825772476797342 0.36683417085426484
-8.82692585868612 0.367468419413461
-8.829145728643308 0.3687174276692735
-8.83288615525866 0.3707906031637336
-8.834827567111699 0.37185929648240545
-8.838817458967263 0.3741210705894167
-8.840627361659527 0.37513976305846786
-8.843795771270837 0.37688442211054607
-8.844780094257343 0.37744258613467707
-8.8467336683418 0.3785424724362336
-8.850740495616009 0.38076473994605564
-8.852818898390609 0.3819095477386867
-8.856671991845577 0.38409515236574787
-8.859028724450763 0.3854224209126764
-8.861747438986834 0.3869346733668273
-8.862626883252803 0.38741888044896644
-8.864321608040292 0.3883735663441614
-8.868587648968301 0.39074093015839395
-8.870799327198835 0.3919597989949679
-8.874519595620995 0.3940712138857645
-8.877408051420701 0.39569878281794146
-8.879741258390666 0.3969849246231085
-8.880467199154877 0.39739702421851053
-8.881909547738784 0.3982099307524116
-8.88642857658412 0.4007188991525821
-8.888770339281969 0.40201005025124914
-8.892361219330711 0.404048983995982
-8.895768516858872 0.40596975571413196
-8.897682117413956 0.40703517587938975
-8.898301950453172 0.4073767578748484
-8.899497487437277 0.4080508361995241
-8.904264175001767 0.41069839077481873
-8.906733317367422 0.41206030150753037
-8.910197747542233 0.41402820996282674
-8.91411305685556 0.4162361784841826
-8.915652490280804 0.417085427135671
-8.916131983371852 0.41735783963964757
-8.917085427135769 0.41789560086373445
-8.92209527874319 0.4206791665902623
-8.924689545977945 0.4221105527638116
-8.928030003053763 0.4240086567010968
-8.93244438348275 0.42649882600580646
-8.933587478066254 0.4271356783919522
-8.933958084474183 0.42734004478054555
-8.93467336683426 0.42774358902571485
-8.9399226629052 0.4306610051426816
-8.94264021595959 0.4321608040200928
-8.945858749472036 0.4339901060374407
-8.950764997722462 0.43675841284529326
-8.951539552285155 0.43718592964823344
-8.951780983148751 0.43732316490080514
-8.952261306532753 0.43759420954038397
-8.957747045632592 0.4406437012478488
-8.960586428742715 0.44221105527637405
-8.963684693672276 0.4439723560075075
-8.969077201267794 0.4470155966292433
-8.969472965328952 0.44723618090451467
-8.969601353981957 0.447307007261454
-8.969849246231245 0.4474469143236881
-8.975569090477872 0.45062706531933294
-8.97852920035361 0.4522613065326553
-8.981508488145124 0.453955220185402
-8.987383107309071 0.45727098112632003
-8.987411092272323 0.4572864321607959
-8.987419819021502 0.4572913941345771
-8.987437185929737 0.4573011968593814
-8.993389408652321 0.46061092272534054
-8.996468836810083 0.4623115577889365
-8.999330446194527 0.4639386090557087
-9.00502512562823 0.4671535398080682
-9.005242660079128 0.46727453071682046
-9.005355203618194 0.4673366834170771
-9.00568837716048 0.46752618385486233
-9.01120685600707 0.4705956003655496
-9.014404960368749 0.47236180904521774
-9.017149461643287 0.47392283866905593
-9.022613065326722 0.47700758309455615
-9.023063657144702 0.47725819415393556
-9.023296779573519 0.47738693467335835
-9.023986960484756 0.4777794761470826
-9.029023236796899 0.4805805827385914
-9.031407035175967 0.4819369574675969
-9.032259123922891 0.48241206030149897
-9.034968313982422 0.48390711488515414
-9.040201005025214 0.4868613131323283
-9.040885045842998 0.48724174569598677
-9.041238965107661 0.4874371859296396
-9.04228688866839 0.4880331526848325
-9.046840113748436 0.4905654233511454
-9.0502752014529 0.4924623115577802
-9.052787777088948 0.49389121659628277
-9.057788944723706 0.4967144611328713
-9.058707158149382 0.4972250904928712
-9.059182273668867 0.4974874371859208
-9.060589250760989 0.4982875246251446
-9.064657800963284 0.5005500324598957
-9.066582914572951 0.5016452255150163
-9.068138727913777 0.5025125628140614
-9.07060815744416 0.5038750562363576
-9.075376884422198 0.5065667848817617
-9.076530292899475 0.5072081431629805
-9.077127167210334 0.507537688442202
-9.078895025162394 0.5085428715108291
-9.08247658046045 0.5105343294879852
-9.086150742213777 0.5125628140703427
-9.088429729449715 0.5138585554049069
-9.09296482412069 0.5164180679273382
-9.094354716846048 0.5171908274912385
-9.09507405786654 0.5175879396984833
-9.097205083406662 0.518799442351618
-9.100296703186997 0.5205182427362507
-9.101758793969935 0.5213498010663224
-9.104025403671223 0.5226130653266239
-9.106252736429056 0.5238416445809451
-9.110552763819182 0.526268118805123
-9.112180665651898 0.5271730761454165
-9.11302330951522 0.5276381909547645
-9.115520193607711 0.5290574566086299
-9.118118389969288 0.530501709111447
-9.122034814010657 0.5326633165829051
-9.12407739157123 0.5338242628533179
-9.128140703517674 0.536116770293904
-9.130008344826841 0.5371548304084266
-9.130975239239854 0.5376884422110457
-9.133841023613304 0.5393171050955115
-9.135941832412156 0.5404846738693347
-9.13693467336692 0.5410491569272731
-9.139922036157703 0.5427135678391863
-9.141903878824099 0.543806357665491
-9.145728643216167 0.5459638787002721
-9.14783793061546 0.5471360399246725
-9.148930118705126 0.547738693467327
-9.152168143907124 0.5495785508076008
-9.153767193752136 0.5504670903709048
-9.157929903384874 0.5527638190954676
-9.15973235374277 0.5537878845731496
-9.163316582914659 0.5558093231691004
-9.16566957084117 0.557116662458891
-9.166888175455798 0.5577889447236082
-9.170502030293108 0.5598419296888792
-9.171594609669746 0.5604489198502955
-9.172110552763904 0.5607421462464579
-9.175830779843885 0.5628140703517488
-9.17756294429801 0.5637688070132167
-9.180904522613151 0.5656530050180839
-9.18350338571112 0.5670966636661836
-9.184849594147689 0.5678391959798894
-9.18884306639106 0.5701073513450066
-9.189424189064914 0.5704301311932412
-9.1938377952171 0.57286432160803
-9.195395751648507 0.5737490960832119
-9.198492462311643 0.5754948470949435
-9.20133946858557 0.5770760168721916
-9.20281451771793 0.5778894472361706
-9.20719154596857 0.5803748997095788
-9.20725601479886 0.580410700725106
-9.207286432160888 0.5804279804962658
-9.21175309995957 0.5829145728643113
-9.213230850880079 0.5837287303300416
-9.216080402010135 0.5853347931563526
-9.219177886714698 0.5870547028625763
-9.220783048500433 0.5879396984924519
-9.225096851452387 0.5903886957085209
-9.225554420357568 0.5906465608774321
-9.229759611326989 0.5929648241205925
-9.231068291714355 0.5937076955475282
-9.233668341708627 0.5951728072680051
-9.237018681945166 0.5970327096811507
-9.238755310231554 0.5979899497487331
-9.242941051510043 0.6003657297193259
-9.243926160297084 0.6009207550597209
-9.247689935213037 0.6030150753768737
-9.248908201141504 0.6036859554527645
-9.25125628140712 0.6050087545110365
-9.254862380567628 0.6070098869591547
-9.256732139953014 0.6080402010050143
-9.260788779510367 0.6103417557465125
-9.262309485458717 0.6111982593054703
-9.265698099669256 0.6130653266331549
-9.26675189251508 0.6136631348018788
-9.268844221105612 0.6148414633655284
-9.272709551664526 0.6169860721016054
-9.27471407714041 0.6180904522612956
-9.278639228234958 0.6203170044239084
-9.280701223226346 0.6214781671529339
-9.283645365176575 0.6231155778894362
-9.28459765727103 0.6236397217560281
-9.286432160804104 0.624672665976929
-9.290558587049963 0.6269617245901884
-9.292698900629416 0.6281407035175768
-9.29649157378133 0.6302917111522248
-9.299099177958619 0.6317598512760094
-9.301651851904985 0.6331658291457174
-9.30244528776664 0.6336157756417053
-9.304020100502596 0.6345023360373538
-9.308409513186483 0.6369368368641757
-9.310686646701562 0.638190954773858
-9.314345832305756 0.640265871315381
-9.317503396052373 0.6420433249309374
-9.319612831744953 0.6432160804019986
-9.320294789915348 0.6435912947693527
-9.321608040201088 0.6443304717357279
-9.326262325861096 0.6469114101272799
-9.328677303878727 0.6482412060301392
-9.332201989397953 0.6502394890306045
-9.335913819313557 0.6523285714908447
-9.33761700919365 0.6532663316582799
-9.338146140090391 0.6535662858894771
-9.33919597989958 0.6541570947336028
-9.344116991419135 0.6568854539951188
-9.346670814805243 0.6582914572864205
-9.350060001302333 0.6602125767994886
-9.354330288818305 0.6626155455489133
-9.355591690101075 0.6633165829145611
-9.355999286299102 0.6635407638571236
-9.356783919598072 0.6639822491994014
-9.36197344792611 0.6668589861632626
-9.364667078019254 0.6683417085427017
-9.367919796067163 0.6701851551796736
-9.372752548544485 0.6729041739559625
-9.373593128834921 0.6733668341708423
-9.37385414928689 0.6735147513164641
-9.374371859296565 0.6738060009009379
-9.37983160625911 0.6768320320953984
-9.382665949616918 0.6783919597989829
-9.385781274623202 0.6801572524766559
-9.391180248788928 0.6831943567968013
-9.391581141997992 0.6834170854271235
-9.391710623572422 0.6834882784050196
-9.391959798995057 0.6836284363559972
-9.397691351129358 0.6868046247311783
-9.400667244812816 0.6884422110552642
-9.403644311793384 0.690128904455312
-9.409547738693549 0.6934492905165994
-9.409569226418434 0.6934611973334377
-9.409580383839964 0.6934673366834048
-9.409613598949756 0.6934861538994639
-9.415552542037318 0.696776804213326
-9.418341708542794 0.6983577732227815
-9.418584188008614 0.6984924623115454
-9.42150875723491 0.7001001540707259
-9.427135678392041 0.7032645966611444
-9.42743694417316 0.7034315120022239
-9.427593395813108 0.703517587939686
-9.428059228019762 0.7037814592618918
-9.433415014161739 0.706748617633628
-9.436676171110095 0.7085427135678266
-9.43937443631516 0.7100710512179331
-9.444723618090533 0.7130789466076495
-9.445305844593403 0.7134014887665758
-9.445608237954444 0.7135678391959672
-9.446508748576655 0.7140778764777158
-9.451278579183885 0.7167201187974355
-9.453517587939778 0.7179889532744284
-9.45460523600147 0.7185929648241078
-9.457241150922567 0.7200416525002389
-9.462311557789025 0.7228925068844685
-9.463175719682763 0.7233711870540382
-9.463624586568855 0.7236180904522485
-9.464961458305448 0.7243752048855123
-9.46914302604807 0.7266913680063762
-9.472691614038542 0.7286432160803891
-9.475108680213594 0.7300120210157957
-9.479899497487517 0.7327054617697781
-9.481046338713949 0.7333406727866922
-9.481642082198933 0.7336683417085297
-9.483416574894934 0.7346732209677915
-9.487008121659468 0.7366624318589698
-9.488693467336763 0.7376173617320871
-9.49063151919648 0.7386934673366703
-9.492976781296743 0.7399822261621747
-9.49748743718601 0.7425180127712183
-9.49891741773348 0.7433100270941049
-9.499660251033529 0.7437185929648109
-9.501872941117071 0.7449715940879713
-9.504873451604947 0.7466334287589698
-9.508710351413145 0.7487437185929515
-9.510844875156826 0.7499524333722878
-9.515075376884502 0.7523307426808037
-9.516788302908466 0.7532794367856734
-9.5176781624919 0.7537688442210921
-9.52032881099282 0.7552698253948975
-9.522738622229229 0.7566044711793101
-9.523869346733747 0.757245130888557
-9.52665888109314 0.7587939698492328
-9.528712898958993 0.7599226605989466
-9.532663316582994 0.7621434690411775
-9.534659188155553 0.7632488464566425
-9.535696053637853 0.7638190954773734
-9.538784625823403 0.7655680409746326
-9.540603741001359 0.7665755284145526
-9.544728807517881 0.768844221105514
-9.546580771485925 0.769892931047103
-9.550251256281486 0.7719563907579268
-9.552529805358922 0.7732183327115303
-9.553713508204126 0.7738693467336546
-9.5572393596561 0.77586594769783
-9.558468483972039 0.7765466930216371
-9.559045226130731 0.7768734785637816
-9.562685042585233 0.7788944723617952
-9.564448145973167 0.7798633437923126
-9.567839195979978 0.781769791041417
-9.570399798204477 0.7831879973543652
-9.571729970003089 0.7839195979899358
-9.575691795337915 0.7861631978064896
-9.576332496522047 0.7865180663203422
-9.58074440453558 0.7889447236180764
-9.582314658249855 0.7898340028833957
-9.58542713567847 0.7915839668902152
-9.588268792843646 0.793157947199024
-9.589744855359525 0.793969849246217
-9.594140655059897 0.7964594262123388
-9.594195406910933 0.7964897545222254
-9.594221105527716 0.7965043177177593
-9.598706104067217 0.7989949748743577
-9.600179926888055 0.79980501729976
-9.603015075376963 0.8013992290483909
-9.606136398029097 0.8031282940304596
-9.607757553388693 0.8040201005024983
-9.612064526719058 0.8064596686043259
-9.61259227831923 0.8067564442002881
-9.616752613044506 0.8090452261306389
-9.618043553304597 0.8097765009223128
-9.620603015075455 0.8112159020110434
-9.624002205202117 0.8130991545797333
-9.625767426208956 0.8140703517587795
-9.629932486928526 0.8164299140003282
-9.63103831208827 0.8170518651910124
-9.634717227935157 0.8190954773869201
-9.635905121814249 0.8197485725182618
-9.638190954773947 0.8210343240795304
-9.641865788530524 0.8230706505131815
-9.643773809087595 0.8241206030150607
-9.64779805265187 0.8264008435352235
-9.649476491521717 0.8273450420858524
-9.652748432365017 0.8291457286432014
-9.653764199632963 0.8297213557401948
-9.655778894472439 0.8308548474681334
-9.659726704895686 0.8330429084361279
-9.661776010518219 0.834170854271342
-9.665660770280502 0.8363725868114642
-9.667905291542072 0.8376355391483798
-9.670713149742152 0.8391959798994826
-9.67162033682968 0.83969497913984
-9.673366834170931 0.8406778384640488
-9.677584493827165 0.843016059911557
-9.679773312228026 0.8442211055276232
-9.68352016864163 0.8463452784498502
-9.686323130581476 0.847922904502064
-9.688726441069866 0.8492462311557638
-9.689473066225093 0.8496695761970008
-9.690954773869423 0.8505036776428936
-9.69543867738321 0.8529902414942505
-9.69776496911284 0.8542713567839044
-9.70137575886003 0.8563190581290145
-9.704728371285615 0.8582066703313878
-9.706688180612694 0.859296482412045
-9.707321903235488 0.8596452853641665
-9.708542713567915 0.8603327601421382
-9.713288759975226 0.8629655947809542
-9.715750209097731 0.8643216080401857
-9.7192270341626 0.8662940706412732
-9.72311932113939 0.8684863530606064
-9.724680797165254 0.8693467336683263
-9.72516634565962 0.8696222501274082
-9.726130653266408 0.8701654959951943
-9.731134228134007 0.8729422664771525
-9.73372823292071 0.8743718592964669
-9.737073469623432 0.8762704659654572
-9.741494233013222 0.8787614535098429
-9.742636205138004 0.8793969849246075
-9.743005873406316 0.8796006190842025
-9.7437185929649 0.880002310529191
-9.748974524655063 0.8829204157841302
-9.75169809201381 0.8844221105527481
-9.754914441486337 0.886248422317621
-9.759850825596258 0.8890313198759934
-9.760604979676938 0.8894472361808887
-9.760839779227751 0.8895805943053574
-9.761306532663392 0.8898437944343227
-9.766808927597191 0.8929002489708004
-9.769658879210144 0.8944723618090293
-9.772749306289967 0.896228123543862
-9.778187520688869 0.8992955012448798
-9.778553589144536 0.89949748743717
-9.778667634680755 0.8995622982032074
-9.778894472361884 0.8996902798556565
-9.784637102494527 0.9028818615988419
-9.787609915003504 0.9045226130653106
-9.790577723255044 0.9062096670096915
-9.796482412060376 0.909542042641938
-9.79648917985801 0.9095458050369842
-9.796492682389434 0.9095477386934512
-9.796503054592444 0.9095536365597559
-9.802458491132787 0.9128654131580456
-9.805276381909621 0.9144686975790357
-9.80546320812598 0.9145728643215918
-9.808399075211646 0.9161932290493695
-9.814070351758868 0.9193958668762674
-9.814310408902895 0.9195294021942964
-9.814434569932828 0.9195979899497324
-9.814801919164514 0.9198070092084887
-9.82027247106599 0.9228510814901236
-9.82347924986373 0.924623115577873
-9.826212727242577 0.9261789910678111
-9.83165829145736 0.9292562551215502
-9.832123640155283 0.9295152844351788
-9.832364165654356 0.9296482412060136
-9.83307509226377 0.930053041436417
-9.838078401586277 0.9328390496544632
-9.840452261306606 0.934191521721127
-9.841315297368194 0.9346733668341543
-9.844018025640597 0.9361671398385125
-9.849246231155853 0.9391237563506882
-9.849928206624067 0.9395036423285195
-9.85028044649069 0.9396984924622949
-9.851320452688514 0.9402911271859118
-9.855875622659356 0.9428295062322922
-9.859298386345964 0.9447236180904355
-9.861814296819142 0.9461578678147786
-9.866834170854345 0.94899893851861
-9.867723420872382 0.9494946722848514
-9.868182360069746 0.9497487437185761
-9.869535832050707 0.9505206469175365
-9.873663453808083 0.9528226456456483
-9.87562814070359 0.9539437773044561
-9.877112562798573 0.9547738693467167
-9.879600846167895 0.9561513734567004
-9.884422110552837 0.9588823898608245
-9.88550857384399 0.9594885768916708
-9.886068823218116 0.9597989949748573
-9.887719013590058 0.9607409672712057
-9.891441192935524 0.962818668493659
-9.895059069009443 0.9648241206029979
-9.89737695684444 0.9661478615763954
-9.902010050251329 0.968774720282708
-9.903282933622247 0.9694855652680188
-9.903938720394628 0.9698492462311386
-9.905867730995093 0.9709514407293574
-9.90920811507849 0.9728177819086614
-9.910804020100574 0.9737301504592004
-9.912846421019974 0.9748743718592792
-9.915141888492837 0.9761475437041316
-9.919597989949821 0.978676562850902
-9.921045744112329 0.9794858534409894
-9.921790902038488 0.9798994974874198
-9.923979667218369 0.9811514052784327
-9.926963471082319 0.9828201999348467
-9.930752546975592 0.9849246231155604
-9.932894875879612 0.9861506384780467
-9.937185929648313 0.9885885753990724
-9.93879622363697 0.9894896647469418
-9.93962418282017 0.989949748743701
-9.942052453273535 0.9913401840651925
-9.944706486187044 0.9928261439322039
-9.945979899497559 0.9935556855533392
-9.948507762391037 0.9949748743718416
-9.950635127437158 0.9961573720603125
-9.954773869346806 0.9985114422612531
-9.956533563435494 0.9994972302603573
-9.95743733978275 0.9999999999999822
-9.960083667002534 1.0015170850444761
-9.962436358514726 1.0028358430087172
-9.966369521824815 1.0050251256281229
-9.968361823703988 1.0061679785827833
-9.972361809045298 1.0084458761471673
-9.974256926055286 1.0095087892534096
-9.975229110361022 1.0100502512562635
-9.97807083180176 1.0116814006152524
-9.980152257446981 1.012849534483923
-9.981155778894543 1.0134258367849904
-9.984086895348204 1.015075376884404
-9.986074115650624 1.0161827006253086
-9.98994974874379 1.0183926201752431
-9.991965443624178 1.0195245896895768
-9.992998233042234 1.0201005025125447
-9.996011415296365 1.0218324072418516
-9.997853321881125 1.0228674643871614
-10.001900260787743 1.0251256281406853
-10.003771219444129 1.0262017621401576
-10.007537688442282 1.0283523010599112
-10.009658434996812 1.0295448261818168
-10.01074358922765 1.030150753768826
-10.0139037636541 1.0319696324007746
-10.015538998123416 1.0328897909166423
-10.016331658291527 1.0333462204149377
-10.019574121734768 1.0351758793969665
-10.021452389594797 1.0362253761243885
-10.025125628140774 1.0383257202172418
-10.027334883700755 1.0395697891508267
-10.028463729860052 1.0402010050251072
-10.031744383151647 1.0420920778853562
-10.033208006185285 1.0429168797833874
-10.037334764186813 1.0452261306532478
-10.03911636062299 1.0462539041436125
-10.042713567839266 1.0483139380984952
-10.044993617525053 1.0495998135140203
-10.046156895055367 1.0502512562813884
-10.049530275631037 1.0521988870790375
-10.050859331940442 1.0529490207377643
-10.051507537688511 1.053323412569636
-10.05495797304173 1.055276381909529
-10.056762135636045 1.0562876310243041
-10.060301507537758 1.0583178412798686
-10.062633629688028 1.0596351869233072
-10.063821593730825 1.0603015075376696
-10.067258680870516 1.062289271347029
-10.068491974443754 1.0629864997640972
-10.072660706620239 1.0653266331658102
-10.074388689818592 1.0663268495708556
-10.07788944723625 1.0683383609547672
-10.080253870953248 1.069676209160523
-10.081456278248082 1.0703517587939508
-10.084926771970526 1.072362423003744
-10.08610489025636 1.0730296149877745
-10.086683417085496 1.0733649036278639
-10.090226006275755 1.0753768844220915
-10.091994954716517 1.0763718650558696
-10.095477386934743 1.0783764760457872
-10.097853247259783 1.0797231928145061
-10.099059341723967 1.080402010050232
-10.102531654695383 1.0824175151247006
-10.103696991020454 1.08307867736817
-10.107865819235107 1.0854271356783727
-10.109579815706338 1.0864229959432006
-10.113065326633235 1.0884332166701878
-10.115430617083144 1.0897764640351113
-10.116629115022265 1.0904522613065133
-10.120070366540423 1.0924537012799957
-10.121267140763075 1.093134011468985
-10.12185929648248 1.093478504463202
-10.125365486355413 1.095477386934654
-10.127142109186169 1.0964805746905277
-10.130653266331727 1.098509667990541
-10.132984788510116 1.0998363633689694
-10.134163863412033 1.1005025125627945
-10.137539875533525 1.1024701151918794
-10.138814152911372 1.103195956311037
-10.142937007046115 1.1055276381909351
-10.144680619469796 1.1065449486367704
-10.14824120603022 1.1086069744870457
-10.150514516007929 1.1099032466825873
-10.151661782875289 1.1105527638190758
-10.154937078778351 1.1124658703185428
-10.156336786998976 1.113264866313286
-10.157035175879464 1.113672877082914
-10.160362663667318 1.1155778894472164
-10.162194075362386 1.1166164809804515
-10.165829145728711 1.1187263446934796
-10.168018496865194 1.119977486179219
-10.169120996043791 1.120603015075357
-10.172258800744553 1.122440059365597
-10.173833745040035 1.1233411123288342
-10.17786011555697 1.1256281407034976
-10.179681146393229 1.126695551856062
-10.183417085427203 1.1288690564449322
-10.185495367278765 1.1300594715169066
-10.186539547741514 1.1306532663316382
-10.189501791308796 1.1323917537263792
-10.191303667544085 1.1334250827835266
-10.192211055276449 1.133957672312743
-10.195202656699978 1.1356783919597788
-10.197140438677312 1.13678255951646
-10.201005025125696 1.1390364626925544
-10.202943698056972 1.1401496110361267
-10.203915400105867 1.1407035175879194
-10.206662723548588 1.1423200028516023
-10.20874512914117 1.1435171849259254
-10.2126198029012 1.14572864321606
-10.214570490373708 1.146877921630483
-10.218592964824188 1.149229997948657
-10.220361989905614 1.1502483331066502
-10.221246427256984 1.1507537688442007
-10.223738191289439 1.1522238335485584
-10.226156633782344 1.153617846198582
-10.227386934673433 1.154343699036457
-10.229869310300034 1.1557788944723413
-10.23196976670428 1.1569820767061696
-10.23618090452268 1.1594511854348015
-10.237748668258567 1.160356087604514
-10.238530350855394 1.160804020100482
-10.240724706404267 1.1621022492095063
-10.243536609476182 1.1637275157419085
-10.247199095970942 1.1658291457286225
-10.249336499437415 1.1670955299525536
-10.253768844221172 1.1697019340166017
-10.25510163766653 1.1704734732295181
-10.25576430176436 1.1708542713567631
-10.257616785218042 1.1719536830701545
-10.26088248082857 1.1738469293827896
-10.262562814070417 1.1748440791608585
-10.264343188096959 1.1758793969849037
-10.266668044322037 1.17721903686994
-10.271356783919664 1.1799846947511146
-10.272418558530278 1.1806011584385834
-10.272944937574733 1.1809045226130443
-10.274410521606859 1.1817770190951
-10.278192941385925 1.1839764603936818
-10.281576854605706 1.185929648241185
-10.28396358908303 1.1873528295369358
-10.288944723618156 1.19030018908611
-10.289698758908038 1.1907393352150732
-10.29007143551285 1.1909547738693256
-10.291104718903512 1.191571915379427
-10.295466779168702 1.194116455054453
-10.297738693467402 1.1954730946651377
-10.298604797454566 1.1959798994974662
-10.30122152557076 1.1974973674248623
-10.306532663316649 1.2005978323563262
-10.307002514219567 1.2008707820104876
-10.307239074754417 1.2010050251256068
-10.307958870122444 1.2014125127844055
-10.312974661019325 1.2041895799815538
-10.316322805727205 1.2060301507537474
-10.318938932067256 1.2075106281674284
-10.32412060301514 1.2104213372495973
-10.324876044566864 1.2108394359385386
-10.325268823722476 1.211055276381888
-10.326440624069264 1.211718139540209
-10.330850096329767 1.2141576896344208
-10.332914572864386 1.2153260161381274
-10.33427488775253 1.2160804020100286
-10.336820137965356 1.2174770890809645
-10.341708542713633 1.2202210341791142
-10.342763069246073 1.220804234343186
-10.343311742793897 1.2211055276381693
-10.344950332013257 1.222031753152348
-10.348733774174796 1.2241234442774065
-10.352390252578518 1.2261306532663099
-10.354709560710159 1.2274412023240142
-10.359296482412125 1.2300140882359996
-10.360658282404607 1.2307666931823125
-10.36136731714491 1.2311557788944505
-10.363486937139927 1.2323530516738224
-10.36662536035161 1.2340869393970237
-10.36809045226137 1.2349148981223292
-10.37037652794769 1.236180904522591
-10.372606858361953 1.2374030655936377
-10.376884422110617 1.2398007873650938
-10.378561334345827 1.2407269123692428
-10.379435010423316 1.2412060301507317
-10.382049326812552 1.242681717208427
-10.384524508290932 1.2440482740130685
-10.388506251942214 1.2462311557788723
-10.390511676751979 1.24736278008091
-10.39447236180911 1.2495814276961754
-10.396471863276949 1.2506849952733443
-10.397514266033806 1.251256281407013
-10.400636335205691 1.2530174166631793
-10.40243085985148 1.254007550451619
-10.403266331658354 1.2544790859376045
-10.406525048700702 1.2562814070351536
-10.408423650259627 1.2573204502488604
-10.412060301507601 1.259356312936391
-10.414389496069004 1.2606410485028938
-10.415604508314004 1.2613065326632942
-10.419246745768094 1.2633598024520056
-10.420344046041095 1.2639648741390088
-10.424666442962549 1.2663316582914348
-10.42634240251705 1.2672761836311617
-10.429648241206094 1.269125753828174
-10.43231384894501 1.2705951817084564
-10.433705143607394 1.2713567839195754
-10.437879293524874 1.2737085131535126
-10.438263687668703 1.2739203534155417
-10.438442211055339 1.2740209931056299
-10.442715893638791 1.276381909547716
-10.444267547045357 1.2772300906503533
-10.447236180904586 1.278890067668633
-10.450244528100441 1.280547507405612
-10.451815561238929 1.2814070351758566
-10.456194363755666 1.2838726799894031
-10.456537701863963 1.2840646125928208
-10.46086617348779 1.2864321608039972
-10.462198687826286 1.2871822844545093
-10.464824120603078 1.2886495778867317
-10.468181130259847 1.2904981408159184
-10.469935134398696 1.2914572864321379
-10.47413645555487 1.2938217449311953
-10.47522139031898 1.2944279349223962
-10.478944228500067 1.2964824120602785
-10.480135419812932 1.2971328807713185
-10.48241206030157 1.298404613674884
-10.486123243173104 1.3004471997251237
-10.488063220938631 1.301507537688419
-10.492083974710042 1.3037692591998535
-10.493923297899437 1.3047964627163813
-10.497100530851943 1.3065326633165597
-10.498077329382827 1.307081997778627
-10.500000000000062 1.30815550967188
-10.504070791693266 1.3103947056037848
-10.506199908457912 1.3115577889447003
-10.510037357008835 1.3137150982846197
-10.512645274039402 1.3151707243845117
-10.515206853485292 1.316582914572841
-10.51602529281009 1.3170293851124022
-10.517587939698554 1.3179014073090451
-10.522024033448465 1.3203405848438639
-10.524345093917416 1.3216080402009815
-10.527995704055185 1.3236595188700848
-10.531383126029198 1.3255495220097364
-10.533367953659532 1.3266331658291222
-10.53397740958961 1.326975585774104
-10.535175879397046 1.3276441431946848
-10.53998114317893 1.3302853589481538
-10.54249623498224 1.3316582914572628
-10.545957823042105 1.3336028617582434
-10.550133579498809 1.3359319200577664
-10.551497685345524 1.3366834170854034
-10.551933085985624 1.3369207694025222
-10.552763819095539 1.3373840381946742
-10.557941712528155 1.340229144589939
-10.560652690457168 1.341708542713544
-10.563923298844117 1.3435452455563768
-10.56889519132366 1.346317506207293
-10.569657920821417 1.3467336683416846
-10.569891913345161 1.3468650527556472
-10.57035175879403 1.3471214177126187
-10.575905326038598 1.350172060471377
-10.578813806987165 1.3517587939698252
-10.581891709078517 1.3534867909452553
-10.58766648441225 1.356705858432174
-10.5878082601159 1.3567839195979658
-10.587853475846684 1.3568085546396338
-10.587939698492523 1.356856611905032
-10.59387156093193 1.3601142273862763
-10.596978918757811 1.3618090452261065
-10.599862623889253 1.3634276207408957
-10.605527638191015 1.36658476590115
-10.605826387781837 1.3667488138282975
-10.60598290099746 1.366834170854247
-10.606455018736591 1.3670991367244119
-10.611839986902819 1.3700557682790144
-10.61432160804026 1.3714496267356786
-10.615065894374933 1.3718592964823877
-10.617835605742625 1.3733678599529249
-10.623115577889507 1.3763098418794826
-10.623803929140301 1.376687750324587
-10.62416462110868 1.3768844221105283
-10.625252918626693 1.3774950908925812
-10.629810165921146 1.3799968083010574
-10.63331840084351 1.381909547738669
-10.635810209229899 1.3833076358409837
-10.640703517588 1.3860337400557183
-10.641782957354634 1.3866262620049143
-10.642348663890742 1.3869346733668095
-10.64405588607291 1.3878924929339274
-10.6477816520379 1.3899374748664073
-10.649497487437245 1.390900916898235
-10.651421854904706 1.3919597989949501
-10.65378598087205 1.3932470779705044
-10.658291457286492 1.3957568204903614
-10.659763011289607 1.3965644806222004
-10.660534303167033 1.3969849246230908
-10.662862289883313 1.3982908767936113
-10.665753991190284 1.3998778977072908
-10.66966555101724 1.4020100502512314
-10.671762458922291 1.4031863182691433
-10.675879396984984 1.4054794491963145
-10.67774362138597 1.4065025403362332
-10.678720798892684 1.407035175879372
-10.681670463810264 1.4086897664008804
-10.683726721001815 1.4098182089312754
-10.684673366834229 1.4103496715577934
-10.687782663121538 1.4120603015075126
-10.689739173162138 1.4131254910850375
-10.693467336683476 1.4152019983760544
-10.69572430945205 1.416440577773204
-10.696907396906008 1.4170854271356532
-10.700478706569884 1.4190886756746268
-10.70169937057342 1.4197585430809525
-10.706014568013517 1.4221105527637938
-10.707715644687125 1.4230647332480348
-10.711055276381968 1.4249248466746316
-10.713704588443608 1.426378732088609
-10.715093328668576 1.4271356783919344
-10.719285281892255 1.4294871085377308
-10.719671460261752 1.4296990371972793
-10.719849246231213 1.4297988508102737
-10.724142345923168 1.432160804020075
-10.725691385678347 1.4330041841349646
-10.72864321608046 1.4346483794517102
-10.731683962228164 1.436317145034586
-10.733277810988376 1.4371859296482157
-10.737648903085988 1.4396380018462054
-10.738094802529996 1.4398863829195117
-10.742359427040705 1.4422110552763563
-10.743665899156255 1.4429439857399835
-10.746231155778952 1.4443729890758528
-10.749661994700451 1.4462559412126401
-10.751460249103618 1.447236180904497
-10.755630490846132 1.449575782227729
-10.756905278860462 1.4502859303563564
-10.760495224381575 1.4522613065326375
-10.761639057555907 1.4528841745102197
-10.763819095477444 1.4540986995128353
-10.767638510486796 1.4561951707295355
-10.769640110890844 1.4572864321607781
-10.773610261361913 1.4595140818219274
-10.775709411349453 1.4606836652670667
-10.778695057190752 1.4623115577889187
-10.779610019552601 1.4628249908241573
-10.781407035175937 1.4638263304004218
-10.78561247429156 1.466135129384024
-10.787815948626648 1.4673366834170594
-10.791587196090221 1.4694531916411187
-10.794503876722006 1.4710786381445073
-10.796834913545494 1.4723618090452
-10.797578040174173 1.472766647530987
-10.798994974874429 1.4735563909539486
-10.803583296374528 1.4760759856733117
-10.805986814633158 1.4773869346733406
-10.809560783930566 1.4793932577140136
-10.813286863480302 1.481470331417876
-10.815013221662053 1.4824120603014812
-10.81554261455446 1.4827092888781843
-10.81658291457292 1.4832892803565159
-10.82155046166844 1.4860178867594733
-10.824151895199979 1.4874371859296218
-10.827530499444162 1.4893344301659788
-10.83205651277497 1.4918582139873502
-10.833153292129134 1.4924623115577624
-10.833503223699493 1.4926530631497394
-10.834170854271413 1.4930254092960142
-10.839513440774633 1.495960983899269
-10.842310354457199 1.497487437185903
-10.845495802650117 1.499276863277271
-10.85081091912056 1.5022417414285165
-10.851307054608471 1.5025125628140437
-10.851459334268727 1.5025981227286662
-10.851758793969905 1.5027652002981764
-10.85747168972365 1.5059054325125425
-10.860461334152621 1.5075376884421843
-10.863456138764725 1.509220715557519
-10.869346733668397 1.5125079662339358
-10.86941238008606 1.5125440579509934
-10.869446726658666 1.512562814070325
-10.869550090640548 1.5126209160623683
-10.875424649677392 1.515851392267324
-10.878603953350048 1.5175879396984655
-10.881410937880817 1.5191661498373437
-10.88693467336689 1.5222501094075946
-10.887368959578392 1.5224889835518916
-10.88759607770522 1.5226130653266061
-10.888279096758765 1.5229971862957132
-10.893371746569697 1.525799027182516
-10.895728643216135 1.52712571770574
-10.89665768603284 1.5276381909547467
-10.899359614583934 1.5291133333780174
-10.904522613065382 1.5319973858647753
-10.905319151433648 1.532435734191954
-10.905735505823905 1.5326633165828873
-10.906986645933031 1.5333673259736438
-10.911312390682058 1.5357485057491207
-10.914860470691412 1.537688442211028
-10.917301567501998 1.5390624380001352
-10.922110552763874 1.5417502810126509
-10.923262342408625 1.5423844850835255
-10.923864052008131 1.5427135678391686
-10.925670631811704 1.5437307332814054
-10.929245976151009 1.5457000010709852
-10.930904522613119 1.5466346599990048
-10.932903697614481 1.5477386934673092
-10.935236178784875 1.5490136402323067
-10.939698492462366 1.5515092949457756
-10.941197902437713 1.5523354162453504
-10.941980732364938 1.5527638190954498
-10.944328903335947 1.5540867936307583
-10.9471718804035 1.5556536910261238
-10.951072388486441 1.5577889447235904
-10.953162813510055 1.558967121480963
-10.957286432160858 1.5612749431944195
-10.95912518400797 1.5622887126811271
-10.960084537389655 1.562814070351731
-10.96295926486324 1.564434879695269
-10.965089463516273 1.565609758449753
-10.966080402010103 1.5661689594086239
-10.96910070950988 1.5678391959798716
-10.971080819010323 1.5689230682224506
-10.97487437185935 1.5710477575585777
-10.977043521454155 1.5722445645809255
-10.9781744311357 1.5728643216080123
-10.981559476179017 1.5747743514136312
-10.982998067494957 1.5755683913402656
-10.987231791747417 1.5778894472361529
-10.98898952411901 1.5788816722186763
-10.992462311557842 1.580828287033695
-10.994952207968051 1.5822031738899476
-10.996249159761188 1.5829145728642935
-11.000127037064965 1.5851044944377577
-11.00089694006644 1.5855298046328343
-11.001256281407088 1.5857329166228649
-11.005240042167038 1.587939698492434
-11.006887831862409 1.588843246890698
-11.010050251256335 1.5906176038703714
-11.012849861807105 1.592164935391783
-11.014306985882115 1.5929648241205747
-11.018657042655956 1.5954239073776089
-11.018784578072015 1.5954944278013778
-11.023328503559762 1.5979899497487153
-11.024779955184796 1.5988065885401532
-11.027638190954827 1.6003787837465495
-11.03080147984277 1.602111278551729
-11.032487696764324 1.603015075376856
-11.036837311996212 1.6054118807074573
-11.037722527377836 1.605896314354859
-11.041688105046374 1.6080402010049966
-11.042920108537771 1.608699064466582
-11.045226130653319 1.609960532621205
-11.048990229355569 1.6119898698610662
-11.050998307476934 1.6130653266331372
-11.05503508131079 1.6152878949305718
-11.057256475896757 1.6165025681312626
-11.060222475704855 1.6180904522612778
-11.061108106620715 1.6185778704701619
-11.062814070351811 1.6195103429884794
-11.06718713755318 1.6218661301175983
-11.069521885573934 1.6231155778894184
-11.07324097602673 1.6251615876104388
-11.076820705097257 1.6271174735309746
-11.078716367463349 1.628140703517559
-11.079303941948938 1.6284544372608067
-11.080402010050303 1.6290541734934534
-11.085391847089976 1.6317401614200788
-11.088057868281245 1.6331658291456996
-11.091454634583434 1.6350330620500895
-11.096413939448462 1.6377406661166019
-11.097256286306331 1.6381909547738402
-11.09750726006385 1.6383288661123965
-11.097989949748795 1.638592302200479
-11.103603999366545 1.6416120662254814
-11.106519310893686 1.6432160804019809
-11.10678391959804 1.6433600968967825
-11.109675694222995 1.6449024218946358
-11.115577889447287 1.6481224555640042
-11.115722107057605 1.6482000009986022
-11.115799243951955 1.6482412060301215
-11.116039371370666 1.6483730580082296
-11.121823234778272 1.651481947277981
-11.12516477895955 1.653266331658262
-11.12790379123386 1.6547697710616678
-11.13316582914578 1.6576385358308334
-11.133959137452381 1.6580647977702307
-11.134383738472973 1.6582914572864027
-11.135706893940815 1.6590174757992697
-11.140049192940541 1.6613499075446114
-11.141959798995025 1.6623996688601919
-11.143662760903299 1.6633165829145433
-11.14613856117134 1.6646352136782383
-11.150753768844272 1.667149635263332
-11.15220278928515 1.6679277027024328
-11.152978853031113 1.668341708542684
-11.155399660588428 1.6696691061838713
-11.15828151289195 1.6712160501572022
-11.162314473171536 1.6733668341708245
-11.164379639056392 1.6744988540240735
-11.168341708542764 1.6766560355921794
-11.170452693535807 1.677788821229524
-11.171584000420228 1.6783919597989652
-11.175116310997465 1.6803275605003085
-11.176519833276885 1.6810804783602142
-11.177135678392009 1.681418413956595
-11.18085251909193 1.6834170854271058
-11.182626659553963 1.6843607964806182
-11.185929648241256 1.6861580174112412
-11.188708480865051 1.6876482588770196
-11.190198591445785 1.6884422110552464
-11.194765057977158 1.6909429339017006
-11.194856755223695 1.6909928130502285
-11.199502345883612 1.693467336683387
-11.20087925713201 1.6942211454855975
-11.203517587939748 1.6956558601013842
-11.20696978176939 1.6975061212173443
-11.208822035213407 1.6984924623115276
-11.213035127336001 1.7007982909693098
-11.214638182320142 1.7016697749916405
-11.218078504705106 1.7035175879396682
-11.219137066202297 1.704080005492795
-11.22110552763824 1.7051498417677813
-11.225236226718055 1.7073625138307191
-11.227453739389208 1.7085427135678088
-11.231310271504995 1.7106521980911626
-11.234439450775909 1.7123524058928572
-11.23672376335745 1.7135678391959495
-11.237399721243913 1.713937480936755
-11.238693467336732 1.7146402391899302
-11.243507446272773 1.7172175422709355
-11.246093283066958 1.71859296482409
-11.249590181534897 1.720504743538469
-11.254259811228646 1.7230404916503517
-11.255345984546022 1.7236180904522307
-11.25566710659035 1.723793604865052
-11.256281407035225 1.7241271049636104
-11.261783550303807 1.7270711751464907
-11.264740422472684 1.7286432160803713
-11.267874993375615 1.7303558884684005
-11.273869346733717 1.7336093855535024
-11.273941185769893 1.7336478162696043
-11.273979800854338 1.733668341708512
-11.274100925632265 1.733734507108097
-11.280063788833328 1.7369236267367638
-11.282663316582962 1.738345812123982
-11.283311767690057 1.7386934673366525
-11.286163636403264 1.7402059387734932
-11.291457286432209 1.7430778318903855
-11.292238292607221 1.743495448343361
-11.292658284005347 1.7437185929647931
-11.293976547265405 1.7444383817742777
-11.298347502829884 1.7467750853364548
-11.30205355711904 1.7487437185929338
-11.304455678417543 1.7500550179395509
-11.309045226130701 1.752543873427876
-11.310538720073485 1.7533421316659936
-11.311342185763282 1.7537688442210744
-11.31386565051199 1.7551461083300142
-11.31663435328968 1.7566256478037916
-11.317839195979946 1.7572842621879845
-11.320657469145404 1.758793969849215
-11.322750776183087 1.7599032240338168
-11.326633165829193 1.7620077660740066
-11.328842120641763 1.763187965530907
-11.330030943060976 1.7638190954773556
-11.333766859500388 1.765857293669126
-11.334923999933451 1.766475411361423
-11.339386817633583 1.7688442211054962
-11.341048585153354 1.7697506554981626
-11.344221105527685 1.7714697657233662
-11.34714814543897 1.773033049616127
-11.34872398956152 1.7738693467336368
-11.353222437138125 1.7763226633302232
-11.353685171762832 1.7765733656579652
-11.3580212719552 1.7788944723617774
-11.359348759418438 1.779597411163989
-11.361809045226178 1.7809301283170385
-11.365456444195736 1.7828774839986155
-11.36742075560569 1.783919597989918
-11.371538911852964 1.7861647617246916
-11.373628830867785 1.7872966796018055
-11.37673576593406 1.7889447236180587
-11.377650951659135 1.7894435902653543
-11.37939698492467 1.7903891099000084
-11.383766665201607 1.792721369167074
-11.386120668169834 1.7939698492461993
-11.389857210934926 1.7960063388714094
-11.393580398231549 1.798022253048165
-11.395398665246923 1.79899497487434
-11.39595481310448 1.799289292451106
-11.396984924623162 1.7998469666778911
-11.40207845526284 1.8025648060340007
-11.404823150829783 1.8040201005024805
-11.408176976708324 1.8058474969634322
-11.41353842094478 1.8087496708800854
-11.41409591138177 1.8090452261306211
-11.41425999349024 1.8091346177967393
-11.414572864321654 1.8093039550746495
-11.420391459660348 1.8124078959477066
-11.4233668341709 1.8140315787287324
-11.423439338346727 1.8140703517587617
-11.426497849939626 1.8156883386389104
-11.432160804020146 1.8187529976421315
-11.432578918013602 1.818976016245915
-11.432804301612647 1.8190954773869024
-11.433514277224166 1.8194821840166222
-11.438705322105552 1.822250740704927
-11.442233503531016 1.824120603015043
-11.444819469791739 1.825528966994157
-11.449748743718638 1.8281960267312396
-11.450908337597628 1.8288144161063293
-11.451533538869151 1.8291457286431836
-11.453503544794748 1.8302185289506436
-11.457019684692103 1.83209344256462
-11.458542713567883 1.8329242351783916
-11.460874788386425 1.8341708542713242
-11.46314147377347 1.8353694855980835
-11.46733668341713 1.8376389717219404
-11.469238022859768 1.838652740058711
-11.470263313211317 1.8391959798994648
-11.473494787968825 1.8409554383428057
-11.475334187841604 1.8419361042634703
-11.479647132935732 1.8442211055276054
-11.481463497682316 1.8452099985085502
-11.484924623115623 1.8470820978531055
-11.4875676049103 1.8484910935001242
-11.488993004942243 1.849246231155746
-11.493486479554793 1.8516924758526523
-11.493648470241611 1.851778829033604
-11.493718592964868 1.8518170693675469
-11.498311132086004 1.8542713567838867
-11.499785147155306 1.8550506184006892
-11.502512562814115 1.8565257045477175
-11.505896623198767 1.8583296080164127
-11.507721884279514 1.8592964824120273
-11.511982659251123 1.8616158662010234
-11.513497169072618 1.862434941343028
-11.517058964649232 1.8643216080401679
-11.51810590399613 1.8648914933305898
-11.520100502512607 1.8659701688960872
-11.524224683139106 1.8681683963464515
-11.526449329513486 1.8693467336683085
-11.530318086220378 1.8714525496656575
-11.533507437407854 1.8731772864955225
-11.535743100191855 1.8743718592964491
-11.536425658039057 1.8747326547741752
-11.537688442211099 1.8754155289653962
-11.54255162870709 1.8780075030685923
-11.545175037134497 1.8793969849245897
-11.548652250313323 1.8812895939520953
-11.55351375934433 1.8839185041055124
-11.554464602455022 1.8844221105527303
-11.55474404474748 1.8845742068847624
-11.555276381909591 1.8848620726335117
-11.560877056927726 1.8878470433185468
-11.563898345016739 1.889447236180871
-11.566984744334773 1.891127115401816
-11.572864321608083 1.8943065534746255
-11.573066852740219 1.894414495771259
-11.573176107853723 1.8944723618090116
-11.573520618680996 1.894659875258415
-11.579200565422026 1.8976871320617406
-11.582618591471185 1.8994974874371522
-11.585315161614671 1.9009652302062676
-11.590452261306575 1.9037432639566685
-11.5914041997786 1.9042506306447144
-11.591917702607295 1.9045226130652928
-11.593536793453152 1.905403907964315
-11.597521752203644 1.9075278841514134
-11.59924623115582 1.9084681993940897
-11.601266536514048 1.9095477386934334
-11.603643095797517 1.910804054467019
-11.608040201005068 1.913182085111874
-11.609738899455435 1.9140875219071836
-11.610655159903862 1.914572864321574
-11.613543780454997 1.9161453155929822
-11.615840215458181 1.9173694143916826
-11.620047253893453 1.9195979899497146
-11.621968140614484 1.920643704260879
-11.62562814070356 1.9226233101963661
-11.62807054097763 1.923925286928121
-11.629387804611692 1.9246231155778553
-11.633539859361218 1.9268836066229005
-11.634155553305698 1.9272118376053848
-11.634422110552805 1.9273572163971044
-11.638708713077838 1.9296482412059959
-11.640289889638698 1.9304842957098112
-11.643216080402052 1.9320672323721428
-11.646398713298295 1.9337640431494956
-11.648114960940678 1.9346733668341365
-11.652481764823575 1.9370511540561282
-11.653537637851821 1.937622383248356
-11.657455728788069 1.939698492462277
-11.65860793602411 1.9403259450555437
-11.660804020100544 1.9415141449593571
-11.66472300484822 1.94360390816251
-11.666835952077951 1.9447236180904177
-11.67081230981695 1.9468892323710136
-11.673529243701855 1.9483593962622212
-11.676127815568783 1.9497487437185583
-11.676921872228176 1.9501687687388038
-11.678391959799036 1.9509643417015976
-11.683043003250994 1.9534449997889967
-11.685550099798563 1.954773869346699
-11.689138375466877 1.9567285904983134
-11.693504571085107 1.9590917582855765
-11.694838707649648 1.9597989949748396
-11.695231289718404 1.9600128834831603
-11.695979899497528 1.9604181170444788
-11.701358295021823 1.9632874361674677
-11.704256724051621 1.9648241206029802
-11.707459543250861 1.9665693480158826
-11.71346187367835 1.9698189703689293
-11.713518470840793 1.9698492462311208
-11.713535778662752 1.9698584063834836
-11.71356783919602 1.969875766428002
-11.719668465249928 1.9731313358438598
-11.722955142522114 1.9748743718592614
-11.725775393090291 1.9764116249461816
-11.731155778894513 1.9793254617418627
-11.73185629652912 1.9796993495918
-11.732233635548278 1.979899497487402
-11.73342056931619 1.980546580465024
-11.73797309726431 1.982976817867029
-11.739949748743758 1.9840563608327155
-11.741572063456605 1.9849246231155426
-11.744085503007774 1.98625554185418
-11.748743718593005 1.9887791832769537
-11.750171841795707 1.989541713542911
-11.750940805645797 1.9899497487436832
-11.753358066392666 1.9912681338293048
-11.75627155907897 1.9928240628044156
-11.760324087112943 1.9949748743718416
-11.762389029508686 1.9961013397383631
-11.766331658291497 1.998238286015991
-11.76848043640568 1.9993860633959457
-11.769636980202243 2.