-9.992018045576227 0.
-9.994577450744297 0.0013222005715736174
-9.997566308346626 0.002848965741616638
-10.001846653134844 0.005025125628140614
-10.003859904219388 0.006075921120396011
-10.007537688442282 0.007985985976002752
-10.010125939581837 0.009310750930693779
-10.011577673711674 0.010050251256281229
-10.016364192951757 0.01255351845314312
-10.016443424590811 0.012594747298718012
-10.021265024715884 0.015075376884421843
-10.022652572323576 0.01578196426076417
-10.025125628140774 0.017071255052236722
-10.028914554114856 0.019017952234253954
-10.031031921205642 0.020100502512562457
-10.03514891895945 0.02226183076393884
-10.038118332795209 0.02381270384240075
-10.04068178241617 0.02512562814070307
-10.04139700975525 0.025501787593278813
-10.042713567839266 0.026190613657064432
-10.047655497321594 0.02873877391674995
-10.050407666050948 0.030150753768843686
-10.053886526444174 0.03198360550986745
-10.059589293218629 0.03497238959151883
-10.059985273630613 0.0351758793969843
-10.060096344811772 0.03523449731869466
-10.060301507537758 0.035342199299773114
-10.066351864682545 0.03847233155518559
-10.069710414093542 0.040201005025124914
-10.072580078877998 0.04171796741319689
-10.07788944723625 0.044509617495493536
-10.078780760534375 0.044971469710944234
-10.079274765175022 0.04522613065326553
-10.080898591969136 0.046085886291233
-10.08500655828559 0.04821779598159459
-10.086683417085496 0.0491085750955369
-10.088878472682621 0.05025125628140614
-10.091232448755905 0.051464095761073914
-10.095477386934743 0.053702866180502795
-10.097430953683302 0.05471821998138715
-10.098510527464894 0.05527638190954676
-10.102042568305153 0.057152148015378046
-10.103622300459662 0.057974389387711156
-10.108117023376254 0.06030150753768737
-10.109846330961274 0.06122122058681878
-10.113065326633235 0.06292374883413299
-10.116043118163681 0.06447583558570091
-10.117684174141145 0.06532663316582799
-10.122212431684014 0.06773830020803118
-10.12303977820917 0.06817647647323799
-10.127195059492088 0.0703517587939686
-10.128424254893023 0.07098861920502664
-10.130653266331727 0.072170686483501
-10.134619758195639 0.07424360103242034
-10.136800066500303 0.07537688442210921
-10.14078792534569 0.07750639318911734
-10.14391149418099 0.0791649495218989
-10.146288547577775 0.08040201005024983
-10.14696859549577 0.08076561306009289
-10.14824120603022 0.08144217241719609
-10.153163225210916 0.08402084448390568
-10.155862268935808 0.08542713567839044
-10.159330652281776 0.08728384809180056
-10.16465097598203 0.09011564137890815
-10.165290850803272 0.09045226130653106
-10.165481583315877 0.09055156485305549
-10.165829145728711 0.09073676967890076
-10.171675727735131 0.09380693493283765
-10.174874571517638 0.09547738693467167
-10.177842799261137 0.09707004012497666
-10.183417085427203 0.10004367522882518
-10.183982564224696 0.10034094719209996
-10.184291625284189 0.10050251256281229
-10.185285363012161 0.10103630615851422
-10.190159340424072 0.10360127962041865
-10.192211055276449 0.10470630290341187
-10.19376723548715 0.1055276381909529
-10.196326420490232 0.10686438237251394
-10.201005025125696 0.1093654419662462
-10.202466320100779 0.11013525096906918
-10.203263372434197 0.11055276381909351
-10.20581812331276 0.11192793472968354
-10.208616012344738 0.11340332167036582
-10.212763385959947 0.11557788944723413
-10.214783445763551 0.11666632346455952
-10.218592964824188 0.11870676929457957
-10.220923821554791 0.1199370560094879
-10.222192774637971 0.12060301507537474
-10.22624823024927 0.1227902337682556
-10.22704757458058 0.12321253791597453
-10.227386934673433 0.12339601627335561
-10.231599902388986 0.12562814070351536
-10.233215687953551 0.12647534543755246
-10.23618090452268 0.12806645442232067
-10.23935686342127 0.12974584950348778
-10.24108286841631 0.13065326633165597
-10.245470864262282 0.13302411774848188
-10.246598515206157 0.1336297265269355
-10.250492061918914 0.13567839195979658
-10.251624844858766 0.13629096320619816
-10.253768844221172 0.13744335993009837
-10.257767116860208 0.1395611539767838
-10.259936470441467 0.1407035175879372
-10.263882327127014 0.14283907667155127
-10.266871869691379 0.14444723915085333
-10.269282382913635 0.1457286432160778
-10.27001248956282 0.14611272731803293
-10.271356783919664 0.1468364191928062
-10.27615615321358 0.1493825204745285
-10.278756216877703 0.15075376884421843
-10.282272872607859 0.15266001199001789
-10.287065381234111 0.1552419395054887
-10.288082788518631 0.15577889447235904
-10.288380149593 0.15594020133668973
-10.288944723618156 0.15624457830687266
-10.294525484492992 0.15920951699340335
-10.29754462293112 0.16080402010049966
-10.300643987087799 0.1624864990230277
-10.306532663316649 0.16566342204730322
-10.30673541880996 0.1657712155876938
-10.306845034875089 0.16582914572864027
-10.307191628843666 0.1660174215935024
-10.312876510495384 0.16904174359142843
-10.316304008713631 0.17085427135678088
-10.31899705495517 0.1723181422310578
-10.32412060301514 0.17508586414902272
-10.325090637719844 0.17560224421214965
-10.32561441337316 0.1758793969849215
-10.327267384217024 0.17677847732831697
-10.331210542235747 0.17887882569288927
-10.332914572864386 0.17980759404831215
-10.334968298081149 0.1809045226130621
-10.33733337260595 0.18215457121525702
-10.341708542713633 0.184520854037868
-10.34342934781565 0.18543798964062663
-10.344357431892417 0.18592964824120273
-10.34728121317366 0.18752183980121018
-10.349528807101489 0.18872041261567052
-10.353744224271487 0.19095477386934334
-10.355654153515163 0.1919954392684753
-10.359296482412125 0.19396754842254538
-10.361752748763376 0.1952781091114124
-10.36307607633961 0.19597989949748396
-10.367238276758256 0.198248983596379
-10.367832453595142 0.19856617621619144
-10.36809045226137 0.19870710290449267
-10.37238337948688 0.20100502512562457
-10.373960532907034 0.20184042204093355
-10.376884422110617 0.20342515189879684
-10.380061962596272 0.20512228204357807
-10.381772196716225 0.20603015075376518
-10.38613650180234 0.20841182504141376
-10.387156919383331 0.2089651499745404
-10.39109245932359 0.2110552763819058
-10.392253572066489 0.21168921630836923
-10.39447236180911 0.21289291505236108
-10.398358037964776 0.214970208822713
-10.400447515440897 0.2160804020100464
-10.40443571263654 0.2182588559732066
-10.407035508029756 0.21966987235880264
-10.409712616720343 0.22110552763818703
-10.410534262329064 0.22154153883205474
-10.412060301507601 0.2223701326456018
-10.416641954072373 0.2248216096763933
-10.419103634975786 0.22613065326632764
-10.422722951533602 0.22810930745846836
-10.426870209987792 0.2303620556892394
-10.428362239394291 0.23115577889446826
-10.428803528781861 0.23139712530139178
-10.429648241206094 0.23185614188146708
-10.43491462432891 0.23467622363037588
-10.43774204483187 0.23618090452260887
-10.440999120273158 0.23796292184587386
-10.44666474732495 0.24104276341371111
-10.446968721730288 0.24120603015074948
-10.44706223370397 0.2412557293509252
-10.447236180904586 0.24135032073930063
-10.453176899749014 0.24453380753762488
-10.456364128018555 0.2462311557788901
-10.459265058643085 0.2478194591960312
-10.464824120603078 0.25084346695837834
-10.465326467429666 0.2511127537422908
-10.465595891071366 0.2512562814070307
-10.46643756505912 0.2517172655373292
-10.471429572119922 0.2543941351732162
-10.473618090452323 0.25559484890933337
-10.47489506426955 0.2562814070351713
-10.477521547571204 0.25767869638670415
-10.48241206030157 0.26034071345173615
-10.483586863271164 0.2609708746719992
-10.48421656021965 0.26130653266331194
-10.486181924441683 0.2623836367033441
-10.489673376960098 0.26425699638901623
-10.493564349173045 0.26633165829145256
-10.495769312051808 0.2675404262766685
-10.500000000000062 0.26984461673456206
-10.501838707313961 0.2708314389727642
-10.502823727710004 0.27135678391959317
-10.505895681466447 0.27304126433856
-10.507909125564629 0.2741221593864287
-10.508793969849307 0.2746081636436033
-10.512089388225288 0.2763819095477338
-10.514009235401435 0.2774043964897679
-10.517587939698554 0.27935448263456397
-10.520082847341184 0.28069420442083715
-10.521418711528076 0.2814070351758744
-10.525581602013355 0.2836909386943889
-10.526137390066024 0.28398946069902387
-10.530713990598542 0.286432160804015
-10.53224167517042 0.28727050486876493
-10.535175879397046 0.28887017527421577
-10.538319548724358 0.29055909519578105
-10.540001993803356 0.2914572864321556
-10.544370766194493 0.29385530154673933
-10.545253290298206 0.29433654668962994
-10.549236237930847 0.29648241206029624
-10.550467151012402 0.29713860294119243
-10.552763819095539 0.2983912549470169
-10.556549406605093 0.30042594125713595
-10.558574536475769 0.30150753768843686
-10.562605090304846 0.30372087154248995
-10.564908446924296 0.3049774313537954
-10.567819821027877 0.30653266331657747
-10.568686219374902 0.307008531722043
-10.57035175879403 0.30791731565972924
-10.574772967100538 0.3102945865714304
-10.577137219671481 0.3115577889447181
-10.580833224776182 0.3135882100065297
-10.58454162743807 0.3156120371287292
-10.586342261420379 0.3165829145728587
-10.586899389460646 0.3168801457248236
-10.587939698492523 0.3174479840626301
-10.592990729221745 0.3201648885640793
-10.59569084518303 0.3216080402009993
-10.599055658384687 0.32345717728852197
-10.604154751193642 0.32624091240131925
-10.604888534281688 0.3266331658291399
-10.60510712512671 0.32675331241894146
-10.605527638191015 0.326982918342023
-10.611203146789821 0.33003671757190745
-10.614236139898308 0.33165829145728054
-10.61727283487823 0.3333276466033599
-10.623115577889507 0.3365183444116395
-10.623315942503531 0.3366261700528428
-10.623423001945186 0.33668341708542115
-10.62375559248628 0.3368662783987846
-10.629410630332645 0.3399099563012369
-10.632773759154853 0.34170854271356177
-10.635485154883083 0.34319950348639505
-10.640703517588 0.3460500225471508
-10.641533173481442 0.3464966238007188
-10.641976359184266 0.3467336683417024
-10.643352611770018 0.3474905523937082
-10.647613548948451 0.34978449929542776
-10.649497487437245 0.3508221497931112
-10.651232826624799 0.351758793969843
-10.653692977773222 0.3530726452593491
-10.658291457286492 0.35558518565745256
-10.659745972635072 0.3563683437841032
-10.660522757976194 0.3567839195979836
-10.66293409319681 0.3581103870009317
-10.66581223212564 0.3596602524149395
-10.669828254355634 0.3618090452261242
-10.67189662349235 0.36294698050973384
-10.675879396984984 0.3651236033707308
-10.677954650336558 0.3662412413252438
-10.679062698621797 0.36683417085426484
-10.682501238558746 0.3687261255896255
-10.684006971510566 0.3695371323322387
-10.684673366834229 0.3699043392795325
-10.688293732832202 0.37185929648240545
-10.690096374321067 0.37282242858595005
-10.693467336683476 0.3746650717635571
-10.696159479474863 0.37611523845586436
-10.697596619606452 0.37688442211054607
-10.702055091565905 0.379338066362668
-10.702198022617157 0.3794150660433493
-10.70685826371701 0.3819095477386867
-10.708292476583559 0.3826989191096608
-10.711055276381968 0.3842094122557551
-10.714360697158838 0.3859902674305786
-10.71612490051248 0.3869346733668273
-10.720402434280231 0.3892891824526066
-10.721613300970006 0.3899512518205528
-10.72533152519203 0.3919597989949679
-10.726485142289697 0.3925763915066147
-10.72864321608046 0.3937564705348091
-10.732558506353987 0.39586627025924415
-10.734647864802598 0.3969849246231085
-10.73860544839198 0.3991636981622433
-10.741161748722524 0.40056164823512663
-10.743866772435542 0.40201005025124914
-10.744674550709835 0.4024547945567116
-10.746231155778952 0.40330611551380713
-10.750753025575426 0.40574321308039707
-10.753165634499105 0.40703517587938975
-10.75680511576264 0.4090391700836191
-10.760698501941716 0.4111687033544653
-10.762348466713233 0.41206030150753037
-10.762860642439568 0.4123341452326379
-10.763819095477444 0.41285842090591895
-10.76894427754878 0.41562108940100373
-10.771678434113541 0.417085427135671
-10.775001623359607 0.4189155447974793
-10.780224681523393 0.42177273743451327
-10.780855393365893 0.4221105527638116
-10.78104381953265 0.42221432866189357
-10.781407035175937 0.4224130341863557
-10.787132681159177 0.4254997795395976
-10.790098770357883 0.4271356783919522
-10.790201005025182 0.42719146881784553
-10.793195301813116 0.428792727838041
-10.798994974874429 0.4319657656374014
-10.799231426347397 0.4320932464563878
-10.799357543216104 0.4321608040200928
-10.79974829878936 0.43237603942435854
-10.805318299727515 0.435379265404495
-10.80869076323915 0.43718592964823344
-10.81138617014178 0.4386707137714163
-10.81658291457292 0.44151425964573754
-10.817427590359406 0.4419697193373784
-10.817878059062037 0.44221105527637405
-10.81927350213125 0.44297979457875414
-10.823501140366137 0.4452595449635952
-10.825376884422166 0.4462943513165696
-10.827119015182486 0.44723618090451467
-10.829574229665381 0.4485495022205237
-10.834170854271413 0.45106501099246454
-10.83562091245736 0.4518470041938132
-10.83639413202026 0.4522613065326553
-10.838788903865469 0.4535807492738142
-10.841681192970844 0.4551406211038165
-10.845685687068878 0.4572864321607959
-10.847759464410851 0.45842909774909746
-10.851758793969905 0.46061803530284706
-10.853811370734258 0.4617251072848356
-10.85490572605285 0.4623115577889365
-10.858294407815036 0.4641788760304024
-10.85985843058828 0.46502250152611246
-10.86055276381915 0.4654056537377018
-10.864123674555033 0.4673366834170771
-10.865941841471768 0.4683095097589707
-10.869346733668397 0.47017336022752154
-10.871998926261027 0.4716040397330383
-10.873412777050453 0.47236180904521774
-10.87778984671263 0.4747741270578558
-10.878032809743434 0.4749051986519195
-10.882662920285568 0.47738693467335835
-10.88412131132983 0.47819075239823317
-10.88693467336689 0.4797310252444795
-10.89018352340257 0.481483817434162
-10.891915193382477 0.48241206030149897
-10.89621918656635 0.4847844678726503
-10.897289836548449 0.4853706783533731
-10.901110149480047 0.4874371859296396
-10.90229780814489 0.4880728444783511
-10.904522613065382 0.4892910814810767
-10.908365090103679 0.49136446097540976
-10.910412856396675 0.4924623115577802
-10.91440585680676 0.49466365325981343
-10.916782482864663 0.49596513150043187
-10.919621742847884 0.4974874371859208
-10.920471250018604 0.49795580939885475
-10.922110552763874 0.49885359155361986
-10.926543538149385 0.5012459955610584
-10.928905620876472 0.5025125628140614
-10.932589342038026 0.5045437486495867
-10.936264039161316 0.5065564160704739
-10.938077500683493 0.507537688442202
-10.93864153923531 0.5078396750785039
-10.939698492462366 0.5084186294228354
-10.944718763403149 0.5111284509444047
-10.947393315462337 0.5125628140703427
-10.950769531617189 0.5144247856542483
-10.955734063268995 0.5171444057293799
-10.956561015494692 0.5175879396984833
-10.956808562482793 0.5177244738922164
-10.957286432160858 0.5179862802642017
-10.962890646025189 0.5210118613653867
-10.965875743041668 0.5226130653266239
-10.968946299088671 0.5243068004039602
-10.97487437185935 0.52755489522532
-10.974975257570923 0.5276093664657431
-10.97502898921771 0.5276381909547645
-10.975195097157386 0.5277298267542028
-10.98105905067245 0.5308962654934479
-10.984352681110192 0.5326633165829051
-10.987119502381915 0.5341898334903128
-10.992462311557842 0.5371178696610652
-10.993153284469612 0.5374910213791111
-10.993521241426027 0.5376884422110457
-10.994658324788018 0.5383158745625245
-10.999223854837316 0.5407816983307647
-11.001256281407088 0.5419047254503973
-11.002750095857587 0.5427135678391863
-11.00528912680806 0.5440738891101216
-11.010050251256335 0.5466836340838972
-11.011327781768367 0.5473736847496031
-11.012007918775812 0.547738693467327
-11.014109230781463 0.5488984019030774
-11.017385219071922 0.5506681140052994
-11.021289788135867 0.5527638190954676
-11.023455088744466 0.5539589911555707
-11.027638190954827 0.5562524979887948
-11.02949830620273 0.5572574832242072
-11.030488354527696 0.5577889447236082
-11.033545937854592 0.559476872409256
-11.035542480420718 0.5605557019329224
-11.036432160804072 0.56104753343942
-11.039693020092452 0.5628140703517488
-11.041616800099339 0.563845307652886
-11.045226130653319 0.5658247733775585
-11.047664483419267 0.5671425237610475
-11.048961954602444 0.5678391959798894
-11.052967273409525 0.5700509510530907
-11.053695433051795 0.5704445209227513
-11.058201426457753 0.57286432160803
-11.059774100550863 0.573732884408301
-11.062814070351811 0.5754005846427317
-11.065826143744669 0.5770288548382112
-11.067428443496055 0.5778894472361706
-11.071851292578302 0.5803325093710274
-11.072379887671424 0.5806225378989174
-11.076608309158217 0.5829145728643113
-11.077926807967035 0.583621773459531
-11.080402010050303 0.584980072089877
-11.083983095765706 0.586916531145194
-11.085887510498589 0.5879396984924519
-11.090012496416584 0.5902189708730843
-11.091785619640026 0.5911921583752298
-11.095084556397897 0.5929648241205925
-11.09607471924339 0.593512032836423
-11.097989949748795 0.5945633914104729
-11.102135127146044 0.5968056133495194
-11.104338811094301 0.5979899497487331
-11.108168651095157 0.600106874992199
-11.111173530869369 0.6017566872117541
-11.113493507899445 0.6030150753768737
-11.114217611056171 0.6034037263457641
-11.115577889447287 0.6041507132190738
-11.120282005358373 0.6066961678875611
-11.122781968227711 0.6080402010050143
-11.12631951479781 0.60999629081872
-11.130542691686262 0.6123158587875785
-11.1319364839173 0.6130653266331549
-11.132355240532599 0.613296923379778
-11.13316582914578 0.613742222654249
-11.138423478333525 0.6165882667790825
-11.141216573439019 0.6180904522612956
-11.144464826167482 0.6198872930260926
-11.149892097814634 0.6228693861666832
-11.150345634487557 0.6231155778894362
-11.150487345839865 0.6231916987478385
-11.150753768844272 0.6233381190428524
-11.15655927502816 0.6264819874650378
-11.159642187872215 0.6281407035175768
-11.162604304852369 0.6297799617148323
-11.168341708542764 0.6329337972808764
-11.168622156611645 0.6330857011260367
-11.168771052374577 0.6331658291457174
-11.16922908593694 0.6334193655440536
-11.174689105912535 0.6363774126682094
-11.177135678392009 0.6377335151785228
-11.17797783626916 0.638190954773858
-11.180737651971917 0.6396743822793836
-11.185929648241256 0.6425297033851605
-11.186759004820885 0.6429791213792475
-11.187199133515369 0.6432160804019986
-11.188552128386101 0.6439653604433833
-11.192812663379726 0.6462746302762907
-11.196464542181955 0.6482412060301392
-11.19886455050401 0.6495706452974925
-11.203517587939748 0.6521308093341469
-11.204889224684894 0.6528744354453808
-11.205616791001015 0.6532663316582799
-11.207851753219304 0.6545046645952963
-11.210929622077483 0.6561737332470674
-11.212311557788993 0.6569404605150355
-11.214796382026133 0.6582914572864205
-11.216984665594511 0.6594688464417713
-11.22110552763824 0.661737376089544
-11.223012471725625 0.6627717417467371
-11.224023474550005 0.6633165829145611
-11.227126673836704 0.6650369103998361
-11.229039639163704 0.6660748195354262
-11.233244942968403 0.6683417085427017
-11.235097644790033 0.6693690864131874
-11.238693467336732 0.6713496783422226
-11.241128383748483 0.6726711437674844
-11.24241852187407 0.6733668341708423
-11.246375541982504 0.6755617126410627
-11.2471423544863 0.6759779920419637
-11.247487437185978 0.6761696619114828
-11.25157012844302 0.6783919597989829
-11.253202949219691 0.6792715191748497
-11.256281407035225 0.6809682235252046
-11.259236209336395 0.6825728561982176
-11.260800944987942 0.6834170854271235
-11.26524185453513 0.6858820831981491
-11.265600010403345 0.6860795435323004
-11.269977771863111 0.6884422110552642
-11.271299927178175 0.6891763309282757
-11.273869346733717 0.6905933697181208
-11.277335718141172 0.6924769448527028
-11.279170261663044 0.6934673366834048
-11.283343890970306 0.6957854496725195
-11.284806139561647 0.6965921346342423
-11.288293013490767 0.6984924623115454
-11.289388768703493 0.6990834673768926
-11.291457286432209 0.7002250040663567
-11.295426891266606 0.7023834151298578
-11.297526423194705 0.703517587939686
-11.301437347300341 0.7056912676055029
-11.303982149916422 0.7070961203637465
-11.306659105274592 0.7085427135678266
-11.307469058321894 0.7089930472274864
-11.309045226130701 0.7098634822644954
-11.313509263792376 0.7122923998640598
-11.315868691126 0.7135678391959672
-11.319521748916651 0.7155996725995504
-11.323126331747032 0.7175910122292048
-11.324962242278897 0.7185929648241078
-11.32554032658843 0.7189052046071831
-11.326633165829193 0.7195091720277373
-11.331582356448626 0.7222040359895532
-11.334196305371899 0.7236180904522485
-11.3375966065374 0.7255108044494731
-11.342236934581146 0.7280763100956635
-11.34328448416937 0.7286432160803891
-11.343602089509002 0.7288200778000133
-11.344221105527685 0.7291624536810488
-11.349645675080941 0.732118464693313
-11.352508483559845 0.7336683417085297
-11.355661415650523 0.7354248073015741
-11.361312167031908 0.738551502138308
-11.361574286663728 0.7386934673366703
-11.361653847972265 0.7387378094092165
-11.361809045226178 0.738823720806173
-11.36769871005942 0.7420358315838849
-11.370804420296198 0.7437185929648109
-11.373715655899339 0.745341829829191
-11.37939698492467 0.7484881723893624
-11.379704379698069 0.7486558915148374
-11.379866404619005 0.7487437185929515
-11.380359284453064 0.7490186613153504
-11.385740935628785 0.7519562868770588
-11.388190954773915 0.753324685457434
-11.38900245839157 0.7537688442210921
-11.391758790407557 0.7552620254255507
-11.396984924623162 0.7581589413693228
-11.397748343110269 0.7585758502814883
-11.39815037326643 0.7587939698492328
-11.39937167761538 0.7594758992755803
-11.403771809196119 0.7618799855993856
-11.407344227786291 0.7638190954773734
-11.409790265040106 0.7651855524149589
-11.414572864321654 0.7678391916170249
-11.415780332181983 0.7684992302882767
-11.416415603999141 0.768844221105514
-11.41834267415457 0.7699213096292041
-11.421790770552386 0.771807087810588
-11.4233668341709 0.7726890621396372
-11.42551911721903 0.7738693467336546
-11.42780950759582 0.7751125742834626
-11.432160804020146 0.7775293879292535
-11.433799762468054 0.7784261985195355
-11.434661185852498 0.7788944723617952
-11.437270298777781 0.7803543280068341
-11.439797241023582 0.7817377588460976
-11.443808791381542 0.7839195979899358
-11.445815926927642 0.7850432599302204
-11.449748743718638 0.7872300128715626
-11.45180603008209 0.7883569275142337
-11.452886179937709 0.7889447236180764
-11.4561525328182 0.7907743776465228
-11.457790622546833 0.7916721695810187
-11.458542713567883 0.7920939523547741
-11.461956096250168 0.793969849246217
-11.463808911985488 0.794977783940972
-11.46733668341713 0.7969415678832412
-11.469798510705104 0.7982915956492223
-11.471089618205498 0.7989949748743577
-11.474987313569029 0.8011808692034714
-11.475770296666356 0.8016104967170055
-11.480190745519957 0.8040201005024983
-11.481787830776469 0.8049163268851132
-11.484924623115623 0.8066645744802896
-11.487776558508928 0.8082303874468373
-11.489270528280167 0.8090452261306389
-11.49373615266933 0.8115527718862916
-11.493773047664632 0.8115733474303566
-11.498305779350243 0.8140703517587795
-11.49975207681075 0.8148590620454552
-11.502512562814115 0.8163995168454115
-11.505739656079877 0.8181734507395593
-11.507428080173286 0.8190954773869201
-11.511698023133526 0.8214961857809433
-11.512518431473536 0.8219542970038978
-11.516482843680645 0.8241206030150607
-11.517701252661428 0.8248061029725404
-11.520100502512607 0.8261467371259537
-11.523687198175423 0.8281209584538249
-11.525561309578565 0.8291457286432014
-11.529643737752544 0.8314442156313593
-11.53120947131582 0.832319719729834
-11.534560907119772 0.834170854271342
-11.535634250493787 0.8347577661905738
-11.537688442211099 0.8359072159007201
-11.541618098018112 0.8380732210974786
-11.543668591061575 0.8391959798994826
-11.547572396418555 0.8413971186112068
-11.549843400039611 0.8426688249933427
-11.552676319902195 0.8442211055276232
-11.553550306827102 0.8447142698369063
-11.555276381909591 0.8456815508858213
-11.55953163440268 0.8480304447291669
-11.561748824776792 0.8492462311557638
-11.565483260299171 0.8513551058154532
-11.568417982009192 0.8530009740413647
-11.570711221712319 0.8542713567839044
-11.571448687408395 0.8546758236981011
-11.572864321608083 0.8554703696548938
-11.577427055089691 0.8579928442744427
-11.579800867591755 0.859296482412045
-11.58337555876289 0.8613183974245269
-11.58693092098505 0.8633155108054638
-11.588761509271666 0.8643216080401857
-11.589328626239514 0.8646426466307746
-11.590452261306575 0.8652743314805562
-11.595303575291108 0.86796064395846
-11.597823531306041 0.8693467336683263
-11.601248487799333 0.8712872231556785
-11.605379859675912 0.8736117617738515
-11.6067475271679 0.8743718592964669
-11.607189323966503 0.8746149670217713
-11.608040201005068 0.8750941293724157
-11.613160375991761 0.877934077785552
-11.615815580667464 0.8793969849246075
-11.619101208270813 0.8812618227625357
-11.623762379097093 0.8838890358080436
-11.624729091852926 0.8844221105527481
-11.625029946099147 0.8845930232968655
-11.62562814070356 0.8849304923287278
-11.630996602096126 0.8879133900687268
-11.63377573117519 0.8894472361808887
-11.636932843984136 0.8912424465860074
-11.642075997737717 0.894146623904934
-11.642660034275211 0.8944723618090293
-11.642849621049246 0.8945770644812594
-11.643216080402052 0.8947841878210525
-11.648811360388386 0.8978988360125033
-11.65170264665808 0.89949748743717
-11.654742479570087 0.9012293561601581
-11.66031817053859 0.9043837989047523
-11.660568991185787 0.9045226130653106
-11.660647437974658 0.9045673508155634
-11.660804020100544 0.9046560245337973
-11.666603717292297 0.9078906823529502
-11.669506833821073 0.9095477386934512
-11.66959798994979 0.909599262455866
-11.672529158156413 0.9112228248770577
-11.678391959799036 0.914546342354237
-11.678423383956185 0.9145638859909777
-11.67843957514136 0.9145728643215918
-11.678487182246803 0.9146000707352391
-11.684372696415565 0.9178892080592957
-11.687451153302062 0.9195979899497324
-11.690291878818442 0.9212231387151864
-11.695979899497528 0.9244543309365065
-11.696179609115902 0.9245660556869089
-11.696282299516298 0.924623115577873
-11.69658334218197 0.9247955277734281
-11.702117275861692 0.9278947051019673
-11.704773869346774 0.9294173637739824
-11.705184922213618 0.9296482412060136
-11.708029593789433 0.9312305970364667
-11.71356783919602 0.9343836000473997
-11.71391020875976 0.9345755469588006
-11.714085880249982 0.9346733668341543
-11.71459927320898 0.9349680622664289
-11.719836385290051 0.9379074792925719
-11.723049270293918 0.9396984924622949
-11.725741205410618 0.9412455134576936
-11.731155778894513 0.9443351716644157
-11.73161405720221 0.9445926814310939
-11.731848679037292 0.9447236180904355
-11.732532135653619 0.9451168628787512
-11.737528902702655 0.947927851201964
-11.739949748743758 0.9493217089539137
-11.74070659167793 0.9497487437185761
-11.743425562798437 0.9512682168027382
-11.748743718593005 0.9543101277977826
-11.749289987684168 0.9546177924635275
-11.749569017870874 0.9547738693467167
-11.750379142780409 0.9552411334002606
-11.755193812612445 0.9579561109693033
-11.758484510809003 0.9597989949748573
-11.761081772276542 0.9612989624077013
-11.766331658291497 0.9643092286194754
-11.766937187671314 0.9646511122087649
-11.767245731347142 0.9648241206029979
-11.768138407486019 0.9653403346585758
-11.772829978769547 0.9679925832374092
-11.775125628140742 0.9693208959275266
-11.776057419489904 0.9698492462311386
-11.778708328317368 0.9713381804233157
-11.78391959798999 0.9743341636871143
-11.784553809795623 0.9746931684862412
-11.784876144293964 0.9748743718592792
-11.78580530117519 0.9754131441979075
-11.79043571707293 0.9780377491780081
-11.793743144863157 0.9798994974874198
-11.796303691337014 0.9813863107306959
-11.801507537688481 0.9843862452933756
-11.802138466671169 0.9847443576919357
-11.802458278545187 0.9849246231155604
-11.803376649386683 0.9854586550293325
-11.808009668828184 0.9880919969894997
-11.810301507537726 0.9894253503672745
-11.811221305553874 0.989949748743701
-11.81386647671108 0.9914437489368133
-11.819095477386973 0.9944668348004688
-11.819689735957974 0.9948050862086992
-11.819990121865768 0.9949748743718416
-11.8208492900756 0.9954759637114492
-11.8255504124445 0.9981557328406891
-11.828808569224345 0.9999999999999822
-11.831395223778546 1.001510912373388
-11.836683417085466 1.0045773844640111
-11.837206116812842 1.0048757828488721
-11.837469563253185 1.0050251256281229
-11.83821997140569 1.0054641411481873
-11.843056447110511 1.0082293855348219
-11.84547738693471 1.0096462467227028
-11.846181813864842 1.0100502512562635
-11.848888390069423 1.0115882417461304
-11.854271356783958 1.014719445644345
-11.854686023910029 1.0149569005626695
-11.854894386169759 1.015075376884404
-11.855485348301485 1.015422231603698
-11.860526186719216 1.0183134082453282
-11.8636641883473 1.0201005025125447
-11.866344345009106 1.0216762029335005
-11.87185929648245 1.024894677911628
-11.872127780916477 1.0250489183023923
-11.872262261221083 1.0251256281406853
-11.872641978844346 1.0253492516726554
-11.877957953233022 1.0284082804115195
-11.880653266331695 1.0299959902740188
-11.880921368383417 1.030150753768826
-11.883761363039191 1.0317752889521827
-11.889447236180942 1.0351048591635745
-11.88952961335888 1.035152343060413
-11.8895707382212 1.0351758793969665
-11.889686320492608 1.0352441892002995
-11.895349969424299 1.0385145098127193
-11.898291717946456 1.0402010050251072
-11.901137616087386 1.0418860221085495
-11.906618683357376 1.045107132789803
-11.906825887106205 1.0452261306532478
-11.906893922481483 1.0452664887669485
-11.907035175879434 1.0453496536962286
-11.912700350919101 1.0486326348414838
-11.915513705483717 1.0502512562813884
-11.91847116531103 1.0520089563576445
-11.923434736201846 1.054936844944935
-11.924017680163054 1.055276381909529
-11.924218123605552 1.0553920939016361
-11.924623115577926 1.0556314498484856
-11.930007097462735 1.0587632269991527
-11.932670907756226 1.0603015075376696
-11.935759952029342 1.0621446798939775
-11.940128399147698 1.0647315885576036
-11.94115685069243 1.0653266331658102
-11.941497724504705 1.065530441957729
-11.942211055276418 1.0659537153930332
-11.947268083315485 1.068906893639931
-11.94976043790279 1.0703517587939508
-11.95300178774854 1.0722938180014854
-11.956695725107577 1.0744902358885673
-11.95820597490774 1.0753768844220915
-11.958730528841908 1.075682160460092
-11.95979899497491 1.0763188134751447
-11.964481046674875 1.0790642809930997
-11.966779246365956 1.080402010050232
-11.97019434317148 1.082457036193639
-11.97313264564793 1.084211624528237
-11.97521649405522 1.0854271356783727
-11.97591419756719 1.085847917708719
-11.977386934673403 1.0867292978468903
-11.98164357800693 1.0892360774969339
-11.983724108465717 1.0904522613065133
-11.9873351360688 1.0926350436788255
-11.989434965840365 1.0938945559256457
-11.992107744752545 1.095477386934654
-11.993046236517914 1.0960284263215057
-11.994974874371895 1.0971879331073975
-11.998753034555302 1.0994230382246784
-12.000591365896561 1.1005025125627945
-12.004421321198409 1.1028286533833596
-12.005597676473585 1.1035375988775629
-12.008978898447936 1.1055276381909351
-12.010123567059983 1.1062245659081933
-12.012562814070387 1.1076981716903953
-12.015806267990927 1.109626062698922
-12.017377161483532 1.1105527638190758
-12.021449848110004 1.1130387368644685
-12.021616088913463 1.11313941377424
-12.02569457128415 1.1155778894472164
-12.027143647681134 1.1164370626151436
-12.03015075376888 1.1182628173582234
-12.032800906390545 1.119845828612024
-12.034078222233315 1.120603015075357
-12.037500851492615 1.1227030429964246
-12.03843358277948 1.1232616181290407
-12.04241565035826 1.1256281407034976
-12.044103740080795 1.1266666988139482
-12.047738693467371 1.1288852362722572
-12.049733906964738 1.1300832053323902
-12.050690664873883 1.1306532663316382
-12.053237214170702 1.1322242722468756
-12.055358435231454 1.1335013228843263
-12.056532663316617 1.1342252473409635
-12.0589379371987 1.1356783919597788
-12.061000540461828 1.1369144184466462
-12.065326633165864 1.139569330294674
-12.066601862256775 1.1403391664190883
-12.067210105278223 1.1407035175879194
-12.06881776968984 1.1417009851661986
-12.072218269278272 1.1437596043268003
-12.075496232953927 1.14572864321606
-12.077830507450852 1.1471812333342042
-12.082914572864356 1.1503193600022215
-12.083401118180127 1.1506147558968376
-12.083631884815343 1.1507537688442007
-12.084237412552987 1.1511317230409528
-12.089009401182395 1.1540375149529014
-12.0917085427136 1.1557207709787498
-12.09180365193626 1.1557788944723413
-12.094589838622388 1.157468229883901
-12.099500470064752 1.160517722243883
-12.099967519006581 1.160804020100482
-12.100138510481328 1.160908020695202
-12.100502512562848 1.1611347778707364
-12.105727870658916 1.1643361862726032
-12.108184126802039 1.1658291457286225
-12.111274444262419 1.1677765765854575
-12.114606107093232 1.1698587441658752
-12.11623883939838 1.1708542713567631
-12.116815125607744 1.1712186504006477
-12.11809045226134 1.1720183234991035
-12.122369412711874 1.1746568368561796
-12.124368062572202 1.1758793969849037
-12.127879917983693 1.1781075324066572
-12.12953623476402 1.179149620557098
-12.13236213013278 1.1809045226130443
-12.133412503367204 1.1815519193537956
-12.135678391959832 1.1829824922930818
-12.13892942603846 1.1850007813615768
-12.140437831988297 1.185929648241185
-12.144286894815291 1.1883892204856021
-12.144403521940982 1.1884618795889974
-12.148437752002698 1.1909547738693256
-12.149925834369034 1.1919092016662658
-12.153266331658324 1.1940335176707846
-12.155402937500941 1.1953694406852895
-12.156387328056347 1.1959798994974662
-12.15887737475558 1.1975830546681108
-12.160880699582973 1.19882949143285
-12.16206030150757 1.1995645910192891
-12.164419022966877 1.2010050251256068
-12.166546433420145 1.2022358359646557
-12.170854271356816 1.2047861865253173
-12.172286473352761 1.2056209501834774
-12.172994016675585 1.2060301507537474
-12.174956585246436 1.2072022404364953
-12.178041874412846 1.2090016755087367
-12.181590452223437 1.211055276381888
-12.183806621825667 1.2123797304475001
-12.188442211055309 1.2151277902449609
-12.189538005484795 1.2157673178873178
-12.190078650099979 1.2160804020100286
-12.191575585874391 1.2169756519583377
-12.195294671090886 1.219147681913718
-12.197236180904554 1.2203079819772418
-12.198597997252811 1.2211055276381693
-12.201050483460275 1.2225282897220335
-12.2060301507538 1.2254845341008105
-12.2067726861828 1.2259185002865962
-12.20713853108777 1.2261306532663099
-12.20814954872882 1.2267361955448868
-12.212530574651755 1.2292985149236069
-12.21573098604755 1.2311557788944505
-12.21827691194711 1.232681829895932
-12.223618090452293 1.235857502270072
-12.223989379762381 1.236074821862566
-12.22417204277011 1.236180904522591
-12.224675812091698 1.2364831107052785
-12.229748451327707 1.2394544984720417
-12.23276207193659 1.2412060301507317
-12.235484743445486 1.2428406834951025
-12.24115216490144 1.246215765707631
-12.241178343113871 1.2462311557788723
-12.24118745534439 1.2462364628664133
-12.241206030150785 1.2462475339259225
-12.246947108337803 1.2496159733535794
-12.24976521375305 1.251256281407013
-12.252672930088012 1.2530051499102317
-12.257587794807643 1.2559367855946864
-12.25817936649076 1.2562814070351536
-12.258377178540801 1.256400490266147
-12.258793969849277 1.25664932169855
-12.264126195732388 1.2597830395538345
-12.266738903159156 1.2613065326632942
-12.26984089693642 1.2631753934093934
-12.273968934107662 1.2656422367371185
-12.275137606975118 1.2663316582914348
-12.275546159376317 1.2665704440547074
-12.27638190954777 1.2670703475606881
-12.281283470026763 1.269956338068435
-12.283680738509673 1.2713567839195754
-12.28698614838502 1.273352127022787
-12.290290708845463 1.2753307265760592
-12.292088403052782 1.276381909547716
-12.292692407123225 1.276746893011441
-12.293969849246261 1.277512528112747
-12.298417326400406 1.2801363274175293
-12.30058827501848 1.2814070351758566
-12.304107279674016 1.2835357521103532
-12.306550063078094 1.2850013819849515
-12.308965799546845 1.2864321608039972
-12.30981451753732 1.2869302383489778
-12.311557788944754 1.2879772862297934
-12.315526322529951 1.29032341969351
-12.317459495100168 1.2914572864321379
-12.321202809390394 1.2937266919329522
-12.322743837066987 1.2946533001813467
-12.325859036486495 1.2964824120602785
-12.32691100931169 1.2971209032978663
-12.329145728643246 1.298466137418126
-12.332608936758916 1.3005180496553708
-12.334292280534944 1.301507537688419
-12.338271174445444 1.3039253930873604
-12.33886876482216 1.304285548025252
-12.34264594215266 1.3065326633165597
-12.34398031896972 1.3073193345657073
-12.346733668341738 1.3089806974302398
-12.34966356280598 1.3107206762406314
-12.351084406615813 1.3115577889447003
-12.354927514934811 1.313898887971292
-12.355317071763304 1.3141305135952503
-12.359474606844644 1.316582914572841
-12.361020795285357 1.317526003931376
-12.36432160804023 1.3195226907058473
-12.366688503981013 1.3209317842179003
-12.367833535797338 1.3216080402009815
-12.370920569616157 1.323493457794104
-12.372342977782058 1.3243413459028854
-12.373115577889475 1.324812717136492
-12.37616039615476 1.3266331658291222
-12.378030693177687 1.327741409989418
-12.381909547738722 1.330093959745696
-12.383681966853846 1.3311518859957987
-12.384537210794232 1.3316582914572628
-12.38683509878344 1.3330655917557532
-12.389337387056154 1.3345611772804231
-12.392916767472316 1.3366834170854034
-12.395008167020997 1.3379660800614657
-12.399497487437214 1.340696475540132
-12.4006420543144 1.3413815236057767
-12.40119284707278 1.341708542713544
-12.402667421180894 1.3426142380688812
-12.406298399452206 1.3447905506231148
-12.40829145728646 1.3460132923130947
-12.409489677486924 1.3467336683416846
-12.411951263304447 1.3482005722934725
-12.417085427135707 1.3513323491922158
-12.417566757955598 1.3516212708784279
-12.41779772467241 1.3517587939698252
-12.418413736071743 1.3521383108086926
-12.423224002482536 1.355030040927443
-12.426165231655911 1.3567839195979658
-12.428857912567619 1.3584454779598465
-12.43407612756218 1.3616384054341006
-12.434361852133147 1.3618090452261065
-12.434460331567209 1.361869912445247
-12.434673366834199 1.3620004745697853
-12.440112062761287 1.3652802577322216
-12.442709895014804 1.366834170854247
-12.445725920529018 1.3687014239981536
-12.449658697831218 1.371115693996253
-12.450885931837146 1.3718592964823877
-12.451329251712902 1.37212559785947
-12.45226130653269 1.3726987434917906
-12.456960316596403 1.3755418478066108
-12.45919751481069 1.3768844221105283
-12.46255295831415 1.378969075801109
-12.46514407728663 1.3805652137545108
-12.467380410186994 1.381909547738669
-12.468157162531627 1.3823930002242566
-12.469849246231183 1.3834371970227375
-12.473766359616429 1.3858154981138817
-12.475624886735027 1.3869346733668095
-12.47933655167756 1.389249140295985
-12.480527994423454 1.3899857442788877
-12.48376309670626 1.3919597989949501
-12.484941580328503 1.392672829166714
-12.487437185929675 1.3942186415552689
-12.49052763531785 1.3961019390836125
-12.491988537574118 1.3969849246230908
-12.495810271637227 1.3993772348252485
-12.49607861096892 1.3995410716685903
-12.500155836071826 1.4020100502512314
-12.501679710936674 1.4029658830202294
-12.505025125628167 1.405046334528559
-12.507241070840127 1.4064020486759548
-12.508284591085017 1.407035175879372
-12.511000554179365 1.4087424411797143
-12.512792595303013 1.409841024457557
-12.513819095477412 1.410485273562438
-12.516379993118447 1.4120603015075126
-12.51836834681434 1.413273078225318
-12.52261306532666 1.4159238110660244
-12.523903733311124 1.416716664854377
-12.524509086930696 1.4170854271356532
-12.52607657504831 1.4180750013418386
-12.529456039946089 1.4201554171582433
-12.532658824646324 1.4221105527637938
-12.535005082361424 1.4235951020962876
-12.540201005025152 1.426854012501808
-12.540513045944582 1.4270465238435257
-12.540658780845622 1.4271356783919344
-12.541034119645031 1.427373711140472
-12.546066031149369 1.430485082270299
-12.548799162580147 1.432160804020075
-12.551586783421337 1.4339328501064479
-12.555887356446425 1.4366426187118675
-12.556761082417438 1.4371859296482157
-12.557086463721168 1.4373866385060659
-12.557788944723644 1.4378303312874614
-12.562619236967297 1.44083097177817
-12.564859856718066 1.4422110552763563
-12.568110014958124 1.4442873036946455
-12.570621590633461 1.4458775255363037
-12.572822137943382 1.447236180904497
-12.57361025253093 1.4477409328734128
-12.575376884422136 1.4488623223257564
-12.579112090018874 1.4511941049335695
-12.580836354404564 1.4522613065326375
-12.584571097966622 1.4546595140052103
-12.58522327195563 1.4550745601136361
-12.588745200412426 1.4572864321607781
-12.590071727122433 1.4581130313031192
-12.592964824120628 1.4599591314952667
-12.59554076558608 1.461575574513076
-12.596723817576837 1.4623115577889187
-12.599707620705676 1.464238071098932
-12.600988701980661 1.4650441468856217
-12.60466400362656 1.4673366834170594
-12.60646690826071 1.4685040707194625
-12.61055276381912 1.4711257745664277
-12.61190115712064 1.4719765538161944
-12.612517099075525 1.4723618090452
-12.614060309681827 1.4733639650059738
-12.617349249965907 1.4754450814885445
-12.619346733668365 1.4767394454454053
-12.620366395879488 1.4773869346733406
-12.622791518692908 1.4789152731946844
-12.628140703517612 1.4823677508773887
-12.628188848806387 1.482398304504689
-12.628210716430564 1.4824120603014812
-12.628265125213323 1.4824476093573988
-12.63363683697255 1.485866862085354
-12.636125770180914 1.4874371859296218
-12.639040953646333 1.489347954378128
-12.64235014970719 1.4914970276980721
-12.643875436060712 1.4924623115577624
-12.64443673995725 1.4928314267745781
-12.645728643216104 1.4936731333989597
-12.649846657050224 1.4963108618047256
-12.651700003470435 1.497487437185903
-12.65521024767197 1.4998035329695103
-12.656278098205352 1.5005015671828312
-12.659395907869076 1.5025125628140437
-12.660605516048427 1.5032871533472347
-12.663316582914597 1.5050653840974002
-12.66597352128255 1.5067785631941977
-12.667161504468316 1.5075376884421843
-12.670062089068022 1.5094649759145913
-12.671317041676076 1.5102769687099027
-12.67488205256052 1.512562814070325
-12.676688382268773 1.5137674255972717
-12.680904522613089 1.5165525691269446
-12.682011817470652 1.5172715697391617
-12.682503504816474 1.5175879396984655
-12.683694231680509 1.5183849994320138
-12.687354254958409 1.520770284656514
-12.690207894020617 1.5226130653266061
-12.692679460478697 1.5242739229931441
-12.697163777628417 1.5272585667595564
-12.697741864418914 1.5276381909547467
-12.697970507100063 1.5277873210151807
-12.698492462311581 1.5281360875466845
-12.703296292193318 1.531290793759534
-12.705405775298207 1.5326633165828873
-12.708572372502287 1.5348084678708265
-12.710480131638924 1.5360883649621284
-12.712929698183242 1.537688442211028
-12.713861573867938 1.538322393108781
-12.716080402010073 1.5398171871183202
-12.719136456629482 1.5418404093764808
-12.720467791875357 1.5427135678391686
-12.723621075087951 1.5448680458614197
-12.72437449670831 1.5453689521249556
-12.724874371859318 1.5457094454799618
-12.72791443804014 1.5477386934673092
-12.729646856871472 1.54888768913505
-12.733668341708565 1.551620523157899
-12.734867456684754 1.5524212148165395
-12.735385446024615 1.5527638190954498
-12.736600522646064 1.5536015850775922
-12.740102632870501 1.5559505758201801
-12.742869843015212 1.5577889447235904
-12.745318690845584 1.5594853991697262
-12.749397962327683 1.562283122043338
-12.750193545152795 1.562814070351731
-12.750502791685449 1.563029353129334
-12.751256281407057 1.563548621106853
-12.755712940414517 1.5665658648348826
-12.757612070863512 1.5678391959798716
-12.760869031243093 1.5701178216548586
-12.762019089927856 1.570914284128671
-12.764873305992943 1.5728643216080123
-12.766049083064816 1.5736629324767932
-12.76884422110555 1.5756086022165752
-12.771196826199258 1.5772172743522361
-12.772189571686281 1.5778894472361529
-12.77445823376607 1.5794934508534446
-12.77632564364338 1.5807770235677712
-12.77946646603073 1.5829145728642935
-12.781463345081821 1.584334234499214
-12.786432160804042 1.5878302152638053
-12.786544247814657 1.5879076736322588
-12.786591055321106 1.587939698492434
-12.786696808400118 1.5880153120913132
-12.791667066777002 1.591469136699729
-12.79384124914061 1.5929648241205747
-12.79673521773859 1.5950462191959867
-12.798759762398024 1.59648699600457
-12.800900655196507 1.5979899497487153
-12.801824377746645 1.5986172991075405
-12.804020100502534 1.60003108287638
-12.807166788528015 1.6021160216552905
-12.808638361103226 1.603015075376856
-12.812442800258642 1.6054215610214584
-12.81267792161532 1.6055665378299153
-12.816726663552823 1.6080402010049966
-12.818245440609445 1.609000943745448
-12.821608040201026 1.6111078538115686
-12.823777331039638 1.6124455292506763
-12.82479171275691 1.6130653266331372
-12.827413770118495 1.6147241066095575
-12.82930603048978 1.6158910264644906
-12.830402010050271 1.6165824676645721
-12.832841136724811 1.6180904522612778
-12.834862455423862 1.619328602111465
-12.839195979899518 1.6220443065412402
-12.840383049287816 1.6227764152070474
-12.840938045863586 1.6231155778894184
-12.84237231626865 1.624023102566313
-12.845929155795938 1.626216938975725
-12.849076846268373 1.628140703517559
-12.851474185039555 1.6296577705342603
-12.85678391959801 1.63298598834794
-12.856983170844314 1.6331089002181844
-12.857076307209374 1.6331658291456996
-12.857316924221914 1.6333181161811003
-12.86254652102147 1.6365444972242802
-12.865155074962649 1.6381909547738402
-12.865577889447255 1.638455373627763
-12.868079828482786 1.6399886778634736
-12.872268964320865 1.6426152532660847
-12.87324020091674 1.6432160804019809
-12.873599993940935 1.6434366133607137
-12.874371859296502 1.6439206507881519
-12.879157296296919 1.646873938315717
-12.881393158329217 1.6482412060301215
-12.8846785302483 1.6503215685291774
-12.887209649620113 1.6519091461225814
-12.889428623355883 1.653266331658262
-12.890215506071707 1.6537647010649161
-12.891959798994995 1.6548589842388592
-12.895760596214515 1.6572055152236826
-12.897535721312316 1.6582914572864027
-12.901269378051742 1.6606567031840438
-12.902131429542868 1.661197637442938
-12.905553968285517 1.6633165829145433
-12.906822994351314 1.6640950812980213
-12.909547738693487 1.6658052614526708
-12.9123554774928 1.6675394974571658
-12.913666197167927 1.668341708542684
-12.917046533162551 1.670484221248131
-12.917865649898335 1.6709902881122964
-12.921747655026259 1.6733668341708245
-12.923421484017894 1.6744280325634202
-12.927135678391979 1.6767605298355877
-12.928940936468525 1.6778761717770951
-12.929783218562084 1.6783919597989652
-12.93195391364003 1.6797685984412656
-12.934467317625295 1.6813223313604437
-12.935929648241224 1.6822472221180513
-12.937817128617821 1.6834170854271058
-12.940009938668734 1.6847638509761733
-12.944723618090471 1.687725907674123
-12.945515906395649 1.6882158429680532
-12.945885335614342 1.6884422110552464
-12.946836639627186 1.6890459314943076
-12.951058321552836 1.6916574214084257
-12.954011072023636 1.693467336683387
-12.956587257438008 1.6951028510693744
-12.96169919159456 1.6983175005416982
-12.96198452622922 1.6984924623115276
-12.962085998023934 1.6985569079586789
-12.962311557788963 1.6986988074697278
-12.96763752602467 1.7019958827294657
-12.970118213371112 1.7035175879396682
-12.973152271944777 1.7054453666661473
-12.976555620880731 1.7075873202516023
-12.978094195701063 1.7085427135678088
-12.978666619192094 1.7088949645093408
-12.979899497487455 1.7096712396925353
-12.984203726264306 1.712338059545421
-12.98620682222428 1.7135678391959495
-12.989703742985723 1.715791751824585
-12.99138082899519 1.7168482196267307
-12.99422141784521 1.71859296482409
-12.99523351828927 1.7192369416517126
-12.997487437185947 1.7206574806984642
-13.000755639703447 1.7226843183043732
-13.002275155798813 1.7236180904522307
-13.006173478771087 1.7260998166194144
-13.006241535935018 1.7261420450092082
-13.006281407035193 1.7261673585482074
-13.010260865681657 1.7286432160803713
-13.011785362865849 1.7295832200856829
-13.01507537688444 1.7316589812144754
-13.0172919118358 1.7330350460081236
-13.018321395221674 1.733668341708512
-13.020959016673668 1.735349381648291
-13.02279282472133 1.7364884822403983
-13.026375238231974 1.7386934673366525
-13.028320801761879 1.7399341858569537
-13.032663316582932 1.7426772225747156
-13.033811150009944 1.7433906405570756
-13.034343657041669 1.7437185929647931
-13.035705989835948 1.744587928179941
-13.039326897910895 1.746839838213516
-13.041457286432177 1.7481955687237418
-13.042336264762739 1.7487437185929338
-13.044838364327543 1.7502902591511855
-13.050251256281424 1.753713838936732
-13.050311832333138 1.7537515367777274
-13.050339899618155 1.7537688442210744
-13.050411590387696 1.7538146539657236
-13.055842226635985 1.7571965497479125
-13.058431002830241 1.758793969849215
-13.061336478277337 1.7606518891928093
-13.065102413223304 1.7630371575468953
-13.066368730223282 1.7638190954773556
-13.066822607551215 1.764109549314127
-13.067839195979916 1.7647539206635452
-13.072337190453316 1.7675590798273815
-13.074416894655588 1.7688442211054962
-13.077813477417514 1.7710195520371803
-13.079748025770124 1.7722467439026985
-13.08234057821178 1.7738693467336368
-13.083313830000147 1.7744731483559972
-13.085427135678408 1.7758148327385346
-13.08881007230515 1.7779279190398514
-13.090371769968698 1.7788944723617774
-13.094267596384656 1.7813937520738472
-13.09434356426566 1.781442023386706
-13.09834335385389 1.783919597989918
-13.09978197757257 1.7848433402197266
-13.1030150753769 1.7868995291549412
-13.105259052919644 1.7883035871772748
-13.106293205252056 1.7889447236180587
-13.10891685722565 1.7906309470034154
-13.110729039786682 1.7917658594148325
-13.111809045226146 1.7924580285706142
-13.114216219769354 1.7939698492461993
-13.11622517531707 1.79522066060572
-13.120603015075393 1.7980101336477512
-13.121682204616056 1.7986866350055788
-13.122178644127606 1.79899497487434
-13.12343522494239 1.799804177693482
-13.127165798327042 1.8021450195734383
-13.130181823259102 1.8040201005024805
-13.132641436210836 1.8056056772347802
-13.137897010781257 1.8089612421327281
-13.138031960989073 1.8090452261306211
-13.138080751484448 1.8090767127847451
-13.138190954773885 1.8091471506682932
-13.143574481330928 1.8125322013138918
-13.146043477241054 1.8140703517587617
-13.149028653875867 1.8159989919291926
-13.152326133062033 1.8181089741268037
-13.153888787429405 1.8190954773869024
-13.15448115573833 1.8194662598823443
-13.155778894472377 1.820297613129858
-13.159952916510232 1.8229280252899418
-13.161862976496787 1.824120603015043
-13.165384594527314 1.8264012429132022
-13.166688734736725 1.827237700233428
-13.169741114462498 1.8291457286431836
-13.17085007283702 1.8298648033099978
-13.173366834170869 1.8314810221964537
-13.176298799272377 1.8333331499566068
-13.17763729999231 1.8341708542713242
-13.180993429313151 1.8363498814548338
-13.181719915965312 1.836809385101052
-13.182160804020114 1.8370947959475048
-13.18547299831089 1.8391959798994648
-13.187185124373716 1.8402730226125064
-13.190954773869361 1.8427001679262638
-13.192609683250867 1.8437482742757467
-13.193363258862266 1.8442211055276054
-13.195246844466883 1.8454474114126116
-13.198043344844335 1.8472209251628966
-13.201266855058002 1.849246231155746
-13.203483784320708 1.850691639512073
-13.208542713567853 1.8539580500638078
-13.208882969829169 1.8541741407092251
-13.20903748569075 1.8542713567838867
-13.209422413904555 1.8545226997372302
-13.214328946075398 1.8576432731241574
-13.216868509186629 1.8592964824120273
-13.217336683417098 1.8595987482210194
-13.21974336787639 1.8611214210948717
-13.223543479113834 1.8635824154251646
-13.22470045432516 1.8643216080401679
-13.225144912815162 1.864603248169077
-13.226130653266345 1.865242630219905
-13.230573944571145 1.8680772218669377
-13.23258274966836 1.8693467336683085
-13.235961019112148 1.8715631833405055
-13.23758812697766 1.8726202975858266
-13.240355313866438 1.8743718592964491
-13.241374420039667 1.8750416229893547
-13.243718592964838 1.8765671682708502
-13.246775373609111 1.8785236190262253
-13.248152850644546 1.8793969849245897
-13.251552640728981 1.8816352842857738
-13.252144461033627 1.882014719675933
-13.252512562814083 1.8822563018384484
-13.255880084352114 1.8844221105527303
-13.257558561639309 1.8854929594167364
-13.26130653266333 1.8879407752836013
-13.262929882785118 1.8889834218603605
-13.263658905774038 1.889447236180871
-13.265450670504242 1.8906312755639885
-13.268310262656321 1.892471296096728
-13.271449864015336 1.8944723618090116
-13.273693994676586 1.8959582125762218
-13.278894472361822 1.8993674944800887
-13.27903419180565 1.899457567596058
-13.279096708012666 1.8994974874371522
-13.279249683978554 1.8995989764705046
-13.284425649665906 1.9029422766926976
-13.28689577083209 1.9045226130652928
-13.289777403320155 1.9064383298481955
-13.292982008391933 1.9085476233596097
-13.29452227409527 1.9095477386934334
-13.295124483491872 1.9099357182844168
-13.296482412060314 1.9108313984758407
-13.300487045504374 1.913428683337557
-13.302268247692249 1.914572864321574
-13.305805095844999 1.9169343660112332
-13.30661009090843 1.917466486849607
-13.30992130373491 1.9195979899497146
-13.311162713841153 1.920428743640473
-13.314070351758806 1.9223550687458424
-13.316490614853164 1.9239316118366103
-13.317562506548454 1.9246231155778553
-13.320153738485448 1.9263612260711822
-13.321803980322969 1.9274386330448063
-13.322864321608051 1.9281474117627857
-13.325155522403113 1.9296482412059959
-13.327140922628914 1.9309389180141059
-13.331658291457298 1.933945753520124
-13.332432245694681 1.9344522370520272
-13.332773456687317 1.9346733668341365
-13.333593910789217 1.935226400928971
-13.337755542579359 1.9379564207131166
-13.340437201652817 1.939698492462277
-13.343054830851754 1.941467463977716
-13.346935515276927 1.9440634135535992
-13.347949298798289 1.9447236180904177
-13.348333969131682 1.9449842643830202
-13.34924623115579 1.945596110225818
-13.353640342049694 1.948493283463157
-13.355563293989128 1.9497487437185583
-13.358899839931908 1.9520156954106653
-13.360169870122123 1.9528697834232247
-13.363040243649445 1.954773869346699
-13.364188214848596 1.955529856776895
-13.366834170854283 1.9573141965311986
-13.369453584741109 1.9590505910071752
-13.370593813970075 1.9597989949748396
-13.373295430873739 1.9616450692661127
-13.374697848990081 1.962577355421323
-13.378111373382083 1.9648241206029802
-13.379968126994074 1.966096687334037
-13.384422110552775 1.9691177935669488
-13.385190105268173 1.9696298191695787
-13.385522528148062 1.9698492462311208
-13.386305077354697 1.9703872367459558
-13.390442794810738 1.973154176356986
-13.393041105542554 1.9748743718592614
-13.395668310027025 1.9766862976376158
-13.399199918016917 1.9790966025633017
-13.400392587454416 1.979899497487402
-13.400876871926846 1.9802232627229515
-13.402010050251267 1.9809991605309207
-13.406104861957665 1.9837546769137147
-13.407861113317525 1.9849246231155426
-13.411282934003976 1.9873003533857663
-13.411964917794435 1.9877688709850192
-13.415228090295319 1.9899497487436832
-13.416498957261263 1.9908351866546852
-13.419597989949759 1.9929715461249504
-13.421677947620626 1.994380600751592
-13.422564171635678 1.9949748743718416
-13.424613638412366 1.9964079167897344
-13.426849736958406 1.9979280722832362
-13.428391959799004 1.9990019420793557
-13.429854634199986 2.