-10.253219182081653 0.
-10.253412976734223 0.00010167642484226747
-10.253768844221172 0.00028741880761185
-10.259690128036898 0.0033333302522189356
-10.262562814070417 0.004845994060119985
-10.262909959233156 0.005025125628140614
-10.265940245624343 0.0065727079982318415
-10.271356783919664 0.00940442534077679
-10.272163106157851 0.009819873473942309
-10.27261249642971 0.010050251256281229
-10.27410318639923 0.010834937679014445
-10.278413369284456 0.013059209637338753
-10.282340237292178 0.015075376884421843
-10.284661448048187 0.01629916990441327
-10.288944723618156 0.0185453965955098
-10.290882425781655 0.019546873322991765
-10.291959132112948 0.020100502512562457
-10.295513474578323 0.021977288501181746
-10.297096359184248 0.02279658940753393
-10.297738693467402 0.023136899595869842
-10.301569190215897 0.02512562814070307
-10.303342880684077 0.026036994607151698
-10.306532663316649 0.027714644680919776
-10.30956245215002 0.029285099816451776
-10.311241262811906 0.030150753768843686
-10.315754848680943 0.03254096929290018
-10.316770356434448 0.03307580894535711
-10.320837697725235 0.0351758793969843
-10.321987166608311 0.0357854326560787
-10.32412060301514 0.03691055730585191
-10.328205781849176 0.03903381107254322
-10.330463443885616 0.040201005025124914
-10.33439736824358 0.04228991201656829
-10.337893690230922 0.04413617280106319
-10.33998184456016 0.04522613065326553
-10.340596767458864 0.04554378072605658
-10.341708542713633 0.046131596097323424
-10.346814851885366 0.048792310803768224
-10.349629917820208 0.05025125628140614
-10.35300604936272 0.05204852286694983
-10.358877768264689 0.05515674929599346
-10.359108332826438 0.05527638190954676
-10.359173994270188 0.055311378521528454
-10.359296482412125 0.05537629388952592
-10.365391950320777 0.05855994527807251
-10.368744638641584 0.06030150753768737
-10.371583157430054 0.061816154589276806
-10.376884422110617 0.06462884041158201
-10.377747387592997 0.06508007159943396
-10.378221528627083 0.06532663316582799
-10.379758943592888 0.0661479250179049
-10.383939225973938 0.0683361005473051
-10.387811293873513 0.0703517587939686
-10.390130820042321 0.07159219929876581
-10.39447236180911 0.07390060693733513
-10.396295571483526 0.07485596737227596
-10.397295237227377 0.07537688442210921
-10.400526211298208 0.07710655570470948
-10.402458697287285 0.07812019991362806
-10.403266331658354 0.07855374007808535
-10.40677986748392 0.08040201005024983
-10.408651035720775 0.08137608598934332
-10.412060301507601 0.08319240560350494
-10.414816662503766 0.08463960396520065
-10.416325075211851 0.08542713567839044
-10.420955347104663 0.08791081970737036
-10.421188666900628 0.08803524007639751
-10.425813942043062 0.09045226130653106
-10.427145681905433 0.09116727824957671
-10.429648241206094 0.09250300702088676
-10.433312519541296 0.09443045026747132
-10.435314209819676 0.09547738693467167
-10.439452542871479 0.09770128351555929
-10.441775835382323 0.09894241384216595
-10.444730782912869 0.10050251256281229
-10.44561652230036 0.10096527216401974
-10.447236180904586 0.1018312420523193
-10.45178488877927 0.10422800736961424
-10.454265599059951 0.1055276381909529
-10.457926565894715 0.10749836810762847
-10.46227197801209 0.1098235802216685
-10.463662738973333 0.11055276381909351
-10.46406521363696 0.11076959438084177
-10.464824120603078 0.11117599964457536
-10.470235410361173 0.11403180665920676
-10.473098242840903 0.11557788944723413
-10.473618090452323 0.11585570186030836
-10.476379039878266 0.11730160956817759
-10.48241206030157 0.12053480609949752
-10.4824958694687 0.12057906959905207
-10.482541472712796 0.12060301507537474
-10.48268712863059 0.12068160602652256
-10.488665624543854 0.12384140806286315
-10.492066011956437 0.12562814070351536
-10.494811489467052 0.1271105722843755
-10.500000000000062 0.12989513010936005
-10.500930688627445 0.13038735529526058
-10.501436421902152 0.13065326633165597
-10.503048393199524 0.13152423581721617
-10.507077088547193 0.13365636666061587
-10.508793969849307 0.13458614680579828
-10.510852095924509 0.13567839195979658
-10.513225547318337 0.13692478978271527
-10.517587939698554 0.13926900965379385
-10.519347438219791 0.14020080372472687
-10.520302328514754 0.1407035175879372
-10.523339999047515 0.14234696311621153
-10.525471180231426 0.1434762887781149
-10.52974691239472 0.1457286432160778
-10.531622373557664 0.1467439305987588
-10.535175879397046 0.14865580259438538
-10.537747113617655 0.15001913049547255
-10.539140900517328 0.15075376884421843
-10.543566811701197 0.15315117807397538
-10.543848968283688 0.15330086907617524
-10.543969849246292 0.1533664893993869
-10.548504690102737 0.15577889447235904
-10.55000313818814 0.15656766044590142
-10.552763819095539 0.1580546382337804
-10.556130967373608 0.15984197773533637
-10.557954222592597 0.16080402010049966
-10.562232221228067 0.16312388797648936
-10.563754312050087 0.1639441609446557
-10.567324916986108 0.16582914572864027
-10.56836902958751 0.1663956397876465
-10.57035175879403 0.1674646918803031
-10.574500175503239 0.16966900943986385
-10.57674424391421 0.17085427135678088
-10.580604856885119 0.17294994038746747
-10.583890985907061 0.1747226219605036
-10.58606108870975 0.1758793969849215
-10.586721162684992 0.17622755007278723
-10.587939698492523 0.17688518360364736
-10.59285584087193 0.17949991050465997
-10.59551278514205 0.1809045226130621
-10.598964163248114 0.18277980116817627
-10.603977865664813 0.18548685609085958
-10.604815089645738 0.18592964824120273
-10.605060582236609 0.1860630927996043
-10.605527638191015 0.18631537694442102
-10.611198996473394 0.1893343857886629
-10.614261545068679 0.19095477386934334
-10.617311161551221 0.19261317853742543
-10.623115577889507 0.19574975401849404
-10.623396841392596 0.1958995384966018
-10.623548665081062 0.19597989949748396
-10.624027695403779 0.19624050450156183
-10.62953060859428 0.19917215920997577
-10.632992106924734 0.20100502512562457
-10.635646806624344 0.20244979968666943
-10.640703517588 0.20518439056056526
-10.641736624279785 0.20573497741325486
-10.642293881814505 0.20603015075376518
-10.644050198062189 0.20698634517496206
-10.64785157986146 0.20901297287520304
-10.649497487437245 0.2099107700376468
-10.651638595837909 0.2110552763819058
-10.653971989936503 0.21228940991047374
-10.658291457286492 0.21462691113449583
-10.660066122425883 0.21557335482736306
-10.661022744559729 0.2160804020100464
-10.66403474262858 0.21772134067921467
-10.666162752170548 0.21885658624274296
-10.670404427067721 0.22110552763818703
-10.672287542518424 0.22213177177148946
-10.675879396984984 0.22407672928089184
-10.67838615600201 0.22541443640432046
-10.679736599956042 0.22613065326632764
-10.683984746500427 0.22844646741359753
-10.684464909495473 0.22870277532004302
-10.684673366834229 0.22881662214298615
-10.689044047129112 0.23115577889446826
-10.690594237764753 0.23197666429981734
-10.693467336683476 0.23353329600307227
-10.696697487828343 0.23525800419550436
-10.698436696672228 0.23618090452260887
-10.702774422263717 0.23854686284210924
-10.70391877627686 0.2391670301207185
-10.707760319357051 0.24120603015074948
-10.7088927941173 0.2418238822263694
-10.711055276381968 0.2429960984046602
-10.715000826048515 0.24510385587416295
-10.717124190427015 0.2462311557788901
-10.721082639182569 0.2483913206068582
-10.723830570192787 0.24988123972483844
-10.726397258114824 0.2512562814070307
-10.727183877631528 0.25167323524958274
-10.72864321608046 0.2524646583436567
-10.733296826686548 0.25495180400486106
-10.735800148732656 0.2562814070351713
-10.73938365170697 0.2582378367700233
-10.74371632618437 0.26058800992200215
-10.745068859012395 0.26130653266331194
-10.74546810442904 0.261524547334715
-10.746231155778952 0.2619385311075204
-10.75158609566607 0.2648016754665621
-10.754465556431835 0.26633165829145256
-10.757678058195074 0.2680862403721296
-10.763578493840196 0.2712880405946647
-10.763706709322006 0.27135678391959317
-10.763746051112177 0.2713776537382415
-10.763819095477444 0.27141729733051534
-10.769869210068693 0.2746533053788056
-10.773121349352413 0.2763819095477338
-10.775966431723603 0.27793636767697194
-10.781407035175937 0.2808896506166869
-10.782037476666991 0.28122690903557324
-10.782376306110963 0.2814070351758744
-10.783438411660402 0.28198742845715064
-10.78814669101745 0.2845065448492967
-10.790201005025182 0.28563105174321723
-10.791694452496245 0.286432160804015
-10.794249272480299 0.28778807577376675
-10.798994974874429 0.29036493020466914
-10.800325764861839 0.29107706072146655
-10.801040786420803 0.2914572864321556
-10.80328114597173 0.2926819067456705
-10.806418997925824 0.29436126261704043
-10.810407328778584 0.29648241206029624
-10.812527031461148 0.297641235806517
-10.81658291457292 0.29984411745487627
-10.818609061563553 0.3009286385482568
-10.819697411056762 0.30150753768843686
-10.823106206070788 0.3033713352592562
-10.824686551092489 0.3042173385967004
-10.825376884422166 0.30459541795811695
-10.828986442857943 0.30653266331657747
-10.830800120579925 0.3074957300855736
-10.834170854271413 0.30932691749021934
-10.836887770302042 0.31078152722168095
-10.838346835662104 0.3115577889447181
-10.84291520350652 0.31405617444046285
-10.84294973340777 0.3140746633910432
-10.847663769783267 0.3165829145728587
-10.849068914541967 0.31735145155226974
-10.851758793969905 0.31881306090604333
-10.85516225759416 0.32063562202264073
-10.856989654127776 0.3216080402009993
-10.861229521407907 0.32392724370399595
-10.862730113894845 0.32474270303669694
-10.866251067641716 0.3266331658291399
-10.867333752604269 0.32720830327603334
-10.869346733668397 0.3283023026906404
-10.873432854687705 0.33049082830890697
-10.875626401634344 0.33165829145728054
-10.879505957365778 0.3337807817433127
-10.88253208723035 0.33542553533212427
-10.884895336560938 0.33668341708542115
-10.885594940231714 0.3370661979811862
-10.88693467336689 0.33779442119340874
-10.891699859203317 0.3403470610460104
-10.894257557497676 0.34170854271356177
-10.897778856583713 0.3436353302797528
-10.90232180531064 0.34610486612606195
-10.903492573637612 0.3467336683417024
-10.90385275065797 0.3469250576009628
-10.904522613065382 0.34728921713800975
-10.909963536682541 0.35020424436494046
-10.912883547835959 0.351758793969843
-10.916048476895279 0.3534908156465848
-10.922100282988277 0.3567809853763846
-10.922105794201459 0.3567839195979836
-10.922107426358568 0.35678481285664176
-10.922110552763874 0.3567865126782701
-10.928224122049293 0.360062311144576
-10.93150474807331 0.3618090452261242
-10.93431504565406 0.3633471728856401
-10.939698492462366 0.36627430394092286
-10.940379954021623 0.3666394675516198
-10.940745616621328 0.36683417085426484
-10.941889119204905 0.36746006420927646
-10.946481820991105 0.36992120261705175
-10.950121485293481 0.37185929648240545
-10.952578761104595 0.3732043453556235
-10.957286432160858 0.3757642863877866
-10.958649757697994 0.376494900528507
-10.959381230658698 0.37688442211054607
-10.961668383432489 0.37813640818815486
-10.964736811265668 0.3797808679944552
-10.966080402010103 0.3805175266386325
-10.968671240534666 0.3819095477386867
-10.970839793679449 0.38306228436151546
-10.97487437185935 0.3852563961699085
-10.97691690216946 0.3863510932782246
-10.978012703656411 0.3869346733668273
-10.981438617966317 0.38881017225453185
-10.98298924393762 0.38964126411546207
-10.987342650480835 0.3919597989949679
-10.989098287227211 0.3929209488037202
-10.992462311557842 0.39475053183586617
-10.995181518840711 0.39620800825657465
-10.996640208709419 0.3969849246231085
-11.001200290676152 0.39948149008548306
-11.001239226670634 0.39950236021902263
-11.001256281407088 0.3995117123297982
-11.005905423252614 0.40201005025124914
-11.007354258348673 0.4027803339391518
-11.010050251256335 0.4042467284523772
-11.013443545688121 0.40606566318459336
-11.0152637434104 0.40703517587938975
-11.019506844392659 0.40935841775429527
-11.020973212027005 0.4101560218138669
-11.024548266463125 0.41206030150753037
-11.02560775541467 0.41264042594757466
-11.027638190954827 0.41374487790461867
-11.031703188576058 0.41592399924389056
-11.03388357167633 0.417085427135671
-11.037772697801637 0.4192149793790083
-11.04073892146572 0.42082849299592695
-11.04312442178735 0.4221105527638116
-11.04385902439737 0.4225011545512247
-11.045226130653319 0.4232448297596534
-11.049960602335466 0.4257829721970534
-11.052499945983753 0.4271356783919522
-11.05603631852057 0.42907217891516414
-11.060497141010527 0.43149882420829755
-11.061739797695811 0.4321608040200928
-11.062108123495312 0.4323625031219498
-11.062814070351811 0.4327465420528638
-11.068215837429051 0.4356425676261644
-11.071112942937999 0.43718592964823344
-11.074297749248581 0.4389300041630113
-11.080248018763383 0.44216705776582543
-11.080329875647665 0.44221105527637405
-11.080355086841534 0.44222446190745135
-11.080402010050303 0.44224998967591045
-11.08646892038623 0.44550277795139337
-11.089722599644569 0.44723618090451467
-11.092557008882375 0.44878844972349174
-11.097989949748795 0.45174421731198144
-11.098619104591489 0.45208154800617173
-11.098956512049368 0.4522613065326553
-11.10001075948114 0.4528386807418965
-11.10471985493498 0.4553636021075995
-11.10678391959804 0.4564958030331212
-11.108254766961485 0.4572864321607959
-11.110814093639386 0.45864751667733916
-11.115577889447287 0.4612393764103988
-11.11688239377761 0.4619388422659867
-11.117581945963414 0.4623115577889365
-11.119767555668622 0.46350860528074644
-11.122968623073673 0.46522504523811037
-11.126931854436652 0.4673366834170771
-11.129068978120364 0.46850721228148196
-11.13316582914578 0.4707363320304818
-11.135143446152417 0.47179677561474964
-11.136203901533252 0.47236180904521774
-11.139516786129283 0.47417636818336195
-11.14121518608306 0.47508711840556384
-11.141959798995025 0.4754956073736265
-11.145477927616978 0.47738693467335835
-11.147321616311718 0.4783675496826598
-11.150753768844272 0.48023512139945446
-11.153402208372393 0.4816553632934646
-11.154822289944766 0.48241206030149897
-11.159258215407514 0.4848419021767105
-11.159459485479006 0.48494983831971616
-11.164127286234713 0.4874371859296396
-11.165571942528269 0.4882285476480668
-11.168341708542764 0.48973579539467327
-11.171658607513313 0.4915146261376231
-11.173436989932663 0.4924623115577802
-11.177719228862957 0.49480814566586506
-11.179009276233758 0.49551018804092184
-11.182686707939977 0.4974874371859208
-11.183819872297253 0.498090230312779
-11.185929648241256 0.49923841794760815
-11.189912551943868 0.5013745903276003
-11.192047849242476 0.5025125628140614
-11.19597923088492 0.5046663791154415
-11.198754495022575 0.5061768047515809
-11.201307948948358 0.507537688442202
-11.202065303184602 0.5079526269436725
-11.203517587939748 0.5087430654881375
-11.208163932141362 0.5112352871555954
-11.210654685997142 0.5125628140703427
-11.214236600457973 0.5145253646932764
-11.218490619031085 0.5168408229535819
-11.219879906166986 0.5175879396984833
-11.220308115564643 0.5178157717195111
-11.22110552763824 0.5182498264287885
-11.226412621450693 0.5210967528087806
-11.229257289970594 0.5226130653266239
-11.232491203850065 0.5243851406085289
-11.238217092202408 0.5275020837735287
-11.23847242051001 0.5276381909547645
-11.238548173334403 0.527679703526859
-11.238693467336732 0.5277588006884972
-11.244658476787807 0.5309590281683123
-11.247855597654693 0.5326633165829051
-11.250742972170068 0.5342457265443787
-11.256281407035225 0.537260886886096
-11.256801407211551 0.5375398707320951
-11.257080094842761 0.5376884422110457
-11.257949988100167 0.5381651796581721
-11.262901781862407 0.5408220321742778
-11.266449648034166 0.5427135678391863
-11.26899213388943 0.5441070572232682
-11.273869346733717 0.5467626059336785
-11.275056365991295 0.5473995451080187
-11.275692439442244 0.547738693467327
-11.27767739499392 0.548826707255957
-11.281142008276461 0.5506859157975406
-11.282663316582962 0.5515211101265569
-11.284973199297903 0.5527638190954676
-11.287237969691242 0.5539693381643147
-11.291457286432209 0.5562670686761821
-11.293307837643844 0.5572602158059983
-11.29429930473695 0.5577889447236082
-11.297392483647066 0.5594847153564242
-11.299378757329519 0.560550792952518
-11.303622466553096 0.5628140703517488
-11.30548022515545 0.5638326420589639
-11.309045226130701 0.5657744192374574
-11.311555623057389 0.5671219397151219
-11.312900365566097 0.5678391959798894
-11.317094441110484 0.5701389716883991
-11.317611830393032 0.5704167203902211
-11.317839195979946 0.5705415909573581
-11.322154931510948 0.57286432160803
-11.323718695319872 0.5736970274678361
-11.326633165829193 0.5752848103293688
-11.32979951085124 0.5769847772298711
-11.331495276485542 0.5778894472361706
-11.335854014611844 0.5802800446406966
-11.33679531307103 0.5807929178766953
-11.340771840797926 0.5829145728643113
-11.34195316318203 0.5835625563916418
-11.344221105527685 0.5847984031918294
-11.348039277515975 0.5868487922100831
-11.350083672045436 0.5879396984924519
-11.354099096852906 0.5901425408848153
-11.356488214953771 0.5914445868999048
-11.359311575017758 0.5929648241205925
-11.360183399823512 0.5934292942356398
-11.361809045226178 0.5943153675503368
-11.366274687532952 0.5967140519467975
-11.368665167037554 0.5979899497487331
-11.372339693775208 0.6000063186485791
-11.376165075167163 0.6020916725890144
-11.377894906875555 0.6030150753768737
-11.378409164513428 0.6032973097800856
-11.37939698492467 0.6038358815920235
-11.384505493472304 0.606580627134262
-11.387239356711156 0.6080402010050143
-11.390575551154928 0.6098714505673666
-11.39582487006277 0.6127338824730435
-11.396440079953964 0.6130653266331549
-11.396630204789854 0.6131666751569576
-11.396984924623162 0.6133601319613042
-11.40273143606826 0.6164485918484104
-11.405805816955892 0.6180904522612956
-11.408806402824267 0.6197380126891208
-11.414572864321654 0.6228834437730901
-11.414854836792866 0.6230350143262324
-11.415005667608122 0.6231155778894362
-11.415475028147826 0.6233733389826277
-11.420952244270662 0.6263180235321455
-11.4233668341709 0.6276461376824862
-11.424284373821813 0.6281407035175768
-11.42703197071589 0.62960608446165
-11.432160804020146 0.6324046784078101
-11.433085166665736 0.6329017255326921
-11.433579453820686 0.6331658291457174
-11.435116770555291 0.6340103910129011
-11.439167635271344 0.6361890029878019
-11.442913756773304 0.638190954773858
-11.44525196488152 0.6394757487273202
-11.449748743718638 0.6419303778320398
-11.45130976257805 0.642770075013595
-11.452144185969825 0.6432160804019986
-11.454737882622625 0.6446415486602808
-11.457377314504011 0.6460616143771754
-11.458542713567883 0.6467031059356749
-11.461394135303108 0.6482412060301392
-11.463466083483244 0.6493470917255353
-11.46733668341713 0.6514607693960892
-11.469528315308503 0.6526401511178879
-11.470699362992528 0.6532663316582799
-11.474337142012034 0.655266462685395
-11.475580975616188 0.6559359452295475
-11.479985211131106 0.6582914572864205
-11.48167401275607 0.6592202031034358
-11.484924623115623 0.6609960894175133
-11.487740503563348 0.6625120456437825
-11.489244453200406 0.6633165829145611
-11.493780172398292 0.6658115516047962
-11.493915127840463 0.6658852985502302
-11.498464992791673 0.6683417085427017
-11.499875405739399 0.6690951819926205
-11.502512562814115 0.6705366088198632
-11.50594592488308 0.6723858735797092
-11.507778820030437 0.6733668341708423
-11.511989585955392 0.675684238901475
-11.51348498728824 0.6765018125920212
-11.51701582427415 0.6783919597989829
-11.518069793069856 0.6789721624969118
-11.520100502512607 0.6800826853703823
-11.524144188877473 0.6822617464657332
-11.52630185462028 0.6834170854271235
-11.53019173271383 0.6855590024263432
-11.533028737342846 0.6871108668071919
-11.53549222851661 0.6884422110552642
-11.53625700354848 0.6888511935302981
-11.537688442211099 0.6896344155886123
-11.542335100572927 0.6921397200085968
-11.544813212732807 0.6934673366834048
-11.54838632228403 0.6954359251478506
-11.552545199481292 0.6977121244748883
-11.554001367859394 0.6984924623115454
-11.554436693381703 0.6987323733195137
-11.555276381909591 0.6991920781092213
-11.560518283039842 0.7020199019024709
-11.563312285696759 0.703517587939686
-11.566572969516281 0.7053151171087721
-11.572032895073493 0.7083051631293724
-11.572475926414695 0.7085427135678266
-11.572608481683389 0.7086158106891682
-11.572864321608083 0.7087559611587579
-11.57869334709134 0.7119024033436085
-11.581798445716426 0.7135678391959672
-11.584751276772602 0.7151966919199602
-11.590452261306575 0.7183207209199747
-11.590781985173317 0.7184987580050386
-11.590957573034055 0.7185929648241078
-11.591500145153194 0.7188923602088559
-11.596859890961722 0.7217873391222067
-11.59924623115582 0.7231061268222625
-11.60019157832146 0.7236180904522485
-11.602920833590465 0.7250807668564203
-11.608040201005068 0.7278879660881126
-11.608954515848138 0.7283819832680827
-11.609441097523893 0.7286432160803891
-11.610943118068981 0.7294726209557929
-11.615017499946942 0.7316748277251373
-11.618729417757802 0.7336683417085297
-11.621081216307221 0.7349674629646268
-11.62562814070356 0.7374625445025726
-11.627117628111428 0.7382678995058507
-11.627909755207986 0.7386934673366703
-11.630352314730612 0.7400432313443996
-11.63316574600424 0.7415649914503311
-11.634422110552805 0.742260294274935
-11.63711106167508 0.7437185929648109
-11.639231987642356 0.7448569051818668
-11.643216080402052 0.7470447952740473
-11.645270875268151 0.7481566343454951
-11.64636283370234 0.7487437185929515
-11.649726080320507 0.7506037185696526
-11.651304187308043 0.7514579565336668
-11.655600708067936 0.7537688442210921
-11.657372696234585 0.7547492224685088
-11.660804020100544 0.7566350695093078
-11.66341379623573 0.7580483195248942
-11.664799598899606 0.7587939698492328
-11.669062719253423 0.7611535981786268
-11.669432367759024 0.7613538532892363
-11.66959798994979 0.7614456589014225
-11.673967388515026 0.7638190954773734
-11.675502876130587 0.7646445479540729
-11.678391959799036 0.7662337308940597
-11.681545915011817 0.76794309104472
-11.68321929431145 0.768844221105514
-11.687561185709978 0.7712495679019575
-11.688371605817856 0.7716955485394621
-11.69240655957613 0.7738693467336546
-11.693622046222025 0.7745430190980844
-11.695979899497528 0.7758411563313308
-11.699666740088718 0.777841089335741
-11.701621140340503 0.7788944723617952
-11.705683597062357 0.7811471129714125
-11.707644520715181 0.7822272212811248
-11.710754565449554 0.7839195979899358
-11.711729709627232 0.7844447778667325
-11.71356783919602 0.7854577366398283
-11.717775763810733 0.7877424594424447
-11.720004333477394 0.7889447236180764
-11.723793906196379 0.7910481158175431
-11.726874563477272 0.7927466448412916
-11.729140858195418 0.793969849246217
-11.729825353013686 0.7943499709264534
-11.731155778894513 0.7950838773171212
-11.73587246167043 0.7976473512240956
-11.738368045418072 0.7989949748743577
-11.741891577196286 0.8009527295591345
-11.746059856788277 0.8032532828440049
-11.747466226237185 0.8040201005024983
-11.747908445857165 0.8042587498555953
-11.748743718593005 0.8047199993729457
-11.753956208171077 0.8075559433940471
-11.756711227495959 0.8090452261306389
-11.759975873303258 0.8108611646987072
-11.76519763511102 0.8137463451357858
-11.765796694147902 0.8140703517587795
-11.765978163491143 0.814171350273166
-11.766331658291497 0.8143667766529372
-11.772026330473155 0.8174684281921607
-11.77494575003659 0.8190954773869201
-11.775125628140742 0.8191947041329923
-11.778046327463613 0.8207735546801702
-11.78391959798999 0.8240223826452926
-11.784037839334712 0.8240868197737115
-11.78410023339885 0.8241206030150607
-11.784290329154393 0.8242265262048907
-11.790082524889616 0.8273848923861653
-11.793332731330878 0.8291457286432014
-11.796102511033329 0.8306900219732452
-11.801507537688481 0.833683397411745
-11.802093906188858 0.8340033204140918
-11.802402965026182 0.834170854271342
-11.803342909909803 0.8346952463345767
-11.8081241878603 0.8373055084218199
-11.810301507537726 0.838521839801361
-11.811532955869872 0.8391959798994826
-11.814143796735694 0.8406107457998484
-11.819095477386973 0.8433564853761535
-11.820134701070126 0.843924184475294
-11.82068178032587 0.8442211055276232
-11.82234253576492 0.8451488364927506
-11.826150684659064 0.8472304576494523
-11.829862404437101 0.8492462311557638
-11.832169536051502 0.8505359114511819
-11.836683417085466 0.8530421812353692
-11.838159561361548 0.853849601276452
-11.838935654549898 0.8542713567839044
-11.841287044006235 0.8555866787612674
-11.844161358753736 0.8571599276496817
-11.84547738693471 0.8578970308885934
-11.848027092620267 0.859296482412045
-11.850179058050662 0.8604657106215576
-11.854271356783958 0.8627410417304109
-11.856167801410791 0.8637797667182339
-11.857163530833246 0.8643216080401857
-11.860174228950296 0.8660081429448532
-11.862155530572743 0.8670941125858169
-11.866292228962873 0.8693467336683263
-11.868171668111291 0.8704003417743715
-11.87185929648245 0.8724536471545132
-11.874158711200423 0.8737148836627604
-11.875364318546827 0.8743718592964669
-11.879001841023042 0.8764125863080645
-11.880132496156094 0.8770332135892804
-11.880653266331695 0.8773257352513424
-11.88441610426875 0.8793969849246075
-11.8861466465201 0.8803400105419907
-11.889447236180942 0.8821806030029462
-11.892131554896292 0.8836551623483624
-11.89353689149776 0.8844221105527481
-11.897767585692096 0.8867993532702201
-11.89809152568392 0.886977439180038
-11.902613648416855 0.8894472361808887
-11.904103246946885 0.8902849301616174
-11.907035175879434 0.8919225417764531
-11.910085569266416 0.8936008208413204
-11.91168008596966 0.8944723618090293
-11.916038147841462 0.896925209733733
-11.916475156095093 0.8971694990135033
-11.920691065344887 0.89949748743717
-11.922040694784975 0.9002353219494417
-11.924623115577926 0.9016801249516995
-11.928019961961873 0.90355208552704
-11.929792698594513 0.9045226130653106
-11.933969314171454 0.9068773962381576
-11.935119964719629 0.907521712820083
-11.938817532589932 0.9095477386934512
-11.939958185348347 0.9101914158157571
-11.942211055276418 0.9114540451338691
-11.945933909649948 0.9135091916434401
-11.947873484046488 0.9145728643215918
-11.951879537256003 0.916835566526994
-11.953695086290693 0.9178540160399562
-11.956842438236897 0.9195979899497324
-11.95785488191496 0.9201534508240039
-11.95979899497491 0.9212450284084861
-11.963826555988613 0.9234723838596723
-11.965921152546695 0.924623115577873
-11.969767940645712 0.9267999710143568
-11.972198010686071 0.9281656914953471
-11.974894110607094 0.9296482412060136
-11.975729913604523 0.930121675797122
-11.977386934673403 0.9310538369117127
-11.981697009430015 0.9334419169036936
-11.98393436716658 0.9346733668341543
-11.987633611605023 0.9367708704818316
-11.990626174768368 0.938456006861287
-11.99285999990316 0.9396984924622949
-11.993582373077514 0.9400963499749748
-11.994974874371895 0.9408812716408699
-11.999544298484551 0.9434180683439628
-12.001911586460446 0.9447236180904355
-12.005475476858711 0.9467485715794854
-12.008976345466442 0.9487240384031628
-12.010832521467302 0.9497487437185761
-12.011411063895519 0.9500778151971101
-12.012562814070387 0.9507284116942811
-12.017367203176885 0.95340118674486
-12.01985119682393 0.9547738693467167
-12.02329240117457 0.9567333986593756
-12.027245900166996 0.9589690368028903
-12.028731836381898 0.9597989949748573
-12.029215132536265 0.9600663153270332
-12.03015075376888 0.9605959786663085
-12.035164984154807 0.9633914833498762
-12.037751979274573 0.9648241206029979
-12.041083653985769 0.9667255604548846
-12.045432819803263 0.9691904251842507
-12.04662118441809 0.9698492462311386
-12.046993707216624 0.9700620994456379
-12.047738693467371 0.9704848037250358
-12.052936651645012 0.9733892409513816
-12.055612503752247 0.9748743718592792
-12.058848159700176 0.9767253642780469
-12.063534334267638 0.9793874120879273
-12.064447024721824 0.9798994974874198
-12.064745715960047 0.9800654738319388
-12.065326633165864 0.9803958700498683
-12.070681105967067 0.9833947737437878
-12.073431160502942 0.9849246231155604
-12.07658479019645 0.9867331324492481
-12.081547602887754 0.9895591858932438
-12.08224883736141 0.989949748743701
-12.082470033944771 0.990076759863582
-12.082914572864356 0.9903302195095085
-12.088397192949735 0.9934084114903046
-12.091206268717153 0.9949748743718416
-12.094292361163497 0.9967492033430849
-12.099469712066378 0.9997049141438481
-12.09999305745904 0.9999999999999822
-12.100165479789784 1.0000962950780004
-12.100502512562848 1.0002889575439289
-12.106083700081859 1.0034305006226916
-12.108936072006413 1.0050251256281229
-12.111969628111488 1.0067739325280805
-12.117297672746181 1.009823742823361
-12.117702308941794 1.0100502512562635
-12.117830811505955 1.0101244343292306
-12.11809045226134 1.0102732585511411
-12.123739352315686 1.0134614054403048
-12.12661873350044 1.015075376884404
-12.129615282022074 1.0168076940094775
-12.13502841769252 1.0199147955790275
-12.135356009484317 1.0201005025125447
-12.135464722079133 1.0201615510498874
-12.135678391959832 1.0202843718387422
-12.141362807488047 1.0235015094183382
-12.144252330531291 1.0251256281406853
-12.147227944601804 1.0268508815854052
-12.152658798587026 1.0299771728913125
-12.152967182642591 1.030150753768826
-12.153065834648105 1.0302080386288885
-12.153266331658324 1.0303236282085928
-12.158952651320673 1.0335512166362957
-12.161834848867274 1.0351758793969665
-12.164806163098334 1.0369039103279611
-12.17018558292445 1.0400099511872885
-12.170520636179091 1.0402010050251072
-12.170632697235899 1.0402643119167978
-12.170854271356816 1.0403924472527022
-12.176507391956374 1.0436109533390887
-12.179364176455335 1.0452261306532478
-12.182348404634235 1.0469672182021261
-12.187605450704824 1.0500121818955357
-12.188027648640999 1.0502512562813884
-12.188163776987839 1.0503308088720935
-12.188442211055309 1.050492345449718
-12.19402545398235 1.0536811696446593
-12.196838096626113 1.055276381909529
-12.199853050007585 1.0570412678370191
-12.204914990912497 1.0599828904401543
-12.20547018994308 1.0603015075376696
-12.205657453863948 1.0604079923633414
-12.2060301507538 1.0606249451646015
-12.211505171886005 1.063762341413752
-12.214254280710689 1.0653266331658102
-12.217318386902251 1.0671265484658221
-12.222110697773093 1.0699210751713224
-12.222866306702265 1.0703517587939508
-12.223112013726785 1.0704963521440964
-12.223618090452293 1.0707919846694978
-12.228944782881632 1.073854972299423
-12.231610280012298 1.0753768844220915
-12.234742602443465 1.0772235780527541
-12.239188966778862 1.0798257062296832
-12.240186203933069 1.080402010050232
-12.240525640758205 1.0805964070195406
-12.241206030150785 1.0809953293218904
-12.246342419038491 1.0839595959961708
-12.248903854520458 1.0854271356783727
-12.252123900608508 1.087332869747164
-12.256147226496257 1.0896960489199357
-12.257464688174428 1.0904522613065133
-12.25789690381726 1.0907085658870894
-12.258793969849277 1.0912364965647603
-12.263696954492264 1.0940765341795151
-12.266132740668496 1.095477386934654
-12.269461096798429 1.0974547620058939
-12.272982432012629 1.0995312332670402
-12.274650512277903 1.1005025125627945
-12.275223830145922 1.1008333923918938
-12.27638190954777 1.1015176765750043
-12.281005622511017 1.1042065773442928
-12.283293697884845 1.1055276381909351
-12.286750970399472 1.1075901750043036
-12.289688487930713 1.109329517728919
-12.291802880031513 1.1105527638190758
-12.292503594941595 1.1109716936204093
-12.293969849246261 1.1118417234605333
-12.2982658941062 1.114350448058663
-12.300383135822548 1.1155778894472164
-12.303991181219931 1.1177397773685938
-12.306261269926344 1.1190897239272406
-12.308838569158569 1.120603015075357
-12.309733851186794 1.1211241401490595
-12.311557788944754 1.1222111827788703
-12.31547535388882 1.1245088364337645
-12.317397814364291 1.1256281407034976
-12.321179243338625 1.1279042793619611
-12.322696547555136 1.1288106431636065
-12.325854364464714 1.1306532663316382
-12.3269121038233 1.1312914448516231
-12.329145728643246 1.1326288034429144
-12.332631432966025 1.134682476438985
-12.334334314780703 1.1356783919597788
-12.338312511668043 1.138084436723691
-12.338989977394874 1.1384910344602446
-12.342723722216945 1.1407035175879194
-12.34403569601826 1.141474366823199
-12.346733668341738 1.1430975602350442
-12.34973139466832 1.1448721499798937
-12.351189024626226 1.14572864321606
-12.355140756059399 1.148130668278248
-12.3553922223081 1.148279896282384
-12.359592225062334 1.1507537688442007
-12.361101793988745 1.1516737157160541
-12.36432160804023 1.153620679267413
-12.366772318770984 1.1550786914064117
-12.367958121239207 1.1557788944723413
-12.371151903208508 1.1577304073775636
-12.372423867528244 1.1584890888181913
-12.373115577889475 1.1589115738880684
-12.376277314334722 1.160804020100482
-12.37810737020116 1.161890356539785
-12.381909547738722 1.1642016668523123
-12.383751084016891 1.1653029925062883
-12.384637553687803 1.1658291457286225
-12.387008906326567 1.1672861053251493
-12.389393443426098 1.1687160154460843
-12.392986443805333 1.1708542713567631
-12.395049184734294 1.1721252149861696
-12.399497487437214 1.1748443423321095
-12.40066434871889 1.1755460080472826
-12.40122302298188 1.1758793969849037
-12.402706948291517 1.1767963858004187
-12.40629758401749 1.1789616378758225
-12.40829145728646 1.1801929752476674
-12.409467206055831 1.1809045226130443
-12.41192376456253 1.1823792833482374
-12.417085427135707 1.1855528755221085
-12.41750852918586 1.185808761941141
-12.417709960346492 1.185929648241185
-12.418241062175891 1.186259829681238
-12.423132676631157 1.1892269882991968
-12.426003258017202 1.1909547738693256
-12.428727380478053 1.1926536271139385
-12.433616165164265 1.195677841877485
-12.434116509886286 1.1959798994974662
-12.434291089527065 1.196089121585219
-12.434673366834199 1.1963219421132205
-12.439923931122607 1.1995048639003478
-12.442462805838014 1.2010050251256068
-12.445665110052424 1.2028896526913968
-12.44987572739029 1.2053485567130613
-12.451057826744188 1.2060301507537474
-12.451459153926137 1.2062593372127628
-12.45226130653269 1.206728110052639
-12.457286366430965 1.209619544982381
-12.459800258716266 1.211055276381888
-12.463081160399748 1.2129890151908693
-12.466951386336557 1.2152524420401356
-12.468400066192647 1.2160804020100286
-12.46887296696789 1.2163593389423983
-12.469849246231183 1.2169307284739093
-12.474692581962055 1.2197217174293487
-12.477112027268717 1.2211055276381693
-12.480479551309392 1.2230934232439639
-12.48397709913262 1.22514205703858
-12.485686525791149 1.2261306532663099
-12.486269132891277 1.2264643827058528
-12.487437185929675 1.2271490988376943
-12.492080631280798 1.2298290802227019
-12.49439631296193 1.2311557788944505
-12.497859138945426 1.2332032036609482
-12.500949397732144 1.2350164108380133
-12.50298032927995 1.236180904522591
-12.503646132280553 1.2365749026219097
-12.505025125628167 1.2373847114989625
-12.509448411023955 1.2399422343233635
-12.511650757604603 1.2412060301507317
-12.515217494061407 1.2433190505122322
-12.517862858139248 1.2448739537253264
-12.52020153079841 1.2462311557788723
-12.521002172657976 1.2466914108270677
-12.52261306532666 1.2476391161956055
-12.526795262498533 1.2500613679293346
-12.52887405815219 1.251256281407013
-12.532554964624085 1.2534408643787467
-12.534719004894033 1.2547151212834056
-12.537441439425768 1.2562814070351536
-12.53833763402832 1.2568137987485342
-12.540201005025152 1.2579120496611154
-12.544120994958599 1.260186535539452
-12.546065979307691 1.2613065326632942
-12.54987068592933 1.2635688923188129
-12.551515519339999 1.2645392510389648
-12.554592879607819 1.2663316582914348
-12.555651344492203 1.2669424012147035
-12.557788944723644 1.268204723540694
-12.561424328581012 1.2703181028174706
-12.563224693570968 1.2713567839195754
-12.56716334383758 1.2737035098008773
-12.568249351751955 1.2743454716419498
-12.571775626837065 1.276381909547716
-12.572941991577999 1.27707759321747
-12.575376884422136 1.2785184252008293
-12.57870391568818 1.2804564548141295
-12.580348285409054 1.2814070351758566
-12.584431554626565 1.28384511217416
-12.584917352759637 1.284132883272286
-12.588848891559357 1.2864321608039972
-12.590208193136435 1.2872197696566232
-12.592964824120628 1.2888545230348898
-12.595958337093288 1.290601997011378
-12.597434747330755 1.2914572864321379
-12.601518664521768 1.2939012408324633
-12.601676362617638 1.2939934010611331
-12.60596815521422 1.2964824120602785
-12.607448493407995 1.2973693464634577
-12.61055276381912 1.299214472439913
-12.613186097988738 1.3007551564970994
-12.614481975451842 1.301507537688419
-12.618055612896008 1.3036512088532444
-12.61890220259167 1.304147109381545
-12.619346733668365 1.3044136146096612
-12.622953654461517 1.3065326633165597
-12.624661358614437 1.3075267618603235
-12.628140703517612 1.309599822533193
-12.630385623344026 1.310916383280011
-12.631487764521806 1.3115577889447003
-12.634517411464907 1.3133797055010703
-12.636099813882362 1.3143088830400549
-12.640002516251755 1.316582914572841
-12.641845172037417 1.3176924777667516
-12.645728643216104 1.3200122236880594
-12.647555252774039 1.3210861517558579
-12.648449802378483 1.3216080402009815
-12.650900537722016 1.3230857243455283
-12.653267536462062 1.3244791963302767
-12.65452261306535 1.3252354588412905
-12.656889686730354 1.3266331658291222
-12.658998228541519 1.327866981364287
-12.663316582914597 1.330453435980636
-12.664693234833022 1.3312649623377126
-12.665365663791626 1.3316582914572628
-12.667201364321274 1.3327682290020277
-12.670403618598504 1.334658549747144
-12.673860565513905 1.3366834170854034
-12.676118728492952 1.338050786834014
-12.680904522613089 1.3409253386537525
-12.681797720683 1.3414533432649973
-12.682232803650956 1.341708542713544
-12.683416156819261 1.3424261524867358
-12.687506210378002 1.344847471837423
-12.689698492462334 1.3461759175070434
-12.690637760919754 1.3467336683416846
-12.69320477101803 1.3482444372826992
-12.698492462311581 1.3514299407209007
-12.698866757078113 1.3516518526079588
-12.69904854944783 1.3517587939698252
-12.699541071089124 1.3520583964776947
-12.704573356530549 1.3550465212496894
-12.707522328476815 1.3567839195979658
-12.710254346537736 1.3584485068757761
-12.715577145628359 1.3616652576884736
-12.715820823819131 1.3618090452261065
-12.715903596053163 1.3618595612137945
-12.716080402010073 1.3619665865474824
-12.72160298848747 1.365256289003562
-12.724272802830907 1.366834170854247
-12.727265328505624 1.3686636031979447
-12.731526573156344 1.3712473626103252
-12.732548950186231 1.3718592964823877
-12.732912786628615 1.3720751693623736
-12.733668341708565 1.3725340835783797
-12.738592915592475 1.3754774010008397
-12.74096574874035 1.3768844221105283
-12.744235459337318 1.378890371273311
-12.747374856553778 1.3808005692091605
-12.749241842786804 1.381909547738669
-12.749881106633694 1.3823024548167728
-12.751256281407057 1.3831407154162267
-12.755540718748055 1.3857105484122387
-12.757597905771512 1.3869346733668095
-12.761162176741852 1.3891295431850086
-12.763117245291141 1.390323520190834
-12.765831579585273 1.3919597989949501
-12.76680596107355 1.3925421590040932
-12.76884422110555 1.3937893232837064
-12.772443897792375 1.3959564455697127
-12.77416597825822 1.3969849246230908
-12.778043110962694 1.3993817960063328
-12.778749935909124 1.3998151288526834
-12.782418093214494 1.4020100502512314
-12.783685104660684 1.4027949234350476
-12.786432160804042 1.404482451546107
-12.789300063758152 1.4062157750353403
-12.790666782979185 1.407035175879372
-12.794277945995587 1.409276828791242
-12.794885822326142 1.409644969644055
-12.795226130653287 1.409855970417346
-12.798854077109477 1.4120603015075126
-12.800515833259816 1.413061520719718
-12.804020100502534 1.4152232045430155
-12.806106409031177 1.4164893389846123
-12.807096622566336 1.4170854271356532
-12.80969923724704 1.418708037634083
-12.81169041935324 1.4199190330921638
-12.815323250446166 1.4221105527637938
-12.817295244591945 1.4233427800806746
-12.821608040201026 1.4260149384240153
-12.82285994554885 1.4267779911496987
-12.823451593218621 1.4271356783919344
-12.82499809309221 1.4281042649322728
-12.828442148681628 1.430208201597046
-12.830402010050271 1.431434042768701
-12.831587717380632 1.432160804020075
-12.834020246414735 1.4336395850157269
-12.839195979899518 1.4368612891556447
-12.839557488407555 1.4370826415030624
-12.839727568045797 1.4371859296482157
-12.840169578863124 1.4374641007806748
-12.845137807730538 1.4405133901817795
-12.847926725085511 1.4422110552763563
-12.850687539029545 1.4439528782959181
-12.855224074160848 1.4467905107795929
-12.855954459925957 1.447236180904497
-12.856212547787713 1.447399429993153
-12.85678391959801 1.4477577345366823
-12.861773975095339 1.450835576390543
-12.864104771185682 1.4522613065326375
-12.867293595826295 1.454283667524125
-12.870151790089611 1.4560806981016672
-12.872094893843487 1.4572864321607781
-12.87281667590381 1.4577307702729758
-12.874371859296502 1.458711176064127
-12.87834698974274 1.461175806232851
-12.88019421502781 1.4623115577889187
-12.883834641609775 1.464633031327553
-12.884937834479448 1.465330407841189
-12.888192209183458 1.4673366834170594
-12.8893556546152 1.4680807246684289
-12.891959798994995 1.4697315605089303
-12.894852927802347 1.471535200814528
-12.89619009409824 1.4723618090452
-12.899588259146512 1.4745413690884908
-12.900319396824745 1.474998478150554
-12.90075376884424 1.475276589391843
-12.90411726035852 1.4773869346733406
-12.90582540195524 1.4784504594556962
-12.909547738693487 1.4808240198423785
-12.911287576628569 1.4819149637486007
-12.912087130991893 1.4824120603014812
-12.914104735671705 1.4837140594381149
-12.916751816801865 1.4853788778986567
-12.92005269134906 1.4874371859296218
-12.922221529959137 1.4888412283390053
-12.927135678391979 1.4919941847558453
-12.927646405754375 1.4923163894542206
-12.927879705576778 1.4924623115577624
-12.928464078531706 1.4928418544548272
-12.933108180399223 1.495781008040976
-12.935740776240694 1.497487437185903
-12.935929648241224 1.4976089588088604
-12.938539313434767 1.4992543813732473
-12.942680571534444 1.5019288352266074
-12.943596520802616 1.5025125628140437
-12.943947180178686 1.5027344022174107
-12.944723618090471 1.5032375357909
-12.949383554665365 1.5062062779922147
-12.95149175948785 1.5075376884421843
-12.954773654861318 1.50969137499294
-12.956742498144505 1.5109716541719083
-12.95925346324647 1.512562814070325
-12.960178707461338 1.513172199878218
-12.962311557788963 1.5145641066829478
-12.965572610629522 1.5166562103154488
-12.967037817896461 1.5175879396984655
-12.970635165652896 1.5199661133738749
-12.97092430111773 1.5201522815183868
-12.971105527638208 1.520271811497783
-12.974727846837874 1.5226130653266061
-12.976320895368426 1.5236355230749004
-12.979899497487455 1.5259884590851627
-12.981669580589351 1.5271324529256338
-12.982459120866645 1.5276381909547467
-12.984380864053628 1.5289185814022241
-12.987017947340984 1.5306294737675934
-12.990181101582712 1.5326633165828873
-12.992367699542388 1.5341260987667615
-12.997487437185947 1.5375190455781027
-12.99766820657497 1.5376367938141646
-12.997748217005894 1.537688442211028
-12.997941200905261 1.537818088987975
-13.003012625670676 1.5411349425578171
-13.005448338618585 1.5427135678391686
-13.008312303315765 1.5446458745730753
-13.011345507792289 1.5466730165838376
-13.012961611284945 1.5477386934673092
-13.013603532886128 1.5481592203239698
-13.01507537688444 1.5491471802471626
-13.01890115914895 1.551670738448447
-13.02057364998498 1.5527638190954498
-13.024147497559778 1.5551969102449226
-13.024556566582199 1.5554727304376668
-13.028085085237956 1.5577889447235904
-13.029433996498824 1.5587116076047636
-13.032663316582932 1.5608991071420073
-13.034676317547312 1.5622389272190507
-13.035548554347722 1.562814070351731
-13.037601205378794 1.5642248957219769
-13.039909879857913 1.5657687493298775
-13.041457286432177 1.5668291086752113
-13.042961492172774 1.5678391959798716
-13.045146716715719 1.5692976358557873
-13.050251256281424 1.5727889534557153
-13.05032995508237 1.5728418362363135
-13.050363736274356 1.5728643216080123
-13.05044239186956 1.5729189317760515
-13.055557599008049 1.5763733493142604
-13.057824164542962 1.5778894472361529
-13.06073306023578 1.5799197717344775
-13.063112747715756 1.5815641590745333
-13.065121419662935 1.5829145728642935
-13.065907760385096 1.583466411605671
-13.067839195979916 1.5848082279972893
-13.071073783716521 1.5870155305676894
-13.07244128279106 1.587939698492434
-13.075571852223456 1.5901490288477316
-13.07619587897225 1.5905772004084788
-13.076633165829161 1.5908847331823264
-13.079651412068678 1.5929648241205747
-13.081350720919803 1.5941295140516045
-13.085427135678408 1.596993471150542
-13.086448399608381 1.5976981600544375
-13.086875471282424 1.5979899497487153
-13.08788728689842 1.5986928500972901
-13.091731732825552 1.6012137619062434
-13.094703415327544 1.603015075376856
-13.097304166136034 1.604646763731389
-13.102549762869382 1.6079072545742772
-13.102769047425955 1.6080402010049966
-13.102846019574953 1.6080885026626959
-13.1030150753769 1.6081936040972655
-13.108442768037275 1.611514557301601
-13.111000144825542 1.6130653266331372
-13.11400405987446 1.6149507424048322
-13.117735806552641 1.6172712498262056
-13.119070941745871 1.6180904522612778
-13.119560779754206 1.6183882337816167
-13.120603015075393 1.619036482609581
-13.12514625008291 1.621817510744413
-13.127285938560847 1.6231155778894184
-13.130696041543901 1.6252569816694136
-13.132902567041441 1.6266297355940038
-13.135392561003718 1.628140703517559
-13.136267478652744 1.6286902681235995
-13.138190954773885 1.6298872601249519
-13.141841295725696 1.6321228745880392
-13.1435595774791 1.6331658291456996
-13.14737919959153 1.6355657419687981
-13.148048201225667 1.6359821852747807
-13.15164425504437 1.6381909547738402
-13.152965200460175 1.6389948673487549
-13.155778894472377 1.6407469022297674
-13.15852696028225 1.6424309187420167
-13.15981976114382 1.6432160804019809
-13.163185747044794 1.6453323239940998
-13.164067714634268 1.6458729716981528
-13.167965830905484 1.6482412060301215
-13.169652967159868 1.6493023108904072
-13.173366834170869 1.6516164446787611
-13.17520223564818 1.6527419312361733
-13.176065105479294 1.653266331658262
-13.178309747330008 1.6546785925608738
-13.180757172927906 1.656179931927249
-13.182160804020114 1.6570609104389105
-13.18416149940158 1.6582914572864027
-13.18632973640868 1.6596128965608825
-13.190954773869361 1.6624969965266816
-13.19186604808302 1.663056218853498
-13.192294140261303 1.6633165829145433
-13.193406678499105 1.6640171270944704
-13.197435008593965 1.6664902129070827
-13.200478000292527 1.668341708542684
-13.202994399164862 1.669926941229253
-13.208475014816427 1.673347491670417
-13.208506791089716 1.6733668341708245
-13.208517996224028 1.6733738962690605
-13.208542713567853 1.6733893299946585
-13.214100076824662 1.676804141725591
-13.216707406310796 1.6783919597989652
-13.21964577704342 1.6802447815769437
-13.223538096196902 1.682676354835836
-13.224739774225426 1.6834170854271058
-13.225183018674867 1.6836878381675282
-13.226130653266345 1.684280139895045
-13.23075116212455 1.6871220656671886
-13.232916838203003 1.6884422110552464
-13.23628261937592 1.6905667749377944
-13.238567309833561 1.6919955415030223
-13.240980495725577 1.693467336683387
-13.241833341930791 1.6940059798359721
-13.243718592964838 1.695185616312794
-13.247387058921522 1.697444329181046
-13.249104915004073 1.6984924623115276
-13.25290383830939 1.7008932321269388
-13.25356086418175 1.7013045398020745
-13.25714359583687 1.7035175879396682
-13.258468291049233 1.704328514115124
-13.26130653266333 1.7061063884685712
-13.264007218942751 1.7077710889165454
-13.26527030769354 1.7085427135678088
-13.2685343033915 1.710607790918714
-13.269525957883307 1.7112194319902416
-13.273367703053113 1.7135678391959495
-13.275086284225797 1.7146558929491
-13.278894472361822 1.717044537019433
-13.280609377391903 1.7181029919583528
-13.28141038005071 1.71859296482409
-13.283476817485393 1.7199022062879674
-13.286140953794934 1.721547667185627
-13.287688442211067 1.722525691699344
-13.289452228920434 1.7236180904522307
-13.291685124841802 1.7249887439432339
-13.296482412060314 1.7280021655943898
-13.297191692161165 1.7284405646229848
-13.297522516383864 1.7286432160803713
-13.29837443588595 1.729183794316267
-13.302735947882198 1.731881617187974
-13.305650575039566 1.733668341708512
-13.30826324799101 1.7353275142135969
-13.313233109748516 1.7384542553337123
-13.313623027627003 1.7386934673366525
-13.313761753724124 1.7387816382037045
-13.314070351758806 1.7389759496234856
-13.319309327180973 1.7422217428441744
-13.321747204496939 1.7437185929647931
-13.324818995061436 1.745672677649325
-13.328061279771253 1.7477160009683494
-13.329714026786831 1.7487437185929338
-13.330329827261162 1.7491232797918297
-13.331658291457298 1.749961237343335
-13.335859382319528 1.7525685325461513
-13.337810937981612 1.7537688442210744
-13.341350608475045 1.756024736415573
-13.342835744373355 1.7569624021970904
-13.345810962954404 1.758793969849215
-13.34687360279121 1.7594718636676667
-13.34924623115579 1.7609712994488165
-13.352384301912888 1.7629225038324705
-13.353839350706277 1.7638190954773556
-13.357558304145508 1.7661939734744179
-13.357861538777788 1.7663827046420675
-13.358040201005036 1.7664965027841246
-13.361801457250284 1.7688442211054962
-13.363391213344224 1.7698279232512268
-13.366834170854283 1.772008230485187
-13.368882166352204 1.7732842051628026
-13.369829885247897 1.7738693467336368
-13.372246085430337 1.7754156080410803
-13.374371213037422 1.7767410317380232
-13.377855381732083 1.7788944723617774
-13.379880680049476 1.7801920239341484
-13.384422110552775 1.78307427311589
-13.385350940929387 1.7836542178823152
-13.385779844313502 1.783919597989918
-13.38687039974974 1.7846191091890509
-13.390851623963595 1.7871077197863956
-13.39321608040202 1.7886203506730354
-13.393733488644376 1.7889447236180587
-13.396339904818928 1.7905647651701555
-13.401433679059748 1.7938051717629087
-13.401696046212919 1.7939698492461993
-13.40179484869241 1.7940313354058732
-13.402010050251267 1.7941684042213524
-13.407300607598117 1.7974833870609537
-13.409735114043746 1.79899497487434
-13.412766662252325 1.800946782787892
-13.415952422063615 1.8029785096778674
-13.417627893657425 1.8040201005024805
-13.41823288433514 1.804410130678086
-13.419597989949759 1.8052818752913646
-13.423715867739556 1.8078686896192506
-13.42560596139253 1.8090452261306211
-13.429158590681471 1.8113387515497008
-13.430396946162437 1.812130642191387
-13.433471352794959 1.8140703517587617
-13.43463590248762 1.8147989309475134
-13.437185929648251 1.8164318872557406
-13.440094966411564 1.8182643240259555
-13.441426599467151 1.8190954773869024
-13.44477594214186 1.821264052385076
-13.445526575362633 1.8217375613823625
-13.449339175160056 1.824120603015043
-13.45100138544566 1.8251984555582101
-13.454773869346743 1.8276214072888637
-13.456435313312097 1.8286710303673681
-13.457193660131619 1.8291457286431836
-13.459094291211615 1.83038013489029
-13.46187763613468 1.832141206617628
-13.463567839195989 1.8332358472977157
-13.465041082046834 1.8341708542713242
-13.46732665659987 1.835609469255714
-13.472361809045236 1.8388536318954394
-13.472734154128386 1.8390895955899937
-13.472903584748664 1.8391959798994648
-13.47332662578799 1.8394716418259662
-13.478186977523112 1.8425567716767839
-13.480833385373389 1.8442211055276054
-13.483608867984145 1.8460327857446295
-13.487494444346485 1.8485447156136763
-13.488608054686226 1.849246231155746
-13.489016028942592 1.849513008241785
-13.489949748743728 1.8501176972150484
-13.494451653246891 1.8529850983544112
-13.49648999143244 1.8542713567838867
-13.499844986466755 1.856469271634019
-13.501578193023377 1.8575937694352156
-13.504238327371107 1.8592964824120273
-13.505262235283752 1.8599466118858752
-13.50753768844222 1.8614256821865327
-13.510668523070109 1.8634270838607714
-13.512080988229478 1.8643216080401679
-13.515571055599558 1.866616855799407
-13.516040324010614 1.8669174092201963
-13.519869056654073 1.8693467336683085
-13.521458861889634 1.8703943811686168
-13.525125628140712 1.8727872090687052
-13.526834236433913 1.8738836854983916
-13.527602125830663 1.8743718592964491
-13.529490779896147 1.8756190455122876
-13.532215679771765 1.8773712558871454
-13.533919597989957 1.8784929704079811
-13.535320912864837 1.8793969849245897
-13.537602434912227 1.8808573086180118
-13.542713567839204 1.884206656292391
-13.54294521424965 1.8843559258640319
-13.543048899198212 1.8844221105527303
-13.543302676824101 1.8845904274055583
-13.548336013494424 1.8878408231365222
-13.550847279292187 1.889447236180871
-13.553689240165914 1.8913364554299514
-13.557035995478001 1.8935393583633848
-13.5584913455106 1.8944723618090116
-13.559034590051885 1.8948343382335295
-13.560301507537696 1.8956701856933416
-13.564397468175278 1.8983272129692716
-13.566218799122378 1.8994974874371522
-13.569715301413668 1.9018329576721582
-13.570658241026585 1.902456554148264
-13.573825079528294 1.9045226130652928
-13.575069471152302 1.9053283205178317
-13.577889447236188 1.9071978635641091
-13.580395910520346 1.9088316063265314
-13.581505187468975 1.9095477386934334
-13.584184091828588 1.9113462085769761
-13.585704795094207 1.9123399077907113
-13.589155065406521 1.914572864321574
-13.591038978046422 1.9158409811467907
-13.59547738693468 1.9187987177581096
-13.596326904926268 1.919355270523547
-13.5967009892778 1.9195979899497146
-13.597599101427317 1.9202041940904682
-13.601643995386107 1.9228612274488759
-13.604352332067952 1.9246231155778553
-13.606938491414187 1.9263736399261369
-13.610903882227577 1.92903068566154
-13.611838182964213 1.9296482412059959
-13.612210420694751 1.9298925000455442
-13.613065326633173 1.9304669817726117
-13.617510545251283 1.9334033043718195
-13.619452154490263 1.9346733668341365
-13.622763041033291 1.9369277169193868
-13.624093154691675 1.9378241748508511
-13.626950291919933 1.939698492462277
-13.628042458091194 1.9404444376738406
-13.630653266331665 1.942209412710307
-13.633299258224392 1.9439676204067808
-13.634448263159817 1.9447236180904177
-13.63716264472998 1.9465834404899365
-13.638533580392325 1.9474972254155123
-13.63944723618091 1.94812090809865
-13.641880705858393 1.9497487437185583
-13.643793652229096 1.9510194733760038
-13.648241206030157 1.9540453564641682
-13.649004537949562 1.954555774512583
-13.649333961211251 1.954773869346699
-13.65010669787465 1.9553068670165539
-13.654245492187824 1.958083484644077
-13.656828302764293 1.9597989949748396
-13.659458150598363 1.9616192792977785
-13.662926009526904 1.9639946531167674
-13.664170653982808 1.9648241206029802
-13.664653996036662 1.9651598776578334
-13.66582914572865 1.9659676764232854
-13.66986728530208 1.9686954920672832
-13.67159258218014 1.9698492462311208
-13.675029618735783 1.9722456652857945
-13.675604305795915 1.9726421491074824
-13.67888456138363 1.9748743718592614
-13.680231060115014 1.975784664805583
-13.683417085427141 1.9779910434783528
-13.6853923198286 1.9793351448012713
-13.686230172175913 1.979899497487402
-13.688157828338872 1.9812539954621817
-13.69054852921041 1.9828870677488943
-13.693562114664521 1.9849246231155426
-13.695707442942838 1.9864382180249125
-13.700553444791213 1.9898207257909917
-13.7007435292347 1.9899497487436832
-13.70081867723158 1.9900029909991277
-13.701005025125633 1.9901336008003145
-13.705973918946237 1.9935551904230921
-13.708057109880636 1.9949748743718416
-13.711075567256733 1.9971227022482472
-13.71282002376996 1.9983505882702328
-13.715195870441681 2.