-9.566915281033472 0.
-9.56724580650753 0.00016953984927070564
-9.567839195979978 0.0004836063392179568
-9.571751078215332 0.002512562814070307
-9.57349685682792 0.0034086511001572006
-9.57654893366781 0.005025125628140614
-9.576633165829225 0.005069274967916648
-9.579721208299876 0.006655390593452992
-9.58542713567847 0.009655155543711658
-9.585918638315027 0.009909821931550766
-9.586191094063496 0.010050251256281229
-9.587087156751597 0.010524542991459995
-9.592154202414129 0.013153357817090594
-9.594221105527716 0.014250883327457942
-9.595805587013954 0.015075376884421843
-9.598378265192192 0.016400179794356262
-9.603015075376963 0.018844061004100077
-9.604575554530541 0.019654651325825334
-9.60543846175379 0.020100502512562457
-9.60826537335773 0.021600587649924563
-9.61077838543706 0.02290753955210434
-9.615066315768498 0.02512562814070307
-9.61700257377145 0.02615432565613318
-9.620603015075455 0.028056463813844523
-9.623200133725085 0.02940871986894944
-9.624633000991818 0.030150753768843686
-9.629310155241315 0.032638508101946684
-9.629371640564925 0.032670557828564206
-9.6293969849247 0.03268407844833021
-9.634163402598999 0.0351758793969843
-9.635596349576875 0.035917195167575855
-9.638190954773947 0.03729096077471361
-9.641794572413142 0.03917139998535468
-9.64377851592142 0.040201005025124914
-9.647966084658462 0.04243323640054708
-9.650260995248646 0.04364958801789598
-9.65329577362862 0.04522613065326553
-9.654161681104572 0.04568819161551296
-9.655778894472439 0.04654621035437945
-9.660360940868712 0.04894210016818512
-9.66287856798198 0.05025125628140614
-9.666533629728205 0.052203600407898954
-9.671100265985979 0.05462879099956108
-9.672344478796633 0.05527638190954676
-9.672700536543694 0.05546675266018575
-9.673366834170931 0.0558209312499125
-9.678901189825405 0.05872026306498057
-9.681936491565706 0.06030150753768737
-9.685075409254525 0.06198132599908668
-9.690954773869423 0.06510937862046973
-9.691222968574188 0.06525000610732334
-9.69136993170027 0.06532663316582799
-9.691844545537693 0.06558085364247646
-9.697417156798737 0.06850536367130733
-9.699748743718668 0.06975754614951679
-9.700877810448683 0.0703517587939686
-9.70359324411956 0.0717658929220697
-9.708542713567915 0.07440366855108937
-9.709742806125513 0.07503400083422385
-9.71039934749023 0.07537688442210921
-9.712514233826258 0.07651160449592176
-9.715910572049554 0.07829690762692465
-9.719938241453601 0.08040201005024983
-9.722088848638364 0.08155681137254778
-9.726130653266408 0.08371423043058801
-9.728240732269104 0.08482425596333432
-9.729393359953765 0.08542713567839044
-9.733097557766344 0.08741767982122983
-9.734383064207591 0.08809442960904956
-9.734924623115653 0.08838617306698549
-9.738838319571874 0.09045226130653106
-9.740563836145753 0.09135362039771522
-9.7437185929649 0.09303998890594745
-9.746718367928215 0.0946203083737247
-9.748354784431877 0.09547738693467167
-9.752846441244602 0.097894555911469
-9.75361211579938 0.09830410774452236
-9.75780677400136 0.10050251256281229
-9.759019953910643 0.10115582077788332
-9.761306532663392 0.1023796847446432
-9.765177523782798 0.10442164072826543
-9.767286442931654 0.1055276381909529
-9.771308724045442 0.10769499485279344
-9.774071882577125 0.1091748810234483
-9.776675191439965 0.11055276381909351
-9.777458561983076 0.11096302392732404
-9.778894472361884 0.11173252470105854
-9.783619286275238 0.11422794261484803
-9.786190313482319 0.11557788944723413
-9.789753766834188 0.11750035951185911
-9.794465179522662 0.12002666292174169
-9.795562259556178 0.12060301507537474
-9.795880727780347 0.12077492486966879
-9.796482412060376 0.1210977299857694
-9.802044870833289 0.12403886676839715
-9.804982379689983 0.12562814070351536
-9.805276381909621 0.125785527189195
-9.808182894128459 0.1273102714550607
-9.814070351758868 0.13047058743817352
-9.814294568363852 0.13058920444451783
-9.814416381704932 0.13065326633165597
-9.81480459205083 0.13086304927221626
-9.820455535086017 0.13385405386632598
-9.823922833277967 0.13567839195979658
-9.826597351025065 0.13712437494045293
-9.83165829145736 0.13984370048676453
-9.83271294044843 0.14040218930477444
-9.833285371492735 0.1407035175879372
-9.835107023451611 0.14168886958629479
-9.838852460440068 0.14367316636387528
-9.840452261306606 0.14454038116169965
-9.842689148297866 0.1457286432160778
-9.844998306704857 0.1469423359163624
-9.849246231155853 0.14922685749319609
-9.851118047083485 0.15021896429346615
-9.852133135798068 0.15075376884421843
-9.855359215446946 0.1525003357845307
-9.857236755479976 0.15349588752260956
-9.861568306196908 0.15577889447235904
-9.86338685784198 0.15676384104732044
-9.866834170854345 0.15861929927783613
-9.86951097303986 0.16003921947606692
-9.870961474116333 0.16080402010049966
-9.87556587633125 0.16329879309390094
-9.875609459268057 0.16332192046757932
-9.87562814070359 0.16333206340453899
-9.880321377360456 0.16582914572864027
-9.88176403190795 0.166588596770036
-9.884422110552837 0.1680203095809576
-9.887892734208371 0.16986266459805677
-9.889772065799878 0.17085427135678088
-9.893995336463595 0.17314418958184774
-9.895754708111602 0.17409215637357
-9.89914086089126 0.1758793969849215
-9.90013079036409 0.17641632838127563
-9.902010050251329 0.17742921366784437
-9.906264280791593 0.17968902817298638
-9.908566476357699 0.1809045226130621
-9.91237178655645 0.18296915215402443
-9.915906748109101 0.18487500771528254
-9.917886374108948 0.18592964824120273
-9.918488031738317 0.1862467791587754
-9.919597989949821 0.18684537691912784
-9.924626500377274 0.18951805660435728
-9.927346163428744 0.19095477386934334
-9.9307390978567 0.19279672580980467
-9.936025139847821 0.19564824526877178
-9.93665278962825 0.19597989949748396
-9.936836594584307 0.19607970951577158
-9.937185929648313 0.19626820341593287
-9.942980220892032 0.19934951334170492
-9.946112482440572 0.20100502512562457
-9.949098087677607 0.20262667703110981
-9.954773869346806 0.20568994096686577
-9.955189964281727 0.2059112664866447
-9.955414844178732 0.20603015075376518
-9.956125858779478 0.20641643344881455
-9.961326213435395 0.20918317807088016
-9.964866691966133 0.2110552763819058
-9.96744951681125 0.2124587884487763
-9.972361809045298 0.21511113521819958
-9.973546940214977 0.21574179310442343
-9.97418718269447 0.2160804020100464
-9.976210215545425 0.2171799467243689
-9.979665194995313 0.21901884593818188
-9.981155778894543 0.2198305245894483
-9.983545116961768 0.22110552763818703
-9.985794092235478 0.22229285806913346
-9.98994974874379 0.22453751107918585
-9.991897217865892 0.22557423351715578
-9.992948809972225 0.22613065326632764
-9.996270277782127 0.2279365187058522
-9.99799783104721 0.22885632680777768
-10.00234292232118 0.23115577889446826
-10.004132218647307 0.23212877026446144
-10.007537688442282 0.23396894658944145
-10.010240898165296 0.23540855888746126
-10.011700185851502 0.23618090452260887
-10.016306001139602 0.23868613672184402
-10.016323916770762 0.23869567919975498
-10.016331658291527 0.23869989774764733
-10.021024832069319 0.24120603015074948
-10.02246418208246 0.2419664433102673
-10.025125628140774 0.24340496365501085
-10.028578905310248 0.2452445051590404
-10.03044264452486 0.2462311557788901
-10.034667855665417 0.24852993068570495
-10.036345650374274 0.2494368764170325
-10.039782022793842 0.2512562814070307
-10.040791355315593 0.2518054849852227
-10.042713567839266 0.25284466861808497
-10.046912266199737 0.25508177893217976
-10.049177839613346 0.2562814070351713
-10.053007505189033 0.2583654077062354
-10.056369443040136 0.26018308566399106
-10.05847241072848 0.26130653266331194
-10.059114241961712 0.26164575139932555
-10.060301507537758 0.2622877218000843
-10.065241447039115 0.26492024700535044
-10.067906530018151 0.26633165829145256
-10.07134307938295 0.268202049106681
-10.076379021788034 0.2709252337915311
-10.077193827394971 0.27135678391959317
-10.077433277336846 0.2714871181765659
-10.07788944723625 0.27173381012651365
-10.083566875176068 0.2747597872792147
-10.086541784491741 0.2763819095477338
-10.086683417085496 0.276458312010579
-10.089674997684318 0.2780397350478552
-10.095477386934743 0.28117777061885096
-10.09575741247888 0.28132702787754926
-10.095908456800766 0.2814070351758744
-10.09638463440191 0.28166624873792134
-10.101888941427184 0.2846002880918892
-10.105347111490643 0.286432160804015
-10.10800364331762 0.2878783560370479
-10.113065326633235 0.29061606592386546
-10.114092733485208 0.2911637416173063
-10.114646859791533 0.2914572864321556
-10.11639356253957 0.2924082109768227
-10.120208002184246 0.2944416476171501
-10.12185929648248 0.29534221251156456
-10.12399276493676 0.29648241206029624
-10.12632936535815 0.29771781233846095
-10.130653266331727 0.3000566365907327
-10.132425211124897 0.3010012677475311
-10.13338083675957 0.30150753768843686
-10.136392879907682 0.30314742728156663
-10.138524381329836 0.30428377331711776
-10.14276923031744 0.30653266331657747
-10.144652480611569 0.30755801343619193
-10.14824120603022 0.30949925917729626
-10.150755155146543 0.31083951776862584
-10.152110894026768 0.3115577889447181
-10.156383850490505 0.3138842587905142
-10.15683837198745 0.3141265814422214
-10.157035175879464 0.31423392095894176
-10.16143009694929 0.3165829145728587
-10.162973275333679 0.31739887754286755
-10.165829145728711 0.31894373105176044
-10.169082844950248 0.320678411851989
-10.170837487208146 0.3216080402009993
-10.17516684734575 0.3239652510814146
-10.176384218842468 0.32462377537635767
-10.18017686102058 0.3266331658291399
-10.18129200681096 0.32724033114806694
-10.183417085427203 0.32838986939260106
-10.18740853114379 0.3305178783953986
-10.189561023881977 0.33165829145728054
-10.193499577950664 0.3338027049358603
-10.196384535743762 0.33536327726201165
-10.198854497451718 0.33668341708542115
-10.19960890481934 0.33708230860152266
-10.201005025125696 0.33783751025327025
-10.205732436980847 0.3403578536120895
-10.20828186604531 0.34170854271356177
-10.211830579666685 0.3436406527585625
-10.216379488570928 0.34610124655505636
-10.217573203390632 0.3467336683417024
-10.21792417297604 0.3469247517268874
-10.218592964824188 0.34728650768455793
-10.2240547596955 0.35019828114946794
-10.22700033238156 0.351758793969843
-10.230160043337458 0.353479040022763
-10.23618090452268 0.35673570387738174
-10.236239788993153 0.3567670954635629
-10.236271547354761 0.3567839195979836
-10.236371652310508 0.3568384189659346
-10.24237567174506 0.36003911173401537
-10.245716796819554 0.3618090452261242
-10.248488181762465 0.3633178059286122
-10.253768844221172 0.3661738839328583
-10.254575283136624 0.3666037597355638
-10.25501024599549 0.36683417085426484
-10.25638156382785 0.36758066217045826
-10.260695614378452 0.3698802192946111
-10.262562814070417 0.3708984101139299
-10.264360960102774 0.37185929648240545
-10.266815428047162 0.3731568267316918
-10.271356783919664 0.37561285595115823
-10.272909854442583 0.3764406876754265
-10.2737475647965 0.37688442211054607
-10.276388846257124 0.3783221542069626
-10.279014467468635 0.3797216381532671
-10.283145088959614 0.3819095477386867
-10.285141460587374 0.38299619431891063
-10.288944723618156 0.38505292519470835
-10.291243151950901 0.38627797955747134
-10.292482979161424 0.3869346733668273
-10.296392515306255 0.3890626138491413
-10.297332119807917 0.3895634000836079
-10.297738693467402 0.3897850788855939
-10.301808846182457 0.3919597989949679
-10.303466327230886 0.3928358950194708
-10.306532663316649 0.39449398879626507
-10.309575316249779 0.3961155952136428
-10.311216716982145 0.3969849246231085
-10.315658851394666 0.3994025679432438
-10.316403297681394 0.39980510587017815
-10.32056668325413 0.40201005025124914
-10.32179014896733 0.4026758942649096
-10.32412060301514 0.40393596288808276
-10.32790646046775 0.40595350232150196
-10.329948960481364 0.40703517587938975
-10.333997399449231 0.40923835966921907
-10.336424281384968 0.4105505125564832
-10.339250429540092 0.41206030150753037
-10.340113020571895 0.4125161649765987
-10.341708542713633 0.41337878160739105
-10.346236671725448 0.4157916759894382
-10.34867984863478 0.417085427135671
-10.352335029498292 0.41907441368248044
-10.356442957432012 0.42129525991235095
-10.357982665725588 0.4221105527638116
-10.358435012010647 0.4223566871642346
-10.359296482412125 0.4228223961324833
-10.364566012536548 0.425630098356403
-10.36740947950349 0.4271356783919522
-10.370671796594111 0.4289107142538109
-10.376459539769657 0.43203940906553306
-10.37668681929237 0.4321608040200928
-10.37675616979222 0.43219744753963507
-10.376884422110617 0.4322667737531338
-10.382894522153412 0.4354687582074348
-10.386137912470137 0.43718592964823344
-10.389007732723739 0.4387472522440534
-10.39447236180911 0.4417009914172807
-10.395095564216382 0.44203299744572444
-10.39543189537272 0.44221105527637405
-10.396493234836935 0.442788447570039
-10.401222217854402 0.44530765060585953
-10.403266331658354 0.44642162750341097
-10.40479158496612 0.44723618090451467
-10.407342848088465 0.44858402473855286
-10.412060301507601 0.45113365143650785
-10.413438171748666 0.4518676293209225
-10.41418185459813 0.4522613065326553
-10.41652899400321 0.45353807581711436
-10.41954909617089 0.45514677654271374
-10.423591241547246 0.4572864321607959
-10.425677132322084 0.458421034699084
-10.429648241206094 0.46056708096132937
-10.431779932123101 0.4617025032412201
-10.432930584856868 0.4623115577889365
-10.43656268408656 0.464287112897642
-10.437875134052955 0.46498614260368765
-10.438442211055339 0.4652951230394944
-10.442265762555003 0.4673366834170771
-10.444010555647136 0.4682582906334911
-10.447236180904586 0.47000130519724603
-10.45012080882297 0.4715376296399656
-10.451678024843718 0.47236180904521774
-10.45620565399204 0.474824228076943
-10.456599515398294 0.47503704747199116
-10.46103961593927 0.47738693467335835
-10.462343069969071 0.4780958062830747
-10.464824120603078 0.47943636168098
-10.468460747172996 0.4813730241386649
-10.470424082807625 0.48241206030149897
-10.474553081983949 0.48465748267796194
-10.476651749987026 0.4857913829826268
-10.479734634440105 0.4874371859296396
-10.480674609908743 0.48793360032759026
-10.48241206030157 0.48887229957613254
-10.486799675361413 0.4912087072549678
-10.489168638252009 0.4924623115577802
-10.492899461688413 0.49449103678968065
-10.496701133486424 0.4965449038963099
-10.498482322816137 0.4974874371859208
-10.499005093774135 0.4977716961076144
-10.500000000000062 0.4983091790105574
-10.50513762874741 0.501044668886248
-10.507911822840558 0.5025125628140614
-10.511244979303962 0.5043248372125166
-10.516748628695261 0.5072978852984038
-10.51720185120332 0.507537688442202
-10.51733485107001 0.5076099994789285
-10.517587939698554 0.5077467124921533
-10.523474705937952 0.5108808808590863
-10.52665360059767 0.5125628140703427
-10.529589403172691 0.5141589501344441
-10.535175879397046 0.5171765775684891
-10.535678698717694 0.517444277035441
-10.535950230442806 0.5175879396984833
-10.536807913415455 0.5180542351323139
-10.541810416986058 0.520717483158335
-10.543969849246292 0.5218935783895704
-10.545317915931246 0.5226130653266239
-10.54793239641474 0.5239934718068513
-10.552763819095539 0.5266031382649983
-10.554029027336025 0.5272767028860539
-10.5547122896295 0.5276381909547645
-10.556870613437594 0.5288115607667798
-10.560144610258863 0.5305545191076693
-10.564130598864736 0.5326633165829051
-10.566273803487986 0.5338284466703467
-10.57035175879403 0.5360310733518601
-10.572377699512577 0.5371096020057466
-10.573471814815308 0.5376884422110457
-10.57692806812402 0.5395673877339
-10.578477127670366 0.540392033874519
-10.579145728643276 0.5407561568520043
-10.582813418806218 0.5427135678391863
-10.584613462257215 0.5436639210492746
-10.587939698492523 0.5454605007921511
-10.590724548985666 0.5469430218978575
-10.592228531890578 0.547738693467327
-10.596810141411387 0.5502294068329352
-10.596981905780812 0.5503221812639802
-10.601597118307563 0.5527638190954676
-10.602951203842677 0.5534999431949927
-10.605527638191015 0.5548915429067502
-10.609069402617067 0.5567770120304507
-10.610982154866601 0.5577889447236082
-10.615162154343018 0.5600613514511759
-10.617050036003587 0.5610810583843433
-10.620297227400181 0.5628140703517488
-10.621286852489375 0.5633365633232152
-10.623115577889507 0.5643243264717901
-10.627412080268313 0.5666116238716592
-10.629732385687946 0.5678391959798894
-10.633511906102076 0.5698939421187248
-10.637110606300404 0.571837775525859
-10.639050915033781 0.57286432160803
-10.639620225455165 0.5731738336459831
-10.640703517588 0.573758982804919
-10.645752394695041 0.5764469109198727
-10.648478914076508 0.5778894472361706
-10.651859204864174 0.5797272336425472
-10.657162800002459 0.5825920993545877
-10.65776698051203 0.5829145728643113
-10.657951132915471 0.5830118083988882
-10.658291457286492 0.5831956478421318
-10.664090151457136 0.5862829287294105
-10.667221417403654 0.5879396984924519
-10.67020385149587 0.5895612829179129
-10.675879396984984 0.5926272690868677
-10.676291983560844 0.592846942241775
-10.676514769918242 0.5929648241205925
-10.677218337896917 0.5933473786668593
-10.682425148842183 0.5961197349323903
-10.684673366834229 0.5973443692399751
-10.685882782082915 0.5979899497487331
-10.688545639482491 0.5993961489490145
-10.693467336683476 0.6020551265699527
-10.694640600090072 0.6026798572607035
-10.695274079919777 0.6030150753768737
-10.697274347187761 0.6041027926638121
-10.700757177799696 0.6059573892575232
-10.704692996004654 0.6080402010050143
-10.706884354865853 0.6092318928667613
-10.711055276381968 0.6114854986141838
-10.712986037331177 0.612513680647667
-10.71402840484602 0.6130653266331549
-10.717319194326716 0.614855017474512
-10.719086021883516 0.6157959535465674
-10.719849246231213 0.616211780565675
-10.72336795937673 0.6180904522612956
-10.72521977618917 0.6190685779445211
-10.72864321608046 0.6209185453799995
-10.73132806873662 0.6223484771305339
-10.73277737061012 0.6231155778894362
-10.737351913652514 0.625603777195737
-10.737411457199746 0.6256354917692102
-10.74214428998139 0.6281407035175768
-10.743551674446609 0.628906269612532
-10.746231155778952 0.630354432079363
-10.74966638137887 0.6321843361171693
-10.7515203495846 0.6331658291457174
-10.755755321961718 0.6354697644359248
-10.757392719108497 0.6363548472398728
-10.760830482125714 0.638190954773858
-10.761879346275048 0.6387451688316856
-10.763819095477444 0.6397937793160056
-10.768000277539448 0.6420214569557121
-10.770256503614466 0.6432160804019986
-10.774095556882356 0.6453050742001647
-10.77741868201992 0.6471016765569919
-10.77957065502515 0.6482412060301392
-10.780202866488207 0.6485852542266342
-10.781407035175937 0.6492363376517716
-10.786330083847963 0.6518597463234155
-10.788986147527904 0.6532663316582799
-10.792431674615948 0.6551415603035604
-10.797429798373095 0.6578442640003255
-10.79827414750421 0.6582914572864205
-10.798522272937365 0.6584265149827244
-10.798994974874429 0.6586821547382797
-10.80465564305339 0.6616992491491436
-10.807709031975659 0.6633165829145611
-10.810763408567508 0.6649792989161076
-10.81658291457292 0.6681268660633037
-10.816845312984146 0.6682667375680662
-10.816986836426992 0.6683417085427017
-10.817432901314083 0.668584561897319
-10.822976684375623 0.6715400427986413
-10.825376884422166 0.672849152113967
-10.82634545582506 0.6733668341708423
-10.829090481376857 0.6748183692835727
-10.834170854271413 0.6775668565795909
-10.835178435089242 0.6781040795653182
-10.835721735506123 0.6783919597989829
-10.837433472698189 0.6793241364923475
-10.841292926669174 0.6813822075991913
-10.845132710113319 0.6834170854271235
-10.84741260533951 0.6846588536072371
-10.851758793969905 0.6870108047249648
-10.853506455031805 0.6879428793232929
-10.854448557900305 0.6884422110552642
-10.857415464706188 0.690058402694202
-10.85960407879454 0.6912258267335085
-10.86055276381915 0.6917435436922572
-10.86377614201244 0.6934673366834048
-10.865729482759171 0.6945008369431838
-10.869346733668397 0.6964589273842572
-10.871829068493659 0.6977832237900419
-10.873166803120514 0.6984924623115454
-10.877377601837338 0.7007869960740996
-10.877909839923714 0.7010709861524527
-10.882523745580931 0.703517587939686
-10.884040806234774 0.7043444071202902
-10.88693467336689 0.7059114482889566
-10.890145961429779 0.7076252026927152
-10.891875954698113 0.7085427135678266
-10.896225042612262 0.7109134479830033
-10.89733356978058 0.711513826828881
-10.901171835419754 0.7135678391959672
-10.90234625888467 0.7141896546761703
-10.904522613065382 0.7153685979426783
-10.908456810274215 0.7174689084787271
-10.910575480607152 0.7185929648241078
-10.914541290033032 0.7207556113186344
-10.917273979734961 0.7222362124439874
-10.919878090330526 0.7236180904522485
-10.92064551451038 0.7240366728103895
-10.922110552763874 0.7248306135916662
-10.926761282085762 0.7273144362741348
-10.929264833590908 0.7286432160803891
-10.932850976559449 0.7305996491955087
-10.937190225588445 0.7329516940302669
-10.938528323176229 0.7336683417085297
-10.938938237701986 0.7338855573543528
-10.939698492462366 0.7342977392394072
-10.94505903463539 0.7371618838586631
-10.94794345139653 0.7386934673366703
-10.951153753051786 0.7404456613678336
-10.957080870223102 0.7436598609825946
-10.95719145417953 0.7437185929648109
-10.957224083886961 0.7437364067573524
-10.957286432160858 0.7437702257046608
-10.963349716437179 0.7470113516568597
-10.966080402010103 0.7485047814388999
-10.966526228341998 0.7487437185929515
-10.969449261012704 0.7502937502634222
-10.97487437185935 0.7532371673116254
-10.97552244718371 0.7535836798427029
-10.975870919734758 0.7537688442210921
-10.976963924825059 0.7543658593541522
-10.981632966724169 0.7568629427449993
-10.985266158271864 0.7587939698492328
-10.987737132544948 0.7601440209957735
-10.992462311557842 0.7627090444964981
-10.993814926790948 0.7634326339822
-10.994541870460145 0.7638190954773734
-10.996820065341131 0.7650641679868846
-10.999908425435668 0.7667167599975633
-11.001256281407088 0.7674546851073467
-11.003846287757726 0.768844221105514
-11.00601704549093 0.7699965656099153
-11.010050251256335 0.7721871667492382
-11.012099286225977 0.7732839081708995
-11.013199893617665 0.7738693467336546
-11.016646249717686 0.7757539177226125
-11.018175848733353 0.7765728730826478
-11.022539111412767 0.7788944723617952
-11.024288665607239 0.7798514796039635
-11.027638190954827 0.7816718528001516
-11.030375066329768 0.7831376335970957
-11.031844264564198 0.7839195979899358
-11.036434772625961 0.7864314145691802
-11.036440558936796 0.7864345602704983
-11.041113690221696 0.7889447236180764
-11.042551465683577 0.7897089136094317
-11.045226130653319 0.7911634632565585
-11.048641793108564 0.7929939456875763
-11.050474214757596 0.793969849246217
-11.0547053955894 0.7962866134640487
-11.05622147626745 0.7971113765645397
-11.059757072693758 0.7989949748743577
-11.060805035031665 0.7995689849658278
-11.062814070351811 0.8006623042071839
-11.066899048289335 0.8028529639489204
-11.069089065646152 0.8040201005024983
-11.072966301378646 0.8061445886944005
-11.07596667944258 0.8077779888141468
-11.078322637613661 0.8090452261306389
-11.079048953658168 0.8094318136712486
-11.080402010050303 0.8101686895803137
-11.085146404045405 0.8127148106173223
-11.0876881242264 0.8140703517587795
-11.091217054180635 0.8160054647782538
-11.095674473151897 0.8184339126449487
-11.096914482881784 0.8190954773869201
-11.097282791800323 0.8192975225150549
-11.097989949748795 0.8196829416279403
-11.103383422514456 0.8225796107963008
-11.106270682411292 0.8241206030150607
-11.109457207872337 0.8258693691793324
-11.115343135287208 0.8290786560260361
-11.115468755316435 0.8291457286432014
-11.115506109419503 0.8291662372225685
-11.115577889447287 0.8292053914514215
-11.121609655273488 0.8324474926067138
-11.124836016338948 0.834170854271342
-11.127686305476605 0.8357364324625349
-11.13316582914578 0.8387266645329259
-11.133735769762207 0.8390331397233606
-11.134040500295354 0.8391959798994826
-11.134987828237632 0.8397165510685829
-11.139824642768723 0.8423185873496388
-11.141959798995025 0.8434938681838462
-11.143308009064924 0.8442211055276232
-11.145903878571861 0.8456067884625975
-11.150753768844272 0.8482557959717134
-11.151955870752017 0.8489027734678363
-11.152598038822264 0.8492462311557638
-11.154591649144017 0.8503427683842624
-11.158027913698234 0.8521930296827724
-11.161912032520767 0.8542713567839044
-11.16410944665325 0.8554805744666227
-11.168341708542764 0.857794419902822
-11.170163672614441 0.8587759212487089
-11.17113607845184 0.859296482412045
-11.174150577009527 0.8609561591168342
-11.176218984344743 0.8620709578110484
-11.177135678392009 0.8625764928929298
-11.180364846149365 0.8643216080401857
-11.182302516442576 0.8653579314112374
-11.185929648241256 0.8673429183999293
-11.188358672306476 0.8686527267925488
-11.189653817751742 0.8693467336683263
-11.193662761703353 0.8715561946574963
-11.194397357855744 0.8719525136923281
-11.198910036157315 0.8743718592964669
-11.200482581144113 0.8752390040952198
-11.203517587939748 0.8769016859431877
-11.20654035287403 0.8785333378005262
-11.208150435191575 0.8793969849246075
-11.212570370260378 0.881835601318282
-11.213133945277734 0.8821445155926035
-11.217339658656593 0.8844221105527481
-11.218649119642913 0.8851239414085557
-11.22110552763824 0.8864711302711177
-11.224708182623555 0.8884179061850848
-11.226625088057581 0.8894472361808887
-11.23073940706331 0.8917198248304379
-11.23256403898994 0.8927210965670884
-11.235823583157808 0.8944723618090293
-11.23680159564196 0.8950128965789643
-11.238693467336732 0.8960516733007244
-11.242861614230653 0.8983065883246208
-11.245076919592167 0.89949748743717
-11.248893705810104 0.9016082592157755
-11.25194117663504 0.9032825472366861
-11.254225784147613 0.9045226130653106
-11.25493946777114 0.9049060242836209
-11.256281407035225 0.9056437415918408
-11.261000103402969 0.908199539731239
-11.263505048860774 0.9095477386934512
-11.267032709295467 0.911501063675809
-11.271263387995157 0.9138283046820028
-11.272645929572393 0.9145728643215918
-11.2730621613054 0.9148034887296825
-11.273869346733717 0.9152477966505232
-11.279123037930072 0.9180969353222022
-11.28190853013534 0.9195979899497324
-11.285155779727445 0.921398420436808
-11.290528516622024 0.9243577527749629
-11.291016166586118 0.924623115577873
-11.291169058722925 0.9247054663519538
-11.291457286432209 0.9248643307577407
-11.297229806392341 0.927998949788833
-11.300286406343226 0.9296482412060136
-11.30326230739642 0.9313005037015225
-11.309045226130701 0.9344901216135542
-11.3092662409228 0.9346102197506969
-11.309383191427312 0.9346733668341543
-11.309740962537598 0.934872148664696
-11.315319796463113 0.9379057580816053
-11.317839195979946 0.9393076556850755
-11.318555949626118 0.9396984924622949
-11.321351666246176 0.9412074923431568
-11.326633165829193 0.9441247158043486
-11.32735484547857 0.944517423904899
-11.327736193326976 0.9447236180904355
-11.328900317023338 0.945371375574477
-11.333392373623775 0.9478175414915526
-11.336961490048635 0.9497487437185761
-11.339423207392187 0.9511195717572898
-11.344221105527685 0.9537736441952278
-11.34542521916512 0.9544298368788775
-11.346060568727841 0.9547738693467167
-11.347995766743585 0.9558523439798314
-11.35144687983172 0.9577344880308472
-11.35301507537693 0.9586096893619294
-11.355189676530419 0.9597989949748573
-11.357476257743576 0.9610369342556009
-11.361809045226178 0.9634374682657487
-11.363476673485039 0.9643476553861801
-11.36435525950465 0.9648241206029979
-11.367025133792566 0.9663144316219663
-11.369482632081064 0.9676567928440285
-11.373522270468195 0.9698492462311386
-11.375510118514244 0.9709597794912606
-11.37939698492467 0.9731167752440681
-11.381508493491589 0.9742710836973023
-11.382619171102494 0.9748743718592792
-11.385986194783952 0.9767570032476458
-11.387498920847456 0.9775846586523382
-11.388190954773915 0.9779721326189916
-11.39170366895884 0.9798994974874198
-11.393524063614178 0.9808883149185581
-11.396984924623162 0.9828121799754284
-11.399519936124825 0.9842003341150853
-11.400851170450547 0.9849246231155604
-11.404876679397079 0.9871794101938223
-11.405495008407511 0.9875182962338869
-11.409960161081907 0.989949748743701
-11.411517337911112 0.9908227562895702
-11.414572864321654 0.9925243269567314
-11.417510228413619 0.994135627488423
-11.419050083715778 0.9949748743718416
-11.423473331369744 0.9974570094148136
-11.423697327599374 0.9975818638797618
-11.428088946713569 0.9999999999999822
-11.429489155351716 1.0007633281909625
-11.432160804020146 1.0022538925536395
-11.435478565532371 1.004077193767487
-11.43721469388467 1.0050251256281229
-11.441438004328527 1.0073996225967266
-11.442450437237632 1.0079650208331188
-11.446265952746739 1.0100502512562635
-11.447438696930373 1.0107102646243398
-11.449748743718638 1.0120015874185793
-11.453424108700013 1.0140252726040115
-11.455343738159824 1.015075376884404
-11.459379354108323 1.0173488995440634
-11.461125137371608 1.0183257750709673
-11.46433586366897 1.0201005025125447
-11.465365108492389 1.0206638096338994
-11.46733668341713 1.021768159130212
-11.471345982907598 1.023980114000552
-11.473435905157068 1.0251256281406853
-11.477296484311521 1.0273050963704282
-11.479718930670868 1.0286634130703245
-11.482429737628806 1.030150753768826
-11.483267498357076 1.0306242179855536
-11.484924623115623 1.031554395077456
-11.489243274459351 1.0339419790130435
-11.49148978210044 1.0351758793969665
-11.495188443843904 1.0372684848170266
-11.49822911790505 1.0389771636225174
-11.5004339200056 1.0402010050251072
-11.501144858330182 1.040591777734802
-11.502512562814115 1.0413612031157902
-11.507114781527408 1.0439112110208786
-11.509503627496292 1.0452261306532478
-11.513053845442014 1.0472394612448461
-11.516651786077164 1.0492659087284046
-11.518439910000085 1.0502512562813884
-11.518995814853291 1.0505668813269073
-11.520100502512607 1.0511897917257684
-11.524959441886995 1.0538881135168463
-11.527475934141508 1.055276381909529
-11.53089200430124 1.057218221312345
-11.5349857472853 1.0595293089874414
-11.536370537005403 1.0603015075376696
-11.536819901266181 1.0605496620933605
-11.537688442211099 1.0610405839594739
-11.542776635377558 1.0638728636896788
-11.545405748108497 1.0653266331658102
-11.548702046128687 1.0672050148174979
-11.553228605642369 1.069766679860459
-11.554285436448847 1.0703517587939508
-11.554616080832485 1.070540416244552
-11.555276381909591 1.0709145653849452
-11.560565258408019 1.073865776851112
-11.563291454524542 1.0753768844220915
-11.566482838853725 1.0772001652090504
-11.571377530359989 1.0799772125507765
-11.572135568317824 1.080402010050232
-11.572383224759001 1.0805394662928274
-11.572864321608083 1.0808127806627157
-11.578324152756673 1.0838671839216323
-11.581131367634654 1.0854271356783727
-11.584233194020035 1.087204012045956
-11.589429621277004 1.0901600784409213
-11.589954732247536 1.0904522613065133
-11.590120147444685 1.0905471509813394
-11.590452261306575 1.0907363385915296
-11.59605210155525 1.09387743257789
-11.5989237260474 1.095477386934654
-11.601951862626098 1.0972169121857878
-11.60738190594106 1.100314428258792
-11.607715736999028 1.1005025125627945
-11.607825602261183 1.1005638264896191
-11.608040201005068 1.1006864176721392
-11.61374782491769 1.1038968885016152
-11.616666687594975 1.1055276381909351
-11.619637530596838 1.1072392410785694
-11.625231336516379 1.1104393911941672
-11.625433972654458 1.1105527638190758
-11.62549827695689 1.1105898677466959
-11.62562814070356 1.1106642722513405
-11.63140997517793 1.1139259367402534
-11.634358323772867 1.1155778894472164
-11.637288813849063 1.1172713941766421
-11.642974786510932 1.1205340739636078
-11.64309643643421 1.120603015075357
-11.643136788646165 1.1206256698627532
-11.643216080402052 1.1206712393171658
-11.649037131696577 1.1239649831907768
-11.651996613720627 1.1256281407034976
-11.654904252908912 1.1273137884725353
-11.660609047315559 1.1305975598216422
-11.660708020271816 1.1306532663316382
-11.660739678340635 1.130671649691612
-11.660804020100544 1.1307087460263245
-11.666627795191541 1.1340144562194938
-11.669579437701072 1.1356783919597788
-11.672482307034405 1.1373668641782446
-11.678130824547152 1.1406289075159526
-11.67826164196259 1.1407035175879194
-11.67830540497422 1.1407282475378668
-11.678391959799036 1.1407783180568298
-11.684180381542143 1.1440748084323156
-11.687104570030458 1.14572864321606
-11.690021347790324 1.1474310865609754
-11.695536734187266 1.1506271501841256
-11.69576023545641 1.1507537688442007
-11.69583233886749 1.1507959290242118
-11.695979899497528 1.1508815888925774
-11.701693215009826 1.154146518611685
-11.70456967140671 1.1557788944723413
-11.707519652016053 1.1575069479523314
-11.712823298507002 1.1605912941893344
-11.713193703361439 1.160804020100482
-11.713318754570034 1.1608751871364777
-11.71356783919602 1.1610203101628018
-11.719164520811434 1.164230093838504
-11.721972280576821 1.1658291457286225
-11.724975394119445 1.1675949699500707
-11.729986941768175 1.1705203178920947
-11.730572253580974 1.1708542713567631
-11.730762823011629 1.1709665444661583
-11.731155778894513 1.17119636317834
-11.736592416972666 1.174326071819717
-11.739309805277621 1.1758793969849037
-11.742386637620996 1.177695705834049
-11.747023985690111 1.1804131703550746
-11.747873100639323 1.1809045226130443
-11.748162602883985 1.1810705556727639
-11.748743718593005 1.1814117718289312
-11.753975518382736 1.1844348483012617
-11.756580903551837 1.185929648241185
-11.759752666343418 1.1878093602263506
-11.763936097545656 1.190270327941942
-11.76512668599451 1.1909547738693256
-11.765518082789127 1.19118722401286
-11.766331658291497 1.1916668261133854
-11.771312604023663 1.1945567721454182
-11.773782941212508 1.1959798994974662
-11.777070693519503 1.1979367293461767
-11.78079791236327 1.2001131149465438
-11.782350631141838 1.2010050251256068
-11.782883153890591 1.2013011520111494
-11.78391959798999 1.2018909389308678
-11.788811299558184 1.204632521734264
-11.791322371081291 1.2060301507537474
-11.794708861427434 1.2079726296854751
-11.798726835665512 1.2102607900896114
-11.800153269666236 1.211055276381888
-11.80060333101092 1.211313621146905
-11.801507537688481 1.2118289273198233
-11.806527036066507 1.2146462596163072
-11.809099984539989 1.2160804020100286
-11.812419978632319 1.2179876873685016
-11.816672952537933 1.220413377681301
-11.817901735397962 1.2211055276381693
-11.818306093181604 1.22133106598256
-11.819095477386973 1.22178164037385
-11.82422490154787 1.2246651035060534
-11.826850205969992 1.2261306532663099
-11.830112758108172 1.2280079844026792
-11.834561903482621 1.2305496321507805
-11.835646883403385 1.2311557788944505
-11.835990605137603 1.2313537251652686
-11.836683417085466 1.2317498274653742
-11.841904038859473 1.2346892983014461
-11.844571762471691 1.236180904522591
-11.847786320300614 1.2380337720892607
-11.852391301038066 1.240668871366192
-11.853341821857978 1.2412060301507317
-11.8536559905179 1.2413818490838908
-11.854271356783958 1.2417342804740805
-11.85956354867369 1.244719100953235
-11.862263323503049 1.2462311557788723
-11.865439742350041 1.2480653141024174
-11.870158680311043 1.2507703910723258
-11.87102549669411 1.251256281407013
-11.87130132961562 1.2514157005118216
-11.87185929648245 1.2517358366854312
-11.877202487150472 1.2547547811300044
-11.87992349813155 1.2562814070351536
-11.883072055683378 1.2581028871773148
-11.887861497683723 1.2608534645212313
-11.888660345555094 1.2613065326632942
-11.888925656939238 1.2614555553037814
-11.889447236180942 1.261755381964961
-11.894819863412964 1.2647966219394284
-11.89755083206849 1.2663316582914348
-11.900682243400857 1.2681467818567427
-11.905497129435547 1.270917342078465
-11.90627819834372 1.2713567839195754
-11.906527958564247 1.2715017031524862
-11.907035175879434 1.2717938542405545
-11.912414636804973 1.274844920711847
-11.915143804462431 1.276381909547716
-11.918269237435828 1.2781973033026013
-11.923062870264781 1.2809612508006722
-11.923845779893592 1.2814070351758566
-11.924107169252936 1.2815544484115682
-11.924623115577926 1.2818522473285672
-11.929985713907266 1.2848999898527573
-11.93270082442725 1.2864321608039972
-11.935831915463726 1.2882547721790525
-11.940555931695382 1.2909843939804126
-11.941393056718386 1.2914572864321379
-11.941662169317988 1.2916141109916897
-11.942211055276418 1.2919316151439038
-11.947531945287471 1.2949621577714066
-11.950220227278418 1.2964824120602785
-11.95336909753415 1.2983195256147813
-11.957973440355493 1.3009859506543
-11.95888551460869 1.301507537688419
-11.959191781203304 1.30168102733745
-11.95979899497491 1.302033076339053
-11.965052121956106 1.3050317698933611
-11.967700270449146 1.3065326633165597
-11.970879542397478 1.3083919182525383
-11.97531243611433 1.310965075070679
-11.976357010406373 1.3115577889447003
-11.976694765752894 1.311755551493417
-11.977386934673403 1.3121578194227705
-11.98254497149838 1.315109189765705
-11.98513912905575 1.316582914572841
-11.988361943494585 1.3184723233949294
-11.992569870064624 1.32092089611319
-11.99376573599971 1.3216080402009815
-11.994169818135637 1.3218380562684837
-11.994974874371895 1.3223071084156413
-12.000008871960244 1.3251948808038794
-12.002533910670879 1.3266331658291222
-12.005814178062737 1.3285613475455937
-12.009739023530592 1.3308514941601786
-12.011153641903313 1.3316582914572628
-12.011614139063068 1.3319293414593538
-12.012562814070387 1.3324836288581459
-12.017441200710657 1.3352895923310406
-12.01988218564675 1.3366834170854034
-12.023234376072946 1.3386595249985271
-12.02681872643607 1.3407565349041706
-12.028466687104878 1.341708542713544
-12.029027435301044 1.342029490847211
-12.03015075376888 1.3426875997120957
-12.034842195840195 1.3453932563213087
-12.037183440710912 1.3467336683416846
-12.040622698620236 1.3487668097265804
-12.04380863508383 1.3506359201459555
-12.045767194815525 1.3517587939698252
-12.046408935755721 1.3521387247445826
-12.047738693467371 1.352920000715753
-12.052210523368707 1.3555062539118703
-12.054435981308544 1.3567839195979658
-12.057977460545345 1.3588836832038282
-12.060705110331325 1.360488610130524
-12.062977918439126 1.3618090452261065
-12.063756957823207 1.3622575238954369
-12.065326633165864 1.3631825228728731
-12.06954445678812 1.3656290783907448
-12.0716373916044 1.366834170854247
-12.075296890174979 1.3690106516226406
-12.077504430347132 1.3703135414774659
-12.080184916938123 1.3718592964823877
-12.081069731352757 1.3723863940571297
-12.082914572864356 1.3734769677778527
-12.086842178999612 1.3757622489290258
-12.088785145263468 1.3768844221105283
-12.092579122097968 1.3791482479576365
-12.09420278624807 1.3801096259344465
-12.097281614974117 1.381909547738669
-12.098345391300102 1.382525868099453
-12.100502512562848 1.3838052584598506
-12.104101774700583 1.3859063127560276
-12.105876596955385 1.3869346733668095
-12.10982218927578 1.389297034219827
-12.11079627754422 1.389875749075773
-12.114387064525394 1.3919597989949501
-12.115581969697695 1.392676508298849
-12.11809045226134 1.3941694514524947
-12.121321222060148 1.396061847537717
-12.12290897315204 1.3969849246230908
-12.127024014411907 1.3994576039224977
-12.127280907379005 1.3996107689424235
-12.13135679917919 1.4020100502512314
-12.132777386863824 1.4028389088500912
-12.135678391959832 1.4045717502571122
-12.13849838360154 1.4062294639817416
-12.139879362145324 1.407035175879372
-12.14366044164594 1.409315761503974
-12.144190884077993 1.409628160902324
-12.148351864949042 1.4120603015075126
-12.149929441762263 1.4130136986206736
-12.153266331658324 1.4150145203941777
-12.155630996199044 1.4164098086954482
-12.156784703203328 1.4170854271356532
-12.159927737478423 1.4189886859413958
-12.161317371286817 1.4198102557270813
-12.16206030150757 1.4202599304539048
-12.165180379064134 1.4221105527637938
-12.167035801412323 1.4232015441765062
-12.170854271356816 1.4255003062692078
-12.172716660084653 1.426603567326838
-12.17362177477342 1.4271356783919344
-12.176074717877654 1.4286272345407447
-12.178396978174318 1.4300057449293604
-12.182055288894443 1.432160804020075
-12.184093989235544 1.4334031531114366
-12.188442211055309 1.4360318501168248
-12.18975282674537 1.4368114680224835
-12.19038718162953 1.4371859296482157
-12.192096993587805 1.438230153228929
-12.19542714693159 1.440215359311705
-12.197236180904554 1.4413195001319865
-12.198726802813736 1.4422110552763563
-12.201101372209534 1.4436192777175751
-12.2060301507538 1.4466121133312404
-12.206736785575492 1.4470342852411564
-12.207077340848263 1.447236180904497
-12.207990053216173 1.4477961530366033
-12.212405155107657 1.4504398767172502
-12.215470678354219 1.4522613065326375
-12.218055146681307 1.453850719038634
-12.223618090452293 1.457244300544657
-12.223665649129153 1.4572728439673899
-12.223688466483976 1.4572864321607781
-12.223749257002844 1.4573239083180782
-12.229328100516522 1.4606801263419955
-12.232061203574846 1.4623115577889187
-12.234952322671289 1.4640983313544895
-12.239387454251764 1.4668170903030529
-12.24024611220226 1.4673366834170594
-12.240555710647113 1.4675224889895366
-12.241206030150785 1.467922145984967
-12.246192884515018 1.470936993512562
-12.248568159267082 1.4723618090452
-12.25178965818808 1.4743630409483988
-12.254884361879022 1.4762699038246963
-12.256741845976844 1.4773869346733406
-12.257387150347485 1.4777888831024244
-12.258793969849277 1.4786580265685467
-12.262995815470397 1.4812115329811615
-12.264987071639826 1.4824120603014812
-12.268563328637477 1.4846459405615642
-12.270233248979535 1.4856804257672698
-12.273106219057016 1.4874371859296218
-12.274155085301647 1.4880734214285134
-12.27638190954777 1.4894567496762035
-12.279733610475253 1.491504682721339
-12.28131351026489 1.4924623115577624
-12.285270145990898 1.4949479410592952
-12.285429861367453 1.4950474406491
-12.289444198677643 1.497487437185903
-12.290856124441316 1.498377072844459
-12.293969849246261 1.5003225546523025
-12.296402603764875 1.5018174900944397
-12.297542910105191 1.5025125628140437
-12.300490986735904 1.5043757449539417
-12.301930789774119 1.505263134005653
-12.302763819095507 1.5057889459155955
-12.3055909994163 1.5075376884421843
-12.307486322800639 1.50870096448336
-12.311557788944754 1.5112603423796847
-12.312998721187112 1.5121511191439367
-12.313670150267827 1.512562814070325
-12.315393115154313 1.5136586215587702
-12.318521167057575 1.5155984030948026
-12.32175592158418 1.5175879396984655
-12.324041430877283 1.5190463104887408
-12.329145728643246 1.5222754992226024
-12.329517572402377 1.5225068242525683
-12.329689765922243 1.5226130653266061
-12.330128208466313 1.5228937738474828
-12.335034131989556 1.5259557899986582
-12.337665839329972 1.5276381909547467
-12.337939698492491 1.5278119588881829
-12.34051686400837 1.5294144207642804
-12.344710167491634 1.5320851734828578
-12.345629909386464 1.5326633165828873
-12.345976584723998 1.532879626187956
-12.346733668341738 1.533363510801836
-12.351464892857729 1.5363366637778881
-12.35363413244863 1.537688442211028
-12.356907667884123 1.539806710827059
-12.359124538221822 1.541228690748195
-12.361499045670197 1.5427135678391686
-12.362361343912037 1.5432736433043672
-12.36432160804023 1.5445356744416738
-12.367808265055677 1.5467425057486102
-12.36939560247757 1.5477386934673092
-12.373208479635478 1.5502247129253783
-12.373355726748873 1.550319870241208
-12.377187796443941 1.5527638190954498
-12.378655810333225 1.5536934583541635
-12.381909547738722 1.55580435797906
-12.384058629013925 1.5571749215021038
-12.385029745528781 1.5577889447235904
-12.387429305874852 1.5593660184767701
-12.389449846773378 1.5606596991989727
-12.392843892902553 1.562814070351731
-12.394854089703026 1.5641407554186424
-12.399497487437214 1.5671776856734327
-12.400209882548847 1.567635654519406
-12.40052927046231 1.5678391959798716
-12.401311041755694 1.5683573543565803
-12.405594300795418 1.57112237493424
-12.408316480070383 1.5728643216080123
-12.410949772438212 1.5746173658072964
-12.415012120187553 1.577297073822395
-12.41592215626735 1.5778894472361529
-12.416278631739974 1.5781199602063616
-12.417085427135707 1.5786545375273615
-12.421632474416121 1.5816154164984608
-12.42364540382451 1.5829145728642935
-12.426935874875134 1.585125284852598
-12.428524908006962 1.5861829959703666
-12.431234642074186 1.587939698492434
-12.432257229979477 1.5886300233080686
-12.434673366834199 1.5902458856779909
-12.437557013259392 1.5921409251419476
-12.438822075507304 1.5929648241205747
-12.441840624764371 1.595012612100624
-12.442823194554911 1.5956614275427974
-12.443467336683444 1.5960973006386814
-12.44632155031563 1.5979899497487153
-12.448145559413794 1.5991658774969713
-12.45226130653269 1.6017194765352256
-12.453670319443813 1.6026125002593927
-12.454349378260364 1.603015075376856
-12.456172527531319 1.6041325670907494
-12.459329458568766 1.6060207289946895
-12.46273436117986 1.6080402010049966
-12.464995682490832 1.60942693350224
-12.469849246231183 1.6123775045024482
-12.47062724505159 1.6128430412558785
-12.471001853442113 1.6130653266331372
-12.472006391213505 1.6136816537709437
-12.476294657902844 1.6162489060693739
-12.478643216080428 1.6176875491958116
-12.479314401820695 1.6180904522612778
-12.481950392493557 1.61965810752874
-12.487437185929675 1.6229970000998595
-12.487571219792734 1.623077282499973
-12.487635702984745 1.6231155778894184
-12.48780835793121 1.6232216270327138
-12.493246794274866 1.6264808154189332
-12.496040308770787 1.628140703517559
-12.498891722360328 1.6298931044512273
-12.503592390456419 1.6327564762394857
-12.504280936371543 1.6331658291456996
-12.504517017009528 1.6333110030367397
-12.505025125628167 1.6336206933591688
-12.510185848477626 1.6367164625311377
-12.512664512923871 1.6381909547738402
-12.515819677682467 1.6401319226721807
-12.519346631258449 1.642282813525349
-12.52089720456437 1.6432160804019809
-12.521453001122637 1.6435475273174154
-12.52261306532666 1.644255430239113
-12.52710997705061 1.646956374108993
-12.52926714593238 1.6482412060301215
-12.532731641265197 1.6503753099615368
-12.535061087404696 1.6517977837667033
-12.53752513803575 1.653266331658262
-12.538372615923125 1.6537887285445558
-12.540201005025152 1.6549059889625601
-12.544017153141025 1.6572011292532958
-12.545845330671314 1.6582914572864027
-12.549626080699872 1.6606237041503373
-12.550732996444696 1.6613005976919872
-12.554073349860712 1.6633165829145433
-12.555274621043765 1.6640349611087943
-12.557788944723644 1.6655736234728487
-12.56090612835025 1.6674510846493682
-12.56239733425902 1.668341708542684
-12.566361992992316 1.6707911509051616
-12.56650408330563 1.670876794575972
-12.57067018728791 1.6733668341708245
-12.572157730597485 1.674286592406439
-12.575376884422136 1.6762596723291674
-12.577775580341909 1.6777066181076012
-12.578921328338843 1.6783919597989652
-12.581961393663029 1.6802732481535063
-12.583380918699236 1.6811302184907913
-12.584170854271381 1.6816182278935319
-12.587142162406195 1.6834170854271058
-12.589020582795595 1.6845440115199724
-12.592964824120628 1.6869655644333346
-12.594624108904437 1.6879681296884437
-12.595415384735317 1.6884422110552464
-12.597510414600983 1.6897409511924906
-12.60023674310999 1.6913896455435697
-12.603701631414483 1.693467336683387
-12.60586173578365 1.6948076304078068
-12.61055276381912 1.6976928253901917
-12.611450231630373 1.698236042936884
-12.611877470717646 1.6984924623115276
-12.61300607608962 1.6991934086745282
-12.61707007181483 1.7016554999408937
-12.619346733668365 1.7030670030279698
-12.62008835536394 1.7035175879396682
-12.62267966307011 1.7050778852103834
-12.628140703517612 1.7084430845773966
-12.628252379172528 1.7085108062378334
-12.628305443832543 1.7085427135678088
-12.628445281116743 1.708629735738989
-12.633879332847686 1.7119282308159285
-12.636603516040928 1.7135678391959495
-12.639472748505252 1.715355237684765
-12.643844387022753 1.7180546059117034
-12.644737971401655 1.71859296482409
-12.645049242536363 1.7187870793040165
-12.645728643216104 1.7192070340026477
-12.650662861683402 1.7222083137472879
-12.6530004096988 1.7236180904522307
-12.656239280763112 1.7256401767812264
-12.659184239037932 1.7274625464013242
-12.661117573821057 1.7286432160803713
-12.661822709929336 1.7290700369333027
-12.663316582914597 1.729995501113203
-12.667418895392913 1.7324962524289935
-12.669358119772262 1.733668341708512
-12.672977447273798 1.7359332203768814
-12.67445827528146 1.7368516823847582
-12.677502069615642 1.7386934673366525
-12.678567713736514 1.7393611270156741
-12.680904522613089 1.7408122355193099
-12.684145566213152 1.7427925805076319
-12.685674123157636 1.7437185929647931
-12.689663305891061 1.746221102472786
-12.689685709336523 1.7462348081005237
-12.689698492462334 1.7462428119942661
-12.69377440451593 1.7487437185929338
-12.695282328853615 1.749660899580924
-12.698492462311581 1.7516593571045576
-12.700840894468524 1.753097863604805
-12.701945760045078 1.7537688442210744
-12.704820123103758 1.755576747304553
-12.706387695382881 1.7565381889717004
-12.710097415005512 1.758793969849215
-12.71196451400464 1.7599699378507676
-12.716080402010073 1.7625391394931054
-12.717502780772953 1.7634127015451035
-12.718170225680472 1.7638190954773556
-12.719900833987046 1.764910647470776
-12.723056131509567 1.7668511555342121
-12.724874371859318 1.767995695295106
-12.72624992681323 1.7688442211054962
-12.728612103465844 1.7702888606034168
-12.733668341708565 1.7734540238758765
-12.734128997432766 1.773737730812437
-12.734344561848639 1.7738693467336368
-12.73490152718582 1.7742216854414234
-12.739688782745406 1.7771743463512513
-12.742501996235289 1.7788944723617774
-12.745222800546507 1.7806183240362206
-12.749832909464967 1.7835129202921776
-12.75049703122811 1.783919597989918
-12.750732745271529 1.784069179742926
-12.751256281407057 1.7843984146360912
-12.756283309571522 1.787508429856783
-12.758625247044188 1.7889447236180587
-12.761794214157577 1.7909590113174794
-12.764689706954531 1.7927828452030514
-12.7665993957431 1.7939698492461993
-12.767310404955506 1.794408082431926
-12.76884422110555 1.795375825331691
-12.772837174088735 1.7978541311648586
-12.77469141516335 1.79899497487434
-12.77832367409811 1.8013116853617497
-12.779454749174796 1.8020265543226959
-12.782689500010399 1.8040201005024805
-12.783845944784698 1.8047590193651502
-12.786432160804042 1.8063964656229503
-12.789347622583897 1.8082122370506628
-12.790696911494978 1.8090452261306211
-12.794134877245826 1.811246002256845
-12.794820394666255 1.8116737135124144
-12.795226130653287 1.8119328591514758
-12.798641186821 1.8140703517587617
-12.800336593250115 1.8151227824023097
-12.804020100502534 1.8174636051659006
-12.805811804214203 1.8185835620407111
-12.806638037143037 1.8190954773869024
-12.808733843778933 1.8204422611801592
-12.811290428193235 1.822043366531986
-12.814636813090134 1.824120603015043
-12.816779398467274 1.8255002149389723
-12.821608040201026 1.8285807830960987
-12.822226678584862 1.8289689748192304
-12.822510876053443 1.8291457286431836
-12.823228369825257 1.8296086799643927
-12.827710984604643 1.832427155870291
-12.830509065514468 1.8341708542713242
-12.833171209620664 1.8358922172081398
-12.837629792292937 1.8387484977261561
-12.8383377031633 1.8391959798994648
-12.838606357464526 1.83936444345232
-12.839195979899518 1.8397429873942128
-12.844078796623982 1.8428260150349018
-12.846308210808804 1.8442211055276054
-12.849508659585437 1.8462997512454837
-12.851934644226736 1.8478607239068108
-12.854143958196657 1.849246231155746
-12.854949198898277 1.8497704370699557
-12.85678391959801 1.8509536709184466
-12.860390369448716 1.853240942540828
-12.862029805712679 1.8542713567838867
-12.865788145608152 1.85672384640913
-12.866121223254092 1.8569391578284815
-12.869817136498456 1.8592964824120273
-12.87123384839128 1.8601930569563772
-12.874371859296502 1.8622264797741739
-12.876641960091606 1.863673007812995
-12.87766913110214 1.8643216080401679
-12.880214689435926 1.8659909880800027
-12.882038791289872 1.867156181670203
-12.885499507163777 1.8693467336683085
-12.88745641449384 1.8706334149543524
-12.891959798994995 1.873566374088048
-12.892829554341697 1.8741233577688199
-12.893221169709074 1.8743718592964491
-12.894185943038073 1.8750079004516138
-12.898231155413264 1.8776051688050837
-12.90075376884424 1.8792636616127103
-12.900960705793823 1.8793969849245897
-12.903612719393275 1.88109270472465
-12.908039376403579 1.8839911498984714
-12.908706483439506 1.8844221105527303
-12.908965799543825 1.8845883788812046
-12.909547738693487 1.8849704814354133
-12.914354895107577 1.888073762919702
-12.916502280250922 1.889447236180871
-12.919698271280936 1.8915722096411693
-12.921777759328105 1.8929415277907617
-12.92416448585903 1.8944723618090116
-12.92505563965217 1.895066658591814
-12.927135678391979 1.8964403973732527
-12.930405326579232 1.8985633022407944
-12.93185763852631 1.8994974874371522
-12.935378082877293 1.901852460147242
-12.935714474518122 1.9020715284578236
-12.935929648241224 1.902215034122717
-12.93946043626615 1.9045226130652928
-12.941069498954745 1.905566647104071
-12.944723618090471 1.9079949091358852
-12.946377400336157 1.90907522948038
-12.947107578059418 1.9095477386934334
-12.94886510727925 1.9107310213187985
-12.951690238669848 1.912582401298895
-12.95475649686044 1.914572864321574
-12.957002101294927 1.9160898518912983
-12.962198588581296 1.9195657130332382
-12.962248149886388 1.9195979899497146
-12.962266950827587 1.919610734795822
-12.962311557788963 1.919640673992265
-12.96758170583447 1.9231173589934247
-12.969886136616221 1.9246231155778553
-12.97284774192057 1.9266379028826792
-12.975414756344884 1.9283668865938326
-12.977343167661559 1.9296482412059959
-12.978115531984127 1.9301579456355187
-12.979899497487455 1.9313638798095445
-12.983382901948694 1.9336781084166397
-12.984895514191528 1.9346733668341365
-12.988466955609203 1.9371212120117782
-12.988602841915034 1.9372118226258266
-12.99236841757521 1.939698492462277
-12.993870362888277 1.9407319422616114
-12.997487437185947 1.9431956125951668
-12.999087293474656 1.944266516293644
-12.999776864556114 1.9447236180904177
-13.001391384191498 1.945839031520575
-13.004309070407082 1.9477997056553766
-13.006281407035193 1.9491574539992165
-13.007157908380218 1.9497487437185583
-13.00952427126001 1.9513347738969662
-13.01414619324904 1.9545083883080139
-13.01453813406043 1.954773869346699
-13.014698236360706 1.9548816237820512
-13.01507537688444 1.9551416753309292
-13.01991055623084 1.9584175151615826
-13.021970033185086 1.9597989949748396
-13.025070299776646 1.9619684283480643
-13.026757304940586 1.963136688705167
-13.029262301355947 1.9648241206029802
-13.030245176100236 1.9655150178837504
-13.032663316582932 1.9671970884537098
-13.035400018233716 1.9690673314737541
-13.036555765719577 1.9698492462311208
-13.039200585959797 1.9717170374816542
-13.04052697158745 1.9726276132865417
-13.041457286432177 1.9732820037290901
-13.043767391992445 1.9748743718592614
-13.045675415532836 1.9761817549302867
-13.050251256281424 1.9793945708490819
-13.05076889794436 1.9797515998694202
-13.050985527171894 1.979899497487402
-13.051476349650768 1.9802495241643578
-13.055895170468396 1.983312076204979
-13.05824586347294 1.9849246231155426
-13.06097990403751 1.9868844208133734
-13.063590824400965 1.988735928292554
-13.065351582570637 1.9899497487436832
-13.066057854000016 1.9904587035950856
-13.067839195979916 1.9917285350610712
-13.071132142229597 1.9940340325862156
-13.072490018917984 1.9949748743718416
-13.075517939732372 1.9971688011582653
-13.076161918912911 1.9976220791619923
-13.076633165829161 1.9979620252481487
-13.079516071612758 2.