-9.15213211389959 0.
-9.154522613065414 0.0012453706881316862
-9.156114087589657 0.0020578558071440156
-9.159953184787469 0.004064154734657599
-9.161828406686832 0.005025125628140614
-9.162352112397267 0.005300688633109729
-9.163316582914659 0.005805492233124987
-9.168612219757463 0.008537212158336693
-9.17156036611611 0.010050251256281229
-9.174845421025235 0.011781423138542024
-9.180904522613151 0.014957458629341502
-9.181051494054017 0.015033385044174175
-9.181133197682497 0.015075376884421843
-9.181403124710906 0.015217834626637838
-9.187305797418201 0.018271566853976573
-9.190859421998393 0.020100502512562457
-9.193537847985478 0.02151610660575276
-9.198492462311643 0.0241205368716102
-9.19974292213427 0.02476835390566645
-9.200436176732977 0.02512562814070307
-9.202716509511399 0.026332498769204626
-9.20596259511073 0.0280164301119612
-9.207286432160888 0.02871933572551022
-9.2100374801943 0.030150753768843686
-9.212193940698281 0.03126117128651629
-9.216080402010135 0.033309514872654766
-9.218398457053922 0.034513577955902264
-9.219680312156266 0.0351758793969843
-9.223879624882517 0.037404228789093885
-9.224585050431612 0.03777110547613205
-9.229282313829023 0.040201005025124914
-9.230816112019607 0.041015927793417006
-9.233668341708627 0.04252289118181096
-9.237020487319288 0.0442683747645054
-9.238869796871208 0.04522613065326553
-9.24319795546894 0.04752850949274556
-9.244926136662562 0.04844264349724714
-9.248385320631662 0.05025125628140614
-9.249406674439134 0.050779715415115945
-9.25125628140712 0.05175918392573564
-9.255611521279981 0.05403202766015802
-9.258009002136786 0.05527638190954676
-9.26178969150693 0.05729196179488483
-9.26585692296116 0.05944799378212906
-9.267499648669114 0.06030150753768737
-9.267968474313491 0.060551720906865114
-9.268844221105612 0.06101644012304952
-9.274174014748287 0.0638038349822061
-9.27701916222781 0.06532663316582799
-9.277638190954857 0.0656545035943692
-9.280352916940503 0.06706355998399971
-9.286432160804104 0.07029285627345505
-9.286504948800472 0.07033096222357749
-9.286544894429813 0.0703517587939686
-9.286674197101942 0.07042091202192235
-9.292709202888204 0.07358344382665205
-9.296150748355135 0.07537688442210921
-9.298889168231348 0.0768428650710371
-9.304020100502596 0.07957370334718039
-9.305042389583166 0.08010992745580126
-9.305602366268207 0.08040201005024983
-9.307409684726046 0.08137046268552162
-9.311218897766222 0.08337033646021119
-9.312814070351841 0.08422738119470896
-9.315092765726295 0.08542713567839044
-9.31740024762874 0.08662936212763306
-9.321608040201088 0.08887292012657522
-9.323554979097292 0.08989599305047324
-9.324619592240959 0.09045226130653106
-9.328046288388354 0.09229176078860668
-9.329704823647068 0.09316402023581993
-9.334128639118036 0.09547738693467167
-9.335887868654392 0.09642256157615403
-9.33919597989958 0.09818937566125374
-9.342044419796084 0.09968867259238223
-9.343599467818873 0.10050251256281229
-9.34817424528068 0.10296241951063845
-9.348597526980749 0.10318866887171829
-9.35302529827781 0.1055276381909529
-9.354353656971885 0.10622199894129203
-9.356783919598072 0.10752198531713741
-9.360512325676511 0.10948750493953963
-9.362544722834244 0.11055276381909351
-9.366644392549937 0.11276061146098737
-9.369086042853993 0.11406765617792747
-9.371965381966131 0.11557788944723413
-9.372799151845198 0.11602723443333929
-9.374371859296565 0.11686971139268021
-9.378960223936152 0.1192920537497777
-9.381457926682312 0.12060301507537474
-9.38509481642709 0.12256443866622213
-9.389497981297103 0.1249247642183855
-9.390837217809525 0.12562814070351536
-9.391225808048 0.12583785240267442
-9.391959798995057 0.12623156334034036
-9.397389557041938 0.12910190688968992
-9.40034149398853 0.13065326633165597
-9.403526946923009 0.1323734925518103
-9.409547738693549 0.1356050654604486
-9.409637745354086 0.13565267577107143
-9.409686648621578 0.13567839195979658
-9.409842504341412 0.13576261071632878
-9.415801685104606 0.1389166757562066
-9.418341708542794 0.140292305029722
-9.419116518320106 0.1407035175879372
-9.421942131613445 0.1421873880961071
-9.427135678392041 0.14497822011884587
-9.428056105754068 0.14546566396978466
-9.42855563591601 0.1457286432160778
-9.430144887447273 0.14658841723185834
-9.434197888472621 0.1487359945354818
-9.438028639549914 0.15075376884421843
-9.440341638327432 0.1520057630622471
-9.444723618090533 0.15436302400827806
-9.446459032911724 0.1552830616663048
-9.44739989233353 0.15577889447235904
-9.450388475615435 0.15739742519375977
-9.452579370475648 0.1585595194190379
-9.453517587939778 0.15906871918592813
-9.45678033405335 0.16080402010049966
-9.45872665796476 0.16182827719314652
-9.462311557789025 0.16375865661350897
-9.464847705236187 0.16510453217230836
-9.466221377511435 0.16582914572864027
-9.470578434057114 0.16819111037666534
-9.470947260261257 0.16838692779328657
-9.475622610764564 0.17085427135678088
-9.477098307389959 0.1716546113846551
-9.479899497487517 0.17316434254518498
-9.483223227264633 0.174929759905746
-9.485021921125782 0.1758793969849215
-9.489321786865855 0.17821243993353697
-9.490738264075757 0.17897618743870503
-9.494357534362456 0.1809045226130621
-9.495457632360566 0.18148446684890285
-9.49748743718601 0.18257935044994245
-9.501586360352624 0.1847585273364558
-9.503802512166118 0.18592964824120273
-9.507688670141295 0.18804013588211888
-9.510855049770568 0.18974896612250536
-9.513136003415793 0.19095477386934334
-9.513804409603551 0.19131790737818655
-9.515075376884502 0.19200407095272176
-9.519937227879165 0.19459079921329447
-9.52256412148458 0.19597989949748396
-9.526043938073105 0.19787115050030923
-9.530929844612865 0.20050974741987382
-9.531857979432601 0.20100502512562457
-9.532140757063814 0.20115432784539067
-9.532663316582994 0.20143662479964863
-9.538278173369928 0.204425905957498
-9.541310038998876 0.20603015075376518
-9.544389585641639 0.20770491379372213
-9.550251256281486 0.21087239352974851
-9.55047476022549 0.21099141811219102
-9.550595412845714 0.2110552763819058
-9.55097613887589 0.2112623856945932
-9.556610108968034 0.21426358695674708
-9.559045226130731 0.21559077615372857
-9.55996197740993 0.2160804020100464
-9.562726375559874 0.21754120784436193
-9.567839195979978 0.22030555205986158
-9.568816505673944 0.2208262962970542
-9.569343797664628 0.22110552763818703
-9.571006372076074 0.22201043509421403
-9.574933749836571 0.22410363787872978
-9.578760517521856 0.22613065326632764
-9.581055011789207 0.22737983152040275
-9.58542713567847 0.22974487800982502
-9.587150236019117 0.2306634645114265
-9.588079458664875 0.23115577889446826
-9.591007238810628 0.23275009407508485
-9.593249756162873 0.233945870098494
-9.594221105527716 0.23447579275288177
-9.597410543836407 0.23618090452260887
-9.599376144155832 0.23722059915721783
-9.603015075376963 0.239189913086145
-9.605476590900064 0.24050274000129246
-9.606803445118206 0.24120603015074948
-9.61098138937486 0.24348211986443413
-9.611558737330233 0.24379010950652713
-9.616163155358832 0.2462311557788901
-9.617690372387704 0.24706333940396163
-9.620603015075455 0.24864023185663253
-9.623796160529762 0.2503439541343715
-9.625516722561366 0.2512562814070307
-9.629875865593558 0.253632021172856
-9.63094572639693 0.2542113417845959
-9.634814758626094 0.2562814070351713
-9.63599824965863 0.2569078942109764
-9.638190954773947 0.2580954397144737
-9.642109489131332 0.26018695141834414
-9.644220178888517 0.26130653266331194
-9.64819473795612 0.2634734345251175
-9.650895630014276 0.26493643987483395
-9.653525533851765 0.26633165829145256
-9.654300285712855 0.2667541179370483
-9.655778894472439 0.26755517105946147
-9.66041707797225 0.27003158863393306
-9.66291462970721 0.27135678391959317
-9.666507970097454 0.27331645936915816
-9.670825322748444 0.27565576342702336
-9.672181667094238 0.2763819095477338
-9.672596949632352 0.27660187655875657
-9.673366834170931 0.277019087665777
-9.67871938805599 0.2798777340658578
-9.681600823068585 0.2814070351758744
-9.684816015003781 0.2831609662803434
-9.69073664651822 0.2863698387036715
-9.690854055879853 0.286432160804015
-9.690888672299483 0.28645104696685486
-9.690954773869423 0.28648687721004595
-9.697016842521476 0.2897252668172836
-9.700279443665169 0.2914572864321556
-9.703119288115452 0.2930068365614309
-9.708542713567915 0.29594691843039556
-9.709195771108288 0.2962958241916187
-9.709547208418208 0.29648241206029624
-9.710651088778004 0.29708480497746415
-9.715309828792924 0.29957407619557763
-9.718951116574987 0.30150753768843686
-9.72141816942659 0.3028539616426711
-9.726130653266408 0.30540915760146614
-9.72750063272673 0.3061412406136279
-9.728237729529285 0.30653266331657747
-9.730552313818485 0.3077959949028859
-9.733598700516168 0.3094240611590724
-9.734924623115653 0.3101490056529501
-9.737553995744095 0.3115577889447181
-9.73971300537956 0.3127022425405297
-9.7437185929649 0.3148745313287966
-9.745801548651869 0.31598778437658215
-9.746922165174691 0.3165829145728587
-9.750439956875875 0.3185033042617089
-9.751883900650382 0.31927509514800434
-9.756276427067975 0.3216080402009993
-9.758004495355234 0.3225514794319011
-9.761306532663392 0.32434237493909457
-9.7640993701926 0.3258352122493662
-9.76560159242474 0.3266331658291399
-9.770168261294595 0.32912636899122205
-9.770319097530084 0.3292081843624812
-9.774890824658653 0.33165829145728054
-9.776292782314943 0.3324016314706917
-9.778894472361884 0.33381291160023085
-9.782393711575983 0.33568363445282134
-9.78427561587022 0.33668341708542115
-9.788468743866087 0.33897303656950406
-9.790205225484664 0.3399150608347865
-9.793580927297622 0.34170854271356177
-9.794577571345192 0.3422527829179005
-9.796482412060376 0.34328619719817244
-9.800684626347916 0.34553303568811966
-9.80294431229816 0.3467336683417024
-9.806765868808348 0.3488206634704225
-9.81007972870376 0.35061861595409827
-9.812206668675442 0.351758793969843
-9.812859167657496 0.352104846570235
-9.814070351758868 0.3527620110841241
-9.818972410234348 0.3553833314621322
-9.821608157264764 0.3567839195979836
-9.825059922316594 0.35866916792391734
-9.829943747714779 0.36131917558538706
-9.830865590043805 0.3618090452261242
-9.83113783982142 0.36195774569353567
-9.83165829145736 0.3622401580923382
-9.83725732248955 0.3652344477022105
-9.840181292247532 0.36683417085426484
-9.840452261306606 0.36698083863142283
-9.843351154293225 0.3685184785293014
-9.849246231155853 0.3717174576489306
-9.849419094870136 0.37180990684975335
-9.849512029099886 0.37185929648240545
-9.84980352656986 0.3720185237435505
-9.855539587532848 0.37508632028854816
-9.858922895797289 0.37688442211054607
-9.861639779998834 0.37836853378354984
-9.866834170854345 0.3811874662981021
-9.867714158479304 0.3816581227029836
-9.86818722525336 0.3819095477386867
-9.869670912573904 0.38272004537284676
-9.873819396577705 0.384938894588724
-9.87562814070359 0.3859285962170933
-9.877504419718505 0.3869346733668273
-9.879925981689876 0.38821928161338803
-9.884422110552837 0.3906594020058556
-9.886006827549126 0.39150702271031346
-9.886858704531393 0.3919597989949679
-9.889530268869825 0.3934192727998216
-9.89209690923722 0.3947921249989994
-9.896222477798037 0.3969849246231085
-9.89820991022813 0.39807067891545067
-9.902010050251329 0.4001331600447724
-9.904297244170284 0.40135656627440497
-9.905526696413778 0.40201005025124914
-9.90938215065294 0.40411636465170986
-9.9103722550934 0.4046459744959403
-9.910804020100574 0.4048822451229812
-9.914818797819548 0.40703517587938975
-9.916491686650225 0.40792269110784574
-9.919597989949821 0.4096086563097856
-9.922585520816197 0.4112067212599948
-9.924191381264304 0.41206030150753037
-9.928653514764857 0.4144981343313754
-9.929234959207744 0.4148137212955083
-9.933508714696112 0.417085427135671
-9.934771403688249 0.4177752916956896
-9.937185929648313 0.4190858262884607
-9.940871741859931 0.42105746356049245
-9.942852892873347 0.4221105527638116
-9.946946306820172 0.42434699919999197
-9.949094546297376 0.42551301466354374
-9.952120322272345 0.4271356783919522
-9.95304912723469 0.42762846185255654
-9.954773869346806 0.4285646240657517
-9.959155965033174 0.4309087766811306
-9.961511320897689 0.4321608040200928
-9.965237094015361 0.4341964368857889
-9.968947526035574 0.4362104202168835
-9.970782665772688 0.43718592964823344
-9.97132489774677 0.4374821900192414
-9.972361809045298 0.4380450213671905
-9.977438222822839 0.44076065133993314
-9.98016671319139 0.44221105527637405
-9.983525900850363 0.4440464403887816
-9.988793977772959 0.4469059606271344
-9.989415178498064 0.44723618090451467
-9.989598731586755 0.4473364715208099
-9.98994974874379 0.44752700664344314
-9.995718523802251 0.4506130850873804
-9.998819123849488 0.4522613065326553
-10.001812748916127 0.45389700354012863
-10.007537688442282 0.45700453840975896
-10.007881178679341 0.4571882920930648
-10.008065795903182 0.4572864321607959
-10.008644638198104 0.4576027035196022
-10.013997002877707 0.46046603937881514
-10.016331658291527 0.4617437542748428
-10.01739037494993 0.4623115577889365
-10.02009778599799 0.463748084115446
-10.025125628140774 0.46647728227684837
-10.0261728022887 0.4670374908033841
-10.026735618528933 0.4673366834170771
-10.02850018783919 0.46830084333091015
-10.03227358767784 0.4703195348917708
-10.036115284786579 0.47236180904521774
-10.03838084451592 0.47359972999474564
-10.042713567839266 0.47595167831982543
-10.04446238319295 0.4768872731437339
-10.045402274704232 0.47738693467335835
-10.048348916125358 0.4789970341836707
-10.05054813664195 0.4801736120721607
-10.051507537688511 0.48069870787485147
-10.054702022508035 0.48241206030149897
-10.056661808685657 0.4834519742592418
-10.060301507537758 0.48542780718350276
-10.06274980924211 0.486737671156968
-10.064065580753564 0.4874371859296396
-10.068190355595595 0.48969114251759294
-10.068820536934526 0.49002830315870405
-10.073398742045267 0.4924623115577802
-10.074940561165041 0.49330485043526906
-10.07788944723625 0.49490575603261444
-10.08103495851419 0.4965887196779377
-10.082725336471167 0.4974874371859208
-10.087103477798516 0.4998799826534137
-10.088036780582303 0.5003866752847932
-10.09199999938035 0.5025125628140614
-10.093216974948893 0.5031583948100185
-10.095477386934743 0.504385618584303
-10.099317699292747 0.5064404563399147
-10.101381325105967 0.507537688442202
-10.105392587854576 0.5097298995218189
-10.107883389109727 0.5110822604921976
-10.110667850798496 0.5125628140703427
-10.111490913343419 0.5130126464388622
-10.113065326633235 0.5138674951413309
-10.117597890043452 0.5162929215812779
-10.120033313345317 0.5175879396984833
-10.123679070986935 0.5195805669398528
-10.127720938965302 0.5217752575076453
-10.129282587718746 0.5226130653266239
-10.129762229941303 0.5228676471524594
-10.130653266331727 0.5233514926251308
-10.135875379391647 0.5261461586519305
-10.13868105130135 0.5276381909547645
-10.141962770773226 0.5294320295996195
-10.147548779344001 0.5324654803868425
-10.14792077944016 0.5326633165829051
-10.148030768598812 0.5327234415633075
-10.14824120603022 0.5328377246084042
-10.154150006101931 0.5360002136191282
-10.157035175879464 0.5375799872497229
-10.157237300241308 0.5376884422110457
-10.16024352080475 0.5392843350464629
-10.165829145728711 0.5423179352038989
-10.166311057929436 0.5425758786389796
-10.166569929912047 0.5427135678391863
-10.16738085253901 0.5431569126421287
-10.172421599060042 0.5458551353726611
-10.175962693888042 0.547738693467327
-10.178521144670691 0.5491375336834734
-10.183417085427203 0.5517969200477069
-10.184594745114081 0.5524273448992165
-10.185227272966113 0.5527638190954676
-10.187208255955126 0.5538470106748736
-10.190689977256726 0.5557109756294585
-10.192211055276449 0.5565440662332231
-10.19453047423838 0.5577889447236082
-10.196795455943935 0.5589916787755396
-10.201005025125696 0.5612785916858236
-10.202875019242096 0.5622797863184914
-10.2038792536178 0.5628140703517488
-10.207023601689123 0.5645336636555847
-10.208954949772792 0.5655677889378623
-10.213223922057097 0.5678391959798894
-10.215066258167536 0.5688468264532185
-10.218592964824188 0.5707630953831373
-10.221151678231537 0.5721332606345015
-10.222525540815278 0.57286432160803
-10.226826053945251 0.5752166327854766
-10.227216315764169 0.5754256326818901
-10.227386934673433 0.5755191124804027
-10.231801748275807 0.5778894472361706
-10.233333344840611 0.578703035716762
-10.23618090452268 0.5802505833911873
-10.239424509835967 0.581987828489086
-10.24116573401884 0.5829145728643113
-10.245489544401766 0.5852800870984272
-10.246630246800741 0.5859000992294714
-10.2504619826801 0.5879396984924519
-10.251596403711513 0.5885603957809256
-10.253768844221172 0.5897413228007151
-10.25769303561309 0.5918436265800446
-10.259799146433497 0.5929648241205925
-10.263763517295251 0.595134328870425
-10.266423315785943 0.5965803874248126
-10.269047417946577 0.5979899497487331
-10.269854853931147 0.5984190726025957
-10.271356783919664 0.5992357294426318
-10.275956966339717 0.6017007375425738
-10.27842532470106 0.6030150753768737
-10.282032996060815 0.6049898546789718
-10.28620041411368 0.607256112575163
-10.287672768726383 0.6080402010050143
-10.288108952567715 0.6082789927337124
-10.288944723618156 0.6087335488532899
-10.29421646760968 0.6115591140641481
-10.2970444707255 0.6130653266331549
-10.300297916773019 0.6148466827884773
-10.30596104836399 0.6179271337033931
-10.306267646950696 0.6180904522612956
-10.306358510777926 0.6181402101295017
-10.306532663316649 0.6182349539341132
-10.312471295682597 0.6214188257848798
-10.315656183023806 0.6231155778894362
-10.31855802780063 0.6247048850935819
-10.32412060301514 0.6277315186405525
-10.324618443750483 0.6279984633074793
-10.3248853977191 0.6281407035175768
-10.32571923340322 0.6285974550570277
-10.330721191775591 0.6312799466427315
-10.332914572864386 0.6324833878517087
-10.334183833766417 0.6331658291457174
-10.336813062525763 0.6345645377708227
-10.341708542713633 0.6372290463694386
-10.342878625432954 0.6378566454254804
-10.343505856965693 0.638190954773858
-10.345464062108451 0.6392639603152341
-10.34896588266743 0.641142554700914
-10.352855578602504 0.6432160804019986
-10.355062739925556 0.6444257211124471
-10.359296482412125 0.6467308561282037
-10.361133293767287 0.6477164027858073
-10.362117597896605 0.6482412060301392
-10.365188933507987 0.6499247634861005
-10.367205081219995 0.6510067319988879
-10.36809045226137 0.6514928419081745
-10.371386667338106 0.6532663316582799
-10.373306765071476 0.6542885193837487
-10.376884422110617 0.6562371682036376
-10.379382145959939 0.6575778219009001
-10.380720127350555 0.6582914572864205
-10.384892626510677 0.6605795156864369
-10.385438486820059 0.6608725644261497
-10.390019825851939 0.6633165829145611
-10.391544829549284 0.6641530207030826
-10.39447236180911 0.6657482127252754
-10.39762486571436 0.6674409931412022
-10.399312930307893 0.6683417085427017
-10.403678324548059 0.6707365591025702
-10.404586268143268 0.6712313960667471
-10.408551995742858 0.6733668341708423
-10.409776611802284 0.6740193169437898
-10.412060301507601 0.6752642295244886
-10.41586112355248 0.6773060106433038
-10.417895470517397 0.6783919597989829
-10.421919048969924 0.6806003004378889
-10.42426334448561 0.6818785435069854
-10.427144889308828 0.6834170854271235
-10.428001777400407 0.6838875036573198
-10.429648241206094 0.6847854680506442
-10.434090577062141 0.6871729722392503
-10.4364671910069 0.6884422110552642
-10.440152777084327 0.6904660407181948
-10.443915015373419 0.6925184322459286
-10.445675573406003 0.6934673366834048
-10.446219979237293 0.6937576800169172
-10.447236180904586 0.694312187343483
-10.452312871072595 0.6970419794064
-10.455027514481808 0.6984924623115454
-10.458379145550767 0.7003338837550626
-10.463539850353408 0.7031506535826377
-10.464226403563165 0.703517587939686
-10.464430857657305 0.7036299487813356
-10.464824120603078 0.7038446560610989
-10.470527637759885 0.7069131372373105
-10.473488119691083 0.7085427135678266
-10.473618090452323 0.7086135056498488
-10.476597778264022 0.710203937007126
-10.48241206030157 0.7133792246622157
-10.482640999713388 0.713502427935448
-10.482763320902707 0.7135678391959672
-10.483143228568531 0.7137767444150995
-10.488734496683701 0.7167865544292136
-10.49211156123303 0.7185929648241078
-10.494808286368993 0.7200763115758422
-10.500000000000062 0.722913310475751
-10.500855158136023 0.7233737595562593
-10.501311816253285 0.7236180904522485
-10.502728948412335 0.724397789998612
-10.506933298685322 0.7266622735988859
-10.508793969849307 0.7276876345104881
-10.51056347388648 0.7286432160803891
-10.513010716253245 0.7299509942076199
-10.517587939698554 0.7324536875538294
-10.519061146275197 0.7332474255437749
-10.519847344718913 0.7336683417085297
-10.522284693944886 0.7350102714931959
-10.525123709103044 0.7365403903639596
-10.529143960052812 0.7386934673366703
-10.531204274667319 0.7398282115451638
-10.535175879397046 0.7420012800692204
-10.53725781376072 0.7431237545751896
-10.538368117977381 0.7437185929648109
-10.54180660678633 0.7456130865046067
-10.543304858228055 0.7464211532126628
-10.543969849246292 0.7467881164248409
-10.547586155590903 0.7487437185929515
-10.549388330462781 0.749708143916596
-10.552763819095539 0.7515564093749036
-10.555444732420094 0.7530028689855044
-10.556873449526108 0.7537688442210921
-10.561293068217095 0.756205772541537
-10.561476323269142 0.7563046829424893
-10.566117683041636 0.7587939698492328
-10.56756245223285 0.7595909145809987
-10.57035175879403 0.7611194068530649
-10.573621462039176 0.7628848945501892
-10.575362634701904 0.7638190954773734
-10.57965306027651 0.7661867063962342
-10.580757481578313 0.7667921591300253
-10.584546283095392 0.768844221105514
-10.585726196174686 0.7694766503391817
-10.587939698492523 0.7706906146000883
-10.591787549644685 0.7727699606901801
-10.593834949692807 0.7738693467336546
-10.59782143543005 0.776071118951073
-10.600185224920306 0.7773680685701638
-10.603026682765673 0.7788944723617952
-10.603879105364758 0.7793654817407258
-10.605527638191015 0.7802703861426421
-10.609942528765838 0.7826582006828433
-10.61228965053176 0.7839195979899358
-10.615978422772606 0.7859587851661933
-10.619572063598728 0.7879322909635684
-10.621438121366507 0.7889447236180764
-10.622020709009378 0.7892575432981133
-10.623115577889507 0.7898590871907256
-10.62808591866884 0.7925497518806939
-10.630725972063084 0.793969849246217
-10.634123531410367 0.7958498452969689
-10.638916222753362 0.7984843192073185
-10.639865124561313 0.7989949748743577
-10.640150521664214 0.7991529737097247
-10.640703517588 0.7994570964337617
-10.646217223557942 0.802444755939657
-10.649143126872934 0.8040201005024983
-10.652256254966476 0.8057444440225021
-10.658215889390402 0.8090236353031841
-10.658255970647458 0.8090452261306389
-10.658268042416477 0.8090519160934999
-10.658291457286492 0.809064806386032
-10.664335931736801 0.8123433590586915
-10.667540304174999 0.8140703517587795
-10.670376070720588 0.8156427306914642
-10.675879396984984 0.8186740229320231
-10.676388152205975 0.8189501187523511
-10.676657720182018 0.8190954773869201
-10.67748418030314 0.819553986906393
-10.682441514723683 0.8222457122325748
-10.684673366834229 0.8234857179007307
-10.6858394511637 0.8241206030150607
-10.688482438699735 0.8255448595818438
-10.693467336683476 0.8282936253873494
-10.694495216135953 0.8288520487996358
-10.695039262302899 0.8291457286432014
-10.696704484413178 0.8300706279945445
-10.700533426314026 0.8321519715197567
-10.704271359179511 0.834170854271342
-10.706574800713879 0.8354509901765104
-10.711055276381968 0.8379244725112454
-10.712587932586246 0.8387580781268316
-10.713398238130754 0.8391959798994826
-10.715874139355744 0.8405727978919906
-10.718611101583571 0.8420622983271651
-10.719849246231213 0.8427517892154421
-10.722541720027504 0.8442211055276232
-10.724652579329241 0.8453612874565426
-10.72864321608046 0.8475670322464834
-10.73066571132807 0.8486683753707327
-10.73173372690534 0.8492462311557638
-10.734991151835844 0.8510599270858732
-10.736673955825102 0.8519768597140072
-10.740912137338368 0.8542713567839044
-10.742715176772315 0.8552759222143722
-10.746231155778952 0.8572217918445295
-10.74872793554929 0.8585831167633771
-10.75004476237046 0.859296482412045
-10.7540534355658 0.8615314194940016
-10.754721366693241 0.8618958334932456
-10.755025125628197 0.862065418582282
-10.759149041927966 0.8643216080401857
-10.760761941781611 0.8651950805247095
-10.763819095477444 0.8668892908364194
-10.76677394662916 0.8685024904821219
-10.768330344371202 0.8693467336683263
-10.772757055266839 0.8718181564994971
-10.773063101954552 0.8719878783760713
-10.777455112530488 0.8743718592964669
-10.778792281006831 0.8751189319162114
-10.781407035175937 0.876570002675046
-10.78480315406475 0.8784266652420891
-10.786589544209349 0.8793969849246075
-10.79078499943788 0.8817426921921925
-10.792022602753452 0.8824300042324689
-10.795653721812418 0.8844221105527481
-10.796805548383134 0.8850476609788327
-10.798994974874429 0.886264477642202
-10.802814874133114 0.8883558363926927
-10.804821309855262 0.8894472361808887
-10.808795032027477 0.891672345479587
-10.810920557042513 0.8928545453717698
-10.813892562493956 0.8944723618090293
-10.81480103986458 0.8949814688685551
-10.81658291457292 0.8959733037603135
-10.820808387044393 0.8982902095881782
-10.82302453633284 0.89949748743717
-10.826786417125566 0.9016073266216971
-10.829754678802148 0.9032608486455205
-10.832047559178145 0.9045226130653106
-10.832778025545904 0.9049205641297418
-10.834170854271413 0.905697095166186
-10.83878294636574 0.9082299980950719
-10.841198082124189 0.9095477386934512
-10.844758391371492 0.9115478537215695
-10.848522636898753 0.9136482480155479
-10.850215888322104 0.9145728643215918
-10.850735747978314 0.9148651631763318
-10.851758793969905 0.9154364940655251
-10.856737777279774 0.9181754232897701
-10.859340766982749 0.9195979899497324
-10.862710162153324 0.9214941532397534
-10.867222053479374 0.9240160640952952
-10.868321506749849 0.924623115577873
-10.868673420349639 0.9248154908118043
-10.869346733668397 0.9251921728614203
-10.87467207470289 0.928126715196159
-10.877451369579184 0.9296482412060136
-10.8806409056624 0.9314464605501538
-10.88585050224912 0.9343636036576486
-10.886415830028792 0.9346733668341543
-10.886590224517999 0.9347717807909799
-10.88693467336689 0.9349648364737764
-10.892585001252163 0.9380841130665019
-10.89552862496838 0.9396984924622949
-10.8985497647913 0.9414050205406035
-10.904405506629782 0.9446901591088359
-10.904465884216112 0.9447236180904355
-10.904485308886962 0.9447342764271269
-10.904522613065382 0.9447552248687607
-10.910475685048265 0.9480478660091807
-10.913571221864558 0.9497487437185761
-10.916435846862209 0.9513700882619096
-10.922110552763874 0.9545599376790026
-10.922365428678797 0.954701047656739
-10.922497833199875 0.9547738693467167
-10.922891810879719 0.954997085951244
-10.928343217340407 0.9580182336672758
-10.930904522613119 0.9594709452465837
-10.931494744811596 0.9597989949748573
-10.934298221171026 0.9613419296295254
-10.939698492462366 0.9643837655090577
-10.9402224264901 0.9646744251665025
-10.940494058794265 0.9648241206029979
-10.941299921123836 0.9652816716491319
-10.946186649937749 0.9679954869524581
-10.949546945521774 0.9698492462311386
-10.95213591633106 0.97132082218251
-10.957286432160858 0.974228217658041
-10.958054152918178 0.974655023071473
-10.958451344636714 0.9748743718592792
-10.95962607311422 0.9755428407030973
-10.964004992429892 0.9779799088391243
-10.966080402010103 0.9791620638490199
-10.967401534436316 0.9798994974874198
-10.969947917398178 0.9813070559048978
-10.97487437185935 0.984094219181717
-10.975859567838613 0.9846431385500569
-10.976368162024896 0.9849246231155604
-10.977867543487523 0.985779815009324
-10.981797209177207 0.9879717952243139
-10.985367006363488 0.989949748743701
-10.98773316275737 0.991300934115265
-10.992462311557842 0.9939827471495164
-10.99363757566561 0.9946390846267645
-10.994242857369056 0.9949748743718416
-10.996021478157115 0.9959917791144912
-10.999562171746927 0.9979714685173864
-11.001256281407088 0.9989409434644934
-11.003144689051439 0.9999999999999822
-11.005490313189558 1.0013028394476322
-11.010050251256335 1.0038951930624904
-11.01138658759751 1.0046433152449303
-11.012073218232812 1.0050251256281229
-11.014083513492603 1.006177486267057
-11.017298204462245 1.0079794074831465
-11.021017745648527 1.0100502512562635
-11.023218015391228 1.0113131585601494
-11.027638190954827 1.0138324419761053
-11.029105739509845 1.0146560772972562
-11.029857927559426 1.015075376884404
-11.032052259337442 1.016336539279437
-11.035004806791141 1.0179957551307401
-11.036432160804072 1.018816752970685
-11.038709708726659 1.0201005025125447
-11.040915633951652 1.0213320729987352
-11.045226130653319 1.0237953677846994
-11.04679406802317 1.0246776460350135
-11.047595637720766 1.0251256281406853
-11.049925301145393 1.0264682482812777
-11.052680775682198 1.0280208551891468
-11.056486684453123 1.030150753768826
-11.058581863115439 1.0313599558363604
-11.062814070351811 1.033785219503554
-11.064450233691943 1.0347084041569286
-11.06528442938129 1.0351758793969665
-11.067699504437252 1.0365717177070923
-11.070324774721962 1.0380550894907783
-11.071608040201056 1.0387972802413197
-11.074084775877393 1.0402010050251072
-11.076215331570236 1.0413971988765542
-11.080402010050303 1.0438033239162525
-11.082072829326206 1.0447487537172755
-11.0829222980855 1.0452261306532478
-11.085371663088702 1.0466460315213615
-11.087935399109481 1.0480988594073377
-11.091759902843096 1.0502512562813884
-11.093814597319367 1.0514442141183675
-11.097989949748795 1.0538510926326596
-11.099660374678002 1.0547991176440412
-11.10050714812766 1.055276381909529
-11.102938495767136 1.0566902522004833
-11.105511170256621 1.0581525873925761
-11.10678391959804 1.058893127159184
-11.109253996838456 1.0603015075376696
-11.111378142085151 1.0615014353554226
-11.115577889447287 1.0639300299058476
-11.11721131064063 1.0648599413962838
-11.118036785908826 1.0653266331658102
-11.12039664215393 1.0667034196534217
-11.123050529890795 1.0682167186672347
-11.126820950576445 1.0703517587939508
-11.128904365195341 1.0715693199226477
-11.13316582914578 1.0740417413027021
-11.134723992910887 1.074931694774918
-11.135508912735574 1.0753768844220915
-11.137742658948946 1.076684550080139
-11.140551833608592 1.0782917230608566
-11.141959798995025 1.0791163195304696
-11.14419997696812 1.080402010050232
-11.14639157689882 1.0816483506060752
-11.150753768844272 1.0841879433372164
-11.152196685058012 1.0850148739030185
-11.152921117009097 1.0854271356783727
-11.154973015652299 1.0866326347663806
-11.158013343822033 1.088378097027153
-11.161651783001597 1.0904522613065133
-11.163837991049565 1.0917390377331415
-11.168341708542764 1.0943704741921465
-11.169627550935493 1.0951100033938737
-11.170270865746954 1.095477386934654
-11.172084090116922 1.0965466388129848
-11.175433222031412 1.0984763658517522
-11.177135678392009 1.0994805872133764
-11.178903591468835 1.1005025125627945
-11.181241717089806 1.1018419214632091
-11.185929648241256 1.104591305674262
-11.187014646363457 1.1052176387274493
-11.187555495372624 1.1055276381909351
-11.189072163863768 1.1064254997973677
-11.192809520349881 1.1085870860737543
-11.196232514927603 1.1105527638190758
-11.198600751253984 1.1119575743007228
-11.203517587939748 1.1148525565713179
-11.204355909999625 1.11533836885868
-11.204772201699983 1.1155778894472164
-11.205933417150032 1.1162681263644405
-11.210140172194778 1.1187108481453478
-11.212311557788993 1.1200017108859637
-11.213343715488643 1.120603015075357
-11.21591296690461 1.1220866038563946
-11.22110552763824 1.1251565076059586
-11.221649153305734 1.125472819084214
-11.221918029030782 1.1256281407034976
-11.222663923779029 1.126073396743723
-11.227422982049175 1.1288482793570855
-11.230541130314483 1.1306532663316382
-11.233176103898874 1.132229655885312
-11.238693467336732 1.1355056182136938
-11.238892049503505 1.1356216541978439
-11.238989861429216 1.1356783919597788
-11.239259645638992 1.135840157188996
-11.24465561418372 1.1390000470602084
-11.247585935539885 1.1407035175879194
-11.25038779543221 1.1423874066173516
-11.25572200672071 1.1455688145547702
-11.255993419311023 1.14572864321606
-11.256088046650659 1.1457838890402217
-11.256281407035225 1.1458994804678264
-11.261835760500736 1.1491668107111979
-11.264553437576225 1.1507537688442007
-11.267545602757766 1.15256055283733
-11.272047991779608 1.1552585073425963
-11.27293710014416 1.1557788944723413
-11.273236026643906 1.1559598430694304
-11.273869346733717 1.1563402695358107
-11.278960527400628 1.159349397052793
-11.281439934987803 1.160804020100482
-11.284646498805493 1.1627499594224
-11.288227375588091 1.1649063140588751
-11.28977955712149 1.1658291457286225
-11.29032721654649 1.166152022838828
-11.291457286432209 1.1668342690332159
-11.296027005126268 1.1695486374441746
-11.298241580965644 1.1708542713567631
-11.301687566878455 1.1729564597145474
-11.304255755030544 1.1745109766705735
-11.306570955612921 1.1758793969849037
-11.307358710882188 1.1763612584844791
-11.309045226130701 1.1773848245796508
-11.3130321960985 1.1797653883365298
-11.314954476832751 1.1809045226130443
-11.318665713263636 1.183180937631775
-11.320128579697448 1.1840711950606861
-11.323221858518625 1.185929648241185
-11.324327391725406 1.1865884408422671
-11.326633165829193 1.1879955886643438
-11.329972881520982 1.1900005693859574
-11.331574471154225 1.1909547738693256
-11.335577614944222 1.1934243426074582
-11.335841136919514 1.1935856227522743
-11.339848667555291 1.1959798994974662
-11.341229907903726 1.1968345273900258
-11.344221105527685 1.198639216896595
-11.34689195771685 1.2002419245001317
-11.348194584243519 1.2010050251256068
-11.351987869599126 1.20322410057459
-11.352672494985578 1.2036154680514919
-11.35301507537693 1.203815867276746
-11.356877807112635 1.2060301507537474
-11.358528701300303 1.206967391875426
-11.361809045226178 1.2088731438858362
-11.364353017299681 1.2103284272180295
-11.365633011568217 1.211055276381888
-11.36927317748879 1.213187885599777
-11.370158665664107 1.2136947961706204
-11.374356760203495 1.2160804020100286
-11.376008179428913 1.2170486321516734
-11.37939698492467 1.2190203221912332
-11.381825590407882 1.2204116403572511
-11.383045772954977 1.2211055276381693
-11.386508743878577 1.2231374587678578
-11.387627741929903 1.2237790084076723
-11.388190954773915 1.2241094450536618
-11.391706480248118 1.2261306532663099
-11.393470059658602 1.227134900399041
-11.396984924623162 1.2291831482480218
-11.39928004944675 1.2305000289448538
-11.400431407399973 1.2311557788944505
-11.403692003007928 1.2330720870043832
-11.405078721882399 1.2338683910199526
-11.409135765249118 1.236180904522591
-11.410913313284945 1.2372264905330796
-11.414572864321654 1.2393625932776047
-11.416715338289348 1.24059389473139
-11.417788383973605 1.2412060301507317
-11.420820298685381 1.2429910113975113
-11.422510551685535 1.243963245103477
-11.4233668341709 1.2444672849293834
-11.426424667040433 1.2462311557788723
-11.428336858395449 1.2473237116716422
-11.432160804020146 1.2495596864811898
-11.434130346284897 1.2506935550456557
-11.435115099053505 1.251256281407013
-11.437890883796959 1.2528934470575308
-11.439922123008445 1.254063887324211
-11.443799257119297 1.2562814070351536
-11.445739557198882 1.2574268888979416
-11.449748743718638 1.259775518865256
-11.4515239054731 1.2607993435905902
-11.45240987323102 1.2613065326632942
-11.454900919599247 1.2627785829148968
-11.457312270176027 1.2641706507321802
-11.458542713567883 1.2648976030324999
-11.461019657687029 1.2663316582914348
-11.463120213055197 1.2675363641091302
-11.46733668341713 1.2700112475060106
-11.46889478748944 1.2709116113274872
-11.46967094786992 1.2713567839195754
-11.471847474795762 1.2726455814563273
-11.474679767006398 1.274283885665068
-11.47833405952097 1.276381909547716
-11.480477567182005 1.2776524969573213
-11.484924623115623 1.2802681002981124
-11.486241700136237 1.281030727455681
-11.48689647670391 1.2814070351758566
-11.488727524394504 1.2824935783983946
-11.492023323309263 1.284403960748671
-11.493718592964868 1.2854096398427526
-11.495477505469216 1.2864321608039972
-11.497810283961527 1.287775669047594
-11.502512562814115 1.2905473994774503
-11.503563254664545 1.2911570887605865
-11.50408449845423 1.2914572864321379
-11.505537834045686 1.292321649641158
-11.509341519133045 1.2945312816834411
-11.512725616559532 1.2964824120602785
-11.515116920353394 1.2979062926771965
-11.520100502512607 1.3008505528710748
-11.520858017635968 1.3012911047960305
-11.521232985599413 1.301507537688419
-11.522275280849797 1.3021289029276168
-11.5266330280318 1.3046662274539331
-11.528894472361852 1.3060138807444615
-11.52978282936042 1.3065326633165597
-11.532396152757768 1.3080447460175115
-11.537688442211099 1.3111788988523418
-11.538124617223556 1.31143316751257
-11.538340018450647 1.3115577889447003
-11.538936845275897 1.3119144755346426
-11.543896392300063 1.3148092145474228
-11.546958399624328 1.316582914572841
-11.549646428620703 1.3181914726553812
-11.555276381909591 1.321534039545302
-11.55536142843543 1.3215837411935984
-11.555403324524981 1.3216080402009815
-11.555519017490461 1.3216773646526585
-11.561129989832464 1.324960706422587
-11.56392239727076 1.3266331658291222
-11.564070351758836 1.3267209749584836
-11.566866083935098 1.3283469480214034
-11.572026465267202 1.3314189039312962
-11.572433784318461 1.3316582914572628
-11.572575484434287 1.3317408163640616
-11.572864321608083 1.331912998772962
-11.578332115529063 1.3351211902508382
-11.581015077586455 1.3366834170854034
-11.584053368892066 1.338511672060978
-11.588450441966078 1.3411365943305444
-11.589431343767307 1.341708542713544
-11.589759697932314 1.341906417963333
-11.590452261306575 1.3423204617984785
-11.59550097459066 1.3452911788319462
-11.597971359740741 1.3467336683416846
-11.601206440942386 1.3486861712167366
-11.604784827666697 1.3508286873017195
-11.60635836786769 1.3517587939698252
-11.606909725736465 1.352081786903712
-11.608040201005068 1.352759685831363
-11.612634675220514 1.3554712126792676
-11.614876167647296 1.3567839195979658
-11.61832335723899 1.3588710005878433
-11.62102577448174 1.3604940834484438
-11.623267676454203 1.3618090452261065
-11.624023624172928 1.3622674785205726
-11.62562814070356 1.3632327159808284
-11.629731220662427 1.3656618622945702
-11.631726767332278 1.366834170854247
-11.635402066387394 1.3690667462870056
-11.637169330826422 1.370131653746494
-11.640073637142235 1.3718592964823877
-11.641099339681686 1.3724640795453498
-11.643216080402052 1.3737417416008801
-11.64678850049662 1.3758637306549373
-11.648520288214701 1.3768844221105283
-11.652440399422106 1.3792740280186537
-11.65321143688986 1.3797402382499016
-11.656885824703378 1.381909547738669
-11.658134699623435 1.382672210732129
-11.660804020100544 1.384289110756888
-11.663804281104966 1.3860774559369746
-11.665253712809141 1.3869346733668095
-11.669152309998081 1.38931989905182
-11.669440776711975 1.3894921542488268
-11.66959798994979 1.3895882589818251
-11.67355682799327 1.3919597989949501
-11.67512740219469 1.3928925297390489
-11.678391959799036 1.394877346408757
-11.680776195205912 1.3963037145068409
-11.681923865535424 1.3969849246230908
-11.684996058235095 1.3988718098905357
-11.686409856872817 1.3997192225158654
-11.690262100999059 1.4020100502512314
-11.69207500534323 1.4031257342953163
-11.695979899497528 1.405509164558989
-11.697701730346258 1.4065432242083062
-11.698527400536921 1.407035175879372
-11.700726593010206 1.408391374025852
-11.703332563271298 1.4099595404292922
-11.704773869346774 1.4108474888065636
-11.706782755025515 1.4120603015075126
-11.708974914561617 1.4133725656887703
-11.71356783919602 1.4161874946549764
-11.714578216221915 1.4167967479853978
-11.715060788397555 1.4170854271356532
-11.716339419004845 1.4178773070810315
-11.720206214707522 1.4202138740462225
-11.723370237231014 1.4221105527637938
-11.725824369419882 1.423633812613688
-11.731155778894513 1.4269155025838671
-11.731402810682178 1.4270650978811732
-11.73152030163444 1.4271356783919344
-11.731829908261814 1.4273282867825916
-11.737027955455872 1.4304830392882577
-11.739814736907014 1.432160804020075
-11.742620428679148 1.4339103154240336
-11.747208418011134 1.43674727233911
-11.747927136200234 1.4371859296482157
-11.74818897798095 1.4373444269659457
-11.748743718593005 1.4376882576951893
-11.75379445926359 1.4407679865133325
-11.756180354353019 1.4422110552763563
-11.759359345390344 1.4442031446766865
-11.762460631664421 1.446130173296761
-11.764284944654273 1.447236180904497
-11.76492478821521 1.4476381437834362
-11.766331658291497 1.4485144957371352
-11.770502076315859 1.4510697585256764
-11.772462786543244 1.4522613065326375
-11.776038050297663 1.4545131773018731
-11.77757708773575 1.4554742863738532
-11.780517153158288 1.4572864321607781
-11.781600731808721 1.4579489653554258
-11.78391959798999 1.4594008560270533
-11.787148178898164 1.461389106100869
-11.788658502773451 1.4623115577889187
-11.792554704410648 1.4647787310519638
-11.792655215785654 1.4648407926182978
-11.796731073088976 1.4673366834170594
-11.798213307328295 1.4682778920913986
-11.801507537688481 1.4703516824045453
-11.80372905999935 1.4717270883849514
-11.804762815756625 1.4723618090452
-11.807411940880053 1.4740487813856493
-11.809233294363805 1.4751795756232475
-11.810301507537726 1.4758587415226918
-11.812754283801093 1.4773869346733406
-11.814758619205632 1.4786260370108666
-11.819095477386973 1.4813718114959054
-11.820240699403184 1.482084854011135
-11.82077065943127 1.4824120603014812
-11.822119341043727 1.483276021346268
-11.825741976839268 1.4855381860861092
-11.828808805971288 1.4874371859296218
-11.831232481192517 1.4889945961847504
-11.836671363544154 1.492458867688816
-11.836676908793866 1.4924623115577624
-11.836678907535926 1.4924636000004874
-11.836683417085466 1.4924664813525181
-11.84217690044659 1.4959178705112954
-11.844696506439723 1.497487437185903
-11.84763038757164 1.4993848569608508
-11.851093208627677 1.5016045204836779
-11.852528671605652 1.5025125628140437
-11.853073670343958 1.5028547589397583
-11.854271356783958 1.5036250151266506
-11.858533363711658 1.5063199721771268
-11.860475789548577 1.5075376884421843
-11.86394748075949 1.5097982072201734
-11.865349329306245 1.5107028234485513
-11.868306487900895 1.512562814070325
-11.86938734737929 1.5132690852426567
-11.87185929648245 1.5148698102354095
-11.874806291506122 1.5167459411202735
-11.8761404369081 1.5175879396984655
-11.879445494576487 1.5197554248681904
-11.8801919365857 1.5202323110113918
-11.880653266331695 1.5205342147072498
-11.883894886725402 1.5226130653266061
-11.885614631236832 1.5237080953106377
-11.889447236180942 1.5262079975344616
-11.890990195600466 1.5271973454063117
-11.891683796425042 1.5276381909547467
-11.893387507297764 1.5287639827024098
-11.89637201319074 1.5306848088658018
-11.899473444360945 1.5326633165828873
-11.90174977460508 1.5341734312327029
-11.907035175879434 1.5376474862942855
-11.907079130045625 1.5376758838778306
-11.907098741656668 1.537688442211028
-11.90714648798503 1.5377202456697692
-11.912456668796127 1.5411645698629703
-11.914866255541115 1.5427135678391686
-11.91778654193559 1.5446668745941219
-11.920753986432183 1.5466332279970967
-11.922444700659884 1.5477386934673092
-11.92311023138176 1.5481709460947854
-11.924623115577926 1.549177693269617
-11.928439357265448 1.5516734643275862
-11.930121779329223 1.5527638190954498
-11.933718154557658 1.555190362157953
-11.934167772516947 1.5554908639351694
-11.937698743879718 1.5577889447235904
-11.939036810712487 1.5586958717418566
-11.942211055276418 1.5608268889053978
-11.94431295139277 1.562213528604202
-11.94523166430184 1.562814070351731
-11.947415173726668 1.5643009613375165
-11.949578057934279 1.5657343380776254
-11.951005025125664 1.5667033392006067
-11.952711925442765 1.5678391959798716
-11.954850130498759 1.569253157258772
-11.95979899497491 1.5726067586770887
-11.960069674868631 1.5727869844955205
-11.960186914015726 1.5728643216080123
-11.960462667045448 1.5730539421995946
-11.965328700624173 1.5763095313363635
-11.967712420147631 1.5778894472361529
-11.970541991944184 1.579845145158787
-11.973335491847305 1.5817570177711229
-11.975073442860495 1.5829145728642935
-11.975747571841318 1.5833829622448894
-11.977386934673403 1.5845107692079976
-11.98095301985839 1.5869208170110092
-11.982475067575765 1.587939698492434
-11.985996165039845 1.5903994785971323
-11.986105546638298 1.590473792130605
-11.986180904522648 1.5905262652909382
-11.989754615317377 1.5929648241205747
-11.991301485320468 1.5940143638495536
-11.994974874371895 1.5965690397349492
-11.996441576835206 1.5975708919020546
-11.997061104538272 1.5979899497487153
-11.998542472358546 1.5990092634591866
-12.001732504185247 1.6010843240016124
-12.004935944615868 1.603015075376856
-12.007332064948914 1.6045095751258485
-12.012562814070387 1.6077419842494498
-12.012896413992106 1.6079448867416488
-12.013054508707924 1.6080402010049966
-12.013470018200731 1.6082994021850947
-12.018510621427804 1.611365953102447
-12.02132862701814 1.6130653266331372
-12.024099449698936 1.614794270653121
-12.028811697916629 1.6177078648749204
-12.029438758737168 1.6180904522612778
-12.029667276976944 1.6182285884875451
-12.03015075376888 1.6185276087136504
-12.035280243639262 1.6216500093550232
-12.03770916654715 1.6231155778894184
-12.040857867717179 1.6250815281037596
-12.04414113521401 1.6271128297308843
-12.045844150410291 1.628140703517559
-12.046438797553275 1.6285121023501574
-12.047738693467371 1.6293165850672935
-12.052040404447004 1.6319367688658044
-12.054076069307797 1.6331658291456996
-12.057606434232804 1.6353716002694307
-12.05944685367239 1.6365110177757058
-12.062196696367447 1.6381909547738402
-12.063200344840215 1.638798465724025
-12.065326633165864 1.6401153423157835
-12.068790184817086 1.642226494215918
-12.070428061696143 1.6432160804019809
-12.074344200746856 1.645664758149838
-12.074726901145322 1.6459018712532538
-12.07859732304622 1.6482412060301215
-12.079950965349305 1.6490879510344216
-12.082914572864356 1.650924878241815
-12.085528601185725 1.652519466423585
-12.086763784845148 1.653266331658262
-12.089997524803278 1.65529003221224
-12.091088760598133 1.6559559750767514
-12.0917085427136 1.6563429735761765
-12.094892868470339 1.6582914572864027
-12.096689640167762 1.6593808493992839
-12.100502512562848 1.6617462648772454
-12.102254603214334 1.6628159855855476
-12.103081792080033 1.6633165829145433
-12.105244945715745 1.6646715638153706
-12.107827295581204 1.6662489133945826
-12.111283860639125 1.668341708542684
-12.113415282556918 1.6696774713153761
-12.11809045226134 1.6725806520689286
-12.118967071286857 1.6731163715921058
-12.119380546104736 1.6733668341708245
-12.120460473608315 1.6740439831271035
-12.12455216184669 1.6765457570602935
-12.126884422110585 1.6780048688482658
-12.127515806185452 1.6783919597989652
-12.13012673527948 1.6799781474219229
-12.135642115728977 1.6834067207897192
-12.135659012421378 1.6834170854271058
-12.135665208930648 1.683420852006873
-12.135678391959832 1.6834290517009878
-12.141262163970906 1.686846847623511
-12.143891697220395 1.6884422110552464
-12.146822767631031 1.6902832293487595
-12.150812397918969 1.6927662127578573
-12.151967351899907 1.693467336683387
-12.152373317924845 1.6937224834643816
-12.153266331658324 1.6942786002804393
-12.157956031533967 1.6971525480613439
-12.16016192570696 1.6984924623115276
-12.163502072148514 1.7005930906567563
-12.165943672719804 1.702114559757665
-12.168225416286097 1.7035175879396682
-12.169064558386232 1.7040289345026922
-12.170854271356816 1.7051449288288802
-12.174632415615955 1.7074632437794834
-12.17640726957477 1.7085427135678088
-12.18016326096563 1.7109081278791463
-12.181033235045888 1.7114509889075435
-12.184511379884258 1.7135678391959495
-12.185737539027302 1.7143406026325225
-12.188442211055309 1.71602953222716
-12.191289884920208 1.7177793437198332
-12.192625779978693 1.71859296482409
-12.196090456749383 1.7207781778795406
-12.196817383773908 1.7212251839612023
-12.197236180904554 1.7214887134587205
-12.200689373544744 1.7236180904522307
-12.202390784056806 1.7246579095085144
-12.2060301507538 1.7269340086036795
-12.207926921488076 1.7281012815848644
-12.208815398320162 1.7286432160803713
-12.211115250057388 1.7300961015956817
-12.213465890931069 1.7315438445150075
-12.216946144104032 1.733668341708512
-12.219022728625877 1.734981302230345
-12.223618090452293 1.737860066521617
-12.224541915965327 1.7384295171900712
-12.224973951118637 1.7386934673366525
-12.226089974461743 1.7393997199107814
-12.230092206224457 1.7418688456013172
-12.233117294911636 1.7437185929647931
-12.235631713799382 1.7453112547794802
-12.24101350954641 1.7486887127059694
-12.241102336894645 1.7487437185929338
-12.241135272929773 1.7487639349417945
-12.241206030150785 1.7488083820630944
-12.24669461959926 1.7522006758072246
-12.249253896664026 1.7537688442210744
-12.252215719366184 1.755648344359101
-12.25590518077696 1.7579686015428386
-12.257250913696144 1.758793969849215
-12.257729634331438 1.7590980657114548
-12.258793969849277 1.7597680916289073
-12.263269822284983 1.7625402804957258
-12.265353162660704 1.7638190954773556
-12.26877160579701 1.7659934679775722
-12.270735314810699 1.7672309083234756
-12.273329969230439 1.7688442211054962
-12.274296579967519 1.7694400295569963
-12.27638190954777 1.7707555377795927
-12.27981744140132 1.7728877662040512
-12.281413291984661 1.7738693467336368
-12.285299429688816 1.7763466094643352
-12.2855035901229 1.7764755411836743
-12.289431975357415 1.7788944723617774
-12.290835265635014 1.7797900676792766
-12.293969849246261 1.7817719287344103
-12.296335831964106 1.7832436029276773
-12.297432454302756 1.783919597989918
-12.30023310034142 1.7857090983028199
-12.30182493327626 1.7867004138952023
-12.302763819095507 1.7872988234648437
-12.305399056144912 1.7889447236180587
-12.307343526362015 1.790148798641698
-12.311557788944754 1.7928197207754373
-12.312822768997933 1.7936084263738623
-12.313407703038711 1.7939698492461993
-12.314897164866014 1.7949239566522737
-12.318322353927904 1.7970622420220117
-12.321446411491923 1.79899497487434
-12.32381907078753 1.80051687711883
-12.329145728643246 1.803901543486095
-12.32927589728309 1.8039829094625253
-12.329335936421979 1.8040201005024805
-12.329488338843882 1.8041179891312336
-12.334785760690375 1.8074337884028697
-12.337301081224464 1.8090452261306211
-12.337939698492491 1.809450910063883
-12.340259471954482 1.8108949965269794
-12.344031077892993 1.8132981830591204
-12.345259303687078 1.8140703517587617
-12.345722656355278 1.8143592123263215
-12.346733668341738 1.815004351498521
-12.351212651535638 1.817815767902931
-12.353270041464087 1.8190954773869024
-12.356662157104891 1.8212838919398564
-12.358496878357057 1.8224563945341359
-12.361168490767948 1.824120603015043
-12.36213523508084 1.8247452810034401
-12.36432160804023 1.8261446933118366
-12.367600372238803 1.8282089388721623
-12.369101975942106 1.8291457286431836
-12.372880261107177 1.8315910580908827
-12.373027011687183 1.8316835960864797
-12.373115577889475 1.8317407623967785
-12.376957495974924 1.8341708542713242
-12.378507145263132 1.83514296926435
-12.381909547738722 1.8373278116250082
-12.383946104323444 1.838614106589544
-12.384875848758147 1.8391959798994648
-12.38720613631331 1.8407092909207758
-12.389382242789074 1.842086049798934
-12.392788043939243 1.8442211055276054
-12.394835475283607 1.8455531090000648
-12.399497487437214 1.848557205557495
-12.400246851689047 1.8490321270837935
-12.400587802474378 1.849246231155746
-12.4014388258286 1.8498008992675707
-12.405692250473372 1.8525014244878415
-12.408505784124928 1.8542713567838867
-12.41111712736678 1.8559765852892944
-12.415589304417406 1.8588690187782273
-12.416259202597537 1.8592964824120273
-12.416516156817265 1.8594591310744395
-12.417085427135707 1.8598280279847899
-12.421953829808338 1.862930635847988
-12.42415676541838 1.8643216080401679
-12.427348801733924 1.866414340925961
-12.429658132489555 1.8679138095698393
-12.431923095958954 1.8693467336683085
-12.43275665514108 1.8698943655806284
-12.434673366834199 1.8711414705007918
-12.43816356364059 1.873374660208909
-12.439736642398282 1.8743718592964491
-12.443526978981442 1.8768673814539483
-12.443620017459894 1.876928045189505
-12.447458082503854 1.8793969849245897
-12.448943372807342 1.880344965988975
-12.45226130653269 1.88251309462746
-12.454317803756066 1.8838345399174807
-12.45524081225345 1.8844221105527303
-12.457507011915707 1.8859208835193062
-12.459687870147988 1.8873253608622145
-12.463013787441506 1.889447236180871
-12.46507252531998 1.890812013584072
-12.469849246231183 1.893947723730534
-12.47041264988383 1.8943113893368269
-12.470664394411752 1.8944723618090116
-12.471279203930758 1.8948809211517474
-12.475790742256148 1.8977999171443045
-12.478353284701713 1.8994974874371522
-12.478643216080428 1.8996880940873107
-12.481140062359902 1.9012966655999444
-12.484955525793888 1.903813567312211
-12.486045067031922 1.9045226130652928
-12.486472027817472 1.9047983725259225
-12.487437185929675 1.9054366687630075
-12.491829688575585 1.908292737937459
-12.493778363345298 1.9095477386934334
-12.497141661180374 1.9118001571070895
-12.498520478096127 1.9127143935981339
-12.50139881233916 1.914572864321574
-12.502481167455846 1.9152997095136657
-12.505025125628167 1.91699106957231
-12.507800426052675 1.9188050469712836
-12.509025251748069 1.9195979899497146
-12.511973218406993 1.9215831593150936
-12.513093986206263 1.9223177268412561
-12.513819095477412 1.9228043873987177
-12.516584359179959 1.9246231155778553
-12.518419476584647 1.9258212837898583
-12.52261306532666 1.9286252373472514
-12.523697901342343 1.9293382880586574
-12.524174033934642 1.9296482412059959
-12.525312645082535 1.9304195497076746
-12.528998132303737 1.9328490619835428
-12.531792469194412 1.9346733668341365
-12.534281465928409 1.93636466371892
-12.538526210684289 1.9392199797934593
-12.539256990033003 1.939698492462277
-12.53953579990911 1.9398885510668604
-12.540201005025152 1.9403374230582617
-12.544823033609122 1.9434030384949974
-12.546833619553116 1.9447236180904177
-12.550061694722686 1.9469314038049772
-12.551619574567281 1.9479860665310262
-12.554259081753461 1.9497487437185583
-12.5553219324834 1.9504536043586276
-12.557788944723644 1.9521293174279064
-12.560563039213589 1.953981270921
-12.56176206251434 1.954773869346699
-12.5645792671388 1.956713961465315
-12.565777441111157 1.9575165674355501
-12.569218709070801 1.9597989949748396
-12.571019879226895 1.9610438536020514
-12.575376884422136 1.9640241101938667
-12.57621203210698 1.9645855069787386
-12.576570553235598 1.9648241206029802
-12.57740645942792 1.9654039991760612
-12.581431396967798 1.9681193855037886
-12.583934681413078 1.9698492462311208
-12.584170854271381 1.970011373944204
-12.586623228045811 1.9716611308239251
-12.590097096298505 1.9740550210529406
-12.591302500783149 1.9748743718592614
-12.591796713020692 1.9752081178878145
-12.592964824120628 1.9760162101351382
-12.596986982270876 1.9787503094444743
-12.598694762449146 1.979899497487402
-12.602125015541718 1.9823074255666597
-12.60263685392005 1.982662934572951
-12.605984826918657 1.9849246231155426
-12.607302296681901 1.985853328011891
-12.61055276381912 1.988120352859708
-12.612436879848884 1.9894114298780359
-12.613230553688304 1.9899497487436832
-12.615042440375204 1.9912325134739977
-12.617568096188208 1.9929704936949522
-12.620511048334182 1.9949748743718416
-12.622697838111389 1.9965299787736255
-12.627281249631437 1.9997544417468065
-12.627635136093447 2.