-13.410065164178196 2.
-13.407781716824623 1.9983509524076073
-13.403658249981493 1.9954457885804793
-13.403008925552879 1.9949748743718416
-13.402717429763754 1.9947727659397012
-13.402010050251267 1.9942772344957511
-13.397678299549666 1.9911873918012875
-13.395899824537853 1.9899497487436832
-13.39321608040202 1.9880719871255659
-13.392581091444335 1.987618611346095
-13.391698077222982 1.9870034707356021
-13.388798199896502 1.9849246231155426
-13.38751139005687 1.984041971828658
-13.384422110552775 1.9819014078811197
-13.382402359417927 1.9804765692402153
-13.381592912923665 1.979899497487402
-13.379555211709857 1.9785089549608532
-13.37728266246082 1.9769142141712486
-13.374406053623307 1.9748743718592614
-13.372163573287924 1.9733516854496491
-13.367215547899628 1.9699582111012193
-13.367061084603225 1.9698492462311208
-13.366993653536586 1.9698036797504628
-13.366834170854283 1.9696948371624323
-13.361866185254256 1.9662435450601308
-13.359772436270397 1.9648241206029802
-13.358040201005036 1.963642673627799
-13.35668427135914 1.9626989662591665
-13.354715347668396 1.9613615996927276
-13.352478198924851 1.9597989949748396
-13.351511529020524 1.9591517670134868
-13.34924623115579 1.9576201663947863
-13.346323559673857 1.9556089183415368
-13.345122360801875 1.954773869346699
-13.342028908370134 1.952711777122225
-13.341100829922983 1.9520760012136469
-13.337737706529547 1.9497487437185583
-13.33590828654639 1.94853445940739
-13.331658291457298 1.945686185172538
-13.33066365266597 1.9450078006022258
-13.330236754440184 1.9447236180904177
-13.329179857087167 1.9440154939846659
-13.325439515161987 1.941475285689509
-13.322864321608051 1.939768229915848
-13.322761227149364 1.939698492462277
-13.320192328655287 1.9379493562061398
-13.316162924606829 1.935271244790715
-13.315287633288559 1.9346733668341365
-13.314918222528418 1.934431118042819
-13.314070351758806 1.9338698209108252
-13.309669802455309 1.9309055410069949
-13.307821592704167 1.9296482412059959
-13.30437134836283 1.9273942594052773
-13.302987620021906 1.9264817464240247
-13.300244614161242 1.9246231155778553
-13.299096920681365 1.923876113114698
-13.296482412060314 1.9221583978073529
-13.293799002436364 1.9203646784137005
-13.292624085857986 1.9195979899497146
-13.289655594486009 1.9176474706427706
-13.288474460930418 1.9168608503586873
-13.285072078484815 1.914572864321574
-13.283178263498154 1.9133489239969075
-13.278894472361822 1.9105546249212457
-13.277833833209373 1.9098507784512764
-13.277381553252727 1.9095477386934334
-13.276175403642208 1.908770861916401
-13.272509803626308 1.9063468041325828
-13.269777607306875 1.9045226130652928
-13.26716865187603 1.9028477218616642
-13.262542882573205 1.899850730268545
-13.262011991083188 1.8994974874371522
-13.261794239265368 1.8993581426937123
-13.26130653266333 1.8990431867241044
-13.256457439530758 1.8958578169897464
-13.254297315475371 1.8944723618090116
-13.252512562814083 1.8933192666137293
-13.25107400101477 1.892370816651888
-13.248778122868762 1.8908928161534213
-13.246591251497836 1.889447236180871
-13.245700783083572 1.8888808961469463
-13.243718592964838 1.8876087482196313
-13.240323115445912 1.8853922469867088
-13.238850859950864 1.8844221105527303
-13.23489988687142 1.881916615236995
-13.234859976243476 1.88189107720377
-13.23106337090118 1.8793969849245897
-13.229528211505867 1.8784262539990122
-13.226130653266345 1.8762585263049125
-13.224111989908733 1.8749486202557666
-13.223201747192089 1.8743718592964491
-13.220829394850567 1.8728572140347985
-13.218689679219636 1.8714727262530824
-13.215434318007386 1.8693467336683085
-13.213281390707545 1.8679928259141105
-13.208542713567853 1.8649862158303279
-13.207828818800602 1.8645255779736685
-13.207515614513106 1.8643216080401679
-13.206656297997723 1.8637826321629882
-13.202408440253528 1.8610491319304057
-13.199709775312773 1.8592964824120273
-13.196964940948051 1.8575792918181158
-13.192359901948386 1.8546728219493227
-13.191740087672946 1.8542713567838867
-13.191493457218403 1.8541174472555895
-13.190954773869361 1.8537783157744387
-13.186059885977084 1.8506447705535392
-13.183822890262837 1.849246231155746
-13.182160804020114 1.8481988900734727
-13.18058316161439 1.84718442331474
-13.177949459713986 1.8455304271113535
-13.175917644348296 1.8442211055276054
-13.17511392157535 1.8437219376977536
-13.173366834170869 1.842627368123285
-13.169648145741766 1.84025846230778
-13.16799532471886 1.8391959798994648
-13.16414005493832 1.8368070769091958
-13.163411233992264 1.836351522705578
-13.160010813736223 1.8341708542713242
-13.158673257244265 1.8333438934793564
-13.155778894472377 1.8315388462386473
-13.153177067946192 1.829889107650665
-13.151976687498697 1.8291457286431836
-13.148768432477018 1.827142739501653
-13.147658695332384 1.8264406599121834
-13.144024284321326 1.824120603015043
-13.142175167631581 1.8229822564842717
-13.138190954773885 1.8205083028932902
-13.136650244564331 1.8195356803039182
-13.135959140561754 1.8190954773869024
-13.134018822538767 1.8179034396054394
-13.131134515958713 1.816086477134525
-13.127962474417446 1.8140703517587617
-13.125623113149436 1.8126360380233209
-13.120603015075393 1.80953165382833
-13.120071033122867 1.8091972209742
-13.119823503209634 1.8090452261306211
-13.119155576728739 1.8086316723172917
-13.1145580870016 1.805747222809278
-13.111829552394253 1.8040201005024805
-13.10902033175967 1.8023043129645462
-13.104195409411487 1.7993322131699356
-13.103661582560218 1.79899497487434
-13.103455278134144 1.7988692026579844
-13.1030150753769 1.7985985487624312
-13.097932533356891 1.7954220041090592
-13.095629455071293 1.7939698492461993
-13.092369857443842 1.7919862144560756
-13.089144787439581 1.7900069098355367
-13.087457039347436 1.7889447236180587
-13.086807722638932 1.7885502702007656
-13.085427135678408 1.7877044670698732
-13.081260785975573 1.7851099836193
-13.079303904068599 1.783919597989918
-13.076633165829161 1.7822810852419666
-13.075674536839882 1.7816809291727846
-13.07399356187087 1.7806528626163356
-13.071189567063374 1.7788944723617774
-13.070115422562408 1.778244121909637
-13.067839195979916 1.776854332850692
-13.064545597474995 1.7748103748778998
-13.063042423098041 1.7738693467336368
-13.05893704425523 1.7713876930268357
-13.05874616616884 1.7712713382161862
-13.054862663906109 1.7688442211054962
-13.053381041344444 1.767949996801776
-13.050251256281424 1.7660451697815036
-13.047789556246036 1.7645224383446099
-13.046625636088569 1.7638190954773556
-13.04342676872264 1.7618692418891317
-13.042180896718959 1.761099786867062
-13.03847964540177 1.758793969849215
-13.036607085801169 1.7576671786440041
-13.032663316582932 1.755274215231963
-13.030995099224631 1.7542454777520176
-13.030228843044565 1.7537688442210744
-13.028021837955889 1.7524427074704905
-13.025389643527408 1.750821910894512
-13.022043656881614 1.7487437185929338
-13.019795918154005 1.7473949925159156
-13.01507537688444 1.7445389004512304
-13.014164523475658 1.7439788367958737
-13.013731301582418 1.7437185929647931
-13.01253240568391 1.7429920297646424
-13.008562347035605 1.740554333007748
-13.005557649623926 1.7386934673366525
-13.00294975022703 1.7371328064677716
-12.997487437185947 1.7338368710879886
-12.997299950706939 1.7337219092739433
-12.997213336138183 1.733668341708512
-12.996962279563025 1.7335182966733909
-12.991701018838311 1.7302964784654105
-12.9890242559001 1.7286432160803713
-12.986070478601372 1.7268800786192529
-12.981329203754871 1.7240265779572068
-12.98066697266185 1.7236180904522307
-12.98041832949704 1.7234698527352066
-12.979899497487455 1.7231579799559285
-12.974807655805968 1.720047776733086
-12.972369942969248 1.71859296482409
-12.971105527638208 1.7178315824133197
-12.96916018914048 1.7166362130093704
-12.965627589513558 1.7145152768315475
-12.964087805775572 1.7135678391959495
-12.9635114413683 1.713225015316139
-12.962311557788963 1.7125054499209353
-12.957884316420238 1.7098076396731594
-12.955826101434154 1.7085427135678088
-12.952220814934988 1.706400657326519
-12.949855687873871 1.7049838935920683
-12.947467047264773 1.7035175879396682
-12.946575530466403 1.7029884701179734
-12.944723618090471 1.701880341695455
-12.940932819015135 1.699575547761624
-12.939109637046935 1.6984924623115276
-12.935929648241224 1.6965861466385563
-12.935254125375579 1.6961729060304993
-12.934016990166299 1.695433425761765
-12.930807112951872 1.693467336683387
-12.929612364426507 1.6927597121020925
-12.927135678391979 1.6912808267891766
-12.923954883888069 1.6893510094849349
-12.922469592108046 1.6884422110552464
-12.918261794653239 1.6859524807810313
-12.918114873044473 1.6858648380988157
-12.914110301242955 1.6834170854271058
-12.912623616301246 1.68253826325346
-12.909547738693487 1.6807051921410023
-12.90695213944903 1.6791335595830956
-12.905698693386855 1.6783919597989652
-12.902166918646998 1.6762831540713972
-12.901260247907388 1.6757346886811382
-12.897378799389843 1.6733668341708245
-12.895610870360075 1.6723236709236584
-12.891959798994995 1.670151831397968
-12.889926127803399 1.6689227574545686
-12.88897276510782 1.668341708542684
-12.886163720596455 1.6666856861431008
-12.884237905225238 1.6655228382773313
-12.88061468920711 1.6633165829145433
-12.878575627354898 1.6621155063264306
-12.874371859296502 1.6596192370912695
-12.872878309820441 1.6587181857081346
-12.87215445169058 1.6582914572864027
-12.870106035157628 1.6570726503895816
-12.867193817398622 1.6553172007719423
-12.863819952288646 1.653266331658262
-12.861519309300323 1.6519133631718868
-12.85678391959801 1.6491059936131434
-12.855810069733952 1.6485194488484236
-12.855351956587972 1.6482412060301215
-12.853996831445764 1.64744489512948
-12.850129368770878 1.6451173806383048
-12.846996474763982 1.6432160804019809
-12.844443263811801 1.6417168564270437
-12.839195979899518 1.6386107709104234
-12.838722719316394 1.6383261720833042
-12.838492620058656 1.6381909547738402
-12.837838972727413 1.637803238438953
-12.833045871374074 1.6349230030101118
-12.830146051630624 1.6331658291456996
-12.8273487680401 1.6315256211916784
-12.821635496942939 1.6281485483009632
-12.82162254153363 1.628140703517559
-12.821617788348028 1.6281379183327012
-12.821608040201026 1.6281321601972305
-12.815944568636255 1.6247337126222101
-12.813270390695084 1.6231155778894184
-12.810237032236653 1.6213393116796704
-12.805402277635194 1.6184853600134668
-12.80474919986214 1.6180904522612778
-12.804510011898808 1.6179504775766285
-12.804020100502534 1.617661467358583
-12.798826638738408 1.6145491728514587
-12.796292895274544 1.6130653266331372
-12.795226130653287 1.61243467838551
-12.793109202980538 1.6111576002969956
-12.789127971566105 1.6088104326513006
-12.787852559026845 1.6080402010049966
-12.787386207121967 1.6077676163427324
-12.786432160804042 1.6072054847639023
-12.78169319764999 1.6043690648494424
-12.779449771829123 1.603015075376856
-12.77596636609474 1.6009801768085152
-12.773097948865765 1.5992053005373483
-12.77122099631431 1.5979899497487153
-12.770483038990566 1.5975217160672823
-12.76884422110555 1.5964729429291697
-12.765099349429073 1.5940347874567102
-12.763415556293102 1.5929648241205747
-12.760050251256303 1.5908115228105562
-12.759667510011559 1.59056161594786
-12.759045485926178 1.5901651854978978
-12.755643178900993 1.587939698492434
-12.754273560002055 1.5870776188938631
-12.751256281407057 1.5851623334990412
-12.748843082982114 1.5836040581285626
-12.74778466678212 1.5829145728642935
-12.744878457147973 1.5810923373616976
-12.743392115457286 1.5801363517932305
-12.739929063301533 1.5778894472361529
-12.737964196395737 1.5766620601826755
-12.733668341708565 1.573956077573821
-12.732489874913432 1.5732010264066218
-12.731951512857622 1.5728643216080123
-12.730526680219862 1.571966704039811
-12.72703120185663 1.569735521651853
-12.724085832282402 1.5678391959798716
-12.721560953112474 1.5662733242363283
-12.716080402010073 1.5628462620353742
-12.716045475112525 1.5628240494653163
-12.716029917930914 1.562814070351731
-12.71598651302468 1.5627872449273328
-12.710579351497055 1.5593606734415957
-12.708120192805046 1.5577889447235904
-12.705069380219214 1.55590982532141
-12.701290664168186 1.5535633053401945
-12.700035356373972 1.5527638190954498
-12.69954534578927 1.5524629952446816
-12.698492462311581 1.5518113538234495
-12.694041897711372 1.5490102833530832
-12.691972440822031 1.5477386934673092
-12.689698492462334 1.5463307304205163
-12.688494634082879 1.5455700901902265
-12.686417469651095 1.5442886955643136
-12.68392745205272 1.5427135678391686
-12.682963227595142 1.5421253664157248
-12.680904522613089 1.5408593890605147
-12.67742376635771 1.5386829439982792
-12.675846475180233 1.537688442211028
-12.671841478106549 1.5352527578704702
-12.671371732637358 1.534964787932247
-12.667709927026792 1.5326633165828873
-12.666302806968126 1.5318101097104506
-12.663316582914597 1.5299849795660165
-12.660729513860332 1.5283773535416794
-12.659511268166385 1.5276381909547467
-12.656174679605959 1.5255976471522796
-12.655131851227207 1.524951560094431
-12.651388215524792 1.5226130653266061
-12.64956844626275 1.5215159787418502
-12.645728643216104 1.5191827997765266
-12.64396336211693 1.5180923057268014
-12.64315354072573 1.5175879396984655
-12.640821449172869 1.5161858842575402
-12.638358315163318 1.5146686220854066
-12.634967408518154 1.512562814070325
-12.632764192563362 1.5112418172001103
-12.628140703517612 1.5084480055501102
-12.62712922953976 1.507826681007285
-12.626647444564348 1.5075376884421843
-12.625310159642277 1.5067289616206603
-12.621516802246097 1.5044051060344765
-12.618452281612036 1.5025125628140437
-12.615893806550469 1.500986550605087
-12.61055276381912 1.4977761800963103
-12.610230758721405 1.4975794386423935
-12.610081383209769 1.497487437185903
-12.609645860316387 1.4972283218994082
-12.604610924742678 1.4941599798653176
-12.601847320280786 1.4924623115577624
-12.598960788270528 1.4907491789435054
-12.593841759070157 1.4876877387723448
-12.593432843263 1.4874371859296218
-12.593280505222493 1.4873469913290887
-12.592964824120628 1.487158656500979
-12.587644048416525 1.4839322819312244
-12.585076898287957 1.4824120603014812
-12.584170854271381 1.4818709722917411
-12.58196840019049 1.4805287700819507
-12.57790157254879 1.4781082741380986
-12.576718471037294 1.4773869346733406
-12.576280423634936 1.4771287806125404
-12.575376884422136 1.4765922577852173
-12.57061931406002 1.4737211148629479
-12.56838452070274 1.4723618090452
-12.564919687865814 1.470324453861723
-12.561821249566949 1.4684887705151466
-12.559922722239023 1.4673366834170594
-12.55922393452996 1.4669266863295407
-12.557788944723644 1.466078399959473
-12.553539656827171 1.463525640045054
-12.551470442802987 1.4623115577889187
-12.548994974874397 1.4608465235133252
-12.547817498506204 1.4601354167943317
-12.545605288387227 1.458830513121371
-12.543049308092813 1.4572864321607781
-12.5421138687589 1.456739899665421
-12.540201005025152 1.455613950885029
-12.536407823625412 1.453345072646849
-12.534609909098709 1.4522613065326375
-12.530664497685645 1.4499608972872133
-12.52925805257799 1.4491347486905912
-12.526101733277898 1.447236180904497
-12.524952878376928 1.4465676628901347
-12.52261306532666 1.4451960214033708
-12.519226388791434 1.443178677143563
-12.517563281084248 1.4422110552763563
-12.513819095477412 1.4400133597880709
-12.513463184410979 1.43980018133841
-12.512783776968542 1.439402687174037
-12.509083311217847 1.4371859296482157
-12.507743451363451 1.4364092651524203
-12.505025125628167 1.4348219414200605
-12.501997807318789 1.4330257521084686
-12.500551158837325 1.432160804020075
-12.496216014993474 1.4296525671447045
-12.496186898315312 1.4296355962164018
-12.491997622238328 1.4271356783919344
-12.49048822485598 1.426263952984419
-12.487437185929675 1.4244888949488876
-12.484724724069302 1.4228855418667576
-12.483382502567165 1.4221105527637938
-12.479480320564079 1.4198371626593378
-12.47893410380675 1.419514879170774
-12.47484762636037 1.4170854271356532
-12.4731894331402 1.4161310880187914
-12.469849246231183 1.4141946971524595
-12.467409082888603 1.4127574910339638
-12.46623425537382 1.4120603015075126
-12.46265840597023 1.4100057757186688
-12.461609867753792 1.40938928401577
-12.457635972081794 1.407035175879372
-12.455848952265738 1.4060101342413587
-12.45226130653269 1.4039373294377056
-12.450052819186656 1.4026410466358126
-12.448952316040765 1.4020100502512314
-12.445724586196903 1.4001424158695777
-12.444244870380707 1.3992753349522289
-12.440365303863269 1.3969849246230908
-12.438468747925207 1.39590053002566
-12.434673366834199 1.3937147986199028
-12.43265784458585 1.3925356624944785
-12.431680825609202 1.3919597989949501
-12.428682613005794 1.3902481550439774
-12.426841020604453 1.3891724865753083
-12.423038186663552 1.3869346733668095
-12.421050677053728 1.3858017448188038
-12.417085427135707 1.3835252458249698
-12.415225965519747 1.3824408224860862
-12.414293454352928 1.381909547738669
-12.411536139171487 1.380324036891749
-12.409400123335068 1.379080223196425
-12.405657062436863 1.3768844221105283
-12.40359649596161 1.3757132768178435
-12.399497487437214 1.3733669346615311
-12.3977588910653 1.372356038302935
-12.396910853159632 1.3718592964823877
-12.394288722321134 1.3703710778777936
-12.391923887157606 1.3689980566484214
-12.38822425831682 1.366834170854247
-12.386107867733898 1.3656346508556254
-12.381909547738722 1.3632382406284034
-12.380258240070257 1.3622808474170967
-12.379425281789167 1.3618090452261065
-12.376943828507319 1.360390268302849
-12.374413931325938 1.3589255242873328
-12.37074199412308 1.3567839195979658
-12.36858636896804 1.3555654164757343
-12.36432160804023 1.3531376416134568
-12.362725547643816 1.3522148112259442
-12.361942604374695 1.3517587939698252
-12.359504835519699 1.3503825732496733
-12.356871792134223 1.3488621871719726
-12.353212389247211 1.3467336683416846
-12.351033495912498 1.3455051461786098
-12.346733668341738 1.3430637093591606
-12.345162271070533 1.3421575133624595
-12.344365399568462 1.341708542713544
-12.341975035939818 1.3403489334558527
-12.339298928724048 1.3388076284047425
-12.335637468968132 1.3366834170854034
-12.333450670061772 1.335453433822967
-12.329145728643246 1.3330151017867236
-12.327569795200587 1.3321085581551655
-12.326792713591319 1.3316582914572628
-12.32435763994198 1.3302902661140434
-12.321696728378537 1.3287614516190391
-12.318019170241808 1.3266331658291222
-12.315839243256857 1.325409893168521
-12.311557788944754 1.3229905560848954
-12.30994943736315 1.3220675692242967
-12.309129864987101 1.3216080402009815
-12.30665577784182 1.3202074656001441
-12.304066511348664 1.3187232796002943
-12.300359347004887 1.316582914572841
-12.298200502334382 1.315374156547663
-12.293969849246261 1.3129888824817133
-12.29230245184427 1.3120341882024125
-12.291476382059688 1.3115577889447003
-12.288872502392703 1.310101404129398
-12.286409535251837 1.308692753029253
-12.28265977502739 1.3065326633165597
-12.280535673362671 1.3053458736551589
-12.27638190954777 1.3030089586279825
-12.274630033965723 1.302008073569004
-12.273733375623165 1.301507537688419
-12.27101079082873 1.299972932340122
-12.26872699907796 1.2986695293373662
-12.264922156345484 1.2964824120602785
-12.262845925498402 1.295324710446243
-12.258793969849277 1.293049724530385
-12.256933323797055 1.2919888995899154
-12.256007448159611 1.2914572864321379
-12.253073546651613 1.289822879804234
-12.251020046834162 1.288653281665459
-12.247147722744359 1.2864321608039972
-12.245132153237876 1.285310411350543
-12.241206030150785 1.283110509409597
-12.239212920690326 1.281976495021702
-12.238188608562686 1.2814070351758566
-12.23506147474442 1.279651447916896
-12.233288978064312 1.2786439244295646
-12.229337696505388 1.276381909547716
-12.227394980662808 1.2753027980589975
-12.223618090452293 1.2731904735236936
-12.221469906714287 1.2719705507018624
-12.220396758923508 1.2713567839195754
-12.216978504281457 1.2694597592993357
-12.215535406998253 1.2686409964211602
-12.211493870221533 1.2663316582914348
-12.209635903426292 1.2653014432421514
-12.2060301507538 1.2632884307282124
-12.20370553386994 1.2619707089158263
-12.20250643972484 1.2613065326632942
-12.198827648782734 1.2592486749572753
-12.19776035880989 1.2586442047334137
-12.193617841190061 1.2562814070351536
-12.191855883454275 1.2553060720640197
-12.188442211055309 1.2534035373931012
-12.18592074085859 1.2519767014632182
-12.184656586116079 1.251256281407013
-12.180611486912342 1.2490189316518796
-12.179964776900118 1.2486532798232126
-12.175710979519947 1.2462311557788723
-12.174055841550349 1.2453164214378631
-12.170854271356816 1.243534992387124
-12.168116426437543 1.241988271556238
-12.166699436978206 1.2412060301507317
-12.162332533334574 1.2387712478586623
-12.162149564865999 1.2386679635199673
-12.157774603152044 1.236180904522591
-12.156236659845327 1.2353322393263042
-12.153266331658324 1.2336820341127925
-12.150293451789421 1.2320051731427082
-12.148798111975854 1.2311557788944505
-12.144320292948242 1.228686664326334
-12.143997777289501 1.2285076205033576
-12.139809980606122 1.2261306532663099
-12.138399184064234 1.2253532840936234
-12.135678391959832 1.223843937790332
-12.132452642715837 1.2220271702793104
-12.130778046091748 1.2211055276381693
-12.126884422110585 1.218941074161303
-12.126476312782838 1.21870956748917
-12.125608202499796 1.2182283306495876
-12.121818333541075 1.2160804020100286
-12.120544225627565 1.2153793239053927
-12.11809045226134 1.2140200129656913
-12.114594791671736 1.212054036550346
-12.11283128822598 1.211055276381888
-12.1086157217477 1.2087372166147876
-12.107163542619091 1.2079333021983878
-12.10380083914561 1.2060301507537474
-12.102672563602443 1.2054101361710057
-12.100502512562848 1.204209601220108
-12.096720659655553 1.2020855545276907
-12.094751949203385 1.2010050251256068
-12.0917085427136 1.199289267631971
-12.09078310756947 1.1987568723527167
-12.08890179123228 1.197690533316873
-12.085960228600696 1.1959798994974662
-12.084935676462486 1.1954024413265714
-12.082914572864356 1.1942554740650948
-12.079086060773513 1.1920486344667092
-12.077201842038113 1.1909547738693256
-12.073202751095172 1.188704454460952
-12.071335260111733 1.1876463987971473
-12.068373113824972 1.185929648241185
-12.067346105609705 1.1853526561143735
-12.065326633165864 1.184210323647128
-12.061483763388472 1.182002485406585
-12.059527467055277 1.1809045226130443
-12.056532663316617 1.1792078855370995
-12.05558811587391 1.1786618304968908
-12.053653945657704 1.177569469039284
-12.050728300645831 1.1758793969849037
-12.04971841332888 1.1753137627387575
-12.047738693467371 1.1741973915125499
-12.043844248426128 1.1719669699399757
-12.041915029772735 1.1708542713567631
-12.037937146033213 1.168629587852668
-12.035861143378872 1.1674606856171916
-12.033027973121616 1.1658291457286225
-12.032054154999049 1.1652853168057167
-12.03015075376888 1.1642151752425987
-12.026169030102597 1.1619416554337052
-12.024129580639428 1.160804020100482
-12.021356783919632 1.1592425633046162
-12.020251315800424 1.158607305320471
-12.017960071164133 1.1573209679276975
-12.015274216364048 1.1557788944723413
-12.014354806118979 1.1552668967441724
-12.012562814070387 1.1542622663209317
-12.008459545435336 1.1519261313113578
-12.006414714146727 1.1507537688442007
-12.002532041672858 1.148594578186783
-11.999954019354536 1.147151256068243
-11.99746916783871 1.14572864321606
-11.996621858602573 1.1452580762930094
-11.994974874371895 1.1443372507964291
-11.9907173625752 1.1419199495298322
-11.988524390845766 1.1407035175879194
-11.986180904522648 1.1393910488713814
-11.984780921020182 1.1385909500602684
-11.98184677995906 1.1369526334699671
-11.979614953244836 1.1356783919597788
-11.978856816330525 1.1352584257720295
-11.977386934673403 1.1344387653825487
-11.972943724010525 1.13192275509246
-11.970717247430649 1.1306532663316382
-11.966998964507246 1.1285961321795428
-11.96364050525042 1.1267257150679288
-11.96171301371807 1.1256281407034976
-11.961060651558467 1.12526766739391
-11.95979899497491 1.1245658935399243
-11.955139662584495 1.1219342529011902
-11.952727228064118 1.120603015075357
-11.951005025125664 1.119643388406601
-11.949187282406664 1.1186098073238577
-11.945337901522535 1.1164712740889637
-11.943765004262238 1.1155778894472164
-11.94323453076076 1.1152854678802617
-11.942211055276418 1.1147175543903947
-11.937306327722528 1.1119541145487588
-11.934836063138548 1.1105527638190758
-11.931346994312147 1.1086316556092983
-11.926941739160007 1.1061901020715297
-11.925772555083675 1.1055276381909351
-11.925379576135786 1.105311506602975
-11.924623115577926 1.1048927302014668
-11.919444812741952 1.1019820276587868
-11.916750824417527 1.1005025125627945
-11.91582914572868 1.0999913445159635
-11.913479165420062 1.0986613726940435
-11.908454717831384 1.0958829703494972
-11.907737225993577 1.095477386934654
-11.907496855834856 1.095345478375962
-11.907035175879434 1.0950904615442472
-11.901556158545617 1.092017694830461
-11.898783705914363 1.0904522613065133
-11.895584810093688 1.0886986687600144
-11.889879468887063 1.0855506307372647
-11.88966051057266 1.0854271356783727
-11.889587387476979 1.085387092450934
-11.889447236180942 1.0853098428973773
-11.88364135701399 1.0820608326693613
-11.880653266331695 1.0804270092388704
-11.880608461929318 1.080402010050232
-11.87766489513678 1.0787432675775666
-11.87185929648245 1.0755466167379284
-11.871658365980855 1.0754342931368326
-11.871556359842709 1.0753768844220915
-11.871224469775264 1.0751955053628954
-11.865701354121958 1.0721111708969486
-11.862571895326159 1.0703517587939508
-11.85972034280157 1.0687949056460617
-11.854271356783958 1.0658006384939194
-11.853709466322051 1.0654871732977833
-11.853414951467974 1.0653266331658102
-11.852491062024235 1.0648179775201747
-11.847737052803792 1.0621684515320027
-11.844409594042432 1.0603015075376696
-11.841752033553783 1.0588533314038644
-11.836683417085466 1.0560734496095563
-11.835737339714434 1.055546689729824
-11.835255095099003 1.055276381909529
-11.833677673120448 1.0544175979195236
-11.829749315587485 1.0522324281379545
-11.826211398581753 1.0502512562813884
-11.823760808615003 1.0489183045019512
-11.819095477386973 1.046364336464145
-11.817742806600485 1.0456126080208161
-11.81703109637199 1.0452261306532478
-11.814786659824192 1.0439950399210245
-11.811738967017543 1.042302865130658
-11.807978522965607 1.0402010050251072
-11.805747472300773 1.038989595135881
-11.801507537688481 1.036672622278748
-11.799726651561155 1.0356847040047743
-11.798815485608195 1.0351758793969665
-11.795820320671691 1.033550960249312
-11.793706795883557 1.0323795371416615
-11.789712133744114 1.030150753768826
-11.787712794171057 1.0290669834313784
-11.78391959798999 1.0269976646083094
-11.78168962539074 1.025762763169042
-11.780512197528033 1.0251256281406853
-11.776780897413568 1.0230859994045653
-11.775653557270141 1.0224622284325005
-11.771413352423314 1.0201005025125447
-11.76965751100813 1.019150258879221
-11.766331658291497 1.0173388530519407
-11.763632447005008 1.0158465801091152
-11.76224668913332 1.015075376884404
-11.757670576318553 1.0126007820349914
-11.757579974442606 1.0125507323559466
-11.753083281949246 1.0100502512562635
-11.751582342894134 1.0092392157416556
-11.748743718593005 1.0076955894129336
-11.745555885948257 1.0059359349551942
-11.743867316948197 1.0050251256281229
-11.739949748743758 1.0028903681428236
-11.739500931247662 1.002640796384365
-11.738505642816493 1.0020999611205479
-11.734723381034064 0.9999999999999822
-11.733488269389143 0.999333574144373
-11.731155778894513 0.9980670405251599
-11.727460863371773 0.9960305645211962
-11.725558008956572 0.9949748743718416
-11.72140505167217 0.9927356708072281
-11.719276840319974 0.9915808919219735
-11.716334573685847 0.989949748743701
-11.715375842137126 0.9894331764748143
-11.71356783919602 0.9884528336616683
-11.709347863698804 0.9861303304004796
-11.707106008521414 0.9849246231155604
-11.704773869346774 0.9836574397433901
-11.703291601517467 0.982835565395578
-11.69998473560459 0.9810437363751516
-11.697917796949115 0.9798994974874198
-11.697245684068664 0.9795378447528096
-11.695979899497528 0.9788524385216588
-11.691217533966972 0.9762350477251527
-11.688757927196558 0.9748743718592792
-11.685161214195183 0.9729402991746658
-11.680631449620792 0.970489100465926
-11.679474045331668 0.9698492462311386
-11.679098434909475 0.9696473961995844
-11.678391959799036 0.969265345406459
-11.673070500604009 0.9663445375158624
-11.670235899011697 0.9648241206029979
-11.66959798994979 0.9644784157748125
-11.667014503143692 0.963049696876384
-11.661219070352072 0.9599175807610081
-11.661004285876968 0.9597989949748573
-11.660934714489592 0.959761653720844
-11.660804020100544 0.9596910637594593
-11.654907370754678 0.9564586263026786
-11.65185399246624 0.9547738693467167
-11.648852063113385 0.9531635885720506
-11.643216080402052 0.9501213299784119
-11.642769100233618 0.9498764523381285
-11.64253750478327 0.9497487437185761
-11.641763201593168 0.9493336354874664
-11.636728733515675 0.9465771457722569
-11.633365402898168 0.9447236180904355
-11.630674471362576 0.943281809330716
-11.62562814070356 0.9405609798310444
-11.624592643483803 0.9399943488107967
-11.62405548176597 0.9396984924622949
-11.622256675090876 0.9387352165729563
-11.618535161084136 0.9366999324397041
-11.614853589430268 0.9346733668341543
-11.612482288769403 0.9334041989014867
-11.608040201005068 0.9310117875766286
-11.606401933638216 0.9301163175965428
-11.605525669189898 0.9296482412060136
-11.602697638720235 0.9281217948389191
-11.600327209824615 0.9268268273437164
-11.596319417804114 0.924623115577873
-11.594276060864306 0.9235306014185207
-11.590452261306575 0.9214733366694574
-11.588197505630632 0.9202422058571447
-11.587025280704319 0.9195979899497324
-11.583088046117952 0.9174939284672678
-11.582105421258786 0.9169576757638174
-11.577763733348256 0.9145728643215918
-11.576056318787147 0.9136608651275733
-11.572864321608083 0.9119452237046
-11.569979880442954 0.9103718647406307
-11.568433902176215 0.9095477386934512
-11.564070351758836 0.9071972040061578
-11.563876401056117 0.9070905903658719
-11.56343575155066 0.9068538615341879
-11.559187362145856 0.9045226130653106
-11.557823580172291 0.9037948421331103
-11.555276381909591 0.9024270575171007
-11.55174956596011 0.9005051491370217
-11.5499123664998 0.89949748743717
-11.545648572962444 0.8972231643653572
-11.543750404057066 0.896204350907877
-11.540591112109473 0.8944723618090293
-11.539578349964474 0.8939323881652079
-11.537688442211099 0.8929184583520327
-11.53350705775708 0.8906419174534657
-11.531261809841299 0.8894472361808887
-11.528894472361852 0.8881743098344241
-11.52740884339237 0.8873591387866702
-11.524020641091234 0.8855421501466418
-11.521975773964462 0.8844221105527481
-11.52132112116764 0.8840733623655961
-11.520100502512607 0.8834190571014471
-11.51525283982013 0.880782031408172
-11.512723077729666 0.8793969849246075
-11.509157687496337 0.877498377872544
-11.504248300632879 0.8748677843875425
-11.503342122141778 0.8743718592964669
-11.503052375528416 0.8742176270923805
-11.502512562814115 0.8739284946048977
-11.496987303724978 0.8709253791223652
-11.494015465146665 0.8693467336683263
-11.493718592964868 0.8691873654458968
-11.49089537444141 0.8676408047181017
-11.484924623115623 0.864444094321497
-11.484776874884126 0.8643638218206133
-11.484699675388573 0.8643216080401857
-11.484438595293344 0.8641827429481062
-11.478710642037651 0.8610719055771794
-11.4754625366819 0.859296482412045
-11.4726222512768 0.8577863201664249
-11.46733668341713 0.8549585538168092
-11.466507345629719 0.8545083104374509
-11.466060762757536 0.8542713567839044
-11.464605536005811 0.8534910289520985
-11.460423477936653 0.8512214327216148
-11.456807202396222 0.8492462311557638
-11.454338894823561 0.8479347594114994
-11.449748743718638 0.845480759512137
-11.448227829643514 0.8446556524062299
-11.447431961988647 0.8442211055276232
-11.444734944798258 0.8427885915503719
-11.442126246076484 0.8413738363686694
-11.438136154623228 0.8391959798994826
-11.436045713980244 0.8380860056251684
-11.432160804020146 0.8360104144967515
-11.429938727957115 0.834805733146494
-11.428740539489342 0.834170854271342
-11.42482843888185 0.8320758928032577
-11.423819353001566 0.8315290003627958
-11.419450043307643 0.8291457286432014
-11.417743107527178 0.8282399448701945
-11.414572864321654 0.8265472300027454
-11.411640431737979 0.8249584408961104
-11.41010392010453 0.8241206030150607
-11.405511599455963 0.8216844102056893
-11.404895875799568 0.821355749151607
-11.40074950355142 0.8190954773869201
-11.399431464584021 0.8183964659695322
-11.396984924623162 0.8170909249590226
-11.393333322732206 0.8151136665847671
-11.391361915868805 0.8140703517587795
-11.388190954773915 0.8123742797253213
-11.387209042308818 0.8118383353633085
-11.384944423594819 0.8106302086078241
-11.382035156183317 0.8090452261306389
-11.381111165036074 0.8085554603845235
-11.37939698492467 0.8076412255766181
-11.375017773677381 0.8052713037160091
-11.372720529684127 0.8040201005024983
-11.36889825750392 0.8019946112802865
-11.364962046068959 0.7998958322580094
-11.36330760829134 0.7989949748743577
-11.362782579932443 0.7987168221011389
-11.361809045226178 0.7981978649624475
-11.35669414868856 0.795431248256965
-11.353929809981214 0.793969849246217
-11.35301507537693 0.7934810846343696
-11.350579602352774 0.7921531358676202
-11.344950234398205 0.7891530461525109
-11.344567453722458 0.7889447236180764
-11.344446071859121 0.7888804475233808
-11.344221105527685 0.7887605827586244
-11.338362803620418 0.7855933985348695
-11.335286550738557 0.7839195979899358
-11.33225342610439 0.7823138093398789
-11.326633165829193 0.7793199435558567
-11.326118205409355 0.7790416039103203
-11.325847731680039 0.7788944723617952
-11.324926465119951 0.7784068435877263
-11.320024086408683 0.7757576551395147
-11.316552021853028 0.7738693467336546
-11.31392007027749 0.7724765341202859
-11.309045226130701 0.7698808461551758
-11.307790212022566 0.769202796564981
-11.307130751069812 0.768844221105514
-11.304883204716914 0.7676550721301458
-11.30167833739398 0.7659239208307227
-11.297806539126018 0.7638190954773734
-11.295579868976356 0.7626412147504746
-11.291457286432209 0.7604469395235984
-11.289455555889973 0.7593658928613003
-11.288372070556857 0.7587939698492328
-11.284815077554398 0.7568961958841447
-11.283325889631303 0.7560921004499219
-11.279050642466874 0.7537688442210921
-11.27723314919359 0.7528077578039856
-11.273869346733717 0.7510179930267906
-11.271114558053663 0.7495308010729671
-11.269665906075788 0.7487437185929515
-11.264970376758074 0.7462611558149952
-11.264726732266368 0.7461315430308515
-11.26028486074057 0.7437185929648109
-11.258880231103122 0.7429760718025546
-11.256281407035225 0.7415937809360083
-11.25276754718188 0.739697427294769
-11.250864277509354 0.7386934673366703
-11.247487437185978 0.7368930073672955
-11.246629282480114 0.7364260915814178
-11.24463674907584 0.7353664222054173
-11.241509934757296 0.7336683417085297
-11.240521571835561 0.7331460261374358
-11.238693467336732 0.73217394241997
-11.234415032705982 0.729865625974889
-11.232163765327693 0.7286432160803891
-11.228282884427587 0.7265925427120044
-11.22452703856259 0.7245956650020622
-11.222726425230112 0.7236180904522485
-11.222157524781977 0.7233175198397523
-11.22110552763824 0.7227582743601806
-11.216057228372918 0.7200353360427716
-11.213321340950223 0.7185929648241078
-11.212311557788993 0.718054852683899
-11.209931306294818 0.7167604738655164
-11.204398327916683 0.713819479189377
-11.2039347088902 0.7135678391959672
-11.20378828586123 0.7134904969326872
-11.203517587939748 0.7133466268344737
-11.197694388316108 0.7102064848888672
-11.194628714668465 0.7085427135678266
-11.191574845406048 0.7069298000921718
-11.185929648241256 0.7039298213784964
-11.185429911785157 0.7036603697842851
-11.185158990226052 0.703517587939686
-11.184267571950551 0.7030427089994848
-11.17932680885089 0.70037898785165
-11.175849948719245 0.6984924623115454
-11.173213792595824 0.6971004382963848
-11.168341708542764 0.6945118113000381
-11.167075362241269 0.6938291499124034
-11.166408478004104 0.6934673366834048
-11.164128765264495 0.6922636386038992
-11.160954779703095 0.6905527621523131
-11.157064322450255 0.6884422110552642
-11.154848432163277 0.6872723072498346
-11.150753768844272 0.6850971031326027
-11.148716644144852 0.6839991210555292
-11.14761185922095 0.6834170854271235
-11.1439749071953 0.6814802678131322
-11.142578583940862 0.6807277269142427
-11.138272297057712 0.6783919597989829
-11.136479041794077 0.6774453276137544
-11.13316582914578 0.6756855032340212
-11.130354029861637 0.6741702053948826
-11.128872809749678 0.6733668341708423
-11.124203798484745 0.6709022887315692
-11.123812469250378 0.6706944456292989
-11.119474322367427 0.6683417085427017
-11.118105892449426 0.6676194219706622
-11.115577889447287 0.6662768223917999
-11.111987785063993 0.6643423270240731
-11.110040273495086 0.6633165829145611
-11.10678391959804 0.6615828730789701
-11.105844425618152 0.6610724469518878
-11.103656315862992 0.6599104190333343
-11.100670836546245 0.6582914572864205
-11.099729248221236 0.6577945148657234
-11.097989949748795 0.6568708758855291
-11.093618168576477 0.6545154119932279
-11.091314675105199 0.6532663316582799
-11.087481801483138 0.6512435341060421
-11.083488717027393 0.6491231223093079
-11.081862265757993 0.6482412060301392
-11.081349366152558 0.6479705328580669
-11.080402010050303 0.6474674835747711
-11.075245432186604 0.6446893883630551
-11.072447702323984 0.6432160804019986
-11.071608040201056 0.6427691047896529
-11.069116172662941 0.641415479741676
-11.063310751233681 0.638332863597249
-11.063049023761907 0.638190954773858
-11.062966496022142 0.6381474045823348
-11.062814070351811 0.6380664700129932
-11.056869820419715 0.6348641862691737
-11.053737414009841 0.6331658291457174
-11.050747778477652 0.6315882154816226
-11.045226130653319 0.6286563927485354
-11.04460061641221 0.6283194218721793
-11.044270987703772 0.6281407035175768
-11.043143186082498 0.6275455764973419
-11.038491570276566 0.6250397379970796
-11.03494260090683 0.6231155778894362
-11.032376850712057 0.6217616751016557
-11.027638190954827 0.6192456396253556
-11.026236967339614 0.6184908018656419
-11.025498548654706 0.6180904522612956
-11.022972065246144 0.6167572734873863
-11.020110910932248 0.6152159780681776
-11.016144167851099 0.6130653266331549
-11.014003613304642 0.6119357946193524
-11.010050251256335 0.6098367167006717
-11.007871105633441 0.6086628140401267
-11.0066887060261 0.6080402010050143
-11.002793687951455 0.6059668972036203
-11.001728063394724 0.6053928433373335
-10.997342452979295 0.6030150753768737
-10.99562827004265 0.6021105158097857
-10.992462311557842 0.6004294886617707
-10.989503216157946 0.5988354055772751
-10.987943860380907 0.5979899497487331
-10.983353145820937 0.5955674429025652
-10.982618786479115 0.5951775140119535
-10.978537779459844 0.5929648241205925
-10.977251007156184 0.5922857854643544
-10.97487437185935 0.5910238177027178
-10.971133505746518 0.5890085173818322
-10.969103836253984 0.5879396984924519
-10.966080402010103 0.5863302303116358
-10.964990937817564 0.5857384111619641
-10.962452903833427 0.584390707627902
-10.959730506126288 0.5829145728643113
-10.95887205301083 0.5824615383357479
-10.957286432160858 0.5816195447333969
-10.952762187182126 0.5791820886586656
-10.950378276558267 0.5778894472361706
-10.946627201426425 0.5759098161035823
-10.942282448454021 0.5736025947485031
-10.940920959529457 0.57286432160803
-10.94049160035977 0.5726377193516292
-10.939698492462366 0.5722165349053254
-10.934389447086518 0.5693560660872743
-10.931509305674533 0.5678391959798894
-10.930904522613119 0.5675172076944532
-10.928262118169139 0.566081605864099
-10.922110552763874 0.5628146465952932
-10.922109853886992 0.5628142700308585
-10.922109485678611 0.5628140703517488
-10.922108226345744 0.5628134056608545
-10.916015462911941 0.5595303989670173
-10.912804366637664 0.5577889447236082
-10.909895860357468 0.5562537312115836
-10.904522613065382 0.553399855749273
-10.903751264399752 0.5529842044285047
-10.903332867215882 0.5527638190954676
-10.901955323598328 0.5520303078191668
-10.897640402495053 0.5497050393445635
-10.894014998564908 0.547738693467327
-10.891528590640222 0.5464261456749462
-10.88693467336689 0.5439859355167709
-10.885391725130217 0.5431544101925212
-10.884578979020848 0.5427135678391863
-10.881800104928452 0.541246548285347
-10.879264423574787 0.5398799421516465
-10.875224366319822 0.5376884422110457
-10.873160461514106 0.5365988056837008
-10.869346733668397 0.5345727801470908
-10.86703138336302 0.5333248452415846
-10.865775769847868 0.5326633165829051
-10.86164320003979 0.5304623069747318
-10.86088767327306 0.5300550653534319
-10.856432705801913 0.5276381909547645
-10.854791614797438 0.5267716707183263
-10.851758793969905 0.5251602908734334
-10.848670375641326 0.5234954705633612
-10.84704397111456 0.5226130653266239
-10.842524193631773 0.5202263969379501
-10.84149914603532 0.519681737345314
-10.837640233767646 0.5175879396984833
-10.836422181065782 0.5169447034715207
-10.834170854271413 0.5157483762982995
-10.830308827195553 0.5136662503777307
-10.82821502050188 0.5125628140703427
-10.825376884422166 0.5110508069718849
-10.824170463820364 0.5103949428567871
-10.821364812586557 0.5089039450175266
-10.8188471468219 0.507537688442202
-10.818052279048326 0.5071178700206573
-10.81658291457292 0.5063369528065103
-10.811946851332932 0.5038371523112009
-10.809506158240687 0.5025125628140614
-10.805816345382897 0.5005635998116418
-10.80123037006752 0.4981261215268038
-10.800053620343663 0.4974874371859208
-10.799682014984084 0.49729114001173347
-10.798994974874429 0.49692594500648024
-10.79358454878689 0.4940081475827913
-10.790736642134652 0.4924623115577802
-10.787461933570258 0.4907323405879742
-10.781407035175937 0.487513610392333
-10.781314405041135 0.48746365168243955
-10.78126565102521 0.4874371859296396
-10.781099147513842 0.4873492180261838
-10.775222007025306 0.4841792112016794
-10.771966911757405 0.48241206030149897
-10.76910731027609 0.4809011417876006
-10.763819095477444 0.47808951374314823
-10.762967627538767 0.47763021122726634
-10.762506257821274 0.47738693467335835
-10.760989657689029 0.4765785238766682
-10.756859299516712 0.47435032217685524
-10.753197060599435 0.47236180904521774
-10.750752532189672 0.47106998721358373
-10.746231155778952 0.46866567567122
-10.744620694597707 0.46779681518314753
-10.743773341014412 0.4673366834170771
-10.74088086582495 0.4658080291445055
-10.738496415944622 0.4645214834558882
-10.734427093886394 0.4623115577889365
-10.732397579174382 0.46123888261924506
-10.72864321608046 0.45924211202505383
-10.726273606346286 0.45796346351341644
-10.724990055775988 0.4572864321607959
-10.720772904368266 0.45503777167159765
-10.720133423450525 0.4546926758554939
-10.715657128733746 0.4522613065326553
-10.71404255360518 0.4514077987545946
-10.711055276381968 0.4498187322055358
-10.707926469965791 0.4481301255948509
-10.706280810534391 0.44723618090451467
-10.701785407043143 0.4448595893731815
-10.700681189329343 0.44427215603233616
-10.696887254720533 0.44221105527637405
-10.69568749695274 0.4415767237708703
-10.693467336683476 0.4403955175651548
-10.68957930754834 0.43829679511541464
-10.687474005193172 0.43718592964823344
-10.684673366834229 0.43569206472243227
-10.683446059608848 0.43502402604141466
-10.680599426886053 0.4335093839918267
-10.678117492062698 0.4321608040200928
-10.677332421111956 0.4317456542695295
-10.675879396984984 0.43097246003436673
-10.67123212543878 0.4284634702622965
-10.668788663493036 0.4271356783919522
-10.665106690234518 0.4251884689782299
-10.660518868308978 0.42274695591309364
-10.659347833348855 0.4221105527638116
-10.658977321544704 0.42191459154717936
-10.658291457286492 0.4215495626495418
-10.652884913472404 0.41863015393969594
-10.649958366770807 0.417085427135671
-10.649497487437245 0.4168395101426148
-10.64676728315275 0.4153529226885997
-10.640703517588 0.4121254140710908
-10.640624663666635 0.4120828311993492
-10.640583214255884 0.41206030150753037
-10.640441918096718 0.4119855587957355
-10.634537644174625 0.40879685399749643
-10.63129683814939 0.40703517587938975
-10.628427805204618 0.4055173966465011
-10.623115577889507 0.4026894444405871
-10.6222928929877 0.4022451030803369
-10.621847686090875 0.40201005025124914
-10.620386965132456 0.40123044660637763
-10.616190271920738 0.3989635834713283
-10.612550900893543 0.3969849246231085
-10.610088204995149 0.39568190553621285
-10.605527638191015 0.39325372018479055
-10.603960979084016 0.3924074158826816
-10.603137736995638 0.3919597989949679
-10.600332678371911 0.39047552476093816
-10.597842732053763 0.3891303608346135
-10.593804807766524 0.3869346733668273
-10.591748412006595 0.3858464695056636
-10.587939698492523 0.3838182947327011
-10.585628845596814 0.38256979142317515
-10.584378679096188 0.3819095477386867
-10.580278707854854 0.37972069327078195
-10.579494939957996 0.37929721026326746
-10.57505841275287 0.37688442211054607
-10.573408335667104 0.3760111144325249
-10.57035175879403 0.3743832353385992
-10.567296396016536 0.3727322572759757
-10.565691346071114 0.37185929648240545
-10.561159353225529 0.36946057244526553
-10.560237218114352 0.36896942771678276
-10.556311534777608 0.36683417085426484
-10.555067864371946 0.36617587220386305
-10.552763819095539 0.3649486237574511
-10.548963512698618 0.36289484705381536
-10.546908100419039 0.3618090452261242
-10.543969849246292 0.36023999706360943
-10.542833967679808 0.35962102000247764
-10.54020577356498 0.35822103221739265
-10.53756395598909 0.3567839195979836
-10.53672686445408 0.35634078101025946
-10.535175879397046 0.3555145569502951
-10.530630055828027 0.3530576007038482
-10.528242617501272 0.351758793969843
-10.52450796207684 0.34978164471890505
-10.520173017500037 0.3474722619992683
-10.518815419944564 0.3467336683417024
-10.518385179100258 0.34650588565550144
-10.517587939698554 0.34608114782111254
-10.512295862328644 0.34322056481925056
-10.509434219628403 0.34170854271356177
-10.508793969849307 0.3413665763870819
-10.50618116709 0.3399424949735792
-10.500138202607369 0.3367229035446515
-10.500065629689832 0.33668341708542115
-10.500042627208375 0.33667123788304654
-10.500000000000062 0.3366485259869787
-10.493960735689715 0.3333837955459513
-10.49078951197242 0.33165829145728054
-10.487853368421803 0.33010363199435666
-10.48241206030157 0.32720440133252016
-10.481720756860433 0.3268306810980359
-10.481357764469406 0.3266331658291399
-10.480122166730984 0.32597891052325867
-10.475624437143559 0.3235473611032882
-10.472060456164582 0.3216080402009993
-10.469524334691789 0.32026512188993905
-10.464824120603078 0.31776064382158786
-10.4633988912469 0.3169901229603376
-10.462650561040316 0.3165829145728587
-10.460103438820513 0.3152341483492682
-10.45728673014086 0.31371132907678057
-10.453329205230556 0.3115577889447181
-10.451193817543157 0.3104270356194121
-10.447236180904586 0.30831818745094886
-10.445075465634119 0.3071500105367111
-10.443907283014306 0.30653266331657747
-10.4400795790632 0.30448791993332414
-10.43894733696478 0.30387577881409555
-10.43459529717761 0.30150753768843686
-10.432861532052513 0.30058945458945985
-10.429648241206094 0.2988772414749228
-10.426750187889407 0.29731042729363466
-10.425228563181502 0.29648241206029624
-10.42061353488634 0.294038631094943
-10.420056896525013 0.2937420278657017
-10.415858217818167 0.2914572864321556
-10.414527161893554 0.29075246917902664
-10.412060301507601 0.2894380369345724
-10.408422734278341 0.2874714657266608
-10.406456018733664 0.286432160804015
-10.403266331658354 0.2847283358254016
-10.402292896694973 0.2841977222651968
-10.4000418577252 0.2829983197233288
-10.397117397911838 0.2814070351758744
-10.396190357666825 0.28091617921652734
-10.39447236180911 0.28000082773875157
-10.390092747779727 0.27763322784184297
-10.387792992396871 0.2763819095477338
-10.383969625163596 0.2743575658183115
-10.38001746473835 0.2722519389560878
-10.378372210113032 0.27135678391959317
-10.377850735126222 0.2710806944865638
-10.376884422110617 0.27056589179667867
-10.371759836295448 0.26779582566721505
-10.3689886711919 0.26633165829145256
-10.36809045226137 0.2658519478871426
-10.3656433203268 0.2645182760301168
-10.359981990770743 0.26150239219434557
-10.359621965704212 0.26130653266331194
-10.359507873292614 0.2612461352688866
-10.359296482412125 0.2611335322054833
-10.353423570745258 0.25795938179713396
-10.350338921432348 0.2562814070351713
-10.347313544983082 0.2546799778153286
-10.341708542713633 0.25169456492568987
-10.341178025898639 0.2514078576398857
-10.340891080260889 0.2512562814070307
-10.339950169325904 0.25075388901053675
-10.335083483035193 0.24812402997272986
-10.331603140714835 0.2462311557788901
-10.328979822641195 0.24484280731430363
-10.32412060301514 0.24225513482637062
-10.322850561589767 0.2415688991294278
-10.322183299614535 0.24120603015074948
-10.319909786513943 0.24000293972183595
-10.316739063886741 0.2382899157021514
-10.312860431856734 0.23618090452260887
-10.310641635324192 0.23500691252045414
-10.306532663316649 0.2328192999357679
-10.30451849703891 0.2317312549738224
-10.303428584731499 0.23115577889446826
-10.299852138624049 0.22924705755372532
-10.298389760512052 0.22845719692478372
-10.294109880708934 0.22613065326632764
-10.292298421215987 0.22517245395266183
-10.288944723618156 0.22338746990059644
-10.286181261359832 0.2218950882834223
-10.284728569147658 0.22110552763818703
-10.280038509826824 0.2186250345218559
-10.279778248637932 0.21848653478669355
-10.27535049529016 0.2160804020100464
-10.273949572133017 0.21533960537766017
-10.271356783919664 0.21396008584778947
-10.2678382369275 0.212060575522524
-10.265933031762813 0.2110552763819058
-10.262562814070417 0.20925782113079983
-10.261701197788259 0.208788889648452
-10.25970175277636 0.20772526748381903
-10.25658120093092 0.20603015075376518
-10.255594430801127 0.2055085545880635
-10.253768844221172 0.2045376219781252
-10.249488712832088 0.2022279198082204
-10.247236913909106 0.20100502512562457
-10.243357144856 0.19895467074467632
-10.239599349762365 0.19695659813739397
-10.237800467406107 0.19597989949748396
-10.237232046191089 0.19567957330650998
-10.23618090452268 0.19512080108405438
-10.231131730397726 0.19239739504790165
-10.228395234114299 0.19095477386934334
-10.227386934673433 0.19041751402063234
-10.225005475626084 0.18912262792594436
-10.219467640132795 0.18617955547223364
-10.219007124252593 0.18592964824120273
-10.218861716306693 0.18585286210334395
-10.218592964824188 0.18571007371154025
-10.21276667529991 0.1825691767628559
-10.20969825699052 0.1809045226130621
-10.206645577729493 0.17929293615483477
-10.201005025125696 0.176296975616407
-10.200498652481285 0.1760240748833244
-10.200231889548903 0.1758793969849215
-10.199319296596972 0.17539776026242926
-10.194392741702911 0.17274349519186138
-10.190908198745529 0.17085427135678088
-10.188276603607482 0.16946583759098655
-10.183417085427203 0.16688636996543682
-10.182134519068995 0.16619559325955713
-10.18145839964067 0.16582914572864027
-10.179143128440558 0.16460801516102652
-10.176009033325325 0.16292060641532213
-10.172102392996962 0.16080402010049966
-10.169897646399832 0.15964159133732192
-10.165829145728711 0.15748354566347356
-10.163760192569045 0.15637002394654953
-10.162636389977884 0.15577889447235904
-10.158926980718158 0.15380684732648664
-10.157614592062309 0.15310078417747608
-10.15327924711055 0.15075376884421843
-10.15150773715988 0.14982047423574407
-10.14824120603022 0.1480891942801481
-10.145374693195476 0.14654764688314703
-10.143861205784482 0.1457286432160778
-10.139215688418526 0.14328223690556374
-10.138673560278129 0.14299503014405168
-10.134437055955587 0.1407035175879372
-10.1331058419825 0.1400027816877163
-10.130653266331727 0.13870404849595985
-10.126976975951273 0.1367287606399259
-10.12497669687929 0.13567839195979658
-10.12185929648248 0.1340239447655973
-10.120822025814086 0.13346219219383926
-10.118388546844328 0.13217418639196854
-10.115573996002349 0.13065326633165597
-10.114690859051885 0.13018882849775615
-10.113065326633235 0.12932888332674075
-10.108565927687668 0.12691368325939223
-10.106185720464588 0.12562814070351536
-10.102414787262706 0.12364602632409749
-10.098049528644424 0.12133791270671246
-10.096688119160179 0.12060301507537474
-10.096261615618715 0.12037894973709662
-10.095477386934743 0.11996451729395119
-10.090140364098367 0.1171027531147697
-10.08723044283109 0.11557788944723413
-10.086683417085496 0.11528818491330117
-10.083992776924257 0.11383408096494652
-10.07788944723625 0.11061057716735867
-10.077819081815527 0.11057286822501489
-10.07778179463163 0.11055276381909351
-10.077653124270567 0.11048524297175533
-10.07169902666302 0.1072963297833045
-10.06841665251858 0.1055276381909529
-10.065554724555119 0.10402671904313632
-10.060301507537758 0.10125559706023246
-10.059384186910277 0.10076460417066357
-10.058883118786397 0.10050251256281229
-10.057214772873493 0.09962058837302212
-10.053240579558686 0.09749479492869195
-10.049491676555215 0.09547738693467167
-10.047099282454873 0.09422432561592675
-10.042713567839266 0.09191390014488032
-10.040931620677219 0.09096138906711637
-10.03998485047838 0.09045226130653106
-10.036704867669835 0.08873548982955093
-10.034763606563558 0.08769855318573594
-10.030536605060327 0.08542713567839044
-10.02862502241625 0.08442730874254067
-10.025125628140774 0.08258647059508295
-10.022459942992752 0.08116363437825669
-10.020999747232 0.08040201005024983
-10.016331658291527 0.07794138622688518
-10.016268595668347 0.07790746512851676
-10.016118399668521 0.07782851620103504
-10.011548899322376 0.07537688442210921
-10.010130432711714 0.07463610034512858
-10.007537688442282 0.07327433960167173
-10.003967642635876 0.07137177188151256
-10.002065004466818 0.0703517587939686
-9.997778481141104 0.06811497810902178
-9.995471512155316 0.06690427985483538
-9.99252617493697 0.06532663316582799
-9.991614112247555 0.06485110073618117
-9.98994974874379 0.06397839860491938
-9.98545340937294 0.06158617592935833
-9.982982324324622 0.06030150753768737
-9.981155778894543 0.059341892280926345
-9.979266164118954 0.05832883465950012
-9.974732333096625 0.05595367449564037
-9.973465556196045 0.05527638190954676
-9.97307438749089 0.055072788067949574
-9.972361809045298 0.054699835632005644
-9.966915295056452 0.051807403135362584
-9.964001934319588 0.05025125628140614
-9.960729518582841 0.048549642213967736
-9.954773869346806 0.04543557279231614
-9.954517281712988 0.04529944140578479
-9.954379894079313 0.04522613065326553
-9.953898367600305 0.044975987297122266
-9.9483513376935 0.042036014068925986
-9.944908848178716 0.040201005025124914
-9.942166659512392 0.038777939349674106
-9.937185929648313 0.036178986655372114
-9.935955375897972 0.03552746618279645
-9.93529508152931 0.0351758793969843
-9.932973380519003 0.03397229393146706
-9.929759549176087 0.03227257676090822
-9.925770183180356 0.030150753768843686
-9.923575578226618 0.029014299975473
-9.919597989949821 0.02694338526977269
-9.917364853043445 0.02576366725681023
-9.916128711483482 0.02512562814070307
-9.911926163174378 0.022933677633433902
-9.91113781033328 0.02251769668871706
-9.906582266458338 0.020100502512562457
-9.904954133375337 0.019259335905703168
-9.902010050251329 0.017730164401482007
-9.898743549252263 0.016008662884154923
-9.896982428483849 0.015075376884421843
-9.892506278833372 0.012765614518555068
-9.890765779991016 0.01186272823861767
-9.88734115409477 0.010050251256281229
-9.886300040973792 0.009513699707436984
-9.884422110552837 0.008540791619472188
-9.880089156112286 0.006263112611155641
-9.877678577897905 0.005025125628140614
-9.87562814070359 0.003961067244397043
-9.873851427131601 0.003020195263209402
-9.869468859227833 0.0007527681067109881
-9.868030495105362 0.