-8.38813176146278 0.
-8.388603892758653 0.00024095526352940766
-8.389447236181004 0.0006695327994501454
-8.394984693175834 0.0034429950581893465
-8.398069263345885 0.005025125628140614
-8.39824120603025 0.005112432748561879
-8.401337388152704 0.006653064978652701
-8.407035175879496 0.00955654067221623
-8.40766176406651 0.009871226059991578
-8.408019726263126 0.010050251256281229
-8.409256315432069 0.010684862557016395
-8.41401506784868 0.013081122036084025
-8.417992387477636 0.015075376884421843
-8.420359706503248 0.016293493762918665
-8.424623115577988 0.01847741180219309
-8.426676221296814 0.01951390087861249
-8.427843226725454 0.020100502512562457
-8.431840499643124 0.02216261224545857
-8.432978280660839 0.022738438117031023
-8.433417085427234 0.022965836810750595
-8.437670022472368 0.02512562814070307
-8.43931561421646 0.025952897014994925
-8.44221105527648 0.027443381837776393
-8.445625009363997 0.02917533831526775
-8.447556334280478 0.030150753768843686
-8.45190624608718 0.03240582487964172
-8.454142735968981 0.0335598053952717
-8.45733531174806 0.0351758793969843
-8.458209354769114 0.03563006231294441
-8.459798994974973 0.03645215086350184
-8.464512324525725 0.038854339439195584
-8.46716683234354 0.040201005025124914
-8.47078731114881 0.04208661174645467
-8.476178590790806 0.04488088954393454
-8.476857668776557 0.04522613065326553
-8.477044894733663 0.04532385635035219
-8.477386934673465 0.04550151396675162
-8.48334209022015 0.04854978326806769
-8.486681914667775 0.05025125628140614
-8.489611470080833 0.05178365750744174
-8.494974874371957 0.0545752247284641
-8.495852823832937 0.055025539206409846
-8.496344251122647 0.05527638190954676
-8.497985095765666 0.056136445164892024
-8.502118106620308 0.058260584038158036
-8.503768844221202 0.059129144114385745
-8.506042621909812 0.06030150753768737
-8.508382703371256 0.06149582488031413
-8.51256281407045 0.06367998987451173
-8.514619465915084 0.06473901835307494
-8.5157662400022 0.06532663316582799
-8.519571980636627 0.06732925218473529
-8.520844275851418 0.06798562685654908
-8.525453533374511 0.0703517587939686
-8.52710445513747 0.07122212983153187
-8.530150753768941 0.07281980888688633
-8.533336902275098 0.07446655627749355
-8.535107078666824 0.07537688442210921
-8.539541384637607 0.07771897265920202
-8.540963849333847 0.07846634029779676
-8.544690553631716 0.08040201005024983
-8.545779397628833 0.08096180886127868
-8.547738693467434 0.08199299994538123
-8.552008048440086 0.08420731997191844
-8.554372011996398 0.08542713567839044
-8.558208877558924 0.08746078013753422
-8.562175457966237 0.08955192553519087
-8.56391747148122 0.09045226130653106
-8.564410498420138 0.0907140140910423
-8.565326633165926 0.09119777175695365
-8.570635847549811 0.09396046853927587
-8.573483694038723 0.09547738693467167
-8.57412060301517 0.09581318064616351
-8.576833514350009 0.09721483222450278
-8.582914572864418 0.10043094890118098
-8.583003263528047 0.10047717237320342
-8.583052141528649 0.10050251256281229
-8.58321133932396 0.10058730297982432
-8.589223075672988 0.10372520881707548
-8.592694648147619 0.1055276381909529
-8.595418047428529 0.10698034251506172
-8.60050251256291 0.10967743890774262
-8.601585237144011 0.1102434139387789
-8.602180211576757 0.11055276381909351
-8.604109241099424 0.11158325768666888
-8.607772350035525 0.11350079302648641
-8.609296482412155 0.1143174285881754
-8.611697057320889 0.11557788944723413
-8.613965071174514 0.11675656975777393
-8.618090452261402 0.11895105215132418
-8.620130142237945 0.12002024651064858
-8.621247953448949 0.12060301507537474
-8.624856736019316 0.12253623900620703
-8.62628613697413 0.12328651649987954
-8.63077185275646 0.12562814070351536
-8.632477029899825 0.126542815577821
-8.635678391959894 0.12825024229661608
-8.638640401173475 0.12980697798491825
-8.640259561438908 0.13065326633165597
-8.644776012683465 0.13307907175306166
-8.64547483049421 0.13345224877003226
-8.649692708266755 0.13567839195979658
-8.650956225497376 0.13633842229151316
-8.653266331658386 0.13757353020777963
-8.657118294723473 0.13960295671219836
-8.659218955375772 0.1407035175879372
-8.663252729057536 0.1428753868163204
-8.665983020770623 0.1443368573342907
-8.668636564510832 0.1457286432160778
-8.669404824755283 0.14614277081653348
-8.670854271356879 0.14691950278180066
-8.675565969369842 0.14940756941194255
-8.678129798271687 0.15075376884421843
-8.681699600598238 0.1526802289748277
-8.686374341150149 0.1551880744994385
-8.687498373721088 0.15577889447235904
-8.687824866329342 0.1559552786797962
-8.68844221105537 0.15628681164383185
-8.69398544425408 0.1592202391865829
-8.696995512723056 0.16080402010049966
-8.700118627019558 0.16249302688173017
-8.706030150753863 0.16567093109158382
-8.70622417371821 0.16577371059597024
-8.7063294278996 0.16582914572864027
-8.706663907946615 0.16601021921228387
-8.712378617780512 0.1690404236348808
-8.714824120603108 0.17036747720407597
-8.715739536841232 0.17085427135678088
-8.718511688060802 0.1723132434686523
-8.723618090452355 0.17506363069486586
-8.724617237232666 0.17559392647626115
-8.725158248928485 0.1758793969849215
-8.726872584226731 0.17680925234902922
-8.730747273878311 0.1788676130627893
-8.734604134895465 0.1809045226130621
-8.736880549716357 0.18214037416577433
-8.741206030150847 0.18447433370348332
-8.742986416296143 0.1854209664854034
-8.743948539286443 0.18592964824120273
-8.746990184083424 0.18758226365051112
-8.749093087931467 0.18870132878916568
-8.750000000000092 0.18919521070541911
-8.753296586976873 0.19095477386934334
-8.755226273422684 0.19197411570553058
-8.75879396984934 0.19390275664978862
-8.761332071481187 0.19525472760267082
-8.762701628291767 0.19597989949748396
-8.767018057074495 0.19832963870467069
-8.767415767188755 0.1985416544572205
-8.772064523709364 0.20100502512562457
-8.773549793723395 0.20181420107546355
-8.776381909547831 0.2033475105874114
-8.779656659036686 0.20509450804266383
-8.781421124601291 0.20603015075376518
-8.785736121358003 0.20838264443614207
-8.786986355592559 0.20905999248082985
-8.790713450379277 0.2110552763819058
-8.791854316243356 0.21165971438275388
-8.793969849246324 0.2128066738916523
-8.79796249631862 0.21493964570367563
-8.800110843938993 0.2160804020100464
-8.804043373620951 0.21822737781686552
-8.806890653334852 0.21977206032105467
-8.809400270522236 0.22110552763818703
-8.810141142193022 0.221510283852985
-8.811557788944816 0.22227933706334824
-8.816250868527801 0.22478977338547512
-8.81877290707982 0.22613065326632764
-8.822333388996412 0.228077036022583
-8.826731225459753 0.23046592084202455
-8.828016532398866 0.23115577889446826
-8.828411485239894 0.2313655627240152
-8.829145728643308 0.2317646438979608
-8.834522974460706 0.23464454857478145
-8.837409283650086 0.23618090452260887
-8.840607351636045 0.2379312807242533
-8.846513094256927 0.24114300898364327
-8.846631423162659 0.24120603015074948
-8.846666477632782 0.2412252274961828
-8.8467336683418 0.24126178859140612
-8.852779932467731 0.24450365174290933
-8.855527638191045 0.24601114091669452
-8.855936867726376 0.2462311557788901
-8.858866366178356 0.2477897963108715
-8.864321608040292 0.2507597524269416
-8.864925532565264 0.251083731542753
-8.865249179129444 0.2512562814070307
-8.866258754650941 0.2518097518672162
-8.871022785759504 0.2543667848296831
-8.874612166688564 0.2562814070351713
-8.877111462920286 0.2576522884118857
-8.881909547738784 0.2602671075356575
-8.883172960673345 0.26094555753915216
-8.883849369115193 0.26130653266331194
-8.88595626808034 0.2624627384751852
-8.889252507151108 0.26423366988793173
-8.89070351758803 0.2650313281602621
-8.89311733549911 0.26633165829145256
-8.895343602447205 0.26751848257432975
-8.899497487437277 0.2697843479739328
-8.901407603661509 0.2708110364269549
-8.902429318636104 0.27135678391959317
-8.905607497803508 0.273102501167088
-8.907470003320745 0.2741040478667429
-8.911732627539214 0.2763819095477338
-8.913563679794636 0.2773881230737718
-8.917085427135769 0.27931083429774617
-8.919630345014633 0.28067991578191265
-8.9209904700883 0.2814070351758744
-8.925216038482494 0.2837300669892242
-8.925676118647901 0.2839776775148337
-8.925879396985014 0.2840896158102053
-8.930220461149306 0.286432160804015
-8.931772528204121 0.2872609718411976
-8.93467336683426 0.28884596720496614
-8.937842006908074 0.2905519606967806
-8.93953416128448 0.2914572864321556
-8.94388430499593 0.2938507154426766
-8.944797618382056 0.29434992973152596
-8.948781988622729 0.29648241206029624
-8.949970922526502 0.29713680749065396
-8.952261306532753 0.2983891858127503
-8.956043353543851 0.30042695282812293
-8.958061631671981 0.30150753768843686
-8.962088681819331 0.303724841806126
-8.964348824784029 0.3049611143316584
-8.967256856098524 0.30653266331657747
-8.96815958231803 0.30701542443463925
-8.969849246231245 0.3079399660577202
-8.974235094189659 0.3103046895280288
-8.976574027957179 0.3115577889447181
-8.980283578867354 0.3136016766768277
-8.983866211433211 0.31556263614527946
-8.985769978749762 0.3165829145728587
-8.986339174668108 0.31689663207618146
-8.987437185929737 0.31749781920414044
-8.992417885957906 0.320184983050094
-8.995072709108186 0.3216080402009993
-8.998469759122365 0.32348100205981734
-9.003353516622195 0.3261555632559867
-9.004244259821418 0.3266331658291399
-9.004510739432341 0.3267801333136795
-9.00502512562823 0.32706191603536094
-9.010593229455075 0.3300674046496104
-9.013559391775729 0.33165829145728054
-9.016648822366358 0.33336236087452686
-9.022613065326722 0.3366304283881334
-9.02267724322475 0.3366650805431277
-9.022711420847248 0.33668341708542115
-9.022817049738578 0.3367416983459517
-9.0287610670265 0.3399519707993388
-9.031407035175967 0.34141406458266665
-9.031950847471567 0.34170854271356177
-9.034819993956125 0.3432459744475871
-9.040201005025214 0.34619612212728335
-9.040851822580299 0.34654772046882076
-9.041198225943361 0.3467336683417024
-9.042267950994523 0.347324224332934
-9.046921214313203 0.34983873417327516
-9.050497244525399 0.351758793969843
-9.05298358704687 0.3531317533060818
-9.057788944723706 0.3557676623955306
-9.059018932610952 0.3564324944873416
-9.059673280329333 0.3567839195979836
-9.061692464206097 0.3578992108786663
-9.065074222588255 0.359727537264825
-9.066582914572951 0.36056205312078404
-9.068883393469758 0.3618090452261242
-9.071140141590815 0.3630195431779475
-9.075376884422198 0.3653446560538445
-9.077179101898253 0.36631925157539236
-9.07813743534465 0.36683417085426484
-9.081092633058619 0.3684672418932422
-9.083220593474786 0.36961823675309446
-9.087390644912995 0.37185929648240545
-9.08929014807296 0.372909203924614
-9.09296482412069 0.3749267445658848
-9.095332809743955 0.37620785478961327
-9.096591460869938 0.37688442211054607
-9.10047029120887 0.3790288412785978
-9.1013607810063 0.37951070291422706
-9.101758793969935 0.37973105062298895
-9.10577425814964 0.3819095477386867
-9.107434049577577 0.382800608950574
-9.110552763819182 0.3845136027686742
-9.113480488241347 0.3860981806747805
-9.115036048996767 0.3869346733668273
-9.119499840640072 0.3894034913318567
-9.119831670558684 0.3895857895781134
-9.12424564536911 0.3919597989949679
-9.12557224380482 0.39269364462721246
-9.128140703517674 0.3941049376455119
-9.131622524292823 0.3959901186873518
-9.133471817567123 0.3969849246231085
-9.13764577852584 0.3992943145346306
-9.139185795494663 0.4001406651879629
-9.142628935464439 0.40201005025124914
-9.143705085028067 0.4025882097335636
-9.145728643216167 0.40370048711105344
-9.149759261565114 0.4058835706368331
-9.151899313573587 0.40703517587938975
-9.155786468989483 0.409186637000869
-9.158521625900498 0.41069031378919885
-9.161067104119958 0.41206030150753037
-9.161832885985056 0.4124842149159882
-9.163316582914659 0.4133000188168401
-9.167891002375741 0.4157784501467905
-9.170319016414407 0.417085427135671
-9.17392220389074 0.419080375342074
-9.177840264635929 0.4212350504846052
-9.179451768753571 0.4221105527638116
-9.179955919697592 0.4223815821682573
-9.180904522613151 0.42290332898406646
-9.186018009506043 0.42567468213684023
-9.188731341000198 0.4271356783919522
-9.192053235732372 0.42897545741460164
-9.1971426538263 0.4317751444528515
-9.19785879197709 0.4321608040200928
-9.198074421216251 0.4322802443330618
-9.198492462311643 0.43251024126915727
-9.204140507937568 0.43557220232654004
-9.207050015453742 0.43718592964823344
-9.207286432160888 0.4373156830271254
-9.210179779387667 0.43887182182608164
-9.216080402010135 0.4421186818935503
-9.216191974944143 0.4421791772952286
-9.216251153128928 0.44221105527637405
-9.216432943755075 0.4423117814892139
-9.222258686509756 0.44547095676176607
-9.225535210203715 0.44723618090451467
-9.228302013748051 0.44876941746467924
-9.233668341708627 0.4517230893208408
-9.234318309934551 0.45207560132524804
-9.234662963875126 0.4522613065326553
-9.235721280307976 0.45284786041818403
-9.240372699497758 0.4553709013639011
-9.242462311557873 0.4565305120119767
-9.243852343863711 0.4572864321607959
-9.246420097006736 0.45866819913233403
-9.25125628140712 0.4613307690041806
-9.252440535342107 0.4619731995217977
-9.25306835179806 0.4623115577889365
-9.25499555499632 0.4633799216715655
-9.258482858814935 0.46527194701484387
-9.262313451343482 0.4673366834170771
-9.26453441292 0.4685680571843953
-9.268844221105612 0.47094138918271344
-9.270559008153931 0.4718718698885551
-9.271467843913005 0.47236180904521774
-9.274256586766674 0.473908199234093
-9.276589196732791 0.47517408449416454
-9.277638190954857 0.4757564990945111
-9.280634841515639 0.47738693467335835
-9.282644745125902 0.47846905343855894
-9.286432160804104 0.48055526698933626
-9.28867337102544 0.4817717145239744
-9.28986090782126 0.48241206030149897
-9.293503420539706 0.48443242022595623
-9.294691532336058 0.4850773654919385
-9.299067335446772 0.4874371859296396
-9.300751052403374 0.48837119967227416
-9.304020100502596 0.4901723555912687
-9.30678368304671 0.4916727165451764
-9.308247635551389 0.4924623115577802
-9.312736256227852 0.4949526417649972
-9.312789913632054 0.4949817762917901
-9.312814070351841 0.4949951953926206
-9.317392295447808 0.4974874371859208
-9.318853372974957 0.4982744849648153
-9.321608040201088 0.4997926306689431
-9.324889972600012 0.5015748678429404
-9.326628069388875 0.5025125628140614
-9.33089944559578 0.5048830011865766
-9.33197015344326 0.5054731665975387
-9.335796435703893 0.507537688442202
-9.336951715522824 0.5081789068355604
-9.33919597989958 0.5094160895462361
-9.342992238635318 0.5114781687172751
-9.345002204009962 0.5125628140703427
-9.349005660696726 0.5147851737564411
-9.351190718774097 0.5159898823202047
-9.354124791245104 0.5175879396984833
-9.355046060397498 0.5180844708986472
-9.356783919598072 0.519042750375549
-9.361090451863763 0.5213826275364264
-9.363369988477391 0.5226130653266239
-9.367107764318407 0.524688521034669
-9.370397050518172 0.5265025313037945
-9.372500718671606 0.5276381909547645
-9.373136360745956 0.5279911905406527
-9.374371859296565 0.528672651378364
-9.3791845558702 0.531288260419009
-9.381731328101498 0.5326633165829051
-9.385205690415754 0.5345930618912771
-9.389588891683434 0.5370110401220112
-9.390831931793116 0.5376884422110457
-9.391222543560401 0.5378990866209472
-9.391959798995057 0.5383058501417111
-9.397274468146104 0.5411950909388867
-9.40008608617022 0.5427135678391863
-9.403299346907417 0.5444988226352239
-9.408765884347048 0.5475153065111833
-9.409179448832688 0.547738693467327
-9.409304510648965 0.5478081871943505
-9.409547738693549 0.547942422970789
-9.415360081044188 0.5511031498524277
-9.418434085551532 0.5527638190954676
-9.42138861661401 0.5544058367463336
-9.427135678392041 0.5575780912671204
-9.427389843347425 0.5577163261649272
-9.427524244667033 0.5577889447236082
-9.427935216400845 0.5580173841546952
-9.433441262656093 0.5610124748477343
-9.436775110171794 0.5628140703517488
-9.439473358119226 0.5643141446292654
-9.444723618090533 0.567213110821279
-9.445478150889835 0.5676236151800893
-9.445877019388854 0.5678391959798894
-9.447096089048697 0.5685170448250796
-9.45151785761451 0.5709231103154648
-9.453517587939778 0.5720363713929721
-9.455035241041712 0.57286432160803
-9.457553406555125 0.5742237933891445
-9.462311557789025 0.576851932718295
-9.463561654960417 0.5775322766157736
-9.464222274852322 0.5778894472361706
-9.46624031245785 0.5790119485701206
-9.469589687821044 0.5808351071408779
-9.473435184154498 0.5829145728643113
-9.475628574312895 0.5841348366284898
-9.479899497487517 0.586494707387029
-9.481640158345867 0.5874423668186379
-9.482559696894016 0.5879396984924519
-9.485367156724363 0.589501886845837
-9.487656553101004 0.5907485225167388
-9.488693467336763 0.591326191434776
-9.491694974828025 0.5929648241205925
-9.493698651680269 0.59404733426509
-9.49748743718601 0.596141601933569
-9.499713384032226 0.597353964935528
-9.500888790057763 0.5979899497487331
-9.504475257260847 0.5999864697701147
-9.505718028945521 0.6006634777312989
-9.510063336800338 0.6030150753768737
-9.511763032212283 0.6039614595689367
-9.515075376884502 0.6057931901052145
-9.517780733783068 0.6072672418911385
-9.519208766219915 0.6080402010050143
-9.523563332551921 0.610465331195706
-9.523773838295106 0.6105800519444102
-9.523869346733747 0.6106333045079051
-9.528320426503182 0.6130653266331549
-9.529821845325971 0.6138771755637329
-9.532663316582994 0.6154491591131981
-9.535842536497857 0.6171821037141916
-9.537520019573469 0.6180904522612956
-9.541835626384055 0.6204949179462762
-9.54264343199008 0.6209419138061767
-9.546656741849956 0.6231155778894362
-9.547875014315787 0.6237945041653497
-9.550251256281486 0.6251096932991667
-9.553898517606859 0.6270986288531848
-9.555822118825203 0.6281407035175768
-9.559894394279898 0.6304106468604571
-9.561705748419742 0.6314134155570787
-9.56491017261382 0.6331658291457174
-9.565922188789964 0.6337135454857217
-9.567839195979978 0.6347750668853909
-9.571948319658512 0.6370169194371345
-9.574114496796001 0.638190954773858
-9.577946794498557 0.6403281951109765
-9.580746014048554 0.6418786170791648
-9.583213111626854 0.6432160804019986
-9.583963008136479 0.6436344025568532
-9.58542713567847 0.644445562583682
-9.589991574560516 0.6469370806352694
-9.592396569787166 0.6482412060301392
-9.595992451279589 0.6502476700579605
-9.599762881791229 0.6523371334909269
-9.601460259593118 0.6532663316582799
-9.60199710064198 0.6535571815825598
-9.603015075376963 0.6541214723610587
-9.608027902702522 0.6568592209076893
-9.610667736292115 0.6582914572864205
-9.614030976923356 0.6601691824727345
-9.618754967437175 0.6627885693036237
-9.6197279032079 0.6633165829145611
-9.620024082637949 0.6634819921824198
-9.620603015075455 0.663803098198473
-9.62605691210392 0.666783452248854
-9.62892737576001 0.6683417085427017
-9.632061970939937 0.6700928467809897
-9.6377208476336 0.6732325178450296
-9.637965919001934 0.6733668341708423
-9.638043557667434 0.6734089476298459
-9.638190954773947 0.6734907528485143
-9.644078197579978 0.6767098904258315
-9.647174847401333 0.6783919597989829
-9.650085019214083 0.6800187813013707
-9.655778894472439 0.6831799109096339
-9.656063724072121 0.6833357055415004
-9.656213494596921 0.6834170854271235
-9.65666752281485 0.683670979239241
-9.662091339919408 0.6866386552132724
-9.664572864321684 0.6880278818090968
-9.665328104362318 0.6884422110552642
-9.668099693179242 0.6899471084814612
-9.673366834170931 0.6928733322160578
-9.674079874987097 0.6932636107359285
-9.674454558739995 0.6934673366834048
-9.675589252251182 0.694102313277762
-9.680095905066347 0.6965698706271413
-9.68363061589767 0.6984924623115454
-9.686105548993527 0.6998779551332301
-9.690954773869423 0.7025739659003722
-9.692086961401989 0.7031941057875244
-9.692681472812904 0.703517587939686
-9.694479947850972 0.7045247805058432
-9.698091443299564 0.7065036651592145
-9.699748743718668 0.707432813262904
-9.701768942459976 0.7085427135678266
-9.704102126710428 0.7098114526699657
-9.708542713567915 0.7122821843165941
-9.710084512916616 0.7131273250963384
-9.710893501602051 0.7135678391959672
-9.713337998709484 0.7149379206649868
-9.716077488401764 0.7164401720144369
-9.720029466959048 0.7185929648241078
-9.722088949436968 0.7197477373468049
-9.726130653266408 0.7219983748268595
-9.728072041725374 0.7230634080354008
-9.729089883960672 0.7236180904522485
-9.732161746542104 0.725341259959591
-9.7340535568116 0.7263795293531912
-9.734924623115653 0.7268686790121919
-9.738149315934491 0.7286432160803891
-9.740065522471962 0.7296869505069425
-9.7437185929649 0.7317229406987922
-9.74604904168566 0.7330024992168838
-9.747269829521253 0.7336683417085297
-9.750949476429914 0.7357343084128196
-9.752019143828809 0.7363218813755532
-9.75636540816459 0.7386934673366703
-9.758031318167987 0.7396292429067861
-9.761306532663392 0.7414563239819794
-9.764014952731795 0.7429447586595526
-9.765432466384555 0.7437185929648109
-9.76969926619385 0.7461165168306563
-9.769973676196372 0.7462673918692433
-9.770100502512637 0.7463387419027177
-9.774462850385465 0.7487437185929515
-9.775985754818892 0.7495747807480919
-9.778894472361884 0.7511989891526021
-9.78196920669541 0.7528903486972274
-9.783576919633408 0.7537688442210921
-9.787923714255454 0.7562141864510696
-9.78841624161267 0.7564893497213161
-9.792631804339283 0.7587939698492328
-9.793928306994822 0.7595237141536764
-9.796482412060376 0.7609513694903525
-9.799911268017503 0.7628394223467652
-9.801702360602059 0.7638190954773734
-9.805865186662064 0.7661634283621739
-9.807095169683263 0.7668513119410552
-9.810702739362103 0.768844221105514
-9.81185842281422 0.769476200803985
-9.814070351758868 0.7707139241487511
-9.817840569663261 0.7727921416181136
-9.819807913535838 0.7738693467336546
-9.823793568292434 0.776116410495062
-9.825730340958483 0.777200772219258
-9.82882193257515 0.7788944723617952
-9.829775522332934 0.7794324063973459
-9.83165829145736 0.7804871375503053
-9.835756516144391 0.7827486766507841
-9.837892660987611 0.7839195979899358
-9.841708247838554 0.7860733075091639
-9.844319821947192 0.7875371781298872
-9.84686203674304 0.7889447236180764
-9.847678997118456 0.7893925047716186
-9.849246231155853 0.7902715201772361
-9.853658483040036 0.7927092058507368
-9.855955643459971 0.793969849246217
-9.859608584595538 0.7960343024630188
-9.862861608119943 0.7978599569502425
-9.864928605715507 0.7989949748743577
-9.865568209671956 0.7993566780693264
-9.866834170854345 0.8000676095181918
-9.871545816363614 0.8026739160712788
-9.873995858835533 0.8040201005024983
-9.877493907772116 0.805999587011275
-9.881353625298036 0.8081685160578385
-9.882933141952417 0.8090452261306389
-9.883442492695785 0.8093251169469395
-9.884422110552837 0.8098759711779282
-9.889417831772926 0.8126430028387546
-9.892012261594902 0.8140703517587795
-9.895363515642083 0.8159693616471353
-9.899793730737777 0.8184622432401909
-9.900943965771447 0.8190954773869201
-9.90130114820308 0.8192980208292768
-9.902010050251329 0.8196972001583314
-9.907273813619776 0.8226166706240763
-9.91000376182064 0.8241206030150607
-9.913216674532544 0.8259438359914251
-9.918179713924513 0.8287405069216849
-9.918907771728461 0.8291457286432014
-9.919143446465064 0.8292755982102751
-9.919597989949821 0.8295319223206192
-9.925113013834324 0.8325951331614849
-9.927969223984242 0.834170854271342
-9.931052617643761 0.8359232291297856
-9.936509297089438 0.8390026563112327
-9.936859464849043 0.8391959798994826
-9.936968624790431 0.8392580670017349
-9.937185929648313 0.8393807960402295
-9.942934650638108 0.8425786138162534
-9.945907465511727 0.8442211055276232
-9.948870543694131 0.8459077699998163
-9.954773869346806 0.8492444797071759
-9.954775948430717 0.8492456371317889
-9.954777022751532 0.8492462311557638
-9.954780195418017 0.8492480386046815
-9.960737907078522 0.852567346003414
-9.96381725512206 0.8542713567839044
-9.96666961538254 0.8558976978304074
-9.972361809045298 0.8591203631804127
-9.972570650730194 0.8592368133592174
-9.972678392565426 0.859296482412045
-9.972995824975445 0.8594776298206588
-9.978521929376054 0.8625615736599697
-9.981155778894543 0.8640657755932439
-9.981612903766004 0.8643216080401857
-9.984448957658952 0.8658932626358533
-9.98994974874379 0.8690129395020376
-9.990345117005491 0.8692337713078402
-9.990548764163892 0.8693467336683263
-9.991147207732642 0.8696888648079986
-9.996285825074214 0.8725615517734884
-9.999546589746716 0.8743718592964669
-10.002207796118563 0.8758946856746723
-10.007537688442282 0.8789227181723298
-10.008098804454127 0.87923666606408
-10.008387306150702 0.8793969849246075
-10.009233118101953 0.879881393398799
-10.01402930284933 0.8825673635793061
-10.016331658291527 0.8838868896711016
-10.017284623915524 0.8844221105527481
-10.019945642734426 0.8859021063831332
-10.025125628140774 0.8888505716910977
-10.025830677406748 0.8892457935334681
-10.026192510387977 0.8894472361808887
-10.027250431368763 0.8900543228174573
-10.031750764953257 0.8925794655768913
-10.035147552569008 0.8944723618090293
-10.03766074980666 0.8959160241040598
-10.042713567839266 0.8987978683088462
-10.04353919568355 0.899261593767374
-10.043962086176192 0.89949748743717
-10.045195023878092 0.9002064748768346
-10.04944900252813 0.9025982031542066
-10.051507537688511 0.9037826907979616
-10.052819751582097 0.9045226130653106
-10.055352044274889 0.9059367454261302
-10.060301507537758 0.9087655635231879
-10.061223299739371 0.9092843694929904
-10.061694485174465 0.9095477386934512
-10.063064167602253 0.9103370701404492
-10.067122959777683 0.9126238779673281
-10.070606172023114 0.9145728643215918
-10.07301844319278 0.9159645797625835
-10.07788944723625 0.9187546679526077
-10.078881878780312 0.9193144380800007
-10.079388091764164 0.9195979899497324
-10.080855060715553 0.9204453080866761
-10.084771529424438 0.9226568063812479
-10.086683417085496 0.9237617153599187
-10.088204428523937 0.924623115577873
-10.09065881060457 0.9259998516722083
-10.095477386934743 0.9287662516472626
-10.096513767425554 0.929352132494353
-10.097041219169558 0.9296482412060136
-10.098564825726806 0.9305303665751747
-10.10239354931975 0.9326973204384386
-10.105909387851842 0.9346733668341543
-10.108271954030345 0.9360429018635514
-10.113065326633235 0.9388014488412226
-10.114117742063527 0.9393978023393537
-10.114652105241744 0.9396984924622949
-10.116190507436949 0.9405914012633563
-10.119987798742637 0.9427457689163203
-10.12185929648248 0.9438325074832559
-10.123425283716164 0.9447236180904355
-10.125856620628618 0.946094088291324
-10.130653266331727 0.9488614631963523
-10.131692516873471 0.9494518149923632
-10.13221890787756 0.9497487437185761
-10.13372907071534 0.9506275449710371
-10.137552994357662 0.952802518482164
-10.14104337296813 0.9547738693467167
-10.143411493005221 0.956153787353859
-10.14824120603022 0.9589475735948616
-10.14923673948005 0.9595145568463339
-10.149739700042165 0.9597989949748573
-10.151177398087919 0.9606379069913435
-10.155087785798562 0.9628679549548993
-10.157035175879464 0.9640046821368093
-10.158467713624416 0.9648241206029979
-10.160935184633779 0.9662223952015498
-10.165829145728711 0.969061140545409
-10.166748986204842 0.9695864346665299
-10.167212464360606 0.9698492462311386
-10.168532287129802 0.9706215723457357
-10.172590750840394 0.9729424846845127
-10.17599300503696 0.9748743718592792
-10.178426234848951 0.9763003291673513
-10.183417085427203 0.9792036132767636
-10.184227756874181 0.9796678770739975
-10.184635087239885 0.9798994974874198
-10.185790447654442 0.9805776009809168
-10.190060390118484 0.9830265360609083
-10.192211055276449 0.9842891120146398
-10.193315723848526 0.9849246231155604
-10.195883103368894 0.9863880293317893
-10.201005025125696 0.9893765376035999
-10.201671469137947 0.9897593361687722
-10.202005352478821 0.989949748743701
-10.202948498690775 0.9905050269051516
-10.207495121347375 0.9931205611656484
-10.210741696145258 0.9949748743718416
-10.213304164298084 0.9964859602364431
-10.218592964824188 0.9995815646612947
-10.219078452248265 0.9998612893073888
-10.219320934318183 0.9999999999999822
-10.220002965239209 1.0004028572614168
-10.224893272987067 1.0032250375815854
-10.227386934673433 1.0046981565868736
-10.227951742077895 1.0050251256281229
-10.230687699555506 1.0065946127616012
-10.23618090452268 1.0098204606209187
-10.23644694024073 1.009974241051106
-10.236579372994823 1.0100502512562635
-10.236950274796575 1.010270071334519
-10.242253077297384 1.0133404703773463
-10.245270801732458 1.015075376884404
-10.248031714680087 1.0167145567532856
-10.253768844221172 1.0200955773916638
-10.253774532539623 1.0200988772787012
-10.253777354665127 1.0201005025125447
-10.25378521813719 1.020105180774264
-10.259571412602247 1.0234677514603776
-10.262358140406892 1.0251256281406853
-10.262562814070417 1.0252463055005379
-10.265332846330066 1.0268467531662848
-10.270509279591902 1.0299086096751795
-10.27092388624028 1.030150753768826
-10.271066947976937 1.030233564038177
-10.271356783919664 1.0304053221040697
-10.276846857399919 1.0336072869740365
-10.27955626934588 1.0351758793969665
-10.28259065743298 1.0369913268784456
-10.287117439093828 1.039678923732442
-10.288017550503506 1.0402010050251072
-10.288316815471148 1.0403804073528233
-10.288944723618156 1.0407539318963774
-10.29407844046421 1.0437593544115176
-10.296602576410029 1.0452261306532478
-10.299803431105806 1.0471487684277738
-10.303605445000718 1.0494149081911228
-10.305026632502269 1.0502512562813884
-10.305521755372348 1.0505400871226165
-10.306532663316649 1.051143858855224
-10.311263886136343 1.053924603961045
-10.31358106974762 1.055276381909529
-10.316968826315422 1.0573197466808768
-10.31996909347576 1.0591153619549898
-10.32199821886631 1.0603015075376696
-10.32267941964224 1.060713274215641
-10.32412060301514 1.0615776500317615
-10.328400778081571 1.0641037260039727
-10.330488502242325 1.0653266331658102
-10.33408435629742 1.0675049721418706
-10.336204066860745 1.0687790514074118
-10.338854321547712 1.0703517587939508
-10.33978731232695 1.0709006817615743
-10.341708542713633 1.0720580549400562
-10.345486546697932 1.0742974547122914
-10.347321447587507 1.0753768844220915
-10.351147375473534 1.0777052006902608
-10.352305927738506 1.0784047087149125
-10.35569352473658 1.080402010050232
-10.356842776182887 1.0811030689728716
-10.359296482412125 1.0825880476630152
-10.362518455214618 1.0845065720205174
-10.364076285673235 1.0854271356783727
-10.368155065000686 1.0879212377097813
-10.368270112706567 1.0879910300482134
-10.372379773920498 1.0904522613065133
-10.373842977890405 1.0913212453694312
-10.376884422110617 1.0931708518477778
-10.379493584315034 1.094731912019106
-10.38074918660465 1.095477386934654
-10.384107035479442 1.097540990754318
-10.385121055369927 1.0981491887744204
-10.389075039786158 1.1005025125627945
-10.390784891675235 1.1015560754581868
-10.39447236180911 1.1038099690443497
-10.396408815095711 1.1049743658233346
-10.397336093196165 1.1055276381909351
-10.39979987270694 1.1070497841617444
-10.402029063935798 1.1083937060685933
-10.403266331658354 1.1091575353386185
-10.405572605266007 1.1105527638190758
-10.407665281131216 1.1118084839266142
-10.412060301507601 1.11450921092435
-10.413260810144276 1.1152348869795947
-10.41383270176565 1.1155778894472164
-10.415341983730444 1.1165155129394568
-10.418873852387625 1.1186562862524934
-10.422110899799561 1.120603015075357
-10.424480679006795 1.1220794614180143
-10.429648241206094 1.1252727360173154
-10.430045992487035 1.1255144974803715
-10.430234441029496 1.1256281407034976
-10.430728286532778 1.1259367250825507
-10.435651815559234 1.128937959373598
-10.438488165386977 1.1306532663316382
-10.441227364681529 1.1323700709667968
-10.445965771636033 1.1353154178830493
-10.446557352383623 1.1356783919597788
-10.446774182627802 1.1358103914674311
-10.447236180904586 1.136098445139094
-10.452359080089481 1.1392398321065205
-10.454765198432577 1.1407035175879194
-10.457901339016065 1.142681455184209
-10.461048701774995 1.1446499521223217
-10.46281653180507 1.14572864321606
-10.463441048143812 1.1461238067758508
-10.464824120603078 1.1469916265199993
-10.468991477441554 1.1495630954617786
-10.47093675881376 1.1507537688442007
-10.474498296208674 1.1530148442993138
-10.475961253782952 1.1539358068955936
-10.478927496300027 1.1557788944723413
-10.480030786634929 1.1564592583770956
-10.48241206030157 1.1579633984659026
-10.485544513660894 1.1599090334263895
-10.486997253639906 1.160804020100482
-10.490702572077948 1.163172737750875
-10.491019075068326 1.1633699986524064
-10.494997301963116 1.1658291457286225
-10.496538703438938 1.1668180876032297
-10.500000000000062 1.1690198189598417
-10.502013722867131 1.1702789219661716
-10.502941473837563 1.1708542713567631
-10.505288796798897 1.1723653561564307
-10.507482061548552 1.1737416651139059
-10.508793969849307 1.1745849507635846
-10.510848855319288 1.1758793969849037
-10.512962196034536 1.1772010380317663
-10.517587939698554 1.1801645127119178
-10.51839617408644 1.1806735985022199
-10.518765850926627 1.1809045226130443
-10.519692857478601 1.181505927693058
-10.523856680417595 1.1841385794643164
-10.526713218171626 1.185929648241185
-10.529293481443894 1.1876103333706576
-10.53391527393153 1.1905946008791783
-10.534487503261753 1.1909547738693256
-10.534696789828491 1.1910916566031986
-10.535175879397046 1.1914022586511406
-10.540135256023037 1.1945629347471831
-10.54237750714849 1.1959798994974662
-10.545525850179997 1.1980478906161922
-10.548083189530331 1.1996677023926905
-10.55024355637528 1.2010050251256068
-10.551073835469445 1.2014878775902051
-10.552763819095539 1.2024934917847405
-10.556821650731889 1.2048707702862194
-10.558816366179704 1.2060301507537474
-10.562536418966939 1.2082631049900598
-10.564342608108708 1.2093383761860812
-10.567295330756426 1.211055276381888
-10.568280706240875 1.2116470056827895
-10.57035175879403 1.2128804952286973
-10.574021017950491 1.21503204225104
-10.575823136246587 1.2160804020100286
-10.579728089857648 1.2184265759057071
-10.580800970613256 1.219065891101236
-10.584268411178392 1.2211055276381693
-10.585476378121886 1.221809333458351
-10.587939698492523 1.2232778882128237
-10.591208794096708 1.2251966259508285
-10.59281285778787 1.2261306532663099
-10.596907766730189 1.2285934736836888
-10.597227885053456 1.2287844208551482
-10.60129841050559 1.2311557788944505
-10.602659994871514 1.231975105557165
-10.605527638191015 1.2336865010002276
-10.60838409786166 1.2353647731881212
-10.609784267483134 1.236180904522591
-10.61362830726573 1.2384953814010808
-10.61408182290055 1.238761977376579
-10.61432160804026 1.2389062075126827
-10.618223229882565 1.2412060301507317
-10.619830648701628 1.2421445813472687
-10.623115577889507 1.2441072186887068
-10.625545995275148 1.2455367508115467
-10.626736030520117 1.2462311557788723
-10.629998254872064 1.2481976349167452
-10.63124754584366 1.2489328619915412
-10.635227073985167 1.251256281407013
-10.636987378263546 1.252318035499714
-10.640703517588 1.2545409840626194
-10.642693497613344 1.2557128413136267
-10.643666738230314 1.2562814070351536
-10.646330385607726 1.257889083612218
-10.64839881391372 1.2591078765702308
-10.649497487437245 1.2597703137968947
-10.652097432153274 1.2613065326632942
-10.654129166429865 1.2624957586223298
-10.658291457286492 1.2649888007595802
-10.659825559093857 1.2658933434893305
-10.66057490549449 1.2663316582914348
-10.662622270271568 1.2675690334300276
-10.665534581087671 1.2692873199763817
-10.669070267260889 1.2713567839195754
-10.67125493785133 1.2726780579577621
-10.675879396984984 1.2754517367863736
-10.676941074337313 1.2760785731613362
-10.677458967896536 1.276381909547716
-10.678871377367862 1.2772367610856818
-10.682653741866863 1.2794715080667478
-10.684673366834229 1.2806925694390738
-10.685879246059047 1.2814070351758566
-10.688363556266696 1.2828652581520794
-10.693467336683476 1.2859309284225073
-10.694038875572598 1.2862688639785338
-10.69431727860235 1.2864321608039972
-10.695075071904759 1.2868915137243633
-10.699755128426572 1.2896607745055393
-10.702815714246478 1.2914572864321379
-10.705453821541486 1.293057702100847
-10.711055276381968 1.2964275845543094
-10.71111772956079 1.2964645682949003
-10.711148104938548 1.2964824120602785
-10.71123061408393 1.2965325085465533
-10.71683750747866 1.2998554716607922
-10.71964758859022 1.301507537688419
-10.722524466409086 1.30325575188024
-10.727348392741655 1.3061627137911866
-10.727970334038067 1.3065326633165597
-10.728190032646717 1.3066621442976292
-10.72864321608046 1.3069354754791807
-10.733899576819322 1.3100559715907396
-10.736449818281981 1.3115577889447003
-10.739574152885027 1.313459789771536
-10.743414526801335 1.315778163436378
-10.744779886882164 1.316582914572841
-10.745243153877059 1.3168652008305246
-10.746231155778952 1.3174621933253343
-10.750939674709556 1.3202627490779513
-10.753219675775245 1.3216080402009815
-10.7566007704939 1.3236704187677084
-10.759421492188894 1.3253767077466794
-10.761525808255106 1.3266331658291222
-10.762272620872722 1.3270750157161864
-10.763819095477444 1.328011416657434
-10.767955482571688 1.3304764665731934
-10.769954804627446 1.3316582914572628
-10.773602715401472 1.3338880971071099
-10.775367807353689 1.3349579234219036
-10.778283987864988 1.3366834170854034
-10.77927806522925 1.337291694213028
-10.781407035175937 1.338583416576106
-10.784946857508789 1.3406971649041575
-10.786654446812172 1.341708542713544
-10.790579649292466 1.3441129214512468
-10.791252312758584 1.3445214791657287
-10.794942351143344 1.3467336683416846
-10.796258410376092 1.3475155439126372
-10.798994974874429 1.3491795052814073
-10.801912327022446 1.350925264784678
-10.803316677839174 1.3517587939698252
-10.807078762621876 1.3540684476119527
-10.807537421361166 1.3543432206017556
-10.811644995431998 1.3567839195979658
-10.813211935833298 1.357747056380716
-10.81658291457292 1.3598014861301717
-10.818850125101056 1.3611612707894967
-10.81993906861423 1.3618090452261065
-10.822847595429495 1.3635989540422706
-10.824478514877896 1.3645782850528256
-10.825376884422166 1.3651304040453551
-10.828205876178586 1.366834170854247
-10.830136829236677 1.3679867494356
-10.834170854271413 1.3704512793848922
-10.835758391029582 1.3714057145514822
-10.836519073453122 1.3718592964823877
-10.83854447206883 1.373108901567364
-10.841389992774445 1.374821811109662
-10.844844777527046 1.3768844221105283
-10.847031179758817 1.378235169027982
-10.851758793969905 1.381130932587693
-10.852635162557577 1.3816591567136198
-10.853054022724528 1.381909547738669
-10.854165594412462 1.3825972050079711
-10.858269891815942 1.385074359696513
-10.86055276381915 1.386484619672527
-10.861296201610543 1.3869346733668095
-10.863892970869856 1.3884928913092498
-10.869346733668397 1.3918426321388795
-10.869478368381372 1.3919221890769577
-10.869541114808491 1.3919597989949501
-10.869707049687179 1.3920627464288877
-10.875116138629902 1.3953365232055184
-10.87786238391534 1.3969849246230908
-10.880720072368208 1.398760524908429
-10.885182654511219 1.4015094734353255
-10.88601541331654 1.4020100502512314
-10.886304665359884 1.4021900525389475
-10.88693467336689 1.4025787304083144
-10.89192654125522 1.4056089279112776
-10.89429574611113 1.407035175879372
-10.897510231602164 1.4090387134402915
-10.900574901023122 1.4109323837811525
-10.902424422945908 1.4120603015075126
-10.90309775967631 1.4124674024758184
-10.904522613065382 1.4133492483815893
-10.908698779827539 1.41589223663218
-10.91067472104576 1.4170854271356532
-10.914261063792855 1.41932813827023
-10.915875919776308 1.4203292290530607
-10.918821049606112 1.4221105527637938
-10.919851432281563 1.4227560157587398
-10.922110552763874 1.4241588979631787
-10.92543039630387 1.4261871516662215
-10.926996037462041 1.4271356783919344
-10.930970041356954 1.4296295215649089
-10.931081349109993 1.4296987630622544
-10.935091604168205 1.432160804020075
-10.936563148053917 1.4330566167082033
-10.939698492462366 1.435010555155693
-10.942118783116166 1.4364944180328445
-10.943256249101223 1.4371859296482157
-10.946209894028348 1.439046330095639
-10.94765925586504 1.4399365514470217
-10.95139382365325 1.4422110552763563
-10.95323021517701 1.4433699744145985
-10.957286432160858 1.44590731889424
-10.95876117062836 1.446814827056639
-10.959451721777675 1.447236180904497
-10.961236532130394 1.4483647808957931
-10.96430425105975 1.4502562154186682
-10.966080402010103 1.4513773277986113
-10.967509519710216 1.4522613065326375
-10.969849771790216 1.4536969065523904
-10.97487437185935 1.4568525345945567
-10.975354613253751 1.4571492203338066
-10.975578619206924 1.4572864321607781
-10.97615475956182 1.4576522572186272
-10.98090017275778 1.4605899003893672
-10.983705205250285 1.4623115577889187
-10.986418771198405 1.464038283605901
-10.990974806997825 1.4669116821141968
-10.991665810321797 1.4673366834170594
-10.991912244344038 1.4674938454781463
-10.992462311557842 1.4678415226475447
-10.997443896059478 1.4709384991875893
-10.99975329124822 1.4723618090452
-11.002934075827165 1.4743950020249628
-11.005691132459377 1.4761414721599246
-11.007683512869994 1.4773869346733406
-11.008430034478415 1.4778498537527458
-11.010050251256335 1.4788785695069429
-11.013932421804371 1.4813028687163285
-11.015724068555269 1.4824120603014812
-11.019392476266043 1.4847679787839914
-11.020285712686565 1.4853364778529752
-11.023671070387726 1.4874371859296218
-11.024890466183404 1.4882222501500282
-11.027638190954827 1.4899753232479416
-11.030361643944575 1.4916841821321203
-11.031612625500863 1.4924623115577624
-11.034769106526154 1.4944997160067137
-11.035808006138161 1.4951532042763782
-11.036432160804072 1.4955552104303473
-11.039493491733822 1.497487437185903
-11.041289497895539 1.4986121894024116
-11.045226130653319 1.5011366752760615
-11.046727622503798 1.5020835651424775
-11.047413890009157 1.5025125628140437
-11.049134907394103 1.5036293561685534
-11.052175789577984 1.5055520716065658
-11.0553439717216 1.5075376884421843
-11.057623176001083 1.509020801113821
-11.062814070351811 1.5123676442879077
-11.06302627733612 1.51250218350338
-11.06312275988813 1.512562814070325
-11.063363169658263 1.5127196995864542
-11.068476016659318 1.5159702407534636
-11.070960787455846 1.5175879396984655
-11.071608040201056 1.518006149879735
-11.073887249937213 1.519449299730777
-11.077477855064114 1.5217775924734092
-11.078783621736605 1.5226130653266061
-11.079285811903132 1.5229319790829408
-11.080402010050303 1.5236579196366513
-11.084704255844564 1.5264089778706724
-11.086643888408355 1.5276381909547467
-11.09007714318912 1.5298989928289402
-11.091450466449247 1.5307948927830166
-11.09438999019706 1.5326633165828873
-11.095476900240524 1.5333813307281083
-11.097989949748795 1.5350258974931075
-11.100855730318864 1.5368696477624368
-11.102139978861008 1.537688442211028
-11.105284679729609 1.5397726507769747
-11.106204748543776 1.5403664824691736
-11.10678391959804 1.540749332210659
-11.109816178697578 1.5427135678391686
-11.111588516536305 1.543853388670878
-11.115577889447287 1.546481233771992
-11.116925282891295 1.5473537239118782
-11.117525256912547 1.5477386934673092
-11.118983313326698 1.5487116717185696
-11.122274991570986 1.5508503613458213
-11.125247211010254 1.5527638190954498
-11.127615266679964 1.5543496940856825
-11.132523873097796 1.557605528709881
-11.132807804582336 1.5577889447235904
-11.132914596400397 1.557860725507985
-11.13316582914578 1.5580279696588315
-11.138257276102827 1.5613593712211458
-11.140501274061739 1.562814070351731
-11.143551309783847 1.564871915797566
-11.145929174792052 1.5664607405363808
-11.148020195751466 1.5678391959798716
-11.148850659624957 1.5683829414711044
-11.150753768844272 1.5696594267979203
-11.154145479165784 1.5718952615161514
-11.15562939841408 1.5728643216080123
-11.159162170849525 1.5752667221809418
-11.159394705584893 1.5754206081674038
-11.163160753976149 1.5778894472361529
-11.164689087956493 1.5789330531179449
-11.168341708542764 1.5814026654315336
-11.169932949429668 1.5824599326108926
-11.170623742650827 1.5829145728642935
-11.172253679945673 1.58403227897941
-11.175181310782834 1.5859855264238423
-11.177135678392009 1.5873213796396222
-11.178058790728016 1.587939698492434
-11.180422891872986 1.5895130574547967
-11.18516441120676 1.5927461849678615
-11.185489428670731 1.5929648241205747
-11.185621247639926 1.593052938578098
-11.185929648241256 1.5932641639904448
-11.19085918214489 1.596581511490534
-11.192972480459808 1.5979899497487153
-11.196097015641692 1.6001101132624456
-11.198384726256126 1.60154854346725
-11.200830630749675 1.603015075376856
-11.201678188696693 1.6035406180177283
-11.203517587939748 1.6046706876783734
-11.207301477555632 1.606959089686173
-11.209105048605954 1.6080402010049966
-11.212891120577474 1.6103871744509295
-11.213899299090327 1.611006404190876
-11.21729640615576 1.6130653266331372
-11.218524768155678 1.6138026864852977
-11.22110552763824 1.615387409852997
-11.224142044603711 1.617222875985429
-11.225590101331049 1.6180904522612778
-11.229427900328275 1.620468273029859
-11.22973067992105 1.6206512486657587
-11.233844797992989 1.6231155778894184
-11.235375306150384 1.6240636239426607
-11.238693467336732 1.6261001911209343
-11.240986452307533 1.6274855649544726
-11.242080437229351 1.628140703517559
-11.244981431446567 1.6299372646917973
-11.246590854255984 1.6309094328830565
-11.247487437185978 1.6314634366244904
-11.250298912067816 1.6331658291456996
-11.25222934400593 1.6343235614397837
-11.256281407035225 1.6368094916609603
-11.257834259006223 1.6377472827821267
-11.25857543076845 1.6381909547738402
-11.260541892125158 1.6394082362281068
-11.263454235940557 1.6411667007147432
-11.266878446893214 1.6432160804019809
-11.269086452867992 1.6445826215064736
-11.273869346733717 1.6475157899347046
-11.274684971850046 1.6480081702825986
-11.275074408965008 1.6482412060301215
-11.27610811445179 1.6488808539495707
-11.280320244811772 1.6514232179216748
-11.282663316582962 1.6528699212017965
-11.283318471689647 1.653266331658262
-11.285946002677758 1.6548409841595335
-11.291457286432209 1.6582197425768372
-11.291537937245273 1.6582684141969555
-11.291576457662918 1.6582914572864027
-11.29167874312693 1.6583547306277513
-11.297188256032646 1.6616791630287038
-11.299925853253322 1.6633165829145433
-11.30280736479304 1.6650988290110176
-11.307271654849714 1.6678349738909732
-11.308118967179288 1.668341708542684
-11.308411668250667 1.6685227250798365
-11.309045226130701 1.6689109855297586
-11.314057633030634 1.6719347179137012
-11.316452536704299 1.6733668341708245
-11.319669885485379 1.6753563428404856
-11.322868494231221 1.6773163393424015
-11.324647305230743 1.6783919597989652
-11.325288678575932 1.6787760990141827
-11.326633165829193 1.6795998838562625
-11.330927705184159 1.68219007418283
-11.332979971431625 1.6834170854271058
-11.336532876218659 1.6856137223725423
-11.338465395953866 1.6867977226055837
-11.34121610483533 1.6884422110552464
-11.342165914088568 1.6890294086092803
-11.344221105527685 1.6902884975321228
-11.34779776645121 1.69244543356238
-11.349507169030833 1.693467336683387
-11.353395612248729 1.6958711746769435
-11.354060794569586 1.6962786764096442
-11.357722702901427 1.6984924623115276
-11.359042651011828 1.6992828606584842
-11.361809045226178 1.7009775614438576
-11.364667073947011 1.7027010083051444
-11.366033089591053 1.7035175879396682
-11.369663178621938 1.7057616260527428
-11.370267468714529 1.7061260211425662
-11.374310248431646 1.7085427135678088
-11.3759181280777 1.7095366726669434
-11.37939698492467 1.7116678485948889
-11.381534846459651 1.7129570216145256
-11.382556639853856 1.7135678391959495
-11.385271849836792 1.715246372027985
-11.387148713563755 1.716378185212922
-11.388190954773915 1.7170211699026083
-11.390790851702178 1.71859296482409
-11.392791545007784 1.7197910732856263
-11.396984924623162 1.722360172037912
-11.398400262891847 1.723213708089749
-11.399076671298012 1.7236180904522307
-11.400873844412269 1.724729210391975
-11.404027365761724 1.7266310900407822
-11.40739282299036 1.7286432160803713
-11.409662060912146 1.7300463027688027
-11.414572864321654 1.7330553869431977
-11.415262460616265 1.733471314195766
-11.415591978136952 1.733668341708512
-11.41646728508651 1.7342096047841853
-11.420902564322494 1.7368849816221266
-11.4233668341709 1.7384057192631808
-11.423842650287297 1.7386934673366525
-11.426528792593173 1.7403026134586446
-11.432051381695057 1.7436873294433388
-11.432103072328859 1.7437185929647931
-11.432121713681475 1.7437297616329852
-11.432160804020146 1.7437537228877353
-11.437773405141476 1.7471401182725543
-11.44045437000407 1.7487437185929338
-11.44339081274063 1.7505602703009364
-11.447643117508031 1.7531672367323292
-11.448648751441581 1.7537688442210744
-11.448996238562835 1.7539838456941617
-11.449748743718638 1.7544452680548615
-11.454638939124015 1.7573967711619645
-11.45697404471865 1.758793969849215
-11.460247148003125 1.7608195513960734
-11.46322023925858 1.7626429685749132
-11.465163486237051 1.7638190954773556
-11.465864852761928 1.7642396185216986
-11.46733668341713 1.7651425024767118
-11.471498170180535 1.7676552248873811
-11.473484481433694 1.7688442211054962
-11.47709677692017 1.7710807485899114
-11.478780536345974 1.7721138933708795
-11.481712458622459 1.7738693467336368
-11.482726536998564 1.7744973713385113
-11.484924623115623 1.7758464617610956
-11.488350053071684 1.7779157780886168
-11.48998425141524 1.7788944723617774
-11.493938629647602 1.7813441675522093
-11.494321719768902 1.781579357119857
-11.498184448021401 1.783919597989918
-11.499580271620257 1.7847573954738776
-11.502512562814115 1.78655816990557
-11.50519363650651 1.7881787025630889
-11.506471975260501 1.7889447236180587
-11.509857524483795 1.7910432840951103
-11.51078750496191 1.7916055800611153
-11.51473171184338 1.7939698492461993
-11.516425186136486 1.795019939639377
-11.520100502512607 1.79727855021767
-11.522027840951184 1.7984443067490323
-11.522946162304216 1.79899497487434
-11.525375969114293 1.8005022510462503
-11.527633027429887 1.8018679505261144
-11.528894472361852 1.8026489081349792
-11.531154586866654 1.8040201005024805
-11.53325970076547 1.8052854552012318
-11.537688442211099 1.808009261045636
-11.538851086852036 1.8087130419474962
-11.539404620233153 1.8090452261306211
-11.540867688419528 1.8099535821901727
-11.54446739727469 1.8121335074548783
-11.547693483792091 1.8140703517587617
-11.550082552679276 1.8155543029674233
-11.555276381909591 1.818751540253614
-11.555662145441262 1.8189852592349967
-11.555845645766997 1.8190954773869024
-11.556330095546048 1.8193965384258899
-11.561289385072678 1.8224026021113042
-11.564148303005178 1.824120603015043
-11.566892478647238 1.825826843860999
-11.571772073074428 1.8288336576335675
-11.572285268781847 1.8291457286431836
-11.572471528415026 1.8292579552697719
-11.572864321608083 1.8295001254164358
-11.578097692654435 1.8326756054009383
-11.580583369396237 1.8341708542713242
-11.583688145173282 1.836103458880837
-11.587190610466676 1.8382640796594938
-11.58873893006392 1.8391959798994648
-11.589277727299537 1.8395315610443328
-11.590452261306575 1.840256545189341
-11.594890950211234 1.8429529086977032
-11.59699678607539 1.8442211055276054
-11.60046814546546 1.8463845499674933
-11.602571742085887 1.8476838143216945
-11.605135144426889 1.849246231155746
-11.606068068990856 1.8498096974455205
-11.608040201005068 1.8510285597119873
-11.611667713025897 1.8532349247779356
-11.613386559456702 1.8542713567838867
-11.61723099601802 1.8566705409797555
-11.617912456061886 1.8570920010858343
-11.62156599118553 1.8592964824120273
-11.622841069975001 1.8600927883344731
-11.62562814070356 1.861817728815785
-11.628426457798916 1.8635220888700657
-11.629750595289778 1.8643216080401679
-11.633222293863822 1.866491366085958
-11.63398814448751 1.8669581611586077
-11.634422110552805 1.8672288312374716
-11.637887200964675 1.8693467336683085
-11.63959516611833 1.870381280606515
-11.643216080402052 1.8726257099306993
-11.645165578536929 1.8738148598293414
-11.646086694235418 1.8743718592964491
-11.648497056659515 1.875880709655724
-11.650737042969109 1.8772481384768591
-11.654287806014363 1.8793969849245897
-11.656328708267498 1.8806756454483171
-11.660804020100544 1.883454265070002
-11.661883381966373 1.884113721448208
-11.662392546950615 1.8844221105527303
-11.66372213624004 1.8852558580211571
-11.667464437053875 1.8875442599084904
-11.66959798994979 1.888879377540766
-11.670524003580303 1.889447236180871
-11.67303995735016 1.890976379737693
-11.678391959799036 1.8943052686813706
-11.678578082430391 1.894419183914339
-11.678665728644198 1.8944723618090116
-11.678894084337033 1.8946158259627248
-11.6841685403233 1.897847035858791
-11.686886251443578 1.8994974874371522
-11.689727078931082 1.9012840075989947
-11.694029835767159 1.9039654519994729
-11.694946402999944 1.9045226130652928
-11.695269035167033 1.90472571715972
-11.695979899497528 1.905169175324657
-11.70084746779163 1.9081570048951182
-11.703133043998896 1.9095477386934334
-11.706388137172532 1.911599082128716
-11.709110995807418 1.913299480496259
-11.711177354506447 1.914572864321574
-11.711939143906159 1.9150382058329631
-11.71356783919602 1.9160564285816273
-11.717499229472573 1.9184747355849856
-11.719341344324908 1.9195979899497146
-11.723021088141156 1.9219221873078167
-11.724128553819359 1.9226153369849541
-11.727417618388568 1.9246231155778553
-11.72858095738305 1.925358778866845
-11.731155778894513 1.926972231392285
-11.734121723253448 1.9288008285320144
-11.735508329560453 1.9296482412059959
-11.739087640465254 1.931914487369065
-11.739633200282237 1.9322512464376436
-11.739949748743758 1.9324512288596418
-11.743539072125069 1.9346733668341365
-11.745192312839043 1.9356880541924113
-11.748743718593005 1.937918993614792
-11.750712904792803 1.9391358678337633
-11.751631421045765 1.939698492462277
-11.753995544237103 1.9411990140748765
-11.756233421808352 1.9425837028860329
-11.759722521990861 1.9447236180904177
-11.76177218715885 1.9460263241283169
-11.766331658291497 1.9488976844342396
-11.767271754299458 1.949480144859141
-11.767709108249486 1.9497487437185583
-11.768831162715173 1.9504628878396089
-11.772800567485367 1.9529256095770213
-11.775805965367491 1.954773869346699
-11.778317258761811 1.9563745376976067
-11.783590612958584 1.9597049992515805
-11.783741440670964 1.9597989949748396
-11.783797770285203 1.9598338028904934
-11.78391959798999 1.9599108594912416
-11.789330974900844 1.9632780129141647
-11.7918378204027 1.9648241206029802
-11.794824357380572 1.9667336006909544
-11.798292502914656 1.9689306648671705
-11.799779652356804 1.9698492462311208
-11.800312725819934 1.9701906210507056
-11.801507537688481 1.970948735359336
-11.805821958792047 1.973641680115386
-11.807814502808231 1.9748743718592614
-11.811290746671789 1.9771042949207427
-11.812906513326555 1.9781312220415685
-11.815726143800415 1.979899497487402
-11.816786765905807 1.9805591293391638
-11.819095477386973 1.982028955333833
-11.822270698065214 1.9840174172074736
-11.823732328889452 1.9849246231155426
-11.827432740869419 1.9873066983962415
-11.827718572729786 1.987486007217166
-11.83168123957546 1.9899497487436832
-11.833216979902568 1.990940159367372
-11.836683417085466 1.9931549607151222
-11.83867419929463 1.9944060794549356
-11.8395874172195 1.9949748743718416
-11.84188943315823 1.9964623075354941
-11.844129362548054 1.997872587010681
-11.84547738693471 1.9987414255641394
-11.847470005766858 2.