-13.1086715836061 2.
-13.10702692516656 1.9988537572029506
-13.1030150753769 1.9960282461892112
-13.101964702604718 1.9952749808781807
-13.101550764467506 1.9949748743718416
-13.100524184640191 1.9942631913042073
-13.09691867115774 1.9916915785205926
-13.094502827136845 1.9899497487436832
-13.091844427324236 1.988116236844875
-13.088541198804437 1.985814355437265
-13.087300546440249 1.9849246231155426
-13.08674986487292 1.98454670048854
-13.085427135678408 1.9836295906390822
-13.081665350926217 1.9809742931308847
-13.08010494248374 1.979899497487402
-13.076633165829161 1.9774941855588315
-13.07652512645279 1.9774178030665803
-13.076372400594416 1.9773124303205467
-13.072937740801196 1.9748743718592614
-13.071428956433028 1.9738487260155146
-13.067839195979916 1.9713837079256962
-13.066280899039318 1.9702944739284343
-13.06565059296842 1.9698492462311208
-13.064051235288787 1.9687669717479404
-13.061136607777641 1.966739145803631
-13.058412664303784 1.9648241206029802
-13.055982252515081 1.9631866931076498
-13.0515484091748 1.9601696100872328
-13.051018820406235 1.9597989949748396
-13.050789559872532 1.9596451939488082
-13.050251256281424 1.9592804782612836
-13.04563037256745 1.9560941218364052
-13.043668719308025 1.954773869346699
-13.041457286432177 1.9532759927047616
-13.040418601607088 1.9525580736255117
-13.038892617338645 1.9515285439344767
-13.036326901013398 1.9497487437185583
-13.035226350202198 1.9490164483987682
-13.032663316582932 1.947294288572544
-13.030011749426974 1.945481208706406
-13.028914994960445 1.9447236180904177
-13.0260747588939 1.9428411730364088
-13.02477118943189 1.9419533859340037
-13.02149351012664 1.939698492462277
-13.019555060005477 1.938418582999124
-13.01507537688444 1.9354320741904676
-13.014288404793149 1.9348982160030772
-13.013948863516376 1.9346733668341365
-13.013104047367941 1.9341101298294232
-13.009049404918857 1.9313699474818762
-13.00643974329952 1.9296482412059959
-13.006281407035193 1.929543063671324
-13.003783029385263 1.9278495005776204
-12.999986877313514 1.925337241328589
-12.99893684307442 1.9246231155778553
-12.998495784986938 1.9243350162061441
-12.997487437185947 1.9236700401380222
-12.993231188194446 1.9208140610901436
-12.99143675985343 1.9195979899497146
-12.987917978079313 1.917306995494898
-12.986725359560392 1.9165231106281269
-12.983837496348167 1.914572864321574
-12.98263371004426 1.9137916607339154
-12.979899497487455 1.9120004510128341
-12.977323578043775 1.910283715677342
-12.9761925230599 1.9095477386934334
-12.973327337455325 1.907669978684253
-12.971990915438088 1.9067822079365406
-12.968622465934457 1.9045226130652928
-12.96668493144982 1.90327307773362
-12.962311557788963 1.9004261403395892
-12.961331865962041 1.8997773993877018
-12.960913250654208 1.8994974874371522
-12.959794994067634 1.8987784692310576
-12.956002630687982 1.8962749124092921
-12.953298460476097 1.8944723618090116
-12.95065509025457 1.8927776554764124
-12.946128730704297 1.889848696927678
-12.945524637340432 1.889447236180871
-12.945277224256419 1.8892890629906
-12.944723618090471 1.8889318540966995
-12.939936185120285 1.885789948544212
-12.937801807793823 1.8844221105527303
-12.935929648241224 1.883213280831309
-12.934549465660353 1.8823038856189092
-12.932344820448929 1.8808853112265753
-12.930092255255506 1.8793969849245897
-12.929175629842481 1.8788141416530175
-12.927135678391979 1.877505080699681
-12.923796635769195 1.875325871474388
-12.922348737342084 1.8743718592964491
-12.918424188995306 1.871882862325971
-12.918373868203114 1.8718501080079841
-12.914564249688375 1.8693467336683085
-12.913003496873532 1.8683593741882953
-12.909547738693487 1.8661532199363098
-12.907588679757685 1.8648813391646826
-12.906705879085678 1.8643216080401679
-12.904407393051759 1.8628529378568173
-12.902170436112046 1.8614042831495814
-12.89894619118953 1.8592964824120273
-12.896765334607961 1.8579234722368936
-12.891959798994995 1.8548705686259614
-12.891316687216786 1.8544551030062317
-12.891034921122799 1.8542713567838867
-12.890263181181398 1.8537866088371446
-12.885903256462978 1.85097667187918
-12.88324331730256 1.849246231155746
-12.880465343463197 1.8475052356795478
-12.876013817621434 1.844690236477586
-12.875291007359902 1.8442211055276054
-12.875002757152759 1.8440408489972464
-12.874371859296502 1.843642771017926
-12.869576369879294 1.8405661197329533
-12.867389856790366 1.8391959798994648
-12.865577889447255 1.8380513988928655
-12.864107442276985 1.837103544848329
-12.861664188342072 1.835565216769628
-12.859506213081898 1.8341708542713242
-12.858650037148454 1.8336376778283405
-12.85678391959801 1.8324651785928445
-12.853193550361265 1.8301715484251107
-12.851602561505162 1.8291457286431836
-12.847695292650075 1.8267173535715964
-12.847202000438118 1.8264080374546428
-12.843646915747236 1.824120603015043
-12.842243289097302 1.8232499432442477
-12.839195979899518 1.8213429083524781
-12.836758327978288 1.8197919493643964
-12.835637671938786 1.8190954773869024
-12.832655361933671 1.817226729396661
-12.831256874659088 1.816338667541741
-12.827717463685092 1.8140703517587617
-12.825785918736717 1.8128766721771354
-12.821608040201026 1.8102719271290697
-12.820274009183604 1.809426377849885
-12.819678146956852 1.8090452261306211
-12.818013226703874 1.8080181365600057
-12.814778251012497 1.8059714688420607
-12.811721966044292 1.8040201005024805
-12.809281119221236 1.802516952297137
-12.804020100502534 1.7992485136209488
-12.803743695022291 1.7990739478686946
-12.803615688575904 1.79899497487434
-12.80327223616113 1.7987812993482244
-12.798253810215206 1.7956173607568644
-12.795664309664089 1.7939698492461993
-12.792731888139489 1.7921699271503568
-12.788457810959168 1.7895234808052374
-12.787546590968216 1.7889447236180587
-12.787192228538366 1.788727561408252
-12.786432160804042 1.7882576953651457
-12.781686451652158 1.7852755148904569
-12.779548174361896 1.783919597989918
-12.77614104279153 1.7818347917939246
-12.773560528413002 1.7802419887353356
-12.77143208444898 1.7788944723617774
-12.770607509758047 1.7783906756039212
-12.76884422110555 1.7773039494240033
-12.765078902606415 1.7749451520191037
-12.76332107948582 1.7738693467336368
-12.760050251256303 1.7718503262897647
-12.75951123391227 1.7715107888750046
-12.75857703753681 1.770935865713997
-12.755263176814198 1.7688442211054962
-12.753983981356495 1.7680648782628001
-12.751256281407057 1.7663885964400272
-12.748433541834324 1.7646255924981364
-12.747153764394156 1.7638190954773556
-12.743521100467627 1.7616090437803749
-12.74285580664421 1.7611941054957434
-12.739041749592815 1.758793969849215
-12.737323086962219 1.7577497569195994
-12.733668341708565 1.7555101044296606
-12.73175181335351 1.7543164237510904
-12.730851944950864 1.7537688442210744
-12.728399541179723 1.7522634726414053
-12.72618037987778 1.7508831362588717
-12.722771407456241 1.7487437185929338
-12.720627583865644 1.7474445237770562
-12.716080402010073 1.7446651256249037
-12.715036732574209 1.7440167842321825
-12.714560976886226 1.7437185929647931
-12.713202528777835 1.7428963434698677
-12.709471776984637 1.7405816459153485
-12.706455430971674 1.7386934673366525
-12.703899921996653 1.737148478855203
-12.698492462311581 1.733851218017353
-12.698290479815013 1.733726050993245
-12.69819516706373 1.733668341708512
-12.69793391415718 1.7335087565215401
-12.692732116653826 1.7302890291254442
-12.690010726508392 1.7286432160803713
-12.689698492462334 1.728452705467726
-12.687142158425287 1.726861034419743
-12.68261499346958 1.7241067964112284
-12.6818315109944 1.7236180904522307
-12.681533346888214 1.7234384263736233
-12.680904522613089 1.7230562777313505
-12.675963396304741 1.7200047151979039
-12.673697611862627 1.71859296482409
-12.670356236532793 1.7165816352188914
-12.667236909875667 1.7146879326133986
-12.665437273765273 1.7135678391959495
-12.664754212653731 1.7131570878419105
-12.663316582914597 1.712285211555593
-12.659167504022019 1.7097281646799738
-12.657198929034095 1.7085427135678088
-12.65452261306535 1.7069165471755623
-12.653543993614326 1.7063097563111738
-12.651797347786426 1.7052515035311888
-12.649005783205851 1.7035175879396682
-12.647948867861896 1.7028832380408705
-12.645728643216104 1.7015393408148638
-12.642346225737034 1.6994588673055473
-12.6407888318584 1.6984924623115276
-12.636707167798901 1.6960449010883023
-12.636299675661421 1.6957984715816181
-12.63253940102502 1.693467336683387
-12.631119049074472 1.6926163808099988
-12.628140703517612 1.690816849035972
-12.625501251769574 1.6891963401261147
-12.624244225096271 1.6884422110552464
-12.620761755805123 1.6863339402802495
-12.619862460034549 1.6857822978508379
-12.616040374100148 1.6834170854271058
-12.614266400586724 1.6823560463506473
-12.61055276381912 1.6801160324615445
-12.608634182792542 1.6789401258065588
-12.607747623984944 1.6783919597989652
-12.605178237310597 1.6768563807965293
-12.603002603170813 1.6755240229274841
-12.599510840621425 1.6733668341708245
-12.597392480073315 1.6721017896129142
-12.592964824120628 1.669435291586887
-12.59174653527577 1.6686897910697862
-12.59116442675793 1.668341708542684
-12.589545562723547 1.6673647767149467
-12.58612227839615 1.6652715959786795
-12.582952835743663 1.6633165829145433
-12.58049876374497 1.6618531888223051
-12.575376884422136 1.6587731235344894
-12.574839746459064 1.6584449252758517
-12.574590765422823 1.6582914572864027
-12.573866683639153 1.6578599713484072
-12.569222922995595 1.6550246063515601
-12.566368296789294 1.653266331658262
-12.563586651062682 1.6516098441328229
-12.558148167103926 1.6483438409959161
-12.557981419027728 1.6482412060301215
-12.557918986513524 1.6482040512330132
-12.557788944723644 1.6481260076814301
-12.552305899841684 1.6447826646539694
-12.54967687460269 1.6432160804019809
-12.548994974874397 1.6428059737680352
-12.546657469051453 1.6413713763944662
-12.542404442555007 1.638820508353799
-12.541380299047907 1.6381909547738402
-12.540997461078767 1.6379633959013784
-12.540201005025152 1.6374859904891892
-12.535372501488864 1.6345454015846395
-12.53312690516849 1.6331658291456996
-12.529712476251317 1.6311374260243694
-12.526622378287412 1.6292862215063453
-12.524756641531802 1.628140703517559
-12.524060239759521 1.6277272251081696
-12.52261306532666 1.6268607462869493
-12.51842395392648 1.6243124668608981
-12.516410622825582 1.6231155778894184
-12.513819095477412 1.6215605397154818
-12.51275286633962 1.6209076519718604
-12.510804537819004 1.6197417128872313
-12.50811211048653 1.6180904522612778
-12.507108516874483 1.6174951976194727
-12.505025125628167 1.616249083594898
-12.501461256542138 1.6140835749434315
-12.499799749887238 1.6130653266331372
-12.49577932701681 1.610681857751099
-12.494951861439782 1.610187251150741
-12.491446652412197 1.6080402010049966
-12.490142314724377 1.6072673070636538
-12.487437185929675 1.6056511306926078
-12.484484212838622 1.6038587819743002
-12.483061882136663 1.603015075376856
-12.479068766428957 1.6006240983766515
-12.47880015094029 1.6004576740313965
-12.475090028118409 1.5979899497487153
-12.473494477074958 1.5969484552219226
-12.469849246231183 1.5945474604541463
-12.468193833678246 1.5934377991356996
-12.467494829999405 1.5929648241205747
-12.465646708643732 1.591764099095589
-12.462893142926227 1.5899271565795647
-12.459941568673608 1.587939698492434
-12.457588294299658 1.5864177019875862
-12.45226130653269 1.5829416624624395
-12.452232782617452 1.5829227225543612
-12.452220205913305 1.5829145728642935
-12.452188169066957 1.5828936764455124
-12.446924331046079 1.5794142973751848
-12.444560563639255 1.5778894472361529
-12.443467336683444 1.5771795024620054
-12.441566638350887 1.5759199410885278
-12.438558628928284 1.5739743964920363
-12.436887112666758 1.5728643216080123
-12.436202727047599 1.5724273615470405
-12.434673366834199 1.5714423698208568
-12.430844178237535 1.5689332498646325
-12.429189575052845 1.5678391959798716
-12.425437001460002 1.5654530318872162
-12.424726264228195 1.5649971666638702
-12.421410630076817 1.562814070351731
-12.420066053445716 1.561962462834586
-12.417085427135707 1.5600583452583416
-12.414659795323319 1.5584819823842722
-12.4135672574614 1.5577889447235904
-12.410720500697886 1.5559703943127845
-12.409232843400682 1.5550074144483137
-12.405797451690763 1.5527638190954498
-12.403828697232525 1.5515263305825036
-12.399497487437214 1.548780685429727
-12.398377703878541 1.5480586316269305
-12.397885889526261 1.5477386934673092
-12.39653380010188 1.5468919256572136
-12.392944179586872 1.5445859415106957
-12.390054975424254 1.5427135678391686
-12.387496864239212 1.5411171916961717
-12.382163765310736 1.537761075803032
-12.38205127095751 1.537688442211028
-12.382006656349906 1.5376606968935471
-12.381909547738722 1.5375998005449656
-12.376564103595245 1.5341905863381662
-12.374111175988928 1.5326633165828873
-12.373115577889475 1.5320387945646692
-12.371076265790634 1.5307334143684859
-12.367641071353578 1.5285866090442752
-12.36616164635144 1.5276381909547467
-12.365579748562816 1.5272787222340076
-12.36432160804023 1.526495068799183
-12.360098063586133 1.5238197923134909
-12.358209211659798 1.5226130653266061
-12.354572168035311 1.520373493985586
-12.352942960873632 1.5193620232790064
-12.350156766700108 1.5175879396984655
-12.349069539951 1.5169205478101047
-12.346733668341738 1.5154749347054244
-12.343551089924219 1.513472122189616
-12.342071167406601 1.512562814070325
-12.338076548132213 1.5100893511533178
-12.33799090183126 1.510035621730892
-12.334042546470688 1.5075376884421843
-12.332480840168683 1.5065847994349166
-12.329145728643246 1.5045333561382588
-12.326927835484891 1.5031462465735732
-12.325923079445273 1.5025125628140437
-12.323069524407504 1.5007765044609744
-12.321361562229288 1.4997114847327486
-12.317824519265866 1.497487437185903
-12.315818103685084 1.4962702044029514
-12.311557788944754 1.4936648521272016
-12.31023261140449 1.492840933712123
-12.309608963111314 1.4924623115577624
-12.307902350490604 1.4914179005708625
-12.304660327271408 1.4894078892648634
-12.301507869310704 1.4874371859296218
-12.299085462967987 1.4859755820091287
-12.293969849246261 1.4828644381734613
-12.293469418865888 1.4825550404101593
-12.29324005239414 1.4824120603014812
-12.292580330859556 1.4820150550481364
-12.287891161566447 1.4791237025818589
-12.285097459893167 1.4773869346733406
-12.282286758039035 1.4756998351044075
-12.277115608840418 1.472571437414528
-12.276777510166493 1.4723618090452
-12.276649716223213 1.4722852928522165
-12.27638190954777 1.472123686159505
-12.271057753540926 1.468857870847586
-12.268518327088138 1.4673366834170594
-12.267587939698522 1.4667747228729953
-12.26542556285764 1.4654419425575274
-12.261518135149563 1.4630898907318572
-12.260256310612013 1.4623115577889187
-12.259782372932918 1.462029156907879
-12.258793969849277 1.4614356231166852
-12.254163540042839 1.4586094121054751
-12.252013880925407 1.4572864321607781
-12.248505363107725 1.4552009084587958
-12.24578054609587 1.4535683110883761
-12.2436517056073 1.4522613065326375
-12.242856561450518 1.4517897261612855
-12.241206030150785 1.4508030621983128
-12.237213040886587 1.4483770349799823
-12.23529041894075 1.447236180904497
-12.232412060301538 1.4455136579232928
-12.231530707288536 1.4449754332369986
-12.229909935153334 1.4440087251909395
-12.226968018662207 1.4422110552763563
-12.225875810986459 1.4415659922665949
-12.223618090452293 1.4402223178892486
-12.220208582990907 1.4381600746371834
-12.218610794484464 1.4371859296482157
-12.214503186716902 1.4347650622301868
-12.213908078412967 1.4344116404941225
-12.210208157272438 1.432160804020075
-12.208842137688237 1.431357379181665
-12.2060301507538 1.4296908791407645
-12.203152615511456 1.4279578313183183
-12.201754984579567 1.4271356783919344
-12.197784700057314 1.424779835335796
-12.197431226098017 1.4245673883797316
-12.19337555358854 1.4221105527637938
-12.191758259268637 1.4211631104171287
-12.188442211055309 1.4192057705090617
-12.186047776669694 1.4177695512458284
-12.184916136771664 1.4170854271356532
-12.181546558580278 1.4151152407142158
-12.180319948064517 1.4143809480763103
-12.176473598600468 1.4120603015075126
-12.174626725549993 1.4109824574523193
-12.170854271356816 1.4087642422387647
-12.168896542557706 1.4075945269648322
-12.167938117884344 1.407035175879372
-12.165189063214429 1.4054165449815468
-12.163162187680825 1.4042077884443716
-12.159505502119691 1.4020100502512314
-12.157449931992398 1.4008147358700676
-12.153266331658324 1.3983637484778555
-12.151701240148107 1.3974320936260103
-12.150955839188997 1.3969849246230908
-12.14871635104595 1.3956849301624121
-12.145960263932565 1.394047246916596
-12.142474305666989 1.3919597989949501
-12.140230131930181 1.3906593018605644
-12.135678391959832 1.3880019279661484
-12.134464059066387 1.3872816256220792
-12.133865278587884 1.3869346733668095
-12.13213244084912 1.385921544478034
-12.128716360247756 1.383898699656405
-12.125382894262863 1.381909547738669
-12.122969447657539 1.3805155490540404
-12.11809045226134 1.3776765868761895
-12.117187062260227 1.377142533539418
-12.116753781354491 1.3768844221105283
-12.115441237661576 1.3761275036534526
-12.111432534944324 1.373761558572964
-12.108234007227095 1.3718592964823877
-12.105669880487076 1.3703829056468946
-12.100502512562848 1.3673856835320803
-12.099872195684027 1.367014261391053
-12.099559347889471 1.366834170854247
-12.098646537101253 1.3663038921509338
-12.09411073072045 1.3636352686096487
-12.09103024808274 1.3618090452261065
-12.088333319890328 1.3602608317901144
-12.082914572864356 1.3571273147708052
-12.082521297102886 1.3568962841012429
-12.082331468097033 1.3567839195979658
-12.081752029441832 1.3564517643343876
-12.076752783288423 1.353519305277235
-12.073774093649885 1.3517587939698252
-12.070961551816508 1.3501488172124985
-12.065326633165864 1.3468997037435413
-12.06513610410813 1.3467881052153228
-12.065040972461947 1.3467336683416846
-12.064761303463497 1.3465721455695805
-12.059360429241003 1.3434131724063612
-12.056467902405801 1.341708542713544
-12.053556266274676 1.3400463790543142
-12.047738693467371 1.3367011889822118
-12.04771826142593 1.33668925481153
-12.047708341695875 1.3366834170854034
-12.047677850095354 1.3366660332648275
-12.041935313229313 1.3333164000967077
-12.039113922180531 1.3316582914572628
-12.03611906425503 1.3299530598897906
-12.03050848554791 1.3267353749088455
-12.030334336940726 1.3266331658291222
-12.030272945160839 1.3265982540028478
-12.03015075376888 1.326528265740058
-12.024478994522442 1.3232285428428208
-12.021628015449327 1.3216080402009815
-12.021356783919632 1.3214524149478173
-12.018651464056594 1.319868425919208
-12.013252852872398 1.3167800685162732
-12.012916064869444 1.316582914572841
-12.0127977442067 1.3165157916767516
-12.012562814070387 1.3163815588917087
-12.00699295301145 1.3131491778186826
-12.004271131935052 1.3115577889447003
-12.001154930993668 1.309792058481337
-11.995913833383852 1.3068009373199763
-11.99545443547674 1.3065326633165597
-11.99529355973967 1.3064416103543381
-11.994974874371895 1.3062599446236662
-11.989478782176649 1.303077849744204
-11.98670282905767 1.301507537688419
-11.986180904522648 1.3012094724802905
-11.983631069145341 1.2997234992678655
-11.978495203956143 1.2967990604267756
-11.97795170341858 1.2964824120602785
-11.977761970375152 1.2963752590026356
-11.977386934673403 1.2961619425464121
-11.971937854390799 1.293014166512882
-11.969262600468616 1.2914572864321379
-11.966081092660193 1.2896624013792
-11.960999642607465 1.2867752029847273
-11.960409528431347 1.2864321608039972
-11.960204136114207 1.2863164061927694
-11.95979899497491 1.286086452343076
-11.954371363910887 1.282957786908434
-11.951618011070554 1.2814070351758566
-11.951005025125664 1.2810584552807756
-11.94850622191012 1.2796084161376555
-11.943430193187595 1.2767302346651954
-11.942829721236379 1.276381909547716
-11.942621318190358 1.2762646915723046
-11.942211055276418 1.276032298404691
-11.93678054272518 1.2729083589342158
-11.934103092611705 1.2713567839195754
-11.930907658311904 1.2695612002812968
-11.925789840098847 1.266665008154555
-11.925214024918862 1.2663316582914348
-11.925014721965274 1.2662197707521923
-11.924623115577926 1.2659983695355397
-11.919166566489123 1.2628655466886665
-11.916387588292956 1.2613065326632942
-11.91582914572868 1.2609901934890662
-11.913286548535577 1.25952042619011
-11.908081491758695 1.2565803544292287
-11.907564111603547 1.2562814070351536
-11.907385498259684 1.2561813149265113
-11.907035175879434 1.2559836143449656
-11.901530557824108 1.2528290294228208
-11.898806151096533 1.251256281407013
-11.895643987673482 1.2494857809805735
-11.890307981729322 1.2464770830784095
-11.889881585966005 1.2462311557788723
-11.889734746457188 1.2461490099856594
-11.889447236180942 1.2459870370985744
-11.883873589297183 1.2427985006889486
-11.881024814385347 1.2412060301507317
-11.880653266331695 1.2409962942416985
-11.87798102209952 1.2394569656887109
-11.872472069566674 1.2363559825466552
-11.872167988388503 1.236180904522591
-11.872063517301264 1.2361225557172153
-11.87185929648245 1.2360076939878146
-11.866196686102521 1.2327736675744303
-11.863384366001627 1.2311557788944505
-11.860298652038383 1.2294336945360431
-11.85457644137976 1.226217820293682
-11.854424797776822 1.2261306532663099
-11.85437281540433 1.226101665089061
-11.854271356783958 1.2260446897822552
-11.848500828462535 1.2227542500157185
-11.845541897636327 1.2211055276381693
-11.84547738693471 1.2210692264359926
-11.842597833861664 1.2194156942735406
-11.836683417085466 1.2160968471679272
-11.836664194208343 1.2160858942606358
-11.83665462464866 1.2160804020100286
-11.836624283524662 1.2160635067069423
-11.830786953764008 1.2127399801880188
-11.827849339542496 1.211055276381888
-11.824879482125368 1.2094027035994896
-11.819095477386973 1.206161712039978
-11.81894154427613 1.20607413164256
-11.818862438909322 1.2060301507537474
-11.818621018723949 1.205894591135741
-11.813055958442108 1.202730601966997
-11.810042736046116 1.2010050251256068
-11.807185514998832 1.199382745894078
-11.801507537688481 1.1961002483632504
-11.801369001838566 1.1960194811688707
-11.80130237627494 1.1959798994974662
-11.801099777510146 1.1958633965893704
-11.795617812305808 1.1926375525500896
-11.792779229258334 1.1909547738693256
-11.78983447496314 1.1892648090198543
-11.784205446976102 1.186011319380074
-11.784067392322966 1.185929648241185
-11.78401820419736 1.1859014750390795
-11.78391959798999 1.185844595467736
-11.778252878297561 1.1825235853823095
-11.77542441874561 1.1809045226130443
-11.775125628140742 1.1807319458237444
-11.772451727983706 1.1791559312724136
-11.767183014746387 1.1761226416863009
-11.766770176430212 1.1758793969849037
-11.766623861243486 1.1757959104271922
-11.766331658291497 1.1756280044489182
-11.760841367121033 1.1724229259768961
-11.758173766848032 1.1708542713567631
-11.755023514577545 1.1690600439326087
-11.750032157968572 1.1661972712644992
-11.749404934505767 1.1658291457286225
-11.749183779849925 1.165703413940931
-11.748743718593005 1.165451479000203
-11.743384899421509 1.1623351112923377
-11.740689535361303 1.160804020100482
-11.739949748743758 1.1603799286565053
-11.737551143056288 1.158976773197117
-11.732754100923664 1.156235557909242
-11.731973071249305 1.1557788944723413
-11.731699065725318 1.15562366966354
-11.731155778894513 1.1553137559845306
-11.72588515785737 1.152259660569099
-11.72330499024299 1.1507537688442007
-11.720036834084404 1.1489054845903768
-11.715354689221527 1.1462391717947762
-11.714478421125156 1.14572864321606
-11.714172459888587 1.1455558944467548
-11.71356783919602 1.1452121601500043
-11.708344550809418 1.142195885698377
-11.70569896906568 1.1407035175879194
-11.704773869346774 1.1401768038582096
-11.702482643073346 1.1388455908519717
-11.697837586739489 1.1362091597431965
-11.696923467499014 1.1356783919597788
-11.696605747133473 1.135499578349509
-11.695979899497528 1.1351449300399166
-11.690764796101554 1.1321432958733455
-11.688194326470436 1.1306532663316382
-11.68489024120659 1.1287966145009092
-11.6802061932482 1.1261464931175444
-11.67931053298222 1.1256281407034976
-11.679000597769866 1.1254542441404034
-11.678391959799036 1.125110420132299
-11.673147519216869 1.1221014266702616
-11.670474149289856 1.120603015075357
-11.66959798994979 1.120107287250188
-11.667261210425243 1.118758103554014
-11.662463825284343 1.1160521194997308
-11.66164183190868 1.1155778894472164
-11.661358593901976 1.1154194397896644
-11.660804020100544 1.1151070906252576
-11.65549426038031 1.1120698380248566
-11.65286067715202 1.1105527638190758
-11.649597050264772 1.1087296295725846
-11.644613720729973 1.1059269639989129
-11.643919478004074 1.1055276381909351
-11.643681236156137 1.105394736546911
-11.643216080402052 1.1051334982344398
-11.637806481055403 1.1020481123761225
-11.635032635691825 1.1005025125627945
-11.634422110552805 1.1001590663454772
-11.631899184129027 1.0987107858698035
-11.6266590432346 1.0957719305149514
-11.62614549149672 1.095477386934654
-11.625969949859725 1.0953797271757502
-11.62562814070356 1.095188287884982
-11.620085569913746 1.0920358529607457
-11.617320633968024 1.0904522613065133
-11.614168965057841 1.0887011858628641
-11.608602886491836 1.0855879029603068
-11.608321805721188 1.0854271356783727
-11.6082260907257 1.0853740243296208
-11.608040201005068 1.0852701851954967
-11.602332848329445 1.082032682243267
-11.599390447654136 1.080402010050232
-11.59924623115582 1.0803213110277339
-11.596407681038094 1.0787004615555125
-11.590452261306575 1.0753779684935916
-11.590450989267167 1.0753772478619226
-11.590450352152939 1.0753768844220915
-11.59044831524188 1.0753757569750357
-11.584549575444914 1.0720382404687108
-11.581589371998193 1.0703517587939508
-11.578616559902828 1.0687082621383102
-11.572864321608083 1.0655070267395992
-11.5726522969285 1.0653872116456915
-11.57254257578132 1.0653266331658102
-11.572204349332491 1.0651380696584978
-11.566736952849425 1.0620521843258572
-11.563656436997501 1.0603015075376696
-11.560796773857973 1.0587242526952743
-11.555276381909591 1.0556592947355234
-11.554825609645485 1.0554051739849877
-11.554598712596961 1.055276381909529
-11.55386866274045 1.054874176432631
-11.548896128907275 1.0520741857106222
-11.545680843262655 1.0502512562813884
-11.542949443672125 1.048748113006809
-11.537688442211099 1.045833773880564
-11.536972021337426 1.04543082233144
-11.53659954734943 1.0452261306532478
-11.535444084311072 1.0445848855389546
-11.531028202768537 1.042103930580125
-11.527664171280895 1.0402010050251072
-11.525075642560891 1.0387795364398835
-11.520100502512607 1.036029517538588
-11.519092579982026 1.0354638572628465
-11.51858292591883 1.0351758793969665
-11.51693339328329 1.0342709910457328
-11.51313422809179 1.0321411178890596
-11.509607944945309 1.030150753768826
-11.507176399794027 1.028818228917423
-11.502512562814115 1.0262456267418507
-11.501188296758519 1.025503989870856
-11.500496852753523 1.0251256281406853
-11.498339364017815 1.0239332856274572
-11.495215239818657 1.0221854519398175
-11.4915136929104 1.0201005025125447
-11.489252743590157 1.018863896662678
-11.484924623115623 1.0164812104338656
-11.483260165516805 1.015550936198352
-11.48241501845365 1.015075376884404
-11.47966468874232 1.0135725384920322
-11.477272180056497 1.0122366635588707
-11.473382708740038 1.0100502512562635
-11.47130552812787 1.0089162956246236
-11.46733668341713 1.006735561260598
-11.465308988251206 1.0056044671041011
-11.46424609214204 1.0050251256281229
-11.46091161214434 1.0031893909787541
-11.459305875975659 1.0022945164118315
-11.455216252204407 0.9999999999999822
-11.453335598278628 0.9989751844114139
-11.449748743718638 0.9970079383055097
-11.447335616827761 0.9956643391978064
-11.446105611023501 0.9949748743718416
-11.442082596137352 0.9927845464914737
-11.441317193356442 0.9923587631329003
-11.437015595747729 0.989949748743701
-11.435343801116792 0.9890403210018022
-11.432160804020146 0.9872976263103963
-11.429340878668766 0.9857303160730977
-11.427857365342696 0.9849246231155604
-11.4233668341709 0.9824611556960097
-11.42330876938138 0.9824286502413528
-11.423181801304997 0.9823591937683753
-11.418781971868755 0.9798994974874198
-11.41733095040647 0.9791114728917583
-11.414572864321654 0.9776039437671278
-11.41132556891228 0.9758021705476718
-11.409664541588269 0.9748743718592792
-11.405291159685145 0.9725011618415698
-11.404220983266669 0.9719166915578548
-11.400516571036892 0.9698492462311386
-11.399297828782212 0.9691884164714102
-11.396984924623162 0.9679262404458511
-11.39329045252296 0.965879684060198
-11.39134042790626 0.9648241206029979
-11.388190954773915 0.9631019201502582
-11.387254198118681 0.9625792025475661
-11.385192021423226 0.9614547196887306
-11.382220544243832 0.9597989949748573
-11.3812451897734 0.9592709364466483
-11.37939698492467 0.9582638951233449
-11.375236266251997 0.9559626461103372
-11.373101151140819 0.9547738693467167
-11.369198605062541 0.9526625665363273
-11.366097190730079 0.9509739281482616
-11.363895005386262 0.9497487437185761
-11.363173759684958 0.9493588253017817
-11.361809045226178 0.9486163134929617
-11.357163720458269 0.9460508537384094
-11.354704402867089 0.9447236180904355
-11.35301507537693 0.9438025810771755
-11.351125075312872 0.9427510552946679
-11.3469387247134 0.9404749550867848
-11.345541033491767 0.9396984924622949
-11.345084239345693 0.9394518828000065
-11.344221105527685 0.938982926239535
-11.339073500801623 0.9361441110416004
-11.336424179599899 0.9346733668341543
-11.333034279721346 0.9328444771506819
-11.327718817184994 0.9299584273076711
-11.32715967479893 0.9296482412060136
-11.326977305734621 0.9295499155187485
-11.326633165829193 0.929363187264399
-11.320966269818182 0.9262422287238756
-11.318045685215543 0.924623115577873
-11.314926866721034 0.9229426468377779
-11.309045226130701 0.9197533465682044
-11.308859413085653 0.9196510793911745
-11.308763586479504 0.9195979899497324
-11.308445237593455 0.9194265646533761
-11.30284266838664 0.9163450236770379
-11.299641835867442 0.9145728643215918
-11.296803463746853 0.9130453850888367
-11.291457286432209 0.9101500370710998
-11.290736313128793 0.9097537310658561
-11.29035283797946 0.9095477386934512
-11.289125092160821 0.9088813974730545
-11.284703317093621 0.9064523185906213
-11.281213584733703 0.9045226130653106
-11.278664678558373 0.903152518258266
-11.273869346733717 0.9005585653956087
-11.272598191349292 0.8998606746898625
-11.271941002592781 0.89949748743717
-11.269750387038863 0.8983206418100682
-11.266548817505448 0.8965639415885347
-11.2627618590239 0.8944723618090293
-11.260511100472016 0.8932638779699458
-11.256281407035225 0.8909784736355837
-11.25444561291866 0.8899717487856211
-11.253466895510355 0.8894472361808887
-11.250323026678771 0.8877448417933307
-11.24837969955621 0.8866797412610374
-11.244287257255737 0.8844221105527481
-11.242343106539762 0.8833793564947401
-11.238693467336732 0.8814095605351566
-11.236278811951806 0.8800868864631584
-11.235027541105167 0.8793969849246075
-11.230843675074128 0.8771541871352921
-11.230196129626348 0.876799670070862
-11.225790458177231 0.8743718592964669
-11.22416106403975 0.8734988488960358
-11.22110552763824 0.8718514059671367
-11.218098386125936 0.8702059169575564
-11.21649172525777 0.8693467336683263
-11.212311557788993 0.867087955424406
-11.212008394901703 0.8669207888220534
-11.211324163883265 0.8665520583097619
-11.207272440990245 0.8643216080401857
-11.205965694066514 0.8636221491468241
-11.203517587939748 0.8623035089572637
-11.199904938869128 0.8603286678607933
-11.198028983344129 0.859296482412045
-11.19381693710363 0.8570429713085099
-11.191766395856888 0.8559389989597994
-11.18873405338513 0.8542713567839044
-11.187757487978274 0.8537491168590421
-11.185929648241256 0.8527654950457526
-11.18169895079519 0.8504550018546402
-11.179434190006896 0.8492462311557638
-11.177135678392009 0.8480065609415313
-11.175613227865881 0.8471686542063015
-11.17216336496051 0.8453130073612645
-11.170176052452367 0.8442211055276232
-11.169536920786532 0.8438796163151174
-11.168341708542764 0.8432370038284613
-11.163480886563732 0.840584786179206
-11.16095204434286 0.8391959798994826
-11.157397721711884 0.8372977076515937
-11.152516776986777 0.834674570883486
-11.151599172033318 0.834170854271342
-11.151304451874568 0.8340135162626865
-11.150753768844272 0.8337176882081963
-11.145251195575174 0.8307178924343717
-11.142300427234328 0.8291457286432014
-11.141959798995025 0.8289623286678847
-11.139170858265217 0.8274300060376474
-11.13316582914578 0.8242054137865615
-11.133063727288892 0.8241497749741713
-11.133010540119441 0.8241206030150607
-11.132831429045893 0.8240250601293786
-11.127010312618776 0.8208541963946354
-11.123802476889757 0.8190954773869201
-11.12093306287729 0.8175654278354907
-11.115577889447287 0.8146920395283281
-11.114829062051104 0.8142843024434034
-11.114427018931119 0.8140703517587795
-11.113122549162593 0.8133688259631526
-11.108758658479475 0.8109935778357285
-11.10520216008924 0.8090452261306389
-11.10268474721599 0.8077038554257259
-11.097989949748795 0.8051866621401302
-11.096584122445137 0.804421765446401
-11.095850647054004 0.8040201005024983
-11.093375355389277 0.802701644971207
-11.09049664050921 0.8011359203713821
-11.08658568827398 0.7989949748743577
-11.08442630982101 0.7978451749398703
-11.080402010050303 0.7956889891200216
-11.078329298377389 0.7945620525813348
-11.077214849020798 0.793969849246217
-11.073591381284487 0.7920239553131267
-11.072224653168542 0.7912811112985798
-11.067953687340992 0.7889447236180764
-11.066158136631623 0.7879892761095588
-11.062814070351811 0.7861987380493956
-11.060064967438755 0.7847050559650945
-11.05862863677559 0.7839195979899358
-11.053945423520448 0.7814283714564709
-11.053774424396554 0.7813368420027196
-11.049306764504028 0.7788944723617952
-11.047880601492922 0.7781360521219085
-11.045226130653319 0.776715636100378
-11.041791495399949 0.7748506710917606
-11.039942373963152 0.7738693467336546
-11.036432160804072 0.7719866546410152
-11.035676036920178 0.7715728193149829
-11.03394236816758 0.7706454145948722
-11.030645508960266 0.768844221105514
-11.029594066646657 0.7682853994792769
-11.027638190954827 0.7672394195660672
-11.02350923669368 0.7649987966948437
-11.021349267397973 0.7638190954773734
-11.017398072466733 0.7617197179886883
-11.014078212807602 0.7599448160067377
-11.011970492554235 0.7587939698492328
-11.011298883213165 0.7584372178615668
-11.010050251256335 0.7577698334083989
-11.005218534890163 0.7551493346114269
-11.00261425999069 0.7537688442210921
-11.001256281407088 0.7530413134638518
-10.999111998552513 0.7518689336511857
-10.994184744543672 0.7492358423031886
-10.993283068908815 0.7487437185929515
-10.992995903144486 0.7485912638539105
-10.992462311557842 0.7483061850441199
-10.986920713097334 0.7453019068106705
-10.984018965358251 0.7437185929648109
-10.980819242815647 0.7420200584058696
-10.97487437185935 0.7388446212706334
-10.97469175650746 0.7387456431514963
-10.97459611083614 0.7386934673366703
-10.974271615299031 0.7385212511765795
-10.968615826573362 0.7354564975045266
-10.965337129033596 0.7336683417085297
-10.962519362150138 0.7321732188544496
-10.957286432160858 0.729379290725066
-10.956396888564788 0.7288973713935523
-10.955930776224974 0.7286432160803891
-10.954348429428231 0.7278037867282094
-10.95030391647748 0.7256130949332142
-10.946644366782436 0.7236180904522485
-10.944212652131453 0.7223283305467953
-10.939698492462366 0.7199191389433706
-10.938095381657853 0.7190509964825402
-10.937230026813017 0.7185929648241078
-10.934400555338557 0.7170792685030198
-10.93198533939582 0.7157715972149798
-10.92794125397513 0.7135678391959672
-10.925899462911131 0.7124852934396078
-10.922110552763874 0.7104639164621691
-10.919787579592516 0.7092064201882149
-10.91856939655252 0.7085427135678266
-10.914429436075645 0.7063481087997614
-10.913660444244353 0.7059319046595496
-10.909228353831148 0.703517587939686
-10.907580137065995 0.7026440096537963
-10.904522613065382 0.7010133793807176
-10.901473818689594 0.6993635464189136
-10.899826911781817 0.6984924623115454
-10.895728643216135 0.6963015058908555
-10.89534175116401 0.6960904400837968
-10.894448565808883 0.6956141630954029
-10.890506217328575 0.6934673366834048
-10.889255009598246 0.6928043834744457
-10.88693467336689 0.6915672892849978
-10.883154427769222 0.6895222812260267
-10.881170730243339 0.6884422110552642
-10.877028087946078 0.6862475384044986
-10.874457867324342 0.6848774093288217
-10.87177538303484 0.6834170854271235
-10.870924407885532 0.6829663213650852
-10.869346733668397 0.6821254132099703
-10.864829728084956 0.6796825328228229
-10.862388283635081 0.6783919597989829
-10.86055276381915 0.6774112371540113
-10.858709277985028 0.676406107223233
-10.85444828612327 0.6741352605003748
-10.853036376854641 0.6733668341708423
-10.85258865157874 0.6731297319968892
-10.851758793969905 0.6726875236410343
-10.846500033205297 0.6698442116183037
-10.843739000312786 0.6683417085427017
-10.84038562883085 0.6665660586685771
-10.834421131923017 0.6633880908150198
-10.834289711690431 0.6633165829145611
-10.834248052445053 0.6632945262935213
-10.834170854271413 0.6632533985559821
-10.82816564884008 0.6600072302668005
-10.825376884422166 0.6585337522055115
-10.824927501504627 0.6582914572864205
-10.82205744019437 0.6567273071088628
-10.81658291457292 0.6538110028833515
-10.815923682385867 0.6534546837117245
-10.815577451888096 0.6532663316582799
-10.814398356212507 0.6526421721267335
-10.80982687260876 0.6501715037341853
-10.8062782281473 0.6482412060301392
-10.803725003698366 0.6468897692233
-10.798994974874429 0.6443705125742847
-10.797597562591903 0.643615341054149
-10.796841698424437 0.6432160804019986
-10.79436304060495 0.6418926706107193
-10.791483993747304 0.6403369493816076
-10.787538149520328 0.638190954773858
-10.785388602566664 0.6370533640907929
-10.781407035175937 0.6349330696627868
-10.77926761295654 0.6337770926369739
-10.778143605468099 0.6331658291457174
-10.77431403005139 0.6311392562529896
-10.773137292750075 0.6305034870678226
-10.768792219751024 0.6281407035175768
-10.76704851124753 0.6272180132975524
-10.763819095477444 0.6254984813287718
-10.760934101921391 0.6239398617625938
-10.759373162135637 0.6231155778894362
-10.755025125628197 0.6207946834790068
-10.75479431198336 0.6206689618310337
-10.75425969327725 0.6203843201179522
-10.750040701120149 0.6180904522612956
-10.748704889817363 0.6173836711074641
-10.746231155778952 0.6160666792322607
-10.7425969920903 0.614103659115627
-10.740687084164877 0.6130653266331549
-10.736463626528698 0.6108309236479439
-10.734207964918385 0.6096301292444215
-10.731283302708865 0.6080402010050143
-10.730357468289798 0.6075504146594888
-10.72864321608046 0.6066378788394573
-10.72425628763557 0.6042684835039855
-10.721882096454062 0.6030150753768737
-10.719849246231213 0.6019302509996152
-10.718129653105338 0.6009938248844815
-10.714144756202108 0.5988726582687729
-10.7125208791848 0.5979899497487331
-10.712006890910548 0.5977180598834249
-10.711055276381968 0.597211531572615
-10.705912584968763 0.5944341645243654
-10.703209411754575 0.5929648241205925
-10.699792786804597 0.5911575526574149
-10.69407156183506 0.5881123342500469
-10.693753951065753 0.5879396984924519
-10.693653431362781 0.5878865285840789
-10.693467336683476 0.5877874790141941
-10.68756610264099 0.5846006397335932
-10.684464039515179 0.5829145728643113
-10.681453240705048 0.5813220460871493
-10.675879396984984 0.5783554102923709
-10.675315093465436 0.5780506768131843
-10.675018453313516 0.5778894472361706
-10.674007066500975 0.5773544956693106
-10.669217050063166 0.5747678492999784
-10.665714767913059 0.57286432160803
-10.663111218768188 0.5714872468989745
-10.658291457286492 0.5689220372634018
-10.656980058346525 0.5682138813913085
-10.656270207404335 0.5678391959798894
-10.653940146969974 0.5665959644608849
-10.650865627261766 0.5649357360730987
-10.646961920702061 0.5628140703517488
-10.644766915588756 0.5616530994943902
-10.640703517588 0.5594904708905641
-10.638642828475517 0.5583777130414607
-10.637559534250013 0.5577889447236082
-10.633865940975546 0.5558353514057641
-10.632512024609552 0.5551042456607389
-10.628205805277247 0.5527638190954676
-10.626420516120412 0.551819551029495
-10.623115577889507 0.5500605822777382
-10.620303583440876 0.5485421204526499
-10.618781464471466 0.547738693467327
-10.61432160804026 0.5453590748090171
-10.614161471332507 0.5452718839983293
-10.613790268406994 0.5450743193294665
-10.609446712158332 0.5427135678391863
-10.608072195376973 0.541986551500341
-10.605527638191015 0.5406322490775999
-10.601962492897506 0.5387070551520488
-10.600088363737207 0.5376884422110457
-10.59582755973514 0.5354347675702984
-10.59372728766936 0.5343169134905725
-10.590684914434734 0.5326633165829051
-10.589722118109403 0.5321540538352245
-10.587939698492523 0.5312053557016121
-10.583619716239497 0.5288724715984863
-10.581281461291978 0.5276381909547645
-10.579145728643276 0.5264985702953613
-10.57749203013439 0.5255981134289476
-10.573659248965306 0.5235580625184166
-10.571920667172273 0.5226130653266239
-10.571370438458695 0.5223220139938629
-10.57035175879403 0.5217797935477879
-10.56527540224909 0.5190383272827521
-10.562607080657896 0.5175879396984833
-10.559155026002106 0.5157618805823212
-10.553586764293051 0.512797941269632
-10.553154206781581 0.5125628140703427
-10.553017299584733 0.5124903910734302
-10.552763819095539 0.5123554612460266
-10.54692968872192 0.5092045828346645
-10.543969849246292 0.5076420231129957
-10.543776177072955 0.507537688442202
-10.540816679816768 0.505926031179424
-10.535175879397046 0.5029232902937588
-10.534678514896273 0.5026546669571399
-10.534417105784735 0.5025125628140614
-10.53352610059156 0.5020411974410655
-10.528582702068574 0.49937120213691344
-10.52511753620042 0.4974874371859208
-10.522477112661807 0.49609053062499164
-10.517587939698554 0.49348770998496505
-10.516346307102005 0.4928170637282232
-10.515674398305105 0.4924623115577802
-10.513469859868291 0.4912857173205625
-10.510234556892392 0.4895381524456859
-10.506370160676331 0.4874371859296396
-10.504136433800424 0.4862553477009648
-10.500000000000062 0.4840530786298478
-10.498013057730825 0.48297975809270977
-10.496968934379515 0.48241206030149897
-10.49341098963093 0.48052948591031885
-10.491885456527154 0.47970537566561866
-10.487621522283314 0.47738693467335835
-10.485794921504462 0.47642040290110366
-10.48241206030157 0.4746191463712943
-10.479679044313656 0.47314267075605
-10.478200361961122 0.47236180904521774
-10.473618090452323 0.4699157042844604
-10.473538064171056 0.469872110882938
-10.47335275788791 0.46977343692702966
-10.468871670225019 0.4673366834170771
-10.467452559743101 0.4665857008056413
-10.464824120603078 0.4651860113301236
-10.461344169341261 0.4633058295780268
-10.459515839003013 0.4623115577889365
-10.455210608989004 0.4600331497648176
-10.453313313730098 0.45902275582522734
-10.450120617165734 0.4572864321607959
-10.449109370921386 0.4567512350131384
-10.447236180904586 0.4557536270185629
-10.443008494285268 0.45346921699531784
-10.440721591895052 0.4522613065326553
-10.438442211055339 0.45104428295376575
-10.436882378602288 0.45019441013374273
-10.43327206741849 0.44827155982234235
-10.431368449536011 0.44723618090451467
-10.430765406842964 0.44691699072255187
-10.429648241206094 0.4463219574256474
-10.424672064995013 0.4436328199081112
-10.422058192168548 0.44221105527637405
-10.418553412930333 0.44035588058416586
-10.413229176144558 0.4375198938302214
-10.412615226305 0.43718592964823344
-10.412420702978629 0.437082957799368
-10.412060301507601 0.4368909775678036
-10.406334910891356 0.4337966299104483
-10.403327822627434 0.4321608040200928
-10.400223735366922 0.43051755443214645
-10.39447236180911 0.427453724133227
-10.394087413604241 0.42724566359334304
-10.393885242296975 0.4271356783919522
-10.393196890840757 0.42677125811527983
-10.387997044113252 0.4239606435340564
-10.384596451673021 0.4221105527638116
-10.381893351919773 0.4206794299611962
-10.376884422110617 0.4180108269397076
-10.375764438397539 0.41740542248226475
-10.375158827200602 0.417085427135671
-10.373174103270511 0.4160253360384978
-10.369658458615437 0.4141248625061529
-10.365864063523075 0.41206030150753037
-10.36356225030118 0.4108415106820864
-10.359296482412125 0.40856860702449804
-10.357440743580414 0.40756538697416467
-10.3564663353687 0.40703517587938975
-10.353149674997358 0.4052789451894556
-10.35131912921564 0.404289294021674
-10.347130610276523 0.40201005025124914
-10.345230398968127 0.40100380560710835
-10.341708542713633 0.3991270905225246
-10.33911629126702 0.39772556789356894
-10.337714862671124 0.3969849246231085
-10.333123425621553 0.39453203402537174
-10.332979010589572 0.3944539510304139
-10.328396010233654 0.3919597989949679
-10.326897746110163 0.39116632953924757
-10.32412060301514 0.3896863175231262
-10.320791023177346 0.3878859818919116
-10.319043075647953 0.3869346733668273
-10.314659077392506 0.38461284077372504
-10.313116168975395 0.38379054935547163
-10.309660146123399 0.3819095477386867
-10.308564218583358 0.3813291033767694
-10.306532663316649 0.3802463428056395
-10.302464859564084 0.37804665175413543
-10.300266106420636 0.37688442211054607
-10.297738693467402 0.37553396565792596
-10.296340195001905 0.37477143028661786
-10.29310842940514 0.3730489267072574
-10.290922863233943 0.37185929648240545
-10.290229720788647 0.3714921544336942
-10.288944723618156 0.37080723660948234
-10.284137698083901 0.368207606721195
-10.281614537521348 0.36683417085426484
-10.278020285241807 0.36493031333365256
-10.273097753817956 0.3623064651970642
-10.272183967442858 0.3618090452261242
-10.271894133492863 0.3616555167766391
-10.271356783919664 0.36136908543902724
-10.265809412611436 0.35836888282890556
-10.262811326942057 0.3567839195979836
-10.262562814070417 0.3566511160257013
-10.259699215107304 0.35508952791623116
-10.253768844221172 0.3519282962629422
-10.253563775820508 0.3518173849414614
-10.253456148463039 0.351758793969843
-10.253090031560777 0.35156484749544425
-10.247479876877108 0.34853051615429287
-10.2441792796073 0.3467336683417024
-10.241376889978827 0.34524910106851703
-10.23618090452268 0.34247919158341844
-10.235248584492442 0.34197491986505835
-10.234744750708865 0.34170854271356177
-10.233094971167398 0.340826847469196
-10.229149016129535 0.33869252805489136
-10.225458648196476 0.33668341708542115
-10.223053178245522 0.33540907039361123
-10.218592964824188 0.3330313223256205
-10.216931926026607 0.3321328739708749
-10.216060216038208 0.33165829145728054
-10.213095210876041 0.3300875046149523
-10.210816576685595 0.3288549910115952
-10.206735571455612 0.3266331658291399
-10.204727827545806 0.32556950799482287
-10.201005025125696 0.32358485454798824
-10.19861357348504 0.3222913120983293
-10.197321261034663 0.3216080402009993
-10.19308979419948 0.3193465456506521
-10.192482333820909 0.3190179692313686
-10.188009668927936 0.3165829145728587
-10.186400613061188 0.31573047810600574
-10.183417085427203 0.31413995416016505
-10.180293295060197 0.31245030047814826
-10.178653932334814 0.3115577889447181
-10.17416061303885 0.30917736971325027
-10.173092270136477 0.3086078417187963
-10.169280529235559 0.30653266331657747
-10.16807128128468 0.30589205315772894
-10.165829145728711 0.3046968069330447
-10.161970830102938 0.3026099135815148
-10.159885743077359 0.30150753768843686
-10.157035175879464 0.2999841500997791
-10.155844921212278 0.29933504763642027
-10.153095257437405 0.29786928389092093
-10.150547690824837 0.29648241206029624
-10.149739548586503 0.29605431418707173
-10.14824120603022 0.29525561943530576
-10.143645887680993 0.2927702345319343
-10.14123403088793 0.2914572864321556
-10.137526673670763 0.28949345576385976
-10.133089192204123 0.2871281396246994
-10.131810639385527 0.286432160804015
-10.131405099708838 0.2862173512676982
-10.130653266331727 0.28581662000413033
-10.125318145066103 0.2829313555374817
-10.122434533961538 0.2814070351758744
-10.12185929648248 0.28109966994303637
-10.119205540220364 0.2796526884366948
-10.11307264869554 0.27638400156553544
-10.113068805125646 0.2763819095477338
-10.113067586185828 0.27638126396127927
-10.113065326633235 0.27638005975047975
-10.106987246146005 0.27309337834451597
-10.103796472259193 0.27135678391959317
-10.100881157105562 0.26981284958507334
-10.095477386934743 0.26693315630931114
-10.094749551457658 0.2665396112849052
-10.09436743592533 0.26633165829145256
-10.093066877311427 0.26564294125621934
-10.08865279975719 0.26325641471404104
-10.08506956747388 0.26130653266331194
-10.08255312533343 0.25997405320697453
-10.07788944723625 0.257489181670592
-10.076427834198917 0.2566990107601237
-10.075660347500394 0.2562814070351713
-10.073047440153147 0.2548979764399988
-10.070314377933936 0.2534205869219779
-10.066336323776232 0.2512562814070307
-10.064221008913618 0.25013642387107105
-10.060301507537758 0.24804849552006658
-10.058101921388161 0.24685960896448922
-10.056912362507935 0.2462311557788901
-10.053012357149328 0.244148541382196
-10.051971514068821 0.24358602828473153
-10.047595969327624 0.24120603015074948
-10.045884333009209 0.24030009724505152
-10.042713567839266 0.23861144481707264
-10.039771329955672 0.23702154391792174
-10.038225637380227 0.23618090452260887
-10.033632736181337 0.2337503022253049
-10.03296849890963 0.23339659911414135
-10.028847663889438 0.23115577889446826
-10.02754258199321 0.23046522065091501
-10.025125628140774 0.229178404283771
-10.021435535824423 0.22718496535671395
-10.019438786716265 0.22613065326632764
-10.016331658291527 0.22447238716488016
-10.015302794150388 0.22391205163543937
-10.012918792536531 0.22264298595082987
-10.0100904951766 0.22110552763818703
-10.009195197404953 0.22063195364885235
-10.007537688442282 0.21974977760106995
-10.003093961982533 0.21735003814140352
-10.000757840250488 0.2160804020100464
-9.99696689512995 0.21407550304257228
-9.992846284827637 0.2118828581201475
-9.9913232340624 0.2110552763819058
-9.990841421379988 0.21080051277156375
-9.98994974874379 0.21032613716382365
-9.984745756094608 0.20751700579638843
-9.981927620218718 0.20603015075376518
-9.981155778894543 0.2056185500656662
-9.97862417350391 0.2042409037655899
-9.972747711252707 0.20111528289917047
-9.972544708154034 0.20100502512562457
-9.972480528569907 0.20097110526145023
-9.972361809045298 0.20090797461457743
-9.96639035037417 0.1976860305463779
-9.963248302172662 0.19597989949748396
-9.960274143945385 0.19440839246931851
-9.954773869346806 0.19148428786403926
-9.954132140001867 0.19113812511075423
-9.953784370555114 0.19095477386934334
-9.95264053570053 0.1903452499704077
-9.948027069846827 0.18785730524119604
-9.94447514257202 0.18592964824120273
-9.941916068614134 0.1845781799652535
-9.937185929648313 0.18206488502654317
-9.935779157559141 0.1813064574956833
-9.935038327924776 0.1809045226130621
-9.93250531525946 0.17956720421624706
-9.92965513225792 0.17803105338217673
-9.925688059813725 0.1758793969849215
-9.923549154995127 0.17475049268626286
-9.919597989949821 0.1726523899603123
-9.91741715376687 0.17147736740905284
-9.9162338975281 0.17085427135678088
-9.912334933078549 0.16877911225070363
-9.911273698198109 0.1682075148005575
-9.906885660301251 0.16582914572864027
-9.905172553086288 0.16492557349008052
-9.902010050251329 0.1632474126004757
-9.899045268004988 0.16165110074231137
-9.897481846917639 0.16080402010049966
-9.892892072708047 0.15838403091329667
-9.892135537447993 0.15798273072811764
-9.888066446634745 0.15577889447235904
-9.886785352436638 0.15510368250555828
-9.884422110552837 0.15385060188971345
-9.880662578852034 0.1518279207587332
-9.878619752762791 0.15075376884421843
-9.87562814070359 0.14916391998363743
-9.874513777596663 0.14855959548927
-9.871907277149882 0.14717810215766036
-9.869228811635168 0.1457286432160778
-9.868386579026494 0.14528509802403544
-9.866834170854345 0.1444626472752688
-9.862268100947357 0.1420081089899332
-9.8598562486872 0.1407035175879372
-9.85612347582249 0.1387385905403269
-9.851631604821057 0.13635992729271162
-9.850371031968434 0.13567839195979658
-9.849975191981176 0.13547011743827575
-9.849246231155853 0.13508428022703356
-9.84386078168619 0.13219196618013118
-9.841013376939882 0.13065326633165597
-9.837720103015839 0.12892132017209068
-9.83165829145736 0.1257144270671544
-9.831553384757978 0.1256581140461961
-9.831497889403746 0.12562814070351536
-9.831306873643822 0.12552773561393327
-9.825439497738802 0.12237981328067704
-9.822148001643452 0.12060301507537474
-9.819302523670917 0.11910810881478895
-9.814070351758868 0.11634307930849364
-9.81313938712382 0.11584387934296192
-9.812631802279336 0.11557788944723413
-9.810946582336424 0.11468538389796468
-9.807003051384875 0.1125719924973776
-9.803258119080722 0.11055276381909351
-9.80086952746075 0.1092993022761295
-9.796482412060376 0.10698356405178355
-9.794709716130972 0.10603412274221125
-9.793769787142338 0.1055276381909529
-9.79052340842405 0.10382506572343164
-9.788550166654204 0.1027688683931478
-9.784341586299096 0.10050251256281229
-9.782419825358327 0.09949526884954274
-9.778894472361884 0.0976367795519586
-9.776263069652225 0.09622921628028802
-9.774824799233917 0.09547738693467167
-9.770100502512637 0.09298162954388989
-9.770080127331571 0.09297064560090629
-9.770031837256868 0.09294520547609597
-9.765396112702005 0.09045226130653106
-9.76395204555548 0.08969640048022054
-9.761306532663392 0.08830367292205743
-9.757798062307703 0.08642955578001565
-9.755932734458314 0.08542713567839044
-9.751617781764281 0.08317022459285273
-9.749490550313359 0.08205114072123809
-9.746419481076197 0.08040201005024983
-9.74546486998278 0.07990307375942685
-9.7437185929649 0.07898510032248751
-9.739313529478663 0.07663547398960535
-9.736898852152372 0.07537688442210921
-9.734924623115653 0.07433697134818473
-9.733135761560137 0.07337542490961546
-9.728868571188526 0.07113402105743116
-9.72740947161127 0.0703517587939686
-9.726957038111932 0.0701156488381045
-9.726130653266408 0.06968193611180862
-9.72080791149208 0.06684741652992177
-9.717968882152002 0.06532663316582799
-9.714632210766453 0.06358677682338865
-9.708542713567915 0.060393551320603756
-9.70843016148081 0.06033366527686024
-9.708368309854846 0.06030150753768737
-9.708160423989494 0.060192281943852954
-9.702279359106004 0.05706591175580655
-9.69893258201657 0.05527638190954676
-9.696105395179261 0.053804775821022055
-9.690954773869423 0.05110877907774025
-9.689904945831115 0.05055120714949357
-9.689343441501048 0.05025125628140614
-9.6873787078507 0.04922952313319939
-9.683726104909317 0.04729146464186762
-9.679855974358103 0.04522613065326553
-9.677553529552757 0.04402993197274441
-9.673366834170931 0.04184277052555174
-9.671354328751828 0.040776006573439716
-9.670244134175668 0.040201005025124914
-9.666490212259282 0.038236255907510674
-9.665146266810506 0.03752461292853404
-9.660735822755097 0.0351758793969843
-9.658974712782806 0.034262788451164816
-9.655778894472439 0.0325967851005986
-9.652776389879076 0.031008612224090015
-9.651163717951917 0.030150753768843686
-9.646551521370448 0.0277620204555582
-9.645497714082651 0.027213273657475057
-9.641568658816633 0.02512562814070307
-9.640366919982982 0.02450392379526445
-9.638190954773947 0.02337214683513089
-9.63416908371055 0.0212496085306757
-9.631940542906808 0.020100502512562457
-9.6293969849247 0.01877518675038381
-9.627944554603669 0.018002919790214733
-9.62439454196424 0.01615867028121709
-9.622350763248345 0.015075376884421843
-9.621727993790465 0.014753954394419289
-9.620603015075455 0.014170247095543154
-9.615530230742756 0.011499618208480555
-9.61279229828543 0.010050251256281229
-9.609305623525636 0.008252951785232554
-9.603152316428762 0.005064337357226556
-9.603077512617585 0.005025125628140614
-9.603055634800972 0.005013537221280728
-9.603015075376963 0.004992716342732351
-9.598280545031756 0.002512562814070307
-9.596857507711626 0.0017593050472388683
-9.594221105527716 0.00040684905490273593
-9.593443915114 0.