-12.088033165505436 2.
-12.086378537721412 1.9990102957551228
-12.082914572864356 1.9969208935415264
-12.080748999051195 1.9955936097470328
-12.079748240037812 1.9949748743718416
-12.076847666884285 1.993241472663244
-12.07511245895231 1.992178924147133
-12.07150363260482 1.9899497487436832
-12.06950450520886 1.9887560710171126
-12.065326633165864 1.9862404983377697
-12.063860499096533 1.9853435185639228
-12.063159806278227 1.9849246231155426
-12.061210485581556 1.983748580948598
-12.058230507822628 1.9819269618711832
-12.054942473836302 1.979899497487402
-12.052608476293011 1.9785081309657908
-12.047738693467371 1.975580758227447
-12.046950745910129 1.9750994997327593
-12.046585335273493 1.9748743718592614
-12.045522155444912 1.974241075281416
-12.0413274405963 1.971681032765713
-12.038351900007923 1.9698492462311208
-12.035692050545833 1.9682660185805627
-12.03015075376888 1.9649400541496806
-12.03002129697274 1.9648611082590204
-12.029959229508128 1.9648241206029802
-12.02978591287748 1.9647198803482953
-12.024404813889157 1.9614406920833316
-12.021648019304648 1.9597989949748396
-12.021356783919632 1.959623952011114
-12.018756743770608 1.9580293007747764
-12.014019854124335 1.9551901665049698
-12.013342135455945 1.954773869346699
-12.013089033925192 1.954623520816754
-12.012562814070387 1.9543083233170773
-12.007464103291461 1.951205518226823
-12.005091240045088 1.9497487437185583
-12.001804141134492 1.9477975246435308
-11.99821658508866 1.94564982115235
-11.996707008157195 1.9447236180904177
-11.996143967571502 1.9443895914619587
-11.994974874371895 1.9436901128770465
-11.990508099126174 1.9409747139610545
-11.988359914021043 1.939698492462277
-11.986180904522648 1.9383918367954331
-11.984837481496104 1.9375697647986474
-11.982379512475147 1.9360998176346351
-11.980052019460842 1.9346733668341365
-11.97918522114807 1.934159570698517
-11.977386934673403 1.9330846916604871
-11.973538589494675 1.9307477683999181
-11.97174358863118 1.9296482412059959
-11.96785742999439 1.9273458312004301
-11.966509088617098 1.9265402851899083
-11.963377699531417 1.9246231155778553
-11.96221300896807 1.9239333972940962
-11.95979899497491 1.922491848978285
-11.956556144136021 1.9205245187608257
-11.954993441182369 1.9195979899497146
-11.951005025125664 1.917210934163692
-11.950865021681514 1.9171254281196868
-11.950607935995276 1.9169719730983905
-11.946685802477989 1.914572864321574
-11.94522866734168 1.913710689445785
-11.942211055276418 1.9119102095816203
-11.93956213166412 1.9103045740112332
-11.93832432930964 1.9095477386934334
-11.934692344780984 1.9073995356947382
-11.933875047671279 1.906904329523904
-11.92997822164539 1.9045226130652928
-11.928233540930492 1.9034910629645596
-11.924623115577926 1.9013384600560856
-11.922557866624443 1.9000875585667183
-11.921561072902392 1.8994974874371522
-11.91875593620685 1.8978211504739875
-11.916879299016966 1.8966848808264283
-11.91325678077499 1.8944723618090116
-11.911228921651418 1.8932741487313018
-11.907035175879434 1.8907753449036733
-11.905544612068164 1.8898731115555192
-11.904847123965489 1.889447236180871
-11.902797411436591 1.8882364463400583
-11.89987481073446 1.8864679291655806
-11.89652323659051 1.8844221105527303
-11.894216051071531 1.8830595920125628
-11.889447236180942 1.8802196630566899
-11.88852358183896 1.8796608861651558
-11.888077258985499 1.8793969849245897
-11.886819554150666 1.8786462186302249
-11.882862803365986 1.8762531258150075
-11.879779281072627 1.8743718592964491
-11.877196122524484 1.8728470518558673
-11.87185929648245 1.8696702647926626
-11.871495942588211 1.869450549066662
-11.871325748240052 1.8693467336683085
-11.870825060625371 1.8690512377091437
-11.865844450090249 1.8660401355807972
-11.863026543436034 1.8643216080401679
-11.860170282962885 1.8626362005604742
-11.854822323902784 1.859453901588835
-11.854564154529514 1.8592964824120273
-11.85446862311552 1.8592401206030091
-11.854271356783958 1.8591227553966325
-11.848820878415031 1.8558286363178649
-11.846184660518889 1.8542713567838867
-11.84547738693471 1.8538495298545623
-11.84313963455886 1.8524267232200593
-11.838818974815748 1.8498563905072558
-11.837818043400311 1.849246231155746
-11.837447789693805 1.849027838981935
-11.836683417085466 1.8485731692690717
-11.831793171623435 1.845618318516757
-11.829500934708395 1.8442211055276054
-11.826105236063233 1.842218317334389
-11.822806521569994 1.8402562782374705
-11.82106686046862 1.8391959798994648
-11.820423489612404 1.838816547835056
-11.819095477386973 1.8380267168944675
-11.814762369982914 1.8354088849581984
-11.81266586385578 1.8341708542713242
-11.810301507537726 1.8327611464407134
-11.80906810393201 1.8320106924874588
-11.806787335224818 1.8306542422249938
-11.804312056315336 1.8291457286431836
-11.803396744648815 1.828605955225945
-11.801507537688481 1.827482416109512
-11.79772947172478 1.825200050433243
-11.795958246257568 1.824120603015043
-11.792029213227263 1.8218035700901076
-11.790763696870293 1.821050934209846
-11.787555023087487 1.8190954773869024
-11.786368534706112 1.8183957811822955
-11.78391959798999 1.8169393263032
-11.780695433800267 1.8149915415272542
-11.779135446144084 1.8140703517587617
-11.775125628140742 1.811679512517948
-11.77498949829812 1.8115966831854404
-11.77473779682747 1.811446979998042
-11.770797095012412 1.8090452261306211
-11.76933979842393 1.808185757521355
-11.766331658291497 1.8063965473369867
-11.763661172417878 1.8047830964663714
-11.762409328885168 1.8040201005024805
-11.758724329664142 1.8018465780375212
-11.75796237827717 1.8013861977355763
-11.754039359277291 1.79899497487434
-11.752311325081829 1.7979756587346758
-11.748743718593005 1.795853376463958
-11.746627057430509 1.7945746095783415
-11.745602997816965 1.7939698492461993
-11.742713854535163 1.792247030943959
-11.740938975447838 1.7911746502309631
-11.73728057261624 1.7889447236180587
-11.735281994297079 1.7877658049316114
-11.731155778894513 1.7853111366575272
-11.729592207421014 1.7843663326966324
-11.72885937682374 1.783919597989918
-11.726702741844248 1.7826473016898428
-11.723915786301655 1.7809630416740232
-11.72052293474378 1.7788944723617774
-11.718253803308961 1.777555625472366
-11.71356783919602 1.7747672216379922
-11.712559140342725 1.7741575464060073
-11.712071356748012 1.7738693467336368
-11.710696087273536 1.7730488461843557
-11.706894676807016 1.770750838930926
-11.703768430793577 1.7688442211054962
-11.701227923265625 1.767344785743183
-11.695979899497528 1.7642208927335847
-11.695528608434126 1.7639480357811852
-11.695317224102231 1.7638190954773556
-11.694695634754622 1.7634521626936683
-11.689876402929816 1.7605378260114186
-11.687018110254828 1.758793969849215
-11.684205092890517 1.7571330746802207
-11.678706399304646 1.7538586840798205
-11.678559178184154 1.7537688442210744
-11.678504655591981 1.75373664542309
-11.678391959799036 1.7536695216300018
-11.672861689991397 1.7503237956808304
-11.67018996492846 1.7487437185929338
-11.66959798994979 1.7483901877407035
-11.667186020888202 1.74692028979646
-11.662740578577175 1.7442718953866878
-11.66183430500052 1.7437185929647931
-11.661498478973824 1.7435201761438561
-11.660804020100544 1.7431063432878506
-11.655851233667244 1.7401085491747388
-11.65353400111302 1.7386934673366525
-11.650171386917329 1.736706236903716
-11.646785916939479 1.7346882950049194
-11.64511618513194 1.733668341708512
-11.644497054075826 1.733302349230291
-11.643216080402052 1.732538595836309
-11.638845700935299 1.7298918959280147
-11.63673652387794 1.7286432160803713
-11.634422110552805 1.7272595718551838
-11.633161842516076 1.7264907298482237
-11.630843880302066 1.72510830176609
-11.6284057394476 1.7236180904522307
-11.627501035271173 1.7230829777186267
-11.62562814070356 1.7219656389465765
-11.621845730982203 1.7196736533159065
-11.620078154933632 1.71859296482409
-11.616158011988157 1.7162735902574937
-11.614915863355689 1.7155323141532692
-11.611703848616989 1.7135678391959495
-11.61051104946335 1.7128618824935833
-11.608040201005068 1.7113868568723518
-11.604851936075288 1.7094536464048886
-11.603315199164546 1.7085427135678088
-11.59924623115582 1.7061070195371357
-11.599160493256994 1.706054647296261
-11.599003190898996 1.70596071068036
-11.595011354229282 1.7035175879396682
-11.593527696947532 1.702638892042252
-11.590452261306575 1.700801657461751
-11.58786490240784 1.6992317077111663
-11.586657479470915 1.6984924623115276
-11.583122851490096 1.6963983452211044
-11.582185389510048 1.6958293000538243
-11.578329059895017 1.693467336683387
-11.576551552250244 1.692413842214198
-11.572864321608083 1.6902094712066296
-11.570885190924663 1.6890076769647955
-11.56993265907429 1.6884422110552464
-11.56726319162783 1.6868418882037455
-11.565220540585782 1.6856010228620484
-11.561657732337398 1.6834170854271058
-11.559583164954157 1.682186575985801
-11.555276381909591 1.6796097503191811
-11.553913338134693 1.678781400877508
-11.5532782775836 1.6783919597989652
-11.551422714598646 1.6772909119958381
-11.548263881464878 1.675370405726457
-11.544998102480134 1.6733668341708245
-11.54262306051461 1.6719569432269648
-11.537688442211099 1.6690019678260093
-11.536949856916939 1.6685527329124437
-11.536594978408141 1.668341708542684
-11.535602493805975 1.667745723284077
-11.531315926625469 1.665137301653294
-11.528350866538034 1.6633165829145433
-11.52567174107397 1.6617248004684395
-11.520100502512607 1.6583856166701443
-11.519995237325688 1.6583215330540941
-11.519946281182698 1.6582914572864027
-11.519803539580096 1.6582066107342568
-11.514377167560582 1.6549015702159835
-11.511716687115959 1.653266331658262
-11.508729686279594 1.651490010668125
-11.504043378469696 1.6486785819317165
-11.503332135907215 1.6482412060301215
-11.503066246574578 1.648083010669989
-11.502512562814115 1.6477506794388592
-11.497448323670326 1.6446630058716343
-11.495020924287603 1.6432160804019809
-11.493718592964868 1.642432133828561
-11.491797910526214 1.6412522839989547
-11.488312120863641 1.6391588112732745
-11.486740032273092 1.6381909547738402
-11.486151473125517 1.6378404261995847
-11.484924623115623 1.6371032391209095
-11.480530455489648 1.6344213056102639
-11.47849224591158 1.6331658291456996
-11.474876930386012 1.6310114728688765
-11.47260605883687 1.6296462393517697
-11.470163192597216 1.628140703517559
-11.469247488272245 1.62759475927324
-11.46733668341713 1.6264453924723972
-11.463623268624342 1.6241765535445003
-11.4618471073904 1.6231155778894184
-11.458542713567883 1.621122270930491
-11.457966585319594 1.6207676231462882
-11.456925165731974 1.620140858550803
-11.453601875818375 1.6180904522612778
-11.45235446712623 1.617345959859109
-11.449748743718638 1.615776889792608
-11.446727055750914 1.6139286660524874
-11.445328561301585 1.6130653266331372
-11.441273534954561 1.6106438384148287
-11.441070629643317 1.6105196621693745
-11.43705651575787 1.6080402010049966
-11.43547275068532 1.6070939305292322
-11.432160804020146 1.6050973640089898
-11.429842144541107 1.6036775495137237
-11.428735581145855 1.603015075376856
-11.425666414674739 1.601159535563883
-11.424221479742172 1.60025832811385
-11.420801029085206 1.5979899497487153
-11.418897706046323 1.5967542806845243
-11.414572864321654 1.5939195321223094
-11.413570536612555 1.593251203466031
-11.413145290511276 1.5929648241205747
-11.412017416030103 1.5922346960372744
-11.408266929015456 1.5897413942942054
-11.405583490746132 1.587939698492434
-11.402945371679953 1.5862367136190656
-11.398521079448523 1.5833534742429682
-11.397865462683393 1.5829145728642935
-11.397594793780982 1.5827403245334875
-11.396984924623162 1.5823439815781324
-11.392279807739536 1.5792337663457605
-11.390197276266552 1.5778894472361529
-11.388190954773915 1.5765845920704278
-11.38691887215816 1.5757403365980123
-11.384913240129634 1.5744403945237169
-11.382545750221393 1.5728643216080123
-11.381574351679436 1.5722422168209356
-11.37939698492467 1.5708346437254592
-11.376221185283724 1.5687465673058565
-11.37485453849525 1.5678391959798716
-11.371179129969121 1.565491237421143
-11.370829474945003 1.5652619303459216
-11.36713299113754 1.562814070351731
-11.365484956657756 1.5617638099427085
-11.361809045226178 1.5593993062653126
-11.360095705661612 1.558278470313466
-11.359329503741641 1.5577889447235904
-11.357351401043202 1.5565153320998837
-11.35471060038626 1.5547919461925686
-11.351632678035132 1.5527638190954498
-11.349331063091647 1.5513038312200322
-11.344221105527685 1.5480323013552804
-11.34390768479517 1.5478282422480278
-11.343771460315132 1.5477386934673092
-11.343401455842667 1.5475045078430183
-11.338529488786934 1.544339744050812
-11.336049967985732 1.5427135678391686
-11.33311681528599 1.5408610965657985
-11.329362883697037 1.53846836160184
-11.328171024792116 1.537688442211028
-11.327691320870453 1.5373861121992398
-11.326633165829193 1.5367130783903828
-11.322290122697344 1.5339041860491296
-11.320325842119326 1.5326633165828873
-11.317839195979946 1.5310798490677433
-11.31684607468919 1.5304345027090331
-11.315220102264071 1.5294024412785667
-11.312512400167968 1.5276381909547467
-11.311427903277906 1.526957426055545
-11.309045226130701 1.525448074442897
-11.305996216733604 1.5234842108686344
-11.304656460494108 1.5226130653266061
-11.300977144484317 1.5203078991419243
-11.300530432845697 1.5200207377798955
-11.296781513720852 1.5175879396984655
-11.295111824973127 1.516543785829632
-11.291457286432209 1.514237590439497
-11.289651240368988 1.5130788272312445
-11.288827900548531 1.512562814070325
-11.286657706034786 1.511191505385347
-11.284193140663907 1.5096131586616988
-11.28098262051653 1.5075376884421843
-11.278746429184183 1.5061442363134798
-11.273869346733717 1.5030776354087285
-11.27325843844068 1.5026871080406252
-11.272987939944699 1.5025125628140437
-11.272239238897097 1.5020468177178667
-11.267808221346424 1.499219187296558
-11.265119734466207 1.497487437185903
-11.262334845673266 1.4957578832893201
-11.257741473981733 1.4928794735424793
-11.257092735354224 1.4924623115577624
-11.256836813103504 1.4923036241096828
-11.256281407035225 1.4919561427206496
-11.251378739714305 1.4888379480213132
-11.249124306375295 1.4874371859296218
-11.247487437185978 1.4864115645967546
-11.24588015442812 1.4853838467606542
-11.24317060914126 1.4836912436742038
-11.241174946176658 1.4824120603014812
-11.240390550697718 1.4819271793411994
-11.238693467336732 1.480868639734859
-11.23490807873048 1.478468474275127
-11.233218109335118 1.4773869346733406
-11.229385688175263 1.475021174519906
-11.228514756452515 1.474478731563564
-11.225201976422227 1.4723618090452
-11.223904620409556 1.4715620682533954
-11.22110552763824 1.469821170694777
-11.21839890049576 1.4681100054577678
-11.217146887604777 1.4673366834170594
-11.213793158973868 1.4652474352272389
-11.212869948688928 1.4646645803458647
-11.209177164379096 1.4623115577889187
-11.207381497868038 1.4612075835236933
-11.203517587939748 1.4588108817193648
-11.201853708116428 1.4577618263960126
-11.201106621269837 1.4572864321607781
-11.199008440489612 1.4559981043178825
-11.196333632371111 1.454313865266534
-11.193103769243372 1.4522613065326375
-11.190823693829067 1.450863007793263
-11.185929648241256 1.4478349677011266
-11.185274944146121 1.4474232392173922
-11.18497050779968 1.447236180904497
-11.184150229728687 1.4467277756151908
-11.179763931274556 1.4439726886954132
-11.176984929866967 1.4422110552763563
-11.174233579266462 1.4405276636410136
-11.169231818542855 1.4374402467910983
-11.168830152475415 1.4371859296482157
-11.168674551257041 1.4370908317298507
-11.168341708542764 1.4368856089764463
-11.16316314797926 1.4336403927525048
-11.160823630303689 1.432160804020075
-11.157613395149275 1.4302009107900746
-11.15426590835043 1.4281391468222653
-11.152677468984976 1.4271356783919344
-11.152063768626842 1.4267613927397713
-11.150753768844272 1.4259553866296883
-11.146533460173604 1.423316355241127
-11.144559987308675 1.4221105527637938
-11.141959798995025 1.4205077411575635
-11.14096526126877 1.419882143585797
-11.139237589530888 1.4188202158171128
-11.136485750350893 1.4170854271356532
-11.135425218047887 1.4164398874493367
-11.13316582914578 1.4150524824920216
-11.129876928943133 1.4129999872796972
-11.128384867065495 1.4120603015075126
-11.124291184205742 1.4095707887193827
-11.12415054094339 1.4094845048782583
-11.12025768634272 1.407035175879372
-11.118760904218856 1.406125743087495
-11.115577889447287 1.4041747408957024
-11.113195506250182 1.4026907311646903
-11.112077222481801 1.4020100502512314
-11.109031844205084 1.4001397516106016
-11.107617281180946 1.3992593841277596
-11.103995837959824 1.3969849246230908
-11.10207272652461 1.3958184169728574
-11.097989949748795 1.393320139532645
-11.096491041677757 1.3923880584438182
-11.095808584300816 1.3919597989949501
-11.093863267949155 1.3907807470521956
-11.090922930936772 1.3889538215988164
-11.087702644089786 1.3869346733668095
-11.085362485360593 1.385517394706727
-11.080402010050303 1.3824867794224973
-11.079765288502335 1.3820914681809455
-11.079465437406826 1.381909547738669
-11.078645828888357 1.3814077816923982
-11.074207474137005 1.3786542895143281
-11.071608040201056 1.3770783790815706
-11.071294528092583 1.3768844221105283
-11.068631887821592 1.375222188547733
-11.06338880008744 1.3720235049782818
-11.063126314944988 1.3718592964823877
-11.063026084262797 1.3717987210792488
-11.062814070351811 1.3716694646447118
-11.057472573113417 1.36836031292236
-11.055031400383744 1.366834170854247
-11.051882552807301 1.3649323359531094
-11.048107497263013 1.3626322928288763
-11.046789771321453 1.3618090452261065
-11.046287414303105 1.3615058213261673
-11.045226130653319 1.3608596133872304
-11.040719804449715 1.3580714413704236
-11.038590444202123 1.3567839195979658
-11.036432160804072 1.3554669436208364
-11.035116015590775 1.3546473982734089
-11.032786344381824 1.3532296949489675
-11.03042905724191 1.3517587939698252
-11.02953172817793 1.3512177833346524
-11.027638190954827 1.3500661448193085
-11.023950663238038 1.3477872476893387
-11.022261238168651 1.3467336683416846
-11.018333731890404 1.3443669595890935
-11.017428265830711 1.343816546877651
-11.014046168786543 1.341708542713544
-11.01276048170491 1.3409341911568085
-11.010050251256335 1.3392875594423455
-11.007166566860343 1.3375073269128288
-11.00580095799137 1.3366834170854034
-11.002044392247425 1.3343960287971441
-11.001545528037607 1.3340882123768987
-10.997642232598666 1.3316582914572628
-10.995974609237047 1.3306547778346332
-10.992462311557842 1.328523101806197
-10.990367898784264 1.327231569478716
-10.989406219828572 1.3266331658291222
-10.986640129202607 1.3249696851561978
-10.984757648109985 1.3238093726146554
-10.981218320906448 1.3216080402009815
-10.979174490090253 1.3203794349921525
-10.97487437185935 1.3177719648002286
-10.973555863646917 1.3169596312049645
-10.972930225853222 1.316582914572841
-10.971205283604778 1.3155346036429636
-10.96795702801081 1.3135341729014263
-10.964776647908105 1.3115577889447003
-10.962362233358625 1.310107560031052
-10.957286432160858 1.3070321740243918
-10.9567322303026 1.3066910067046331
-10.956477322785997 1.3065326633165597
-10.955742780972697 1.3060916201199424
-10.951144975050624 1.3032622397199143
-10.948319152987148 1.301507537688419
-10.945539020679576 1.299838815340645
-10.940260885149993 1.2966430956853143
-10.940002026790827 1.2964824120602785
-10.939904117128734 1.2964236621556022
-10.939698492462366 1.296299203067365
-10.934322594641632 1.292993257238062
-10.931767067149304 1.2914572864321379
-10.930904522613119 1.2909340013406903
-10.928705927694365 1.2895728935948547
-10.924772132271244 1.2871926120918173
-10.923546274454289 1.2864321608039972
-10.923082976953552 1.286154325321232
-10.922110552763874 1.285566087199249
-10.917490932551301 1.2827269266651635
-10.915362609300423 1.2814070351758566
-10.911863971802465 1.2793095041081193
-10.909262214233648 1.2777360813100778
-10.907078046155897 1.276381909547716
-10.906253140773565 1.2758874730596634
-10.904522613065382 1.2748411763937968
-10.900650977530674 1.272462965500921
-10.898808509479883 1.2713567839195754
-10.895728643216135 1.2694902583870347
-10.895014114704953 1.2690483721087
-10.893733178790738 1.268274088412534
-10.890598677612296 1.2663316582914348
-10.889415569176501 1.26562283091726
-10.88693467336689 1.2641235087501244
-10.88380366374576 1.2622011068407604
-10.882359757647867 1.2613065326632942
-10.878187472191156 1.25880733232737
-10.87815776418188 1.2587890953737277
-10.874109432760536 1.2562814070351536
-10.872571169218489 1.255360139735127
-10.869346733668397 1.253412179713366
-10.866949873033166 1.2519410987313648
-10.865808314056174 1.251256281407013
-10.862647669381927 1.2493422630394502
-10.861316645466486 1.248525466693704
-10.857611506324183 1.2462311557788723
-10.855720796588129 1.2450991550308084
-10.851758793969905 1.2427063392382616
-10.850090436999428 1.2416827035708682
-10.849320518275338 1.2412060301507317
-10.847094208143478 1.239873291343181
-10.84447004675791 1.2382634037260178
-10.841106026232492 1.236180904522591
-10.838865257625876 1.2348396464213156
-10.834170854271413 1.2320051891844122
-10.833226138982178 1.2314256975485174
-10.832775952117254 1.2311557788944505
-10.831528776577144 1.2304008995532314
-10.827618749433782 1.228002683219919
-10.824594055910817 1.2261306532663099
-10.822005311216095 1.2245813970825452
-10.81658291457292 1.2213079809153395
-10.816357715890014 1.2211698701189997
-10.816253744648241 1.2211055276381693
-10.81595297273054 1.2209255442546318
-10.810763488193913 1.2177430952611736
-10.808076596459328 1.2160804020100286
-10.805141670568041 1.2143242032404258
-10.800383062493955 1.2114518728446093
-10.79974214342686 1.211055276381888
-10.799500674673762 1.2109107907249355
-10.798994974874429 1.2106055541892555
-10.793904952788647 1.2074844427782567
-10.791478592095043 1.2060301507537474
-10.790201005025182 1.2052570910789182
-10.788275004900969 1.2040678736894517
-10.78481242787482 1.2019779944681455
-10.783239942056143 1.2010050251256068
-10.782673913678824 1.2006430598390674
-10.781407035175937 1.1997975362032287
-10.77739230119509 1.1971269663491366
-10.775744333865163 1.1959798994974662
-10.772168937757742 1.193594230274524
-10.771514689416193 1.1931535149946821
-10.768339486125425 1.1909547738693256
-10.766979635259213 1.1900517625031055
-10.763819095477444 1.1879330945861373
-10.7617493896079 1.18652099277534
-10.760861224149604 1.185929648241185
-10.758661715504935 1.1844561111061829
-10.756507692660144 1.1829934948465581
-10.753461521532001 1.1809045226130443
-10.751272336338593 1.17946418531029
-10.746231155778952 1.176115946818248
-10.745985189321168 1.1759496731156993
-10.745882235832362 1.1758793969849037
-10.745612416487868 1.1757026143303086
-10.740739443589398 1.1724233319823503
-10.738430226770312 1.1708542713567631
-10.735449454597894 1.1689096317803536
-10.732402014045613 1.1669030880043803
-10.730814415150519 1.1658291457286225
-10.730151234369918 1.1653982833602061
-10.72864321608046 1.1644095243387733
-10.724859394749014 1.1618851119094664
-10.723199191862133 1.160804020100482
-10.719849246231213 1.1586079276039216
-10.719517754704631 1.1583861691511492
-10.719002009576384 1.1580493896707464
-10.715616825216875 1.1557788944723413
-10.71421581884699 1.1548758823394776
-10.711055276381968 1.152820258526468
-10.708874163239685 1.1513769440277102
-10.707941247372968 1.1507537688442007
-10.705444711821151 1.1491507503982525
-10.703519461477285 1.147881733188827
-10.700283364363347 1.14572864321606
-10.698179013310611 1.1443824498940218
-10.693467336683476 1.141341231634934
-10.692790615115543 1.1408968666073287
-10.692488982416087 1.1407035175879194
-10.691712155838136 1.140202037346394
-10.687432927113974 1.137402508979636
-10.684733328465475 1.1356783919597788
-10.684673366834229 1.1356398225456816
-10.682047351069064 1.1339161193643275
-10.677821714874527 1.131208214300079
-10.676978170680162 1.1306532663316382
-10.67663646662442 1.1304369607203704
-10.675879396984984 1.1299534870979935
-10.671254819831239 1.1269494484617102
-10.669239240576761 1.1256281407034976
-10.665826845357616 1.1234751726831762
-10.66377644547478 1.1221701545577245
-10.661377568261951 1.120603015075357
-10.660413491915824 1.1199967194669762
-10.658291457286492 1.118650531467992
-10.654990875657262 1.1165209127698539
-10.65349391677412 1.1155778894472164
-10.649565837614343 1.113084855255174
-10.649523788798524 1.1130578119584955
-10.645663674383234 1.1105527638190758
-10.64410754134339 1.1095801856032503
-10.640703517588 1.107434263693607
-10.638646391329788 1.1061153885504247
-10.637737820487565 1.1055276381909351
-10.635226624047256 1.1039628114650082
-10.633177189047238 1.1026528921458691
-10.62984267965147 1.1005025125627945
-10.627723679169927 1.099185912196961
-10.623115577889507 1.0962982002677482
-10.622226266639633 1.0957314758631895
-10.62181792906787 1.095477386934654
-10.62073182104494 1.094796313550492
-10.616755185239265 1.0922695163494396
-10.613920377515923 1.0904522613065133
-10.611266596142988 1.0888125590345208
-10.606092743337536 1.0855885942916643
-10.605840153124731 1.0854271356783727
-10.605741154416107 1.0853661310426324
-10.605527638191015 1.0852334451389352
-10.600262271940553 1.0819064004075072
-10.597902196797076 1.080402010050232
-10.594740644265906 1.0784588826864088
-10.591331652348337 1.076346014095181
-10.58980714003655 1.0753768844220915
-10.589213484338098 1.0750129456090702
-10.587939698492523 1.0742254993110452
-10.583702624138446 1.071562351466544
-10.58173034460604 1.0703517587939508
-10.579145728643276 1.0687525260836734
-10.578149867715359 1.068123727673571
-10.576430284861724 1.067063354899437
-10.573683964962182 1.0653266331658102
-10.57262112341563 1.0646782432739252
-10.57035175879403 1.0632822778075708
-10.567080125985056 1.0612362597688056
-10.565598264842974 1.0603015075376696
-10.561498030389776 1.0578060185964588
-10.561393907989633 1.0577421215935559
-10.557475361823274 1.055276381909529
-10.555967805037799 1.0543609573545973
-10.552763819095539 1.0523993339734687
-10.550398396446854 1.05092709132387
-10.549286580400391 1.0502512562813884
-10.546250057633351 1.048390181577906
-10.544812980365379 1.0474977988618646
-10.541185785148084 1.0452261306532478
-10.539257011439123 1.04406009292694
-10.535175879397046 1.0415725930540827
-10.533660812237393 1.0406338813564364
-10.532968067312202 1.0402010050251072
-10.53098161899076 1.0390026449090248
-10.52807391507069 1.0372050120616398
-10.524819431123124 1.0351758793969665
-10.52249199510332 1.033774720709891
-10.517587939698554 1.0307983133558665
-10.51687052835833 1.0303557284374616
-10.516530354016746 1.030150753768826
-10.515591795203784 1.0295804267703206
-10.511282196910482 1.0269272689372775
-10.508793969849307 1.0254310515883835
-10.508296232394459 1.0251256281406853
-10.505675797960185 1.0235039715806495
-10.500086113687123 1.0201251064231336
-10.500046402295188 1.0201005025125447
-10.500031407966688 1.0200915288077947
-10.500000000000062 1.020072580131191
-10.49444057831701 1.0166637830795624
-10.491871591576423 1.015075376884404
-10.488810917564608 1.0132471319521077
-10.484485649089986 1.010642705195811
-10.483525586977477 1.0100502512562635
-10.483164856399648 1.0098351666568126
-10.48241206030157 1.0093827114188825
-10.477551669129962 1.0064138088200112
-10.475224287826286 1.0050251256281229
-10.473618090452323 1.004058424260026
-10.471900243396801 1.0030033762584871
-10.468776421711967 1.001129228888236
-10.466939663561048 0.9999999999999822
-10.466252701415362 0.9995918340536152
-10.464824120603078 0.9987362517264851
-10.460618430839952 0.996176500018449
-10.45866039320349 0.9949748743718416
-10.454946480611088 0.992771931598555
-10.452962803802903 0.9915859267146487
-10.4502919880001 0.989949748743701
-10.449297469806385 0.9893608090574721
-10.447236180904586 0.9881304489110292
-10.443643318322458 0.9859511552818825
-10.441910875446377 0.9849246231155604
-10.438442211055339 0.9828511379431353
-10.437952015111675 0.9825521162853947
-10.437049033061514 0.9820140094461118
-10.43358574152518 0.9798994974874198
-10.432301540252874 0.9791414120454824
-10.429648241206094 0.9775627472718744
-10.426628644031112 0.9757371139092745
-10.425213291207825 0.9748743718592792
-10.421041062213805 0.9724151778614818
-10.42092104677741 0.9723427303536196
-10.416823944073233 0.9698492462311386
-10.415267155316707 0.9689330022856799
-10.412060301507601 0.967030769643439
-10.409576588687749 0.9655337528372412
-10.408371429709547 0.9648241206029979
-10.404953984772948 0.962793744393097
-10.403867434236119 0.9621398141952806
-10.400009464853317 0.9597989949748573
-10.398196431490856 0.958734975065787
-10.39447236180911 0.9565323014790739
-10.392489210947158 0.955340483878703
-10.391553991494701 0.9547738693467167
-10.388777876653895 0.9531468735880839
-10.386778495239586 0.9519469913098693
-10.383145031972951 0.9497487437185761
-10.381091368289066 0.9485467590961623
-10.376884422110617 0.946065276682746
-10.375368456139213 0.945156751225122
-10.37462870267929 0.9447236180904355
-10.372516542562234 0.9434756525051835
-10.369656172804502 0.9417637065497564
-10.366233241206304 0.9396984924622949
-10.363953856470227 0.9383678141599798
-10.359296482412125 0.9356277649796203
-10.358216164178598 0.9349820291865907
-10.35770390695267 0.9346733668341543
-10.356173676222566 0.9337811364942805
-10.352502305473115 0.9315894346171598
-10.349276563976215 0.9296482412060136
-10.346785685480452 0.9281976289869229
-10.341708542713633 0.9252179606457807
-10.34103407672131 0.9248158201471082
-10.340703276048565 0.924623115577873
-10.339752863028789 0.9240643499536318
-10.33531863431509 0.9214236780636016
-10.332277354613854 0.9195979899497324
-10.32958855018582 0.9180357193295379
-10.32412060301514 0.914834172442105
-10.323823843637664 0.9146576527151566
-10.323682433846226 0.9145728643215918
-10.323257582395584 0.9143262870017184
-10.31810680926033 0.9112659654805402
-10.31523785695258 0.9095477386934512
-10.312364056959947 0.9078816262239373
-10.306692789529011 0.9045683634117001
-10.306616313797614 0.9045226130653106
-10.306588679287907 0.9045066085020936
-10.306532663316649 0.9044739176008152
-10.30086839482179 0.9011158498642722
-10.29807457524592 0.89949748743717
-10.297738693467402 0.8993011007566825
-10.295113729182836 0.8977349144186899
-10.290068106268217 0.8947933282804748
-10.289530427696652 0.8944723618090293
-10.28933667521907 0.8943603756373397
-10.288944723618156 0.894132098173186
-10.283604875260366 0.8909729071402577
-10.281046454874593 0.8894472361808887
-10.277839012200694 0.8875951709577379
-10.273378141236615 0.8849996412147334
-10.272408698857156 0.8844221105527481
-10.272060278417571 0.8842211121247745
-10.271356783919664 0.8838121770713485
-10.266317659237481 0.8808367348338022
-10.263822251620827 0.8793969849246075
-10.262562814070417 0.8786634667009157
-10.260541277790272 0.8774620039048644
-10.256625997559466 0.8751881888216939
-10.255253066675161 0.8743718592964669
-10.254760862006181 0.874088425643607
-10.253768844221172 0.8735128247391915
-10.249008079496146 0.870706952161191
-10.246718298686636 0.8693467336683263
-10.243221818906346 0.8673350438444221
-10.239814644472041 0.8653598194542891
-10.238065359861658 0.8643216080401857
-10.237439715593577 0.8639619477342153
-10.23618090452268 0.8632328024094811
-10.231677403294581 0.860583197048645
-10.229439270736421 0.859296482412045
-10.227386934673433 0.8581053214503163
-10.225881886599382 0.8572139333334183
-10.222947062383254 0.8555153846579238
-10.220847394991745 0.8542713567839044
-10.220098113086621 0.8538413144232093
-10.218592964824188 0.852970897547042
-10.214326875831384 0.8504651137251367
-10.212267958946308 0.8492462311557638
-10.20852269025354 0.8470983268335228
-10.20602614119371 0.8456557101184847
-10.203600893046477 0.8442211055276232
-10.202737256714059 0.8437261822166624
-10.201005025125696 0.8427259779687519
-10.196957664302262 0.8403523687061778
-10.194939826883825 0.8391959798994826
-10.192211055276449 0.8376171190837836
-10.191145365897121 0.8369878997652203
-10.18905465331657 0.8357815879540187
-10.186327492702324 0.834170854271342
-10.185358286139538 0.8336162254963888
-10.183417085427203 0.8324969770526103
-10.17957088031315 0.8302446443900742
-10.177708933033385 0.8291457286432014
-10.173750997758459 0.8268823423489877
-10.172035288801814 0.8258937867502327
-10.169028763909058 0.8241206030150607
-10.167962289401709 0.8235111333942049
-10.165829145728711 0.8222828841294731
-10.16216758527599 0.8201416375162687
-10.160336942621383 0.8190954773869201
-10.157035175879464 0.8171903229934223
-10.15634062126129 0.8167813587494708
-10.154970657293434 0.8159930521196985
-10.15170621193274 0.8140703517587795
-10.150550305875035 0.8134106089459756
-10.14824120603022 0.8120827406388846
-10.144748793276095 0.8100430583461034
-10.14305354321834 0.8090452261306389
-10.138915225801979 0.8066846662819955
-10.13786328993845 0.8060801072472756
-10.134361280593376 0.8040201005024983
-10.133123329017735 0.8033143683064958
-10.130653266331727 0.8018956366063605
-10.127315473735395 0.7999486299018805
-10.125642548667583 0.7989949748743577
-10.12185929648248 0.796817282004886
-10.121475757331076 0.7965919946749738
-10.12071564126179 0.7961556534258047
-10.116995355301343 0.793969849246217
-10.115682308929006 0.7932221400188535
-10.113065326633235 0.7917207074073387
-10.109868553892989 0.7898580872581471
-10.108313117222405 0.7889447236180764
-10.104023120759956 0.7865030853823018
-10.103530091021176 0.7862203705860589
-10.0996097659147 0.7839195979899358
-10.098228154735912 0.7831336643324596
-10.095477386934743 0.7815571307864682
-10.092408921122766 0.7797711768795024
-10.090867625299268 0.7788944723617952
-10.086683417085496 0.7764910967106164
-10.086558182211649 0.7764176909402529
-10.086308946056343 0.77627491782511
-10.082205789438309 0.7738693467336546
-10.080761736828922 0.7730486925643199
-10.07788944723625 0.7714041241038769
-10.074937425106507 0.7696876559997268
-10.073498088321587 0.768844221105514
-10.069081771133774 0.7663355743637954
-10.069054442147058 0.7663199339371731
-10.064784652584471 0.7638190954773734
-10.063283888963715 0.7629669864985287
-10.060301507537758 0.7612609417826386
-10.057454879879536 0.7596072920372965
-10.056022293269661 0.7587939698492328
-10.051771373923813 0.7563567888166771
-10.051597356257696 0.7562557445868237
-10.047347534213854 0.7537688442210921
-10.0457954102457 0.752888317819254
-10.042713567839266 0.75112687293396
-10.03996206576501 0.7495298620427393
-10.038618080373165 0.7487437185929515
-10.03445933786139 0.746385367170701
-10.03410314449503 0.7461787139203073
-10.029895567674544 0.7437185929648109
-10.028297067012772 0.7428124675728114
-10.025125628140774 0.7410012391385488
-10.02245973121182 0.7394551521735142
-10.021115895282213 0.7386934673366703
-10.017119975609434 0.7364061380420015
-10.016599468284726 0.7361043873816859
-10.012429843056257 0.7336683417085297
-10.010789594630808 0.7327392256546652
-10.007537688442282 0.7308833923644045
-10.004948568080488 0.729382964755187
-10.003681728661974 0.7286432160803891
-9.999755037666986 0.7264196015731619
-9.999086961954594 0.7260325837344448
-9.99495055449153 0.7236180904522485
-9.993273170903256 0.7226685412638298
-9.98994974874379 0.7207733932997868
-9.987428324331185 0.7193133717991378
-9.9861553547174 0.7185929648241078
-9.982362677512214 0.7164252301865153
-9.981564984907946 0.7159634860062081
-9.9774581657082 0.7135678391959672
-9.975747843914283 0.7126004006619713
-9.972361809045298 0.7106708216722932
-9.969899778071056 0.7092461509890384
-9.968693479527396 0.7085427135678266
-9.964947016549663 0.7064242014262163
-9.964035060953636 0.7058966588230184
-9.959953983829875 0.703517587939686
-9.958214848639253 0.7025344509989866
-9.954773869346806 0.7005747676799272
-9.952363814655723 0.6991810493661399
-9.951145508146706 0.6984924623115454
-9.947509718693972 0.6964169906964504
-9.946497743571204 0.6958319440478622
-9.942438994664299 0.6934673366834048
-9.940674700967543 0.69247054487791
-9.937185929648313 0.6904847843280084
-9.934820932455661 0.6891179245388788
-9.933660754107613 0.6884422110552642
-9.930052178904628 0.6864039965570683
-9.928953528391526 0.6857692000719204
-9.92491391454423 0.6834170854271235
-9.92312787912367 0.6824085456631668
-9.919597989949821 0.6804004588815324
-9.91727159256808 0.6790566447651951
-9.916094258708954 0.6783919597989829
-9.912575692766481 0.6763855891751716
-9.911402873064464 0.6757082961380867
-9.907379404746749 0.6733668341708423
-9.905574823716876 0.6723483274664002
-9.902010050251329 0.6703214125472057
-9.899716218826411 0.6689970889498209
-9.898589743913236 0.6683417085427017
-9.895081454589542 0.6663621097821908
-9.893846197222054 0.6656491123514972
-9.88983607116643 0.6633165829145611
-9.888015937665264 0.6622897751681531
-9.884422110552837 0.6602473002924354
-9.882155197686457 0.6589391466768149
-9.881006843027718 0.6582914572864205
-9.877570555307258 0.6563338700733983
-9.87628388231731 0.6555915397255729
-9.87228446382613 0.6532663316582799
-9.870451585997564 0.6522327844745028
-9.866834170854345 0.6501778107953697
-9.864588877992059 0.6488827182765071
-9.86348519758971 0.6482412060301392
-9.860043980164908 0.6463011515474433
-9.858716271341462 0.6455354802628221
-9.854725076226885 0.6432160804019986
-9.852882095535097 0.6421772620079285
-9.849246231155853 0.6401126665207117
-9.847017570622727 0.6388277149261796
-9.845887615708218 0.638190954773858
-9.842502606188747 0.6362642047832567
-9.841143668421871 0.6354808470697115
-9.837158344537903 0.6331658291457174
-9.835307754456105 0.6321231254317903
-9.83165829145736 0.6300516239164855
-9.829441548025247 0.628774058783895
-9.828350981675364 0.6281407035175768
-9.824947199425079 0.6262232486512103
-9.823566338302589 0.6254275645050855
-9.819584646627057 0.6231155778894362
-9.817728811744209 0.6220703036079103
-9.814070351758868 0.6199944737273535
-9.811861043630905 0.6187216831549991
-9.810740028763531 0.6180904522612956
-9.807378411937272 0.6161784694551251
-9.805984505709082 0.6153755683616646
-9.802004300931808 0.6130653266331549
-9.8001454765225 0.6120187367868333
-9.796482412060376 0.6099410414203668
-9.794276251159719 0.6086705326909163
-9.793190055181839 0.6080402010050143
-9.789796778546963 0.6061300200011823
-9.788398354598467 0.6053248060802767
-9.784417565170003 0.6030150753768737
-9.782557917274403 0.60196837683044
-9.778894472361884 0.5998911877192432
-9.77668732381274 0.5986205636199173
-9.775566600896722 0.5979899497487331
-9.772202713304479 0.5960780185894752
-9.77080802729625 0.5952752369964882
-9.766824634889618 0.5929648241205925
-9.764966260952335 0.5919191874666083
-9.761306532663392 0.5898448092433517
-9.759094373353399 0.5885717440095926
-9.758004732389907 0.5879396984924519
-9.754596505671419 0.5860225479233163
-9.753213623520523 0.5852268326194165
-9.749226740422085 0.5829145728643113
-9.747371212109085 0.5818709673945444
-9.7437185929649 0.5798009427701869
-9.741498930770213 0.5785236364346522
-9.74037139665032 0.5778894472361706
-9.736985294031188 0.5759656475408246
-9.73561780631756 0.5751788320786986
-9.731625945526265 0.57286432160803
-9.72977477481925 0.5718231440215042
-9.726130653266408 0.5697583318034676
-9.723901730798188 0.5684760309708095
-9.722803236866726 0.5678391959798894
-9.719366929837628 0.5659067035716667
-9.718019401007586 0.565131570997127
-9.714021347896717 0.5628140703517488
-9.712175486178356 0.5617761353201942
-9.708542713567915 0.5597182668994174
-9.70630158425245 0.5584292673851694
-9.705162564929825 0.5577889447236082
-9.701739675062868 0.5558452194364518
-9.700418020926485 0.5550851598501616
-9.696412336668276 0.5527638190954676
-9.694573280633943 0.5517299600198902
-9.690954773869423 0.5496806717125766
-9.68869857432535 0.5483833219084904
-9.6875860807401 0.547738693467327
-9.684103748625175 0.5457812576832559
-9.682813739724677 0.545039577594828
-9.678799009245056 0.5427135678391863
-9.676968219990368 0.5416846004622045
-9.673366834170931 0.5396454983549788
-9.671092751113175 0.538338180227548
-9.669936421871155 0.5376884422110457
-9.666459268501054 0.5357148520196526
-9.665206597111645 0.5349948128855582
-9.661181412147485 0.5326633165829051
-9.659360332280352 0.5316400486377866
-9.655778894472439 0.5296127277584555
-9.653484131102234 0.5282938376319661
-9.652352071713869 0.5276381909547645
-9.648806249596568 0.5256460067045152
-9.647596598309352 0.5249508642303633
-9.643559540110695 0.5226130653266239
-9.641749611203945 0.5215963063466242
-9.638190954773947 0.5195823700902329
-9.635872696593385 0.5182502991786437
-9.634693332988917 0.5175879396984833
-9.63114460142498 0.5155746958844931
-9.629983713442227 0.5149077401651194
-9.62593333508628 0.5125628140703427
-9.624136015504018 0.5115533853764678
-9.620603015075455 0.5095544652212762
-9.618258395063013 0.5082075798743286
-9.617101165798168 0.507537688442202
-9.613474125567999 0.5055008628686428
-9.612367876861404 0.5048654594466475
-9.608302685141677 0.5025125628140614
-9.606519468275797 0.5015113077001088
-9.603015075376963 0.49952908324732803
-9.60064113845774 0.4981657048771275
-9.599432835045283 0.4974874371859208
-9.59579451289446 0.49542441933377823
-9.594748986400143 0.49482405126544293
-9.590667423250142 0.4924623115577802
-9.588899856207112 0.49147010569245353
-9.58542713567847 0.48950632506312175
-9.583020802419334 0.4881247097179644
-9.581832482286273 0.4874371859296396
-9.578105340506 0.48534524445179095
-9.577126902556433 0.4847835554792237
-9.573027325962638 0.48241206030149897
-9.571277028745124 0.4814298223686002
-9.567839195979978 0.4794863229908639
-9.565397225435298 0.47808464054326727
-9.564153601066403 0.47738693467335835
-9.560406068374604 0.4752631839289654
-9.559501447597812 0.474744022868693
-9.555382111951268 0.47236180904521774
-9.553650797184272 0.4713905116444215
-9.550251256281486 0.46946924146473723
-9.547770207909617 0.4680455543804687
-9.546544265710398 0.4673366834170771
-9.542696035631257 0.46517804894558257
-9.541872404582262 0.4647055154172861
-9.537731440411843 0.4623115577889365
-9.536020933668992 0.461352238621509
-9.532663316582994 0.45945527777394624
-9.530139511146855 0.45800751942826423
-9.528853398099178 0.4572864321607959
-9.524974456458636 0.4550896149824082
-9.52423951628775 0.4546681066170102
-9.520074909310843 0.4522613065326553
-9.51838717010341 0.4513150798986816
-9.515075376884502 0.44944466286765916
-9.512504856241462 0.4479706153739551
-9.511233694973559 0.44723618090451467
-9.507240415533117 0.4449976205184045
-9.5066024840415 0.44463188180294644
-9.502411575068658 0.44221105527637405
-9.500748920106068 0.4412792030135
-9.49748743718601 0.4394380323190168
-9.494864993122398 0.4379351993806937
-9.493527259555421 0.43718592964823344
-9.489486999785738 0.43490009039101274
-9.488958903984809 0.43459752779186367
-9.484737785205686 0.4321608040200928
-9.483103370508728 0.43124541172831865
-9.479899497487517 0.4294379424516741
-9.47721778192083 0.42790188283957686
-9.475890150389585 0.4271356783919522
-9.471712747889661 0.42479660707827893
-9.47130850721908 0.4245651214119368
-9.467054252463297 0.4221105527638116
-9.465451592285431 0.4212134000505525
-9.462311557789025 0.41944287791762047
-9.459564594481646 0.4178702737949216
-9.458161905594894 0.417085427135671
-9.453919456096292 0.41468768379488985
-9.453651824834575 0.4145345109230876
-9.449361074016913 0.41206030150753037
-9.447793400709736 0.41118322075918634
-9.444723618090533 0.40945330800724733
-9.441904863084277 0.40784053445260593
-9.440507785812358 0.40703517587938975
-9.43610525312292 0.404572785888643
-9.43598825890052 0.40450586716268155
-9.431657323965657 0.40201005025124914
-9.430128185332006 0.40115504826840276
-9.427135678392041 0.3994697465593928
-9.424237964830423 0.397812842783571
-9.42275647974987 0.3969849246231085
-9.418341708542794 0.39449288757403167
-9.41831788946857 0.39447916725881704
-9.418268800065238 0.39445153081545126
-9.413941987833967 0.3919597989949679
-9.412455278624185 0.3911290733005002
-9.409547738693549 0.3894927531813046
-9.40656321964364 0.3877873930953726
-9.405081948997445 0.3869346733668273
-9.400641269111253 0.3844542533336286
-9.400409074467799 0.3843236264451839
-9.396213958918576 0.3819095477386867
-9.394773953880405 0.38110550348573025
-9.391959798995057 0.37952293449283037
-9.38887988815271 0.3777643966369313
-9.38730293656864 0.37688442211054607
-9.38316582914581 0.37455259020839815
-9.382955891541863 0.37443184146903175
-9.382521892726913 0.37418787746250537
-9.378472034373146 0.37185929648240545
-9.377083422995781 0.3710845639969147
-9.374371859296565 0.3695609453907913
-9.371187169452483 0.36774408223828825
-9.369603951652083 0.36683417085426484
-9.365260943107858 0.3644121641371836
-9.364604576846569 0.36404351872569407
-9.360714911009648 0.3618090452261242
-9.359382834116685 0.36106649822080694
-9.356783919598072 0.35960749032907113
-9.353484198735416 0.3577266969873145
-9.351791737001225 0.3567839195979836
-9.347989949748825 0.3546448825887296
-9.34755554609532 0.3543954721134863
-9.346654212003065 0.3538897174279816
-9.342941180793574 0.351758793969843
-9.341671269155231 0.35105156846822805
-9.33919597989958 0.3496633246094749
-9.335770044786436 0.34771250694545763
-9.334063563094041 0.3467336683417024
-9.329838756204131 0.3443820351979765
-9.328667631453463 0.3437255687856684
-9.325149326008022 0.34170854271356177
-9.323947741160252 0.3410400567252294
-9.321608040201088 0.3397292556778888
-9.31804370733343 0.3377017979047521
-9.316211714888963 0.33668341708542115
-9.312814070351841 0.3347757827507465
-9.312109559877811 0.33437214297821694
-9.310641399834502 0.3335500912663969
-9.307337714059363 0.33165829145728054
-9.306211191536514 0.3310322654475897
-9.304020100502596 0.3298061444196225
-9.300304114245074 0.3276948761884322
-9.29844886840012 0.3266331658291399
-9.29436687147986 0.3243661056360665
-9.292571794657851 0.3233622213020704
-9.289504591894856 0.3216080402009993
-9.288460487103583 0.3210285184011479
-9.286432160804104 0.3198949064471597
-9.282550118567391 0.3176920694976335
-9.28054992316667 0.3165829145728587
-9.277638190954857 0.314952149685646
-9.276609530307903 0.31436425480077546
-9.274454785782352 0.31316080742378727
-9.271648080000112 0.3115577889447181
-9.270694416985238 0.3110291615505396
-9.268844221105612 0.3099965133727407
-9.26478049539002 0.30769372780674686
-9.262746104821979 0.30653266331657747
-9.258836297436753 0.304366944450968
-9.256286012614844 0.302944603747787
-9.253766165941652 0.30150753768843686
-9.252911689320099 0.3010345639990142
-9.25125628140712 0.30011199405730515
-9.246994211088234 0.29770014643712095
-9.244792072904849 0.29648241206029624
-9.242462311557873 0.29518125991891075
-9.241046511837423 0.2943743634520688
-9.238063534158128 0.29271305570344097
-9.23585838842492 0.2914572864321556
-9.235112079222628 0.2910447899995843
-9.233668341708627 0.2902413722531323
-9.229190709657408 0.2877114842472208
-9.226942316500672 0.286432160804015
-9.223238951670652 0.2843868609010105
-9.219781666792471 0.282464539399399
-9.217921520168638 0.2814070351758744
-9.217293447167165 0.2810604508452945
-9.216080402010135 0.28038655367993925
-9.211367735084375 0.27772838581223613
-9.20892472621718 0.2763819095477338
-9.207286432160888 0.2754699790418238
-9.20541156890946 0.2744050219483576
-9.201433700327652 0.2721971376384529
-9.199952821903654 0.27135678391959317
-9.199454059530389 0.2710820418570945
-9.198492462311643 0.2705488101643967
-9.193523685633417 0.26775130877094533
-9.191019543133498 0.26633165829145256
-9.18756278914524 0.264429296425142
-9.18301372792084 0.26190916275122333
-9.181949679375899 0.26130653266331194
-9.181592275520513 0.26111003183263737
-9.180904522613151 0.2607294040706085
-9.175656903711893 0.2577807267212453
-9.172926076115445 0.2562814070351713
-9.172110552763904 0.2558292187896374
-9.169690937917414 0.25446016274866956
-9.164515344608631 0.25159878474816555
-9.163909315400819 0.2512562814070307
-9.16370635038886 0.25114491927154425
-9.163316582914659 0.2509296636551577
-9.157765627134145 0.24781714314475156
-9.154956217809291 0.2462311557788901
-9.151794235522159 0.24449812940574933
-9.145931600257729 0.24126401787690988
-9.145828762768094 0.24120603015074948
-9.145794429983903 0.24118723393139607
-9.145728643216167 0.24115098458434936
-9.139847983610549 0.2378610929813565
-9.13693467336692 0.2362686953222921
-9.136777277708601 0.23618090452260887
-9.133870791435436 0.23454373654610539
-9.128140703517674 0.23139018196737382
-9.127863133509377 0.23123508461112507
-9.127722144859126 0.23115577889446826
-9.127263005199461 0.2309050079464079
-9.121901984823682 0.22791314432175458
-9.11872903998444 0.22613065326632764
-9.115918598317574 0.2245975576953585
-9.110552763819182 0.22165192055401128
-9.109904664894866 0.22129069875941987
-9.109564607229036 0.22110552763818703
-9.108495897166895 0.22051785145181935
-9.103925520056494 0.21797390022795682
-9.1005458372029 0.2160804020100464
-9.097935525563864 0.21466020159771126
-9.09296482412069 0.21193885171157234
-9.091914899650554 0.21135525480194417
-9.09137870400762 0.2110552763819058
-9.08961951728224 0.21009947442806265
-9.085916349334509 0.20804400069267448
-9.082311417229201 0.20603015075376518
-9.079919312362872 0.20473231419928695
-9.075376884422198 0.20225262647403408
-9.073891555975422 0.20142940468184634
-9.07310775981453 0.20100502512562457
-9.070624162413486 0.19964710455170742
-9.06787209604108 0.19812412474923136
-9.064021863869124 0.19597989949748396
-9.061867560221192 0.1948145807839161
-9.057788944723706 0.19259496928203124
-9.05583221332698 0.19151383998269367
-9.054826691443433 0.19095477386934334
-9.051499234566345 0.1891577138243825
-9.049790238961759 0.18821499274461662
-9.0456729907784 0.18592964824120273
-9.04377772491041 0.1849077282740046
-9.040201005025214 0.18296767922179846
-9.037734304269751 0.18160929425747963
-9.036424158715086 0.1809045226130621
-9.032233138967326 0.1786279894536662
-9.031668103710587 0.17831736878910043
-9.027260321051987 0.1758793969849215
-9.02564710778896 0.1750125277099963
-9.022613065326722 0.17337263117777457
-9.019595105691675 0.17171654553822258
-9.018033223788203 0.17085427135678088
-9.01351237073779 0.1684293441826208
-9.012821724334431 0.1680567453589834
-9.008779064780926 0.16582914572864027
-9.007472846448637 0.16512979692280982
-9.00502512562823 0.16381177688315862
-9.001411840773908 0.16183638720173388
-8.999478538564768 0.16080402010049966
-8.996231155778982 0.15905306071237035
-8.995320110125379 0.15855175604460126
-8.9932521847199 0.15744032269812003
-8.99022533803595 0.15577889447235904
-8.989252722483805 0.15526016974262546
-8.987437185929737 0.1542863601091211
-8.98318243448304 0.1519694121147035
-8.980963044539841 0.15075376884421843
-8.977081220009772 0.1486874906217821
-8.973504424326597 0.14677297981474968
-8.971593662478458 0.1457286432160778
-8.970983544170677 0.14540455809052588
-8.969849246231245 0.1447987228818306
-8.964903106613946 0.14211670033573665
-8.962234636769297 0.1407035175879372
-8.961055276381998 0.1400728903808881
-8.958791628014687 0.13883771145024149
-8.953559146345324 0.1360492033348164
-8.952877618866777 0.13567839195979658
-8.952661446789136 0.13556406617225836
-8.952261306532753 0.13535131095590813
-8.94657024574901 0.13227928369844033
-8.943574657255501 0.13065326633165597
-8.940447882874341 0.12900340460591853
-8.93467336683426 0.12594031676510564
-8.934294622062568 0.12573635349542744
-8.934094776826296 0.12562814070351536
-8.933407979391637 0.12526660143419477
-8.928180215379543 0.12245820120529416
-8.924745441752222 0.12060301507537474
-8.922046312050005 0.11918561938559247
-8.917085427135769 0.1165671033033675
-8.915881381485312 0.11592190249022227
-8.915242809085358 0.11557788944723413
-8.913031729347313 0.11441969007910391
-8.909729143419904 0.11265455916648381
-8.905817224463503 0.11055276381909351
-8.903583004225707 0.10938547330811321
-8.899497487437277 0.10724030723855904
-8.897405700734422 0.10612529153462535
-8.896257457107117 0.1055276381909529
-8.892396818925647 0.10349887575905914
-8.8912129031561 0.10286953664314868
-8.88678259989616 0.10050251256281229
-8.88505378982716 0.09960415768041919
-8.881909547738784 0.09796241193542077
-8.878863366523735 0.09634772442468531
-8.877229610683576 0.09547738693467167
-8.87264188803342 0.09310016407949195
-8.871489620096987 0.09250026475130113
-8.867633564498703 0.09045226130653106
-8.866454219288087 0.08984294380716129
-8.864321608040292 0.08873599405922405
-8.860249881324041 0.0865904861687472
-8.8579885403882 0.08542713567839044
-8.855527638191045 0.08414900393930136
-8.854014330507182 0.08334694648828123
-8.850282814893308 0.08141605192210921
-8.84836145283513 0.08040201005024983
-8.847779538742655 0.08010318993571985
-8.8467336683418 0.07956372622149477
-8.841560438462079 0.07685495010202992
-8.838750630117831 0.07537688442210921
-8.835309956645899 0.0736156764213689
-8.829145728643308 0.07044656332798738
-8.829028339307648 0.07038529860415732
-8.828962507683052 0.0703517587939686
-8.828733532252288 0.07023398839653439
-8.822789894174452 0.06714258587121513
-8.819313862689286 0.06532663316582799
-8.816523563004981 0.06390784057720911
-8.811557788944816 0.061372363106713124
-8.810225912135103 0.06068204376903452
-8.809494877141178 0.06030150753768737
-8.806827780653988 0.05895007659745044
-8.80393273615817 0.05745496842001696
-8.799731927142256 0.05527638190954676
-8.797649571055178 0.054225032821302754
-8.793969849246324 0.05235985803249665
-8.79133488775295 0.05100410242236997
-8.789835801092226 0.05025125628140614
-8.785175879397077 0.04788883101306585
-8.784988921683064 0.04779210995705352
-8.784501630775965 0.04754605100416054
-8.779993425587096 0.04522613065326553
-8.778681990714318 0.04456896460569748
-8.776381909547831 0.04341208895242499
-8.7723492004698 0.04135320761884831
-8.770101078575879 0.040201005025124914
-8.765984908609921 0.038146451093530764
-8.76172889137337 0.03601442840384994
-8.760085894922925 0.0351758793969843
-8.75961437902769 0.03494147677459836
-8.75879396984934 0.03453220800530854
-8.753262322750913 0.03173122436839382
-8.750152005384546 0.030150753768843686
-8.746878390685646 0.028530079330329805
-8.741206030150847 0.025712646781001602
-8.740462837427268 0.025337968918868192
-8.740043109602272 0.02512562814070307
-8.738439509449906 0.02433519365471959
-8.734066584299555 0.022140344184360394
-8.730016059670323 0.020100502512562457
-8.727661783092788 0.018945161758153084
-8.723618090452355 0.016954598543359012
-8.72122523218794 0.015759050674254205
-8.719822840664193 0.015075376884421843
-8.714824120603108 0.012615577159125202
-8.714757150936109 0.01258194826092307
-8.71456979036564 0.012490148288217817
-8.709678474341906 0.010050251256281229
-8.708328152568754 0.009393679309169123
-8.706030150753863 0.008273147902505329
-8.701869250237042 0.006213954347233042
-8.699474080501943 0.005025125628140614
-8.695378543032252 0.0030433164918886035
-8.690057263564077 0.0004614435739158651
-8.689115986840632 0.