-10.176969102117264 0.
-10.179245280158101 0.0011919443626009496
-10.183417085427203 0.0033654207545348314
-10.185493848019066 0.004431764887608658
-10.186655155367834 0.005025125628140614
-10.19052802768298 0.007056823415505065
-10.19173009274838 0.007675106307373447
-10.192211055276449 0.00792834612293003
-10.196323490794665 0.010050251256281229
-10.1980030495383 0.010907958566965803
-10.201005025125696 0.012477300597058871
-10.204248866055655 0.014148565190147622
-10.20605682784309 0.015075376884421843
-10.210467319733592 0.017396989767449078
-10.212072583481111 0.0182375364145404
-10.215701043241204 0.020100502512562457
-10.216717419402007 0.020636372633185296
-10.218592964824188 0.021619984757702326
-10.22296099838253 0.023877618552605284
-10.225388031740016 0.02512562814070307
-10.22917737007113 0.027126637984003388
-10.233448788266069 0.029370149124098077
-10.234952183631233 0.030150753768843686
-10.235391235912374 0.030376373371788112
-10.23618090452268 0.03079174635244808
-10.241633063119718 0.033618119797830914
-10.244653766016484 0.0351758793969843
-10.247847845386982 0.03686759334961032
-10.253768844221172 0.03998650217358879
-10.254035361048636 0.04012485736013538
-10.254182819058329 0.040201005025124914
-10.25466624286276 0.04045740463700742
-10.260267797867451 0.04336928675432894
-10.262562814070417 0.044590397427570316
-10.263782081260828 0.04522613065326553
-10.266481473075784 0.046619076608659604
-10.271356783919664 0.049194094605777394
-10.272668009000911 0.04987662054390718
-10.273391588250792 0.05025125628140614
-10.275753924554506 0.051507582177075406
-10.27886763839657 0.05313042348757424
-10.283007253269501 0.05527638190954676
-10.285080584827199 0.056380421564106165
-10.288944723618156 0.05842652376715929
-10.291266534228336 0.05963813307763566
-10.292544666544952 0.06030150753768737
-10.296701425788704 0.06251770815784408
-10.297434835902743 0.06290088679880323
-10.297738693467402 0.06306336702678017
-10.302057848038734 0.06532663316582799
-10.303647462959654 0.06615097612496879
-10.306532663316649 0.06768232384322204
-10.309833231397102 0.06940873934241054
-10.311646027283766 0.0703517587939686
-10.315991912254628 0.07267424186840099
-10.317539544548225 0.07349658200299025
-10.321150211462616 0.07537688442210921
-10.322184284507346 0.07593011828147933
-10.32412060301514 0.07696009737413778
-10.328370256118976 0.07918782344915343
-10.33069937719032 0.08040201005024983
-10.334529274866304 0.08245322943520073
-10.3382683824966 0.08444423275923896
-10.34013602820745 0.08542713567839044
-10.340693094595995 0.08571726371200139
-10.341708542713633 0.0862585131260829
-10.346879633259705 0.08897480686479575
-10.349708175245816 0.09045226130653106
-10.353039350365895 0.09224001331973941
-10.358888897996119 0.09536093424438441
-10.35911163476473 0.09547738693467167
-10.359175814244788 0.09551186355391117
-10.359296482412125 0.09557630398173256
-10.36536326464668 0.09876914621008215
-10.368675649917448 0.10050251256281229
-10.37152402155584 0.10203405557846246
-10.376884422110617 0.10489924838944908
-10.377657853495764 0.10530665779519666
-10.37807977013075 0.1055276381909529
-10.379432578333237 0.10625568282598685
-10.38382293622656 0.10857033121453874
-10.387604814903055 0.11055276381909351
-10.389985056323425 0.11183485110071789
-10.39447236180911 0.11423745059815182
-10.396120376470178 0.11510702811550022
-10.39701791244673 0.11557788944723413
-10.399888405688355 0.11712533055558971
-10.40226032471892 0.11837788281542849
-10.403266331658354 0.11892152136084189
-10.406441597980955 0.12060301507537474
-10.408424114217407 0.12164192572971544
-10.412060301507601 0.12359189304506035
-10.414561225851314 0.12491359089102616
-10.415921195771244 0.12562814070351536
-10.420260428157073 0.127971034031936
-10.420677003807837 0.1281913513887316
-10.425359282016725 0.13065326633165597
-10.426842752569414 0.13145483451356466
-10.429648241206094 0.13296152552925555
-10.432981942736086 0.13472590580837007
-10.434792209097976 0.13567839195979658
-10.439094340608658 0.1380046320443471
-10.440574815328796 0.1388002702805684
-10.444158501756426 0.1407035175879372
-10.445242432197581 0.14127316007565227
-10.447236180904586 0.14234535282748428
-10.451383972449753 0.1445435599174587
-10.453633368633843 0.1457286432160778
-10.457498837081918 0.14782158136498058
-10.460823848872495 0.14961083406405162
-10.46299190921534 0.15075376884421843
-10.463624522726626 0.15109651109463318
-10.464824120603078 0.15174243275240595
-10.469768669808671 0.15436616612790388
-10.472446928703558 0.15577889447235904
-10.475886255341209 0.1576434101753197
-10.48100814931987 0.1604029026771565
-10.48176157299364 0.16080402010049966
-10.481990307555314 0.16092452088514353
-10.48241206030157 0.16115187425185606
-10.488137304035545 0.1641933618046476
-10.491234991794071 0.16582914572864027
-10.494257850513813 0.1674697598675685
-10.500000000000062 0.1705668380345573
-10.50035169854953 0.1707537860569328
-10.500541880571125 0.17085427135678088
-10.501143496522532 0.17118098464891496
-10.506490831815059 0.17402487360920826
-10.508793969849307 0.17527819635841357
-10.509921360459822 0.1758793969849215
-10.5126143637189 0.1773004186933944
-10.517587939698554 0.1799858076387295
-10.51871133460573 0.18058355263958337
-10.519318227898511 0.1809045226130621
-10.521235256178118 0.1819466130357945
-10.5248302992876 0.18386040264433223
-10.528741053069746 0.18592964824120273
-10.530957294165166 0.1871349583074542
-10.535175879397046 0.18941478951381896
-10.537057832931296 0.19041707285955756
-10.538073622726886 0.19095477386934334
-10.541277966587176 0.19269822735223752
-10.543157228790925 0.19369951395637575
-10.543969849246292 0.19414252368208107
-10.547409143002351 0.19597989949748396
-10.549287878041563 0.1969730255129054
-10.552763819095539 0.19885309024938191
-10.555392173706881 0.2002540666652406
-10.556809682860946 0.20100502512562457
-10.561275793495152 0.20343701781122814
-10.561472557673612 0.2035419397314584
-10.566167496136966 0.20603015075376518
-10.56760704111261 0.2068143558055997
-10.57035175879403 0.20830005823836206
-10.573715271221056 0.2100942728313271
-10.57552791211439 0.2110552763819058
-10.579797010348525 0.21338175870876253
-10.581252055198812 0.21416964678327233
-10.584823289207682 0.2160804020100464
-10.58591564658793 0.2166587025542155
-10.587939698492523 0.21775508172057823
-10.592027977750591 0.21993744785016744
-10.594229707619782 0.22110552763818703
-10.59811391611937 0.2232237339443719
-10.60119318261162 0.22489223738650033
-10.603526742478397 0.22613065326632764
-10.604214498721735 0.22650583597183616
-10.605527638191015 0.22721758696511785
-10.610331087092113 0.22978336492272522
-10.612916366432293 0.23115577889446826
-10.616421378759668 0.23306840721727973
-10.62109980981282 0.23560497078641252
-10.622184406950787 0.23618090452260887
-10.622504346097486 0.23635554217747234
-10.623115577889507 0.23668703657517032
-10.628625337788934 0.2396318130366275
-10.63158909151815 0.24120603015074948
-10.634720126824664 0.24291557036884548
-10.640703517588 0.24616146442602282
-10.64078847347576 0.2462068826681012
-10.640834160172767 0.2462311557788901
-10.640977486809364 0.24630943269928007
-10.646911416090484 0.24948259612060664
-10.649497487437245 0.2508974678878042
-10.650166735159226 0.2512562814070307
-10.653010836931786 0.25276503007980367
-10.658291457286492 0.25563112675288124
-10.659083907591484 0.25605499266231657
-10.659509855593472 0.2562814070351713
-10.660845152610666 0.25701103427064975
-10.665189958676544 0.2593355322661548
-10.668897114163068 0.26130653266331194
-10.671294136444327 0.26261660710349943
-10.675879396984984 0.2651064267797363
-10.67737205426168 0.26590518478382474
-10.678174015204982 0.26633165829145256
-10.68068641854839 0.2677050930238547
-10.683461555173796 0.26919045300850364
-10.684673366834229 0.269854045351936
-10.687473711622223 0.27135678391959317
-10.689570605953305 0.2724701355567847
-10.693467336683476 0.2745869504187004
-10.695653485059422 0.27575729572603525
-10.696827571612516 0.2763819095477338
-10.700503605211821 0.2783922719844041
-10.701726750488438 0.2790472026601707
-10.706161713296188 0.2814070351758744
-10.707840781580247 0.28232546226208033
-10.711055276381968 0.2840723134306389
-10.713928727331918 0.2856111748183148
-10.715471382970158 0.286432160804015
-10.719990346196948 0.28890440934216155
-10.720303092745135 0.28907439405063506
-10.724740364554197 0.2914572864321556
-10.726105157120527 0.2921824461349942
-10.72864321608046 0.29356216020894
-10.732198266319184 0.29546668342066074
-10.734106236787875 0.29648241206029624
-10.738265133180112 0.2987584185171075
-10.74009905297225 0.29975550831509246
-10.743389625747799 0.30150753768843686
-10.744364186044105 0.3020409576126788
-10.746231155778952 0.3030561626209902
-10.750462593260988 0.30532368117885245
-10.752732989979409 0.30653266331657747
-10.756534869505584 0.30861387073710844
-10.759877176427896 0.3104315263591326
-10.761973256202413 0.3115577889447181
-10.762618498915392 0.3119008165338757
-10.763819095477444 0.31255382443531143
-10.76872227708656 0.31518200554168274
-10.771352388077714 0.3165829145728587
-10.774799966695968 0.3184706484242783
-10.779638727229617 0.32110280935919366
-10.780587152556599 0.3216080402009993
-10.78086825517437 0.32176197734430456
-10.781407035175937 0.32205509336344385
-10.786977404057668 0.32504163186293056
-10.789878939987531 0.3266331658291399
-10.790201005025182 0.3268079502603234
-10.793060544925156 0.32832871724321766
-10.798994974874429 0.3315576388959096
-10.799117434594825 0.33162330296573916
-10.79918310037733 0.33165829145728054
-10.79938822714231 0.33177064924810384
-10.80522829489248 0.33490246850883487
-10.808570421278395 0.33668341708542115
-10.811316956547582 0.33818797652123234
-10.81658291457292 0.3410537676660157
-10.817379445488285 0.34148096245202897
-10.817806480654314 0.34170854271356177
-10.819140064419171 0.342439156955348
-10.823475274056058 0.3447644227750919
-10.825376884422166 0.34580790232556335
-10.82709848328763 0.3467336683417024
-10.829569517382852 0.3480483360241484
-10.834170854271413 0.35055288495690284
-10.83563766426792 0.35133970539941206
-10.83642391284273 0.351758793969843
-10.838878648542122 0.3531038780471887
-10.841718630973507 0.3546274119688144
-10.845764127298875 0.3567839195979836
-10.847818508382321 0.35790971548015094
-10.851758793969905 0.36005479028087795
-10.85389236339068 0.36119945396304587
-10.855035837928789 0.3618090452261242
-10.858605051538188 0.36376511881706275
-10.859958621630353 0.36449136295127893
-10.86055276381915 0.36481749172619615
-10.86430190321937 0.36683417085426484
-10.866064177221817 0.36777204412471676
-10.869346733668397 0.36955930627104294
-10.872143782200794 0.371060139758864
-10.873642642030031 0.37185929648240545
-10.878197191157648 0.3743557199707599
-10.878321918195931 0.3744236349188439
-10.882936973139664 0.37688442211054607
-10.88430673982175 0.3776352602663007
-10.88693467336689 0.3790662776954461
-10.890392128441748 0.38092170343158394
-10.892244658975716 0.3819095477386867
-10.896451390546472 0.3842156113155175
-10.89804684963546 0.3850844552439927
-10.90148567917502 0.3869346733668273
-10.902546381796089 0.38749931087233946
-10.904522613065382 0.38857557050733327
-10.90863757969691 0.3907840942431031
-10.910842172753467 0.3919597989949679
-10.914702718260871 0.394076323138683
-10.917761917656282 0.39574245744951053
-10.920091584478387 0.3969849246231085
-10.92078325983186 0.3973641511751129
-10.922110552763874 0.39808707093221773
-10.926880284760498 0.40064726968078457
-10.92943541982737 0.40201005025124914
-10.93295131517508 0.40393781519047334
-10.937467667168521 0.40639779722400515
-10.93865206766069 0.40703517587938975
-10.93901750300086 0.4072297442969628
-10.939698492462366 0.40760068459228904
-10.945120364940708 0.41051119508514766
-10.94802459133261 0.41206030150753037
-10.951197294804677 0.41380005503786776
-10.957164526585668 0.41705059697133073
-10.957229822582114 0.417085427135671
-10.95724921400544 0.41709606089436146
-10.957286432160858 0.4171163356684371
-10.963357915296777 0.420375843296406
-10.966609835151552 0.4221105527638116
-10.96944074453488 0.4236630177136602
-10.97487437185935 0.4266231366081916
-10.975497453448215 0.42695765508084804
-10.9758311659979 0.4271356783919522
-10.976871755273802 0.42770635936750967
-10.981593005811915 0.43024119431936025
-10.985191257876073 0.4321608040200928
-10.987681726784643 0.43352668538386396
-10.992462311557842 0.4361312516544942
-10.993744382283364 0.43681962372665595
-10.994430967064119 0.43718592964823344
-10.996571690224092 0.43836003783859034
-10.9998256680052 0.4401072391485581
-11.001256281407088 0.44089309448127434
-11.003704607493594 0.44221105527637405
-11.005920203718444 0.4433910688586282
-11.010050251256335 0.44564143119379906
-11.01198871899774 0.44668233297839866
-11.013026757885637 0.44723618090451467
-11.016262722778658 0.44901117276803504
-11.018055757464003 0.44997401904475076
-11.022342496043994 0.4522613065326553
-11.024156152877744 0.4532561745546797
-11.027638190954827 0.4551535935135522
-11.030230597720163 0.4565457445135568
-11.031618715677222 0.4572864321607959
-11.035945523896485 0.4596599558584131
-11.036283511398539 0.45984146623359035
-11.036432160804072 0.45992313503913973
-11.040868383877614 0.4623115577889365
-11.042389751042307 0.4631219519635108
-11.045226130653319 0.4646676621660113
-11.048470089013792 0.46640983817122716
-11.050206949945524 0.4673366834170771
-11.054524273554442 0.46970519678775435
-11.055635484144087 0.47031078441443963
-11.059478837294726 0.47236180904521774
-11.060620957937365 0.47298841259220215
-11.062814070351811 0.47418366888158126
-11.066707145798443 0.4762746274028924
-11.068791381283155 0.47738693467335835
-11.0727672262584 0.479568301471045
-11.07532163238023 0.4809605238243355
-11.078017244006443 0.48241206030149897
-11.078849714864651 0.48285557321168504
-11.080402010050303 0.48370165828933853
-11.084941702600146 0.4861401309153992
-11.087371899868522 0.4874371859296396
-11.09100762632169 0.4894321354802411
-11.094999005133102 0.49160775595329653
-11.096600044520024 0.4924623115577802
-11.097075945385207 0.49272345566166287
-11.097989949748795 0.4932216874577504
-11.103173676226671 0.49600637247795554
-11.105948366599439 0.4974874371859208
-11.109245383746037 0.49929672452913465
-11.114667226412447 0.5022523733755353
-11.115150321066682 0.5025125628140614
-11.115299555957831 0.5025920866681917
-11.115577889447287 0.5027438254661858
-11.121402966398714 0.5058733807417948
-11.124520614153651 0.507537688442202
-11.127480391458649 0.5091620992099539
-11.13316582914578 0.5122618048364815
-11.133531575205158 0.512458315196235
-11.133727315426492 0.5125628140703427
-11.134336951519034 0.5128974204627008
-11.139629456338076 0.5157411890721129
-11.141959798995025 0.5170221881063952
-11.143010045464136 0.5175879396984833
-11.145712525893018 0.5190282948274128
-11.150753768844272 0.5217771405046925
-11.151769388797415 0.522322888197154
-11.15231286011438 0.5226130653266239
-11.154005169377761 0.5235420369076209
-11.15785301331405 0.5256098353919709
-11.161651647216075 0.5276381909547645
-11.163941647527766 0.5288953512447643
-11.168341708542764 0.5312949235019513
-11.17000410684264 0.5321883456400833
-11.170893552509288 0.5326633165829051
-11.173662567781856 0.5341835620797886
-11.176073489148905 0.5354793620378624
-11.177135678392009 0.53606341905778
-11.180151464404274 0.5376884422110457
-11.182167601384455 0.5387633127415601
-11.185929648241256 0.5408152713760277
-11.18823556749637 0.5420547337662969
-11.189469128661324 0.5427135678391863
-11.193308488399625 0.5448218078844347
-11.194290720683357 0.5453498156267269
-11.198763132025068 0.547738693467327
-11.200390217485163 0.5486322278829228
-11.203517587939748 0.550338312232963
-11.20646359389373 0.5519221031086152
-11.208039299828302 0.5527638190954676
-11.212510589028527 0.5552195158410997
-11.212948238218836 0.555458290603779
-11.217272040107202 0.5577889447236082
-11.21860931127042 0.5585021494001277
-11.22110552763824 0.5598641844820618
-11.224687994559108 0.561790508374358
-11.226603753190531 0.5628140703517488
-11.230740318523887 0.5650863985839907
-11.232588400127607 0.5660948910629964
-11.235852806518576 0.5678391959798894
-11.236824683978021 0.5683731340823783
-11.238693467336732 0.5693930366109576
-11.242908563776414 0.5716600083395491
-11.245162071648812 0.57286432160803
-11.24896607864095 0.5749544154349646
-11.25221432894771 0.5767274249254521
-11.254369117083177 0.5778894472361706
-11.255035994563235 0.5782452793710249
-11.256281407035225 0.5789251528211752
-11.261124822427695 0.581530739895034
-11.263713668505252 0.5829145728643113
-11.267187316637395 0.5848237243204029
-11.2718243108208 0.5873554025173329
-11.272917262749178 0.5879396984924519
-11.27324288465701 0.5881186876572251
-11.273869346733717 0.5884607656095975
-11.279336678166187 0.5914027294256003
-11.282258286005641 0.5929648241205925
-11.285404160922997 0.5946942885517954
-11.291418626495968 0.5979789040526642
-11.291439282596066 0.5979899497487331
-11.291445438954225 0.5979933347424424
-11.291457286432209 0.5979998058253679
-11.29754407793494 0.601275992090379
-11.300795825420295 0.6030150753768737
-11.303616415784385 0.6045661640472497
-11.309045226130701 0.6075318042091009
-11.309662185729113 0.6078639268340398
-11.309991737345962 0.6080402010050143
-11.31101499461843 0.6086029920015088
-11.315746764219371 0.6111506014649635
-11.317839195979946 0.61230318582491
-11.319251114003261 0.6130653266331549
-11.321823815586555 0.6144394267024804
-11.326633165829193 0.6170675026423229
-11.327874303747699 0.6177358414274368
-11.328537057336511 0.6180904522612956
-11.330593902210289 0.6192220912273232
-11.33394446406884 0.6210266355352516
-11.337847958391086 0.6231155778894362
-11.340026079271796 0.6243141568196906
-11.344221105527685 0.6266073255438398
-11.346081131982515 0.6276092673876255
-11.347074030111399 0.6281407035175768
-11.350153839985543 0.6298357705055357
-11.352136889598677 0.6309041765540053
-11.35301507537693 0.6313882437825162
-11.356305912498057 0.6331658291457174
-11.358222910840823 0.6341904389701041
-11.361809045226178 0.6361514971233095
-11.364282366238346 0.6374842916275245
-11.365602163291717 0.638190954773858
-11.369693609937038 0.6404436875483892
-11.370323738415534 0.6407833109193257
-11.374866399318815 0.6432160804019986
-11.37641399975733 0.6440683618783813
-11.37939698492467 0.6457002523562458
-11.38247768774797 0.6473610052234813
-11.38412094103976 0.6482412060301392
-11.388514527851553 0.6506613193934561
-11.38922168471594 0.6510482631133598
-11.393324676044125 0.6532663316582799
-11.394599021278154 0.6539480183282826
-11.396984924623162 0.6552538368538796
-11.400666763481416 0.6572395033269194
-11.402629824666583 0.6582914572864205
-11.40670764470323 0.6605386628916845
-11.40873546348847 0.6616487541050802
-11.41184710560548 0.6633165829145611
-11.412777636711073 0.6638295050890122
-11.414572864321654 0.6648125067902857
-11.418849246382795 0.6671198850966613
-11.421128253127383 0.6683417085427017
-11.424893977558565 0.6704179446745817
-11.428224908536823 0.6722422926041789
-11.430303139488059 0.6733668341708423
-11.430949493602007 0.6737129228617391
-11.432160804020146 0.6743765288862553
-11.437024775536479 0.6770022536514597
-11.439615643408157 0.6783919597989829
-11.443073156928062 0.6802992703105764
-11.447688600249087 0.6828284730072518
-11.448785679412106 0.6834170854271235
-11.449114225853103 0.6835983762458477
-11.449748743718638 0.6839461804496292
-11.455192976263994 0.6868867160423049
-11.458091390806667 0.6884422110552642
-11.461244799432595 0.69018274933656
-11.46712507123984 0.6934068760613217
-11.46723668595089 0.6934673366834048
-11.467271453772998 0.6934859737245853
-11.46733668341713 0.6935217494720876
-11.473353460152818 0.6967733832442065
-11.476554869110378 0.6984924623115454
-11.479408507810462 0.7000684952558771
-11.484924623115623 0.7030947778423666
-11.485436311445739 0.7033713912739383
-11.485708503277664 0.703517587939686
-11.486548084800834 0.7039814341354607
-11.491505825017923 0.7066623701671695
-11.493718592964868 0.7078866379038624
-11.494928696200352 0.7085427135678266
-11.497563959715482 0.7099566001674358
-11.502512562814115 0.7126731759356648
-11.50359492617627 0.7132585925210657
-11.504170350817864 0.7135678391959672
-11.50594401887855 0.7145482552143774
-11.509650400740917 0.7165535825593077
-11.513443897999814 0.7185929648241078
-11.51571164209356 0.7198469249438357
-11.520100502512607 0.7222577089404512
-11.52174554048731 0.7231480796023337
-11.522619500108235 0.7236180904522485
-11.525310453878925 0.7251066479854824
-11.527786436576001 0.7264472349194193
-11.528894472361852 0.7270610599807368
-11.531808845048797 0.7286432160803891
-11.53385009879767 0.7297398856270831
-11.537688442211099 0.7318498637914006
-11.53988636921203 0.7330403625654069
-11.541053208883179 0.7336683417085297
-11.544641855742661 0.7356550312889754
-11.545912752284805 0.7363436644584684
-11.550277272619114 0.7386934673366703
-11.551978587881358 0.7396356942018798
-11.555276381909591 0.7414499725234185
-11.558016977723172 0.7429355655895016
-11.559470786221357 0.7437185929648109
-11.563936637677093 0.7461929517555257
-11.56402891811319 0.7462429939633513
-11.564070351758836 0.7462659835845615
-11.568627198121623 0.7487437185929515
-11.57009667016305 0.7495344761486749
-11.572864321608083 0.7510583791618686
-11.576136917187194 0.7528338169127746
-11.577871519885731 0.7537688442210921
-11.582149359286374 0.7561411019411501
-11.583207686949214 0.7567240914614146
-11.587045995170552 0.7587939698492328
-11.588203891806259 0.7594363611350374
-11.590452261306575 0.760675440558745
-11.594245723683159 0.7627352490840638
-11.596254675098564 0.7638190954773734
-11.600259683728318 0.7660421004135873
-11.602439707238094 0.7672440800292355
-11.605377380780594 0.768844221105514
-11.606299783441006 0.7693414832666745
-11.608040201005068 0.7703015272557279
-11.612342917312496 0.7726399992172466
-11.61461949332107 0.7738693467336546
-11.618358106519816 0.7759464993575813
-11.621629709360809 0.777752063406723
-11.62374430444147 0.7788944723617952
-11.62438385927025 0.7792499813427405
-11.62562814070356 0.7799370243822326
-11.630428001290683 0.7825482092507574
-11.632965191024569 0.7839195979899358
-11.636444119636257 0.7858544439230197
-11.640775924746714 0.7882475362879804
-11.642053383166296 0.7889447236180764
-11.642455616152551 0.7891619991179342
-11.643216080402052 0.7895823325966731
-11.648500461012034 0.792460026214794
-11.6512909584404 0.793969849246217
-11.654517196744886 0.7957660844906913
-11.659876539704317 0.7987299804754358
-11.66036605673473 0.7989949748743577
-11.660514532652265 0.7990776855738657
-11.660804020100544 0.7992378690794286
-11.666559763078855 0.802375602508695
-11.669595958276204 0.8040201005024983
-11.67257679221178 0.8056815769560002
-11.678391959799036 0.8089011475829642
-11.678565304550817 0.8089956990587011
-11.678656694601237 0.8090452261306389
-11.678934776166553 0.8092003165213582
-11.684605354286239 0.8122950961910078
-11.687879324386403 0.8140703517587795
-11.690622340061179 0.8156010830263085
-11.695979899497528 0.8185707746333968
-11.69661070700656 0.8189152466700538
-11.696942900344062 0.8190954773869201
-11.697951941567316 0.8196589179782876
-11.702636660553644 0.8222186712847419
-11.704773869346774 0.8234136170254764
-11.706064203783674 0.8241206030150607
-11.708653252878241 0.8255247705344262
-11.71356783919602 0.8282522731421897
-11.714641116871626 0.8288390778787429
-11.71520564737244 0.8291457286432014
-11.716917295548601 0.8301027161725099
-11.720653085794371 0.8321464981003848
-11.724377538188083 0.834170854271342
-11.72666892064616 0.8354528137708712
-11.731155778894513 0.8379461484135113
-11.732655909876067 0.8387673710476093
-11.733443971612916 0.8391959798994826
-11.7358288138547 0.8405311327452507
-11.738654010713688 0.8420787535792869
-11.739949748743758 0.8428050771960436
-11.742527567604306 0.8442211055276232
-11.744668709508291 0.8453853938375415
-11.748743718593005 0.8476529286359469
-11.750654294900816 0.8487003522106749
-11.751656542007927 0.8492462311557638
-11.7546830113882 0.8509431719543912
-11.756638201258594 0.8520157903080223
-11.760776662296742 0.8542713567839044
-11.762650900552835 0.8553230018520939
-11.766331658291497 0.8573743068829298
-11.768634504870358 0.858638526246656
-11.769840911914969 0.859296482412045
-11.773476240972009 0.8613377917493343
-11.774604868853583 0.8619578335938751
-11.775125628140742 0.8622505968573533
-11.778884906040206 0.8643216080401857
-11.780615731677125 0.8652655698438609
-11.78391959798999 0.867109507344459
-11.786597368189868 0.8685816564683613
-11.787998201977667 0.8693467336683263
-11.79221043068997 0.8717155430111774
-11.792554381234833 0.8719047783693687
-11.797068162124598 0.8743718592964669
-11.798562981678717 0.8752131610135425
-11.801507537688481 0.8768590714240911
-11.804542202583821 0.8785299378116527
-11.806127378786057 0.8793969849246075
-11.810491701496552 0.8818552066075842
-11.810888803034972 0.8820773464521761
-11.815132107365455 0.8844221105527481
-11.816491862625245 0.88516600048467
-11.819095477386973 0.8866236690845062
-11.822468202331526 0.888483600482445
-11.824227215832767 0.8894472361808887
-11.828414652384732 0.891809740381099
-11.829507544520382 0.89242211250472
-11.833246991226392 0.8944723618090293
-11.834401556714868 0.8951243219149143
-11.836683417085466 0.8964040010315202
-11.840374531024773 0.8984428834545106
-11.842296444972954 0.89949748743717
-11.846317437484826 0.90177003580835
-11.848059359761237 0.9027477567731044
-11.851260596804867 0.9045226130653106
-11.852291214580704 0.9050883679805262
-11.854271356783958 0.9062008008605593
-11.858260319795525 0.908408034975861
-11.8603337543221 0.9095477386934512
-11.864199167968888 0.9117363468401836
-11.866541670228484 0.9130535425347448
-11.869303256935831 0.9145728643215918
-11.8701599533997 0.9150583909166636
-11.87185929648245 0.9160148374384747
-11.87612466534388 0.9183793131321805
-11.878337785902369 0.9195979899497324
-11.882058919567287 0.9217089375536336
-11.884951845921549 0.9233387183609034
-11.887259976285206 0.924623115577873
-11.888006854797215 0.9250346531160805
-11.889447236180942 0.925846917538955
-11.893966627756976 0.9283569864700043
-11.89630713303076 0.9296482412060136
-11.89989573029962 0.9316880828002461
-11.903287204039149 0.9336025177369294
-11.90522630309181 0.9346733668341543
-11.905830962536774 0.9350174277891998
-11.907035175879434 0.9356978887527765
-11.911785228107462 0.9383413346828577
-11.914240337440015 0.9396984924622949
-11.917708597979388 0.9416740689190197
-11.921545007400272 0.9438441586111059
-11.923119095620406 0.9447236180904355
-11.923631279982246 0.945006999689201
-11.924623115577926 0.9455686426973653
-11.929579445818149 0.948332649364227
-11.932135886120891 0.9497487437185761
-11.935496477478209 0.9516671945180644
-11.939722462627294 0.9540628428755378
-11.941004686156761 0.9547738693467167
-11.9414067673176 0.9550036659063794
-11.942211055276418 0.9554601185538756
-11.94734821577701 0.9583312348318307
-11.949992207871977 0.9597989949748573
-11.953258277732937 0.9616677713297062
-11.957816718101132 0.9642577557819179
-11.958825961063166 0.9648241206029979
-11.959156338506897 0.965007736736716
-11.95979899497491 0.9653733069640955
-11.965090425184373 0.9683374090284351
-11.967807669540594 0.9698492462311386
-11.970992858476489 0.9716761251445432
-11.975824861696257 0.9744280652943802
-11.97662607589434 0.9748743718592792
-11.976878857974627 0.9750195366303576
-11.977386934673403 0.9753092543241824
-11.982804910111307 0.9783515045051612
-11.985580571935586 0.9798994974874198
-11.988699026670368 0.9816925968307135
-11.99374391830144 0.9845729213811447
-11.994367625658743 0.9849246231155604
-11.994573136983567 0.9850394052265115
-11.994974874371895 0.9852690675175673
-12.000490664262792 0.9883738087748739
-12.003309892009556 0.989949748743701
-12.00637608934084 0.9917173843807143
-12.011573803276496 0.9946922998593015
-12.012078660206733 0.9949748743718416
-12.012238951533789 0.9950674065251555
-12.012562814070387 0.9952530185497634
-12.018147216932583 0.9984044563250691
-12.020993946496274 0.9999999999999822
-12.024022908430963 1.0017508129536727
-12.029308967948095 1.0047846153936133
-12.029733284897022 1.0050251256281229
-12.029874074750218 1.005104176776312
-12.03015075376888 1.0052631926950166
-12.035771982388216 1.0084441859364528
-12.038629684387917 1.0100502512562635
-12.041636984989195 1.0117935965357425
-12.04694455093443 1.0148484790178491
-12.047347711887992 1.015075376884404
-12.047476664575216 1.0151502422821634
-12.047738693467371 1.0153012796953371
-12.053363424921448 1.0184934363828084
-12.056214790592295 1.0201005025125447
-12.059216930257426 1.0218461319149554
-12.064477489335138 1.024883015617621
-12.064903036462297 1.0251256281406853
-12.065045331970415 1.0252059999108134
-12.065326633165864 1.0253686418000116
-12.07092011618609 1.0285526157630471
-12.07374724553978 1.030150753768826
-12.076761275456871 1.0319088387423934
-12.081904624722865 1.0348873227851119
-12.082414309435494 1.0351758793969665
-12.082578607183786 1.0352718695914156
-12.082914572864356 1.0354667366188428
-12.08844054451945 1.0386221559807938
-12.09122492429205 1.0402010050251072
-12.094268465803832 1.041982161241969
-12.099222699855988 1.0448604698798594
-12.099860035256567 1.0452261306532478
-12.100074933669704 1.045348296051289
-12.100502512562848 1.0455971257791976
-12.105923108639827 1.0487025145451092
-12.108645589436332 1.0502512562813884
-12.111736853975788 1.05206657007726
-12.116428355238847 1.0548014970459594
-12.117261754295992 1.055276381909529
-12.117532661444278 1.0554357507144045
-12.11809045226134 1.0557614845463235
-12.12336611075493 1.058794176539501
-12.126006883381681 1.0603015075376696
-12.129164692963245 1.0621625643938373
-12.133518125506349 1.0647094141791005
-12.134586538845799 1.0653266331658102
-12.134950039809556 1.0655347337801748
-12.135678391959832 1.065961612537789
-12.140767749012246 1.0688976567789759
-12.143306319992062 1.0703517587939508
-12.14655012823537 1.072270674057652
-12.15048843561093 1.0745831998371216
-12.151871540118433 1.0753768844220915
-12.152325209372515 1.0756457765037508
-12.153266331658324 1.0761994456826223
-12.158126109213933 1.079013502177201
-12.160541275484464 1.080402010050232
-12.163891189138761 1.0823914621125335
-12.1673355967909 1.0844218000881112
-12.169062830511855 1.0854271356783727
-12.169656193275577 1.085769443701584
-12.170854271356816 1.0864770695990051
-12.175439155709464 1.0891422943486138
-12.177708978512898 1.0904522613065133
-12.181185779438659 1.0925255274826995
-12.184055802299792 1.0942241272902207
-12.186223068574959 1.095477386934654
-12.186940887545006 1.0959063365090262
-12.188442211055309 1.0967967345919725
-12.192704721368065 1.0992846524734352
-12.19480649935049 1.1005025125627945
-12.19843166690028 1.1026735079495147
-12.200645122876892 1.1039890587975325
-12.20326692939398 1.1055276381909351
-12.204177050451285 1.1060570954202253
-12.2060301507538 1.107160872505279
-12.20992049652026 1.1094412364572301
-12.211830738072017 1.1105527638190758
-12.215626471794495 1.1128360834355897
-12.217099501939241 1.1137154355863448
-12.220293336787568 1.1155778894472164
-12.221362290761487 1.1162224036445894
-12.223618090452293 1.1175721157005727
-12.22708401674293 1.119612750420889
-12.228778411627873 1.120603015075357
-12.232767654196326 1.1230139796337735
-12.233414750475571 1.1234020607962938
-12.237174245892751 1.1256281407034976
-12.238494054747221 1.1264029908188018
-12.241206030150785 1.1280333184834994
-12.244192649344988 1.1297999465618656
-12.245645868669351 1.1306532663316382
-12.2495904294198 1.133048808979928
-12.249856792043593 1.1332067457046913
-12.2540560879584 1.1356783919597788
-12.255569330531982 1.1365997174790063
-12.258793969849277 1.1385479718531837
-12.261243034494699 1.1400037848320848
-12.262429072775756 1.1407035175879194
-12.265627015362567 1.1426558163060028
-12.266897962323311 1.1434132167949072
-12.267587939698522 1.1438342599848301
-12.270755859419792 1.14572864321606
-12.27258509839112 1.1468134464036739
-12.27638190954777 1.14911921592474
-12.278232684434476 1.1502249760194276
-12.279124504742674 1.1507537688442007
-12.281513257475288 1.1522198682520628
-12.28387881521912 1.1536369214233844
-12.2874819073654 1.1557788944723413
-12.289538896074667 1.157044881092797
-12.293969849246261 1.1597503096023383
-12.295158657354024 1.1604643606411207
-12.295728499189554 1.160804020100482
-12.297244332542729 1.1617395867566156
-12.300796038194992 1.1638788060289853
-12.302763819095507 1.1650925487255597
-12.30398246239233 1.1658291457286225
-12.306427298559239 1.1672950001244837
-12.311557788944754 1.1704453271191824
-12.312017420729436 1.1707229479897103
-12.312236529047123 1.1708542713567631
-12.312815205386004 1.17121353319712
-12.317646072399018 1.1741398874265423
-12.320540085202222 1.1758793969849037
-12.323246633808498 1.1775648526519742
-12.32822942942543 1.1806427228365255
-12.328663709022598 1.1809045226130443
-12.32881498341176 1.1809990212506118
-12.329145728643246 1.1812039539459178
-12.33442509725804 1.1844212572083865
-12.336919766706648 1.185929648241185
-12.339992957862256 1.187855565521037
-12.343486431149804 1.190026991814487
-12.344998568537623 1.1909547738693256
-12.345552763527657 1.1912921752447776
-12.346733668341738 1.1920285693145685
-12.351129003772272 1.1947240893744562
-12.353193044371604 1.1959798994974662
-12.356662026986895 1.1981683512269905
-12.358640956270916 1.1993819817629454
-12.361370665018155 1.2010050251256068
-12.362332405216327 1.201573368789579
-12.36432160804023 1.202739695893098
-12.36813439541127 1.2049407829334502
-12.370035755778684 1.2060301507537474
-12.373903699110079 1.2083175360762164
-12.375399775620036 1.209195341490835
-12.378610451431205 1.211055276381888
-12.379707146903455 1.2116845337633926
-12.381909547738722 1.2129776994425114
-12.385501422221264 1.2150541521578742
-12.387290142575482 1.2160804020100286
-12.391262783568905 1.218433174543831
-12.392321408147179 1.2190552192695874
-12.395892444432096 1.2211055276381693
-12.397065023315903 1.2218005173871154
-12.399497487437214 1.2232309204129388
-12.402851064658396 1.2251724883459723
-12.404518666790825 1.2261306532663099
-12.408603951551052 1.2285539320047816
-12.409193684417556 1.2289009952606937
-12.413074317138229 1.2311557788944505
-12.414404970718389 1.2319216235851131
-12.417085427135707 1.2335003767622457
-12.42018223139606 1.2352961033053473
-12.421719757401357 1.236180904522591
-12.425926083457869 1.2386801283443996
-12.426013908419366 1.2387318991750647
-12.430309733205702 1.2412060301507317
-12.431725872241044 1.2420481714630611
-12.434673366834199 1.2437871455482972
-12.437493776502407 1.2454253244450983
-12.438891771213736 1.2462311557788723
-12.442786109430116 1.2485490822348488
-12.443235071978691 1.248810079937158
-12.443467336683444 1.2489482585711098
-12.447426257841022 1.251256281407013
-12.449026554737124 1.2521804962057468
-12.45226130653269 1.2540923672545912
-12.45478449619008 1.2555604957044713
-12.456032989124278 1.2562814070351536
-12.459502493789662 1.2583503176800024
-12.460524611708413 1.2589455883273741
-12.464609638332343 1.2613065326632942
-12.466305785373017 1.262318950051342
-12.469849246231183 1.2644172505434268
-12.472053125287312 1.265701978561112
-12.473141612084438 1.2663316582914348
-12.476158789288917 1.2681343848793594
-12.477792059760837 1.2690874086253885
-12.478643216080428 1.2695956878357597
-12.48165264662626 1.2713567839195754
-12.483562267921599 1.2724639033504541
-12.487437185929675 1.2747630774879308
-12.489298333400336 1.2758501531275268
-12.490215823680833 1.276381909547716
-12.492751962707487 1.277900417198519
-12.495036087699518 1.2792359203844734
-12.49877831848435 1.2814070351758566
-12.5007947888439 1.2826157028285046
-12.505025125628167 1.2851309493709353
-12.506519097144812 1.286005311799241
-12.507254056659804 1.2864321608039972
-12.509280384930419 1.287647949176069
-12.512255970606208 1.2893913307241265
-12.513819095477412 1.2903286285287034
-12.515739829359157 1.2914572864321379
-12.518002422411538 1.2927746129793158
-12.52261306532666 1.295522050891691
-12.523714052062132 1.2961678444215723
-12.52425449790555 1.2964824120602785
-12.525740085248094 1.2973758463235452
-12.529449663403488 1.2995542239521827
-12.53280177609686 1.301507537688419
-12.53518290274417 1.3029412811972714
-12.540201005025152 1.3059386281272376
-12.540880955304505 1.3063383918081728
-12.541213955717897 1.3065326633165597
-12.542126439869863 1.3070827875579054
-12.54661532018153 1.3097251274714488
-12.548994974874397 1.3111587949360413
-12.549670780674893 1.3115577889447003
-12.552334541148841 1.3131161899660722
-12.557788944723644 1.316382303160525
-12.558018190195078 1.3165174158667172
-12.558130188627207 1.316582914572841
-12.558436074428672 1.3167678087742773
-12.563751323396222 1.319904503437388
-12.566660592083132 1.3216080402009815
-12.569455675292946 1.3232998142378927
-12.57467251711608 1.3264319180273914
-12.575015760291935 1.3266331658291222
-12.57513145467206 1.3267032886148584
-12.575376884422136 1.3268508415800007
-12.58085596317658 1.3300928403845642
-12.583522386771845 1.3316582914572628
-12.58654454769514 1.3334926561502591
-12.59083236046832 1.336074141756173
-12.591857515376574 1.3366834170854034
-12.592219195320583 1.3368964538854167
-12.592964824120628 1.3373460067484153
-12.597927430801498 1.3402906550904383
-12.600335827406887 1.341708542713544
-12.603599298951572 1.3436952469614152
-12.606905547972088 1.345691606671104
-12.608673033585369 1.3467336683416846
-12.609272826742384 1.3470993646493241
-12.61055276381912 1.3478733799406193
-12.614963811522566 1.3504984946259828
-12.617098294330479 1.3517587939698252
-12.620617960281876 1.353908149180035
-12.622888286020942 1.3552832288846313
-12.625398303006799 1.3567839195979658
-12.626290376328635 1.3573125845091019
-12.628140703517612 1.3584350707990076
-12.631963076661238 1.360716938613642
-12.633807029230761 1.3618090452261065
-12.637598445320027 1.3641319589107006
-12.638776660369661 1.364847890040977
-12.642125028768888 1.366834170854247
-12.643269752690493 1.3675367110044219
-12.645728643216104 1.3690333448811627
-12.648923074899415 1.370946601715728
-12.650459125859296 1.3718592964823877
-12.654538541065467 1.3743673084392816
-12.65456663260332 1.3743844363073068
-12.658720490148532 1.3768844221105283
-12.660208736414162 1.3777723782535096
-12.663316582914597 1.3796706387010067
-12.665841522672078 1.3811881363793885
-12.667051519871654 1.381909547738669
-12.670272326519587 1.3838969030543806
-12.671455500527468 1.384609268334561
-12.675348931044438 1.3869346733668095
-12.677104969854803 1.3880202598691769
-12.680904522613089 1.3903495766260043
-12.682715993558464 1.3914422358677
-12.68358097770131 1.3919597989949501
-12.68587263863075 1.3933792607142825
-12.688328932566762 1.3948636646363273
-12.689698492462334 1.3957109744854526
-12.69179977410579 1.3969849246230908
-12.693955945856993 1.3982810721815442
-12.698492462311581 1.4010729898961767
-12.699543906554302 1.4017096376104536
-12.700044084366308 1.4020100502512314
-12.70136274531654 1.4028301311097913
-12.705155781545612 1.405131370383935
-12.708319353614298 1.407035175879372
-12.710758995274228 1.4085555778038996
-12.716080402010073 1.4118439380753474
-12.716322513091601 1.41199112691279
-12.716437230095911 1.4120603015075126
-12.716738117185203 1.412248220128979
-12.72193328545689 1.4154131747222767
-12.724614386318681 1.4170854271356532
-12.724874371859318 1.4172462399269907
-12.727511273142053 1.4188445895832276
-12.732010574651559 1.4216369050332203
-12.732783825587092 1.4221105527637938
-12.733066760805123 1.4222824330219197
-12.733668341708565 1.422656615167666
-12.738658497648276 1.425709919552017
-12.741007927026976 1.4271356783919344
-12.744209734803773 1.4291489774214448
-12.747166444776994 1.4309922792686285
-12.749087703141546 1.432160804020075
-12.74976410441482 1.4325871403035713
-12.751256281407057 1.4335195982761233
-12.755328105266665 1.4360225514026137
-12.75723648819377 1.4371859296482157
-12.760850833215313 1.4394697547597115
-12.762193538581942 1.4403108602696113
-12.765267044257325 1.4422110552763563
-12.766403926312103 1.4429082823601975
-12.76884422110555 1.444440735982008
-12.771938660424826 1.446352055384704
-12.773382095200192 1.447236180904497
-12.77709310079488 1.4495930036728772
-12.777437305438644 1.4498061395803248
-12.781435737749897 1.4522613065326375
-12.782983240615188 1.4532467123008814
-12.786432160804042 1.4554237195912068
-12.788486965720383 1.456699345041823
-12.789440667319367 1.4572864321607781
-12.79187723085636 1.4588421664614408
-12.793984416127435 1.4601537705536627
-12.795226130653287 1.460945223679281
-12.797413636395927 1.4623115577889187
-12.799498313804737 1.4636034968454323
-12.804020100502534 1.466473222101346
-12.804969122749402 1.4670655342036687
-12.805407276535368 1.4673366834170594
-12.806519353019953 1.4680507555648932
-12.810465210373481 1.4705203490820722
-12.813432681778036 1.4723618090452
-12.81594509142099 1.4739797944109254
-12.82101972835891 1.4772188455755932
-12.821289836559947 1.4773869346733406
-12.82138742089904 1.4774499687596228
-12.821608040201026 1.4775912062027219
-12.826875467747087 1.4809070810026066
-12.829286884374335 1.4824120603014812
-12.832319216925427 1.4843768497226497
-12.835392886127618 1.4863505877090786
-12.837107611650024 1.4874371859296218
-12.837759960522312 1.4878474771802521
-12.839195979899518 1.4887725106786984
-12.843210647614422 1.491315263639219
-12.845037499794111 1.4924623115577624
-12.848616001165711 1.4947960025384193
-12.849608269711434 1.4954372515040237
-12.852863263440115 1.497487437185903
-12.854054884542247 1.4982671614875498
-12.85678391959801 1.500036647913812
-12.859465856276785 1.5017462951915368
-12.860678508802076 1.5025125628140437
-12.863678710720581 1.5044825031347786
-12.864851530456644 1.505232656768289
-12.865577889447255 1.505708517659957
-12.86842707104745 1.5075376884421843
-12.870267080941089 1.5087104822580164
-12.874371859296502 1.511390444694019
-12.875635809987719 1.512201685301406
-12.87620348064927 1.512562814070325
-12.877596642756956 1.513484180773311
-12.881019199446914 1.5156886996554908
-12.883994231913848 1.5175879396984655
-12.88639102262843 1.519179018660341
-12.891345777577563 1.5224376306359115
-12.891619595662585 1.5226130653266061
-12.891721684674895 1.5226810979894916
-12.891959798994995 1.5228382968158591
-12.897095461167849 1.5261708589053598
-12.899377199015394 1.5276381909547467
-12.902420722339325 1.5296744813416492
-12.904946978713916 1.531348813731582
-12.90695705880433 1.5326633165828873
-12.907748502151872 1.5331773841662057
-12.909547738693487 1.5343746800100506
-12.913074037141111 1.536680928368849
-12.91462867878668 1.537688442211028
-12.918349681543784 1.5401987270247979
-12.918361592777776 1.540206686235111
-12.922214260377773 1.5427135678391686
-12.923674004488042 1.5437026175260078
-12.927135678391979 1.546025626608353
-12.928948102454004 1.5472208580210163
-12.929740633487567 1.5477386934673092
-12.93162553439534 1.54902150946827
-12.9342198185697 1.5507397790446724
-12.937304345456043 1.5527638190954498
-12.939491016037174 1.5542588482535349
-12.944691066843706 1.557779644367372
-12.944704989295508 1.5577889447235904
-12.944710594674511 1.557792665699579
-12.944723618090471 1.557801524564777
-12.949977480693112 1.5613129667509762
-12.952244748601906 1.562814070351731
-12.955191707757626 1.5648483132178281
-12.957596651352134 1.5664920798550632
-12.959621870757205 1.5678391959798716
-12.960406464166622 1.5683835084433975
-12.962311557788963 1.569692071672951
-12.965614190609514 1.5719207122307113
-12.967025984364705 1.5728643216080123
-12.970298291315167 1.5751462454726424
-12.970776835429099 1.5754707964818282
-12.971105527638208 1.5756992494153765
-12.974321187497269 1.5778894472361529
-12.975976469848854 1.579010312275753
-12.979899497487455 1.5817329290300854
-12.981120906723124 1.5825655987969593
-12.981637804195055 1.5829145728642935
-12.982822555213328 1.5837497322145433
-12.98627723010024 1.5861174891744962
-12.988962110524607 1.587939698492434
-12.991411050324569 1.589675809024257
-12.995144363508535 1.5922953744984572
-12.996125407622971 1.5929648241205747
-12.996515031354996 1.5932426543579892
-12.997487437185947 1.5939288993835659
-13.001636528843376 1.59680449498945
-13.00336413874313 1.5979899497487153
-13.006766975830283 1.6003637786213316
-13.007550324769689 1.6008650604869272
-13.011047340817024 1.603015075376856
-13.012333448358488 1.603798483527128
-13.01507537688444 1.60550724666283
-13.017892746488435 1.6072352382609978
-13.019217078983587 1.6080402010049966
-13.022662369640038 1.610207913220882
-13.023429432088378 1.6106784537177266
-13.027355710165867 1.6130653266331372
-13.029013030170317 1.61410826560817
-13.032663316582932 1.6163839249122844
-13.034561017180737 1.6175482520904758
-13.035452740650488 1.6180904522612778
-13.037771497366643 1.6195499324851959
-13.040113301088718 1.6209870108877649
-13.041457286432177 1.6218308111500246
-13.043545480323376 1.6231155778894184
-13.045685464594644 1.6244200897999264
-13.050251256281424 1.6272676930659165
-13.051221794559378 1.627863406866715
-13.051677659996002 1.628140703517559
-13.052862398389106 1.6288867441197539
-13.056789532370928 1.6312977502629842
-13.059859890236359 1.6331658291456996
-13.062349899912121 1.6347341994507838
-13.067839195979916 1.6381594578163217
-13.067874200189614 1.6381809535710694
-13.067890633926712 1.6381909547738402
-13.067933316009354 1.6382178462108223
-13.073457243426953 1.6416109239885417
-13.076094106546671 1.6432160804019809
-13.079005426278972 1.6450508545161053
-13.083008586954692 1.64755019210906
-13.084130300836753 1.6482412060301215
-13.08454377993134 1.6484935933864264
-13.085427135678408 1.6490452778477476
-13.09011549262946 1.651926801100819
-13.092314705795271 1.653266331658262
-13.095651073442642 1.6553703322109072
-13.098061272007492 1.656876084895143
-13.10038425759745 1.6582914572864027
-13.10120434837015 1.65880880785976
-13.1030150753769 1.6599404389281993
-13.10676327683337 1.6622456682126954
-13.108520311531409 1.6633165829145433
-13.112285808258727 1.665692927719304
-13.113088317087382 1.6661946519746813
-13.116568852217926 1.668341708542684
-13.117853849711814 1.6691271843608488
-13.120603015075393 1.6708466202211305
-13.123399528766273 1.672567830259144
-13.124709463309527 1.6733668341708245
-13.128101565807757 1.6755092772372144
-13.128922733209892 1.6760148974748228
-13.132818256603217 1.6783919597989652
-13.134491181980279 1.679449037739996
-13.138190954773885 1.6817650016387207
-13.140023114185945 1.6828936113093746
-13.140880613429577 1.6834170854271058
-13.143098719702916 1.6848193039782577
-13.145560702886621 1.686336568737321
-13.14698492462313 1.6872346402911402
-13.148939144158938 1.6884422110552464
-13.151115174762047 1.6897747024010545
-13.155778894472377 1.692696843303609
-13.156632828781047 1.6932233554523384
-13.15703212341485 1.693467336683387
-13.158063749258186 1.6941201523364757
-13.162184642248546 1.6966622486611938
-13.165178444193227 1.6984924623115276
-13.167724585941844 1.7001045332341063
-13.17299817049387 1.7034122554605258
-13.173170379986612 1.7035175879396682
-13.173231442790353 1.7035562711912444
-13.173366834170869 1.7036412395998308
-13.178793270539002 1.7069923031769134
-13.181326668796766 1.7085427135678088
-13.184318098137522 1.7104389066340486
-13.187920162304206 1.712700807320191
-13.189319540198344 1.7135678391959495
-13.189838801694691 1.7138866883887127
-13.190954773869361 1.7145878888388495
-13.195385229799367 1.7173271202726594
-13.197451219892347 1.71859296482409
-13.200894314803264 1.7207782216139726
-13.20280268781949 1.7219780830955553
-13.205477674717892 1.7236180904522307
-13.206428701371886 1.7242220939367927
-13.208542713567853 1.7255521397017004
-13.211959080757415 1.727667111169068
-13.213550148787021 1.7286432160803713
-13.21745175596682 1.7311229010230926
-13.217642971528413 1.7312432897833885
-13.221546737142074 1.733668341708512
-13.222999658645294 1.7345629116002401
-13.226130653266345 1.7365356158804452
-13.228513298326737 1.738012711605112
-13.229621398391506 1.7386934673366525
-13.232464528705414 1.7405031460335296
-13.234015948666546 1.741465651421879
-13.237680455886906 1.7437185929647931
-13.239550101979983 1.744909590389037
-13.243718592964838 1.7475400514134707
-13.245046177989149 1.7483644085859877
-13.24566240148976 1.7487437185929338
-13.247241004648952 1.7497501219312523
-13.250561599364787 1.751813699535374
-13.252512562814083 1.7530544032456552
-13.253658734604821 1.7537688442210744
-13.256076997606188 1.755262997094543
-13.26130653266333 1.7585696246689757
-13.261553665084204 1.7587233605861083
-13.261668215042878 1.758793969849215
-13.261960828183344 1.7589809114263621
-13.26708143194794 1.762169124253182
-13.269755870064474 1.7638190954773556
-13.272578052986027 1.7656237867275824
-13.276650035913264 1.7682029535487658
-13.277688529501518 1.7688442211054962
-13.278060699128828 1.7690824420292088
-13.278894472361822 1.7696110559697482
-13.283576769403002 1.772531547579014
-13.285741378384444 1.7738693467336368
-13.289054096569636 1.7759917225881159
-13.291290954195432 1.7774111986860976
-13.293659981922707 1.7788944723617774
-13.29454964933245 1.7794466902840238
-13.296482412060314 1.780674460541074
-13.300045963146736 1.782901440536655
-13.301690227260302 1.783919597989918
-13.305503064750447 1.7863673942780212
-13.30587298609864 1.7866026191437259
-13.309651400833271 1.7889447236180587
-13.311011295765148 1.7898187396162468
-13.314070351758806 1.7917660865756417
-13.316486889939151 1.7932794097661002
-13.317599603060286 1.7939698492461993
-13.320418634072286 1.795783644192908
-13.321949912734768 1.7967436717383505
-13.322864321608051 1.7973303940057903
-13.325511727747477 1.79899497487434
-13.327443453157114 1.8001992143886785
-13.331658291457298 1.802888436759102
-13.332897303932652 1.8036660969380938
-13.333466544722379 1.8040201005024805
-13.334904725136962 1.804947652982384
-13.338372559059762 1.807126863958489
-13.341453601455697 1.8090452261306211
-13.34384380887642 1.810588775353298
-13.34924623115579 1.814044188995383
-13.34927482808972 1.8140621812062108
-13.349287934905588 1.8140703517587617
-13.349320951195658 1.8140917003415806
-13.354762079899656 1.817519520602941
-13.357206232071182 1.8190954773869024
-13.358040201005036 1.8196286975698381
-13.360209913781349 1.8209881222648834
-13.363696724214682 1.8232241896894426
-13.365113515998313 1.824120603015043
-13.365651898710706 1.824458395056065
-13.366834170854283 1.8252176478016855
-13.37111595069769 1.8279223629736379
-13.373070678051134 1.8291457286431836
-13.376539172073247 1.8313979967801917
-13.377995794723958 1.8323347640345196
-13.380925389089832 1.8341708542713242
-13.38199270208183 1.8348649709773088
-13.384422110552775 1.836429700087777
-13.387431493874564 1.8383361560932396
-13.38880142582961 1.8391959798994648
-13.392223603261485 1.8414249778162395
-13.392839921588378 1.8418160166602906
-13.39321608040202 1.842060307787361
-13.39661138050139 1.8442211055276054
-13.398293652485895 1.8452829334605685
-13.402010050251267 1.8476840857705934
-13.403705866830583 1.8487617121330846
-13.404475481874496 1.849246231155746
-13.406390889715798 1.8504978995741839
-13.409125379232394 1.852238405646422
-13.412349326632587 1.8542713567838867
-13.414551813918802 1.8557131213641602
-13.419597989949759 1.858984361203233
-13.419936048630811 1.8591998942174408
-13.420088970367939 1.8592964824120273
-13.420468056646696 1.859545072896867
-13.425366377416731 1.8626734973353187
-13.427971233752588 1.8643216080401679
-13.430764063539792 1.866156426928299
-13.43447909529693 1.8685733524250745
-13.435684050595128 1.8693467336683085
-13.436149249526038 1.8696429279889415
-13.437185929648251 1.870318642556966
-13.441559685934951 1.8731222146431064
-13.443527674210332 1.8743718592964491
-13.446927075886956 1.87661380028496
-13.448400455999497 1.8775760096825191
-13.4512627776307 1.8793969849245897
-13.452322577416496 1.8800973540475177
-13.454773869346743 1.881701412805933
-13.457701861775943 1.8835855412872444
-13.4590142838759 1.8844221105527303
-13.462232115738514 1.8865530380932363
-13.463052382197526 1.8870819467949325
-13.463567839195989 1.8874222097740425
-13.466698270733936 1.889447236180871
-13.468442809892169 1.8905669502246045
-13.472361809045236 1.8931421968791797
-13.473789230355097 1.8940645271490517
-13.4744264409785 1.8944723618090116
-13.475981192208907 1.8955064712843468
-13.479149527243083 1.8975581393806245
-13.482173130259676 1.8994974874371522
-13.484506135976682 1.9010528053705942
-13.489620438962234 1.9044285245562946
-13.48976680717625 1.9045226130652928
-13.489821599148032 1.9045592272354916
-13.489949748743728 1.9046440109792444
-13.495187587100062 1.9080512134487666
-13.497510361985372 1.9095477386934334
-13.500508478483521 1.9115560843959187
-13.503179973096255 1.9133278027941563
-13.505083066104712 1.914572864321574
-13.50583312372738 1.9150598828115282
-13.50753768844222 1.916193152890525
-13.511162325417958 1.918562379385218
-13.512762065412188 1.9195979899497146
-13.516445468983159 1.9220780354233016
-13.516616237567302 1.9221918611283089
-13.520362514086223 1.9246231155778553
-13.52177889408159 1.925579325309033
-13.525125628140712 1.9278159906597887
-13.527069198019255 1.9290929355264117
-13.527922658624675 1.9296482412059959
-13.529965164957295 1.9310309660107343
-13.532357642146385 1.932607077118229
-13.533919597989957 1.9336607345583658
-13.535451440578413 1.9346733668341365
-13.537654179228927 1.9361189064370725
-13.542713567839204 1.939518923191554
-13.542903322791469 1.93964427676163
-13.542986200095967 1.939698492462277
-13.543183308859467 1.9398327041823524
-13.548199807567643 1.94315612102515
-13.550589232713318 1.9447236180904177
-13.553453890102219 1.9466800802148398
-13.55630369616136 1.948606511896748
-13.558039814388062 1.9497487437185583
-13.558705439375666 1.9502047631934243
-13.560301507537696 1.9512870091049939
-13.563963445513956 1.9537276013534814
-13.565548937842875 1.954773869346699
-13.56917254313008 1.9572644133770156
-13.569284167755745 1.957340343694713
-13.572948455532915 1.9597989949748396
-13.574431268499957 1.9607870460423342
-13.577889447236188 1.9631471060594636
-13.579642827260399 1.964323154881777
-13.580397227199796 1.9648241206029802
-13.582160945091744 1.96604454856171
-13.584856590380712 1.9678586339041146
-13.58784441237003 1.9698492462311208
-13.590069490374638 1.9713943595339902
-13.594889384355527 1.9747063711223607
-13.595140694041552 1.9748743718592614
-13.595238590128876 1.9749425995180632
-13.59547738693468 1.9751072792996114
-13.600451669248216 1.978478273969249
-13.602570224587183 1.979899497487402
-13.60561362060126 1.9820285563536624
-13.607500610954686 1.983334704350261
-13.609829362931597 1.9849246231155426
-13.610788440462304 1.9855751620215045
-13.613065326633173 1.9871572140659177
-13.615948828222525 1.9891258911467258
-13.617167953579157 1.9899497487436832
-13.619962955066255 1.9919204997245705
-13.621078815053417 1.9926853062517633
-13.624453912744482 1.9949748743718416
-13.626236343277467 1.996236852387331
-13.630653266331665 1.9993305423185124
-13.63134068421154 1.9998035948914632
-13.631629063306438 2.