-12.679349989747072 2.
-12.67824058574803 1.9992388751814092
-12.674707347153882 1.9967454959316218
-12.6722252989188 1.9949748743718416
-12.66959788743235 1.9931802159381915
-12.66604771215052 1.9907300713825213
-12.664948823651821 1.9899497487436832
-12.664465983604623 1.9896213485465326
-12.663316582914597 1.9888315210567935
-12.6593507838886 1.9860577085515416
-12.657691035692974 1.9849246231155426
-12.65452261306535 1.9827480219923759
-12.654182135221777 1.9825093396853504
-12.653693994573079 1.9821753121608232
-12.650460862582237 1.979899497487402
-12.649052958200585 1.978949693206122
-12.645728643216104 1.9766841541124611
-12.64388063570898 1.9754023740041537
-12.643127385204195 1.9748743718592614
-12.641203389982918 1.9735814423640656
-12.638705544731312 1.9718558457982045
-12.635831282268343 1.9698492462311208
-12.63353088387538 1.9683091947003302
-12.628550183212663 1.964941114801566
-12.628381939557167 1.9648241206029802
-12.628309596040433 1.9647758655964598
-12.628140703517612 1.964662079306243
-12.623133877862998 1.9612295165904436
-12.620996505513185 1.9597989949748396
-12.619346733668365 1.9586873765666875
-12.617907358389346 1.9576976822404895
-12.615774215209884 1.956265712601203
-12.613612673753225 1.954773869346699
-12.61269054469401 1.9541630748110164
-12.61055276381912 1.9527329974181926
-12.607464683574705 1.95063105235982
-12.606181695874188 1.9497487437185583
-12.602846435645807 1.94754693566904
-12.602201745999729 1.9471096231816727
-12.598720084175289 1.9447236180904177
-12.59697769240017 1.9435770842962627
-12.592964824120628 1.9409105452708415
-12.59170461054128 1.9400585534849482
-12.591159143736377 1.939698492462277
-12.589798076761726 1.9387937075025912
-12.586447144729364 1.9365355609459254
-12.583711647298331 1.9346733668341365
-12.58117737840177 1.9330160828399547
-12.57661115600388 1.9300008902293513
-12.576091475038828 1.9296482412059959
-12.575873747897411 1.9295062802130598
-12.575376884422136 1.9291791735744388
-12.570608335950297 1.9259855579983807
-12.5685943411994 1.9246231155778553
-12.565295454627817 1.9224783984623768
-12.563310875448472 1.921175684442523
-12.560971684835682 1.9195979899497146
-12.55999810759814 1.9189668005570013
-12.557788944723644 1.91752076711356
-12.5546909122089 1.9154580164686443
-12.55332954131568 1.914572864321574
-12.549879489176199 1.9123130198794476
-12.549347275392678 1.9119596442165658
-12.545750614530226 1.9095477386934334
-12.544046711892499 1.908448965302763
-12.540201005025152 1.905945344263328
-12.538700051973079 1.904951456794457
-12.538058789735818 1.9045226130652928
-12.536346673116366 1.903421375377068
-12.533363367858186 1.9014510980562855
-12.53043429102001 1.8994974874371522
-12.528024520413075 1.8979513574124622
-12.522684798540597 1.8944928570129935
-12.522653990282095 1.8944723618090116
-12.522641360018142 1.894464277611445
-12.52261306532666 1.8944459960038245
-12.517311192287211 1.8909620570492844
-12.514950804462243 1.889447236180871
-12.513819095477412 1.8887153279212132
-12.511936138701929 1.8874726610169388
-12.508937825036618 1.8855400246694307
-12.507249028128525 1.8844221105527303
-12.506560491758627 1.8839834345154562
-12.505025125628167 1.882996049190595
-12.501195199298115 1.8804912495903192
-12.49953826199537 1.8793969849245897
-12.495785938362886 1.8770116270865298
-12.495071221267237 1.8765530122500378
-12.491760953312873 1.8743718592964491
-12.490418253693688 1.8735201256495877
-12.487437185929675 1.8716113844607953
-12.485019810274522 1.8700374124269237
-12.483933774581049 1.8693467336683085
-12.48111652630533 1.8675408309184958
-12.4796056624226 1.8665591861850466
-12.476194819836582 1.8643216080401679
-12.474218753443415 1.8630731774081015
-12.469849246231183 1.8602869807644797
-12.468788865758407 1.8595994482613918
-12.468326073921519 1.8592964824120273
-12.467064023306733 1.858500704433613
-12.463383095124128 1.8561188285287598
-12.460555283229736 1.8542713567838867
-12.457965626247484 1.8526415511510885
-12.452913437982728 1.8494325544271852
-12.452627682744248 1.849246231155746
-12.452513143392597 1.8491742777672018
-12.45226130653269 1.8490146155009928
-12.447108810430466 1.8456932472710985
-12.444770908814021 1.8442211055276054
-12.443467336683444 1.8433935474573397
-12.441662372973479 1.8422242466306677
-12.438691181601948 1.8403439269759643
-12.436924001061922 1.8391959798994648
-12.436218693527351 1.838754457987136
-12.434673366834199 1.8377782043719604
-12.430786186432957 1.8352814772431074
-12.429073398484142 1.8341708542713242
-12.425312273685345 1.8318203266857136
-12.424372842077085 1.8312278471978631
-12.421156235554982 1.8291457286431836
-12.419877630828864 1.8283479561594245
-12.417085427135707 1.8265898620500245
-12.414418391078769 1.8248826133170253
-12.413199859734664 1.824120603015043
-12.409980699865962 1.8220906809379729
-12.408936938646534 1.8214236169552374
-12.40532831759779 1.8190954773869024
-12.403493016839768 1.8179538975576008
-12.399497487437214 1.815445994459715
-12.39800839867368 1.8144958056912008
-12.397347904465736 1.8140703517587617
-12.395516669018566 1.812932975067719
-12.392536359265339 1.811034119894014
-12.389443967229019 1.8090452261306211
-12.387067728334943 1.8075714602459865
-12.381909547738722 1.8043432724402848
-12.381559004715632 1.8041202556519353
-12.381397869057217 1.8040201005024805
-12.380969310957006 1.8037514614219905
-12.37609658103903 1.800655822502823
-12.373420744060018 1.79899497487434
-12.373115577889475 1.798803945738788
-12.370604471211145 1.7971998711112214
-12.366364247847775 1.7945534606197837
-12.365452912789843 1.7939698492461993
-12.365095133916379 1.7937488418530139
-12.36432160804023 1.7932667026425282
-12.35962022443891 1.7902879760755788
-12.357519874980401 1.7889447236180587
-12.354105792986784 1.7868384022909023
-12.351693452995018 1.7853366793194265
-12.349474766489454 1.783919597989918
-12.348606423531109 1.7833845250786693
-12.346733668341738 1.78222013706627
-12.343109758168072 1.7799298752685386
-12.341432948784096 1.7788944723617774
-12.337939698492491 1.7767187404298967
-12.337574094054586 1.7764863679585368
-12.336951034563306 1.7760994341393683
-12.333450819611526 1.7738693467336368
-12.33208487780492 1.7730295898303012
-12.329145728643246 1.7712064132396943
-12.326567509707363 1.7695808550871774
-12.32540999023171 1.7688442211054962
-12.322159845710427 1.7668482545532616
-12.321031288007784 1.766137507087488
-12.31738405647692 1.7638190954773556
-12.315532754336363 1.7626833910797526
-12.311557788944754 1.7602230299863102
-12.309995674808986 1.7592402881737197
-12.30926960772503 1.758793969849215
-12.307314542877622 1.7575816138300349
-12.304469950399533 1.75579394094828
-12.301277309281932 1.7537688442210744
-12.298952183899447 1.7523453200344496
-12.293969849246261 1.7492676527671636
-12.29339632603825 1.7489075823666518
-12.293137730136174 1.7487437185929338
-12.292408326157513 1.7482975691390052
-12.28788127519251 1.7454581855515796
-12.285133266384916 1.7437185929647931
-12.282345178442897 1.7420148018518997
-12.27745603235169 1.7390003595663437
-12.276970773749127 1.7386934673366525
-12.276783053674839 1.7385788547289183
-12.27638190954777 1.7383317491033488
-12.2712672158677 1.7351296827599603
-12.26887844970943 1.733668341708512
-12.267587939698522 1.7328718215244638
-12.265713638274326 1.731691293587069
-12.26246584868676 1.729692324319652
-12.260804034707975 1.7286432160803713
-12.260162532569144 1.7282521981604093
-12.258793969849277 1.7274105727170541
-12.254629617847927 1.7248079053097598
-12.25274296415209 1.7236180904522307
-12.24905927220237 1.7213743070089214
-12.247423864752061 1.7203694889958827
-12.244604543630443 1.71859296482409
-12.243518844045985 1.7179321608540326
-12.241206030150785 1.7165122404716202
-12.237969081211752 1.7144926817499595
-12.236452167473075 1.7135678391959495
-12.232412060301538 1.7110824345351494
-12.232382329916948 1.7110637707774767
-12.232330497360852 1.7110319726845402
-12.228374154879173 1.7085427135678088
-12.22685307652832 1.7076184318318015
-12.223618090452293 1.7056352710024534
-12.221287612561465 1.704183438765619
-12.220228549780956 1.7035175879396682
-12.217216460619637 1.7016885508446231
-12.215711314240036 1.700751541229316
-12.212115603549586 1.6984924623115276
-12.21016757886294 1.6973103399946314
-12.2060301507538 1.6947773912674533
-12.204587088984862 1.6938796400459406
-12.203908913335592 1.693467336683387
-12.202059882254053 1.6923329742548878
-12.19902227677932 1.690444460762241
-12.195831085472175 1.6884422110552464
-12.193463822010264 1.687007465068116
-12.188442211055309 1.6839370626281438
-12.187868940913988 1.6835808768960545
-12.187607724951635 1.6834170854271058
-12.186862670082014 1.6829657880061646
-12.182315755458866 1.6801423756836629
-12.179522496845374 1.6783919597989652
-12.17674319424925 1.676709410401127
-12.171635731413815 1.6735901084728244
-12.171279231861355 1.6733668341708245
-12.17114292681562 1.6732843611825947
-12.170854271356816 1.673108164237746
-12.165593097502184 1.6698449010725787
-12.163113267200144 1.668341708542684
-12.16206030150757 1.6676975706010388
-12.160007005447733 1.6664158017457096
-12.156389862878227 1.664209020405944
-12.154963374414777 1.6633165829145433
-12.154418681336015 1.6629873401494883
-12.153266331658324 1.662284648728508
-12.148855573741207 1.6595516738341507
-12.146840194928634 1.6582914572864027
-12.143256490960166 1.6561262861434507
-12.14111068713275 1.6548184159933816
-12.138627351315339 1.653266331658262
-12.137680247319405 1.6526943729840982
-12.135678391959832 1.6514747845212518
-12.13210438230789 1.6492623516449623
-12.13041652414186 1.6482412060301215
-12.126884422110585 1.6460845333624192
-12.126492815187715 1.6458405309082993
-12.125800551542072 1.6454189659107614
-12.122272757176274 1.6432160804019809
-12.12092878644586 1.642405127777832
-12.11809045226134 1.6406773777488963
-12.115340652008033 1.6389766119890714
-12.114081934515449 1.6381909547738402
-12.11047416327908 1.6360148722074808
-12.109729718985891 1.6355546100815426
-12.105901098137124 1.6331658291456996
-12.10416539259237 1.6321192919944076
-12.100502512562848 1.6298913110260145
-12.098565445407122 1.6286941512763375
-12.097649184955145 1.628140703517559
-12.09513252769076 1.6266064221255343
-12.092967046725091 1.625268568128777
-12.089513795192191 1.6231155778894184
-12.087391094760378 1.6218365716334118
-12.082914572864356 1.6191155393398198
-12.081779761655321 1.6184146840352875
-12.081259535376056 1.6180904522612778
-12.079766103082681 1.6171908894665137
-12.076194027009054 1.6149854825917949
-12.073112187266265 1.6130653266331372
-12.070606859757872 1.611556690463992
-12.065326633165864 1.6083490863380439
-12.064984539076239 1.6081379421734603
-12.064822514098992 1.6080402010049966
-12.064376832579478 1.6077688294088865
-12.059411594742658 1.6047050863549144
-12.056697534060827 1.603015075376856
-12.053813594659276 1.6012793893220252
-12.049536238540057 1.5985035340551974
-12.048787697528967 1.5979899497487153
-12.048475559662021 1.5977794165502441
-12.047738693467371 1.5972776081123605
-12.043333428037396 1.5942234713862815
-12.041536023649636 1.5929648241205747
-12.038135582989375 1.5906834443432905
-12.036954933424814 1.5898837498227012
-12.034163332618 1.587939698492434
-12.032960561149483 1.58713689638369
-12.03015075376888 1.5852436376531935
-12.02775357651164 1.583599480652076
-12.026730140293113 1.5829145728642935
-12.024208184915725 1.5812166960491068
-12.022525077244543 1.580068211957391
-12.01936309992296 1.5778894472361529
-12.017310602692163 1.5765329362013594
-12.012562814070387 1.5733657215861134
-12.012043050625714 1.5730128254493474
-12.011826448706733 1.5728643216080123
-12.011260976207684 1.5724923679329539
-12.006807826761948 1.5694834780679976
-12.004397728908026 1.5678391959798716
-12.001535119812544 1.565964840139686
-11.998132574137117 1.5637162702846519
-11.996803853850336 1.562814070351731
-11.99624649903466 1.5624507490195123
-11.994974874371895 1.5616141790613103
-11.990970199029555 1.5589331376785447
-11.989218988610123 1.5577889447235904
-11.986180904522648 1.5557909360273463
-11.985643129801606 1.5554300318298182
-11.984811009767546 1.554884983408062
-11.9816583844657 1.5527638190954498
-11.98034905697099 1.5519174984389963
-11.977386934673403 1.5499855231207693
-11.975020242479593 1.5484148912369697
-11.974010817814825 1.5477386934673092
-11.97131660180788 1.5460043126485878
-11.969672397107843 1.5449177214293286
-11.96636801221462 1.5427135678391686
-11.964343141896403 1.5414152401473133
-11.95979899497491 1.5384755459718518
-11.958965096107324 1.5379266990303382
-11.958594231380962 1.537688442211028
-11.957641188856954 1.537071926177326
-11.95361252020288 1.534430880803468
-11.950940930307034 1.5326633165828873
-11.948235776720734 1.530941967598797
-11.943793555004547 1.5280903337342115
-11.94310748128763 1.5276381909547467
-11.942829001512635 1.5274616348872563
-11.942211055276418 1.5270664192807368
-11.937454736875985 1.523972013441016
-11.935384823788754 1.5226130653266061
-11.932033433588993 1.5204958316091588
-11.929784346774195 1.5190625771831137
-11.927529876281211 1.5175879396984655
-11.926622498312382 1.5170166874886215
-11.924623115577926 1.515747025617789
-11.921205213463526 1.5135393575315819
-11.919656565921217 1.512562814070325
-11.91582914572868 1.5101315726293274
-11.915742070934984 1.5100751297687394
-11.915598739816632 1.5099844209956697
-11.911831380398183 1.5075376884421843
-11.910327331845265 1.5065970724519469
-11.907035175879434 1.5045205145827643
-11.904869635363852 1.5031312886756387
-11.903913692114733 1.5025125628140437
-11.901272582962287 1.5008661076948586
-11.899400172029058 1.499668866857439
-11.896018581110805 1.497487437185903
-11.89394893258953 1.496201238212021
-11.889447236180942 1.4933798426718807
-11.888453254817149 1.4927463062331325
-11.887996901680266 1.4924623115577624
-11.886782988533833 1.4917010979443024
-11.882980272499767 1.4892848898385287
-11.880653266331695 1.4878412276165927
-11.880015057359657 1.4874371859296218
-11.877492324415988 1.485827749377182
-11.872136318943573 1.4824912095760876
-11.87201245636549 1.4824120603014812
-11.871963925334091 1.4823821663438697
-11.87185929648245 1.4823171773068777
-11.866484639182934 1.478922551044631
-11.864074322381658 1.4773869346733406
-11.860962163709676 1.475475275551707
-11.857360341705116 1.47324437616553
-11.855971005551272 1.4723618090452
-11.855430409249527 1.472030651197895
-11.854271356783958 1.471314741467964
-11.849917736408322 1.4685805749529557
-11.84788941739821 1.4673366834170594
-11.84547738693471 1.4658456796080408
-11.844362774110351 1.4651425814099488
-11.842434432848501 1.4639547051497859
-11.839833244208611 1.4623115577889187
-11.838827808277697 1.4616988745911383
-11.836683417085466 1.4603813790607267
-11.833283714968367 1.4582577756228066
-11.831741884691125 1.4572864321607781
-11.827698177435234 1.4548285178612756
-11.827364049436342 1.4546237556895996
-11.82360420204392 1.4522613065326375
-11.82216011090002 1.4513856969574812
-11.819095477386973 1.4495122982442883
-11.816586440892188 1.447953048474436
-11.815405253782302 1.447236180904497
-11.812172736214643 1.4452582548552604
-11.810992046422545 1.444526321266193
-11.807288613464726 1.4422110552763563
-11.805431036694216 1.4410900555604318
-11.801507537688481 1.4387031128828358
-11.799829521158095 1.437665362942612
-11.79906077310598 1.4371859296482157
-11.796851240636643 1.4358555590619764
-11.794232010766573 1.4342395259977634
-11.790890941137041 1.432160804020075
-11.788644060327112 1.4308109576380401
-11.78391959798999 1.42794979862878
-11.783016326719485 1.4273937558977927
-11.782587074107948 1.4271356783919344
-11.781399432187285 1.4264156310197338
-11.77741575058194 1.4239687948803796
-11.774415397382295 1.4221105527637938
-11.77180243307389 1.4205474742545379
-11.766331658291497 1.4172486545264338
-11.766150013167477 1.417137325742516
-11.766066032253999 1.4170854271356532
-11.765822212110933 1.4169398710840637
-11.760546404344177 1.4137132312067466
-11.757865918552339 1.4120603015075126
-11.754909183233192 1.4102987401817453
-11.750137805145638 1.4074334863229812
-11.749490525541296 1.407035175879372
-11.749248144824366 1.406891054098983
-11.748743718593005 1.4065887442591771
-11.74362656871043 1.4034720930748241
-11.741168958230999 1.4020100502512314
-11.739949748743758 1.401278467356387
-11.737966555077088 1.4000641141990666
-11.734339018285691 1.3978944215919986
-11.732854954910684 1.3969849246230908
-11.732302043860496 1.3966574203470952
-11.731155778894513 1.3959731172224483
-11.726658605677033 1.3932447056285158
-11.724557890099707 1.3919597989949501
-11.720977334799954 1.3898428002509693
-11.718426708142575 1.3883229216372532
-11.716152722928003 1.3869346733668095
-11.715309557508032 1.3864370395633783
-11.71356783919602 1.3854010458436967
-11.709645544846198 1.3830302032671895
-11.707747554571824 1.381909547738669
-11.704773869346774 1.3801382857278472
-11.703944251300545 1.3796340186520926
-11.702405338450081 1.3787202618112584
-11.699387170572388 1.3768844221105283
-11.698273181338303 1.37622919872745
-11.695979899497528 1.3748698548096634
-11.692589791043236 1.3728278988979001
-11.690994577889978 1.3718592964823877
-11.686869640987863 1.3694371018570086
-11.686279089245467 1.3690876364103701
-11.682561421646833 1.366834170854247
-11.681195243985687 1.3660332325152043
-11.678391959799036 1.3643770622673648
-11.675493607211408 1.3626371459654285
-11.674081510930167 1.3618090452261065
-11.670056481814266 1.359427480087601
-11.669760461186799 1.3592500620586048
-11.665678438449653 1.3567839195979658
-11.664077938441668 1.3558485143576444
-11.660804020100544 1.3539203622225546
-11.658359125015032 1.3524573354228293
-11.657201036375728 1.3517587939698252
-11.653744953331197 1.349741917750011
-11.652622469930835 1.3490712541044587
-11.648741032272426 1.3467336683416846
-11.646923332018313 1.3456744535941816
-11.643216080402052 1.3434976089031618
-11.641188354418576 1.3422878929945368
-11.640194319778889 1.341708542713544
-11.637339440793609 1.3400295028254172
-11.635448145081519 1.3389028271769838
-11.631751872954968 1.3366834170854034
-11.629733375353268 1.3355104928997727
-11.62562814070356 1.3331068028468573
-11.623983192344495 1.3321282767027096
-11.62319933380523 1.3316582914572628
-11.620843684323603 1.3302913039201325
-11.618239380552275 1.328744240158061
-11.614713497578723 1.3266331658291222
-11.612509910550775 1.32535610595892
-11.608040201005068 1.3227460785060048
-11.606745430499986 1.3219779746310047
-11.606107152071926 1.3216080402009815
-11.604261311246457 1.3205283574128073
-11.600997965943145 1.3185949817333897
-11.597628318370742 1.316582914572841
-11.59525467854174 1.315210795362793
-11.590452261306575 1.3124136931920738
-11.589476762452025 1.3118365029031436
-11.58900938393283 1.3115577889447003
-11.587595838549175 1.3107416681568713
-11.583725593461642 1.3084545684151125
-11.580498629882314 1.3065326633165597
-11.577969325735966 1.305074090708593
-11.572864321608083 1.302108017206069
-11.572178790020432 1.3017034038563198
-11.571839134085575 1.301507537688419
-11.57085067502569 1.3009322100934497
-11.566423864176064 1.298322542755141
-11.563326615499125 1.2964824120602785
-11.560655410030842 1.2949455468827784
-11.555276381909591 1.2918275250223585
-11.55485302905049 1.2915782443918813
-11.554649195137273 1.2914572864321379
-11.554029123111766 1.2911009267756164
-11.549094293660636 1.2881984717322705
-11.546114353333298 1.2864321608039972
-11.54331440623322 1.2848247425119625
-11.537688442211099 1.281570787411077
-11.537500914619176 1.2814606144878349
-11.537407575968704 1.2814070351758566
-11.537134380411405 1.2812487318045154
-11.531738317084685 1.27808194529812
-11.528894472361852 1.2764512306316114
-11.528776004452851 1.276381909547716
-11.525947710944356 1.2747112785672163
-11.520170220644907 1.2713767033859469
-11.520136504148466 1.2713567839195754
-11.520124516168199 1.271349922875121
-11.520100502512607 1.2713360769369704
-11.514357293791962 1.2679725750687618
-11.511576903111784 1.2663316582914348
-11.508556646951902 1.2646047771092102
-11.503143750373937 1.2614868719661008
-11.502837873002536 1.2613065326632942
-11.502729410710195 1.2612445761215572
-11.502512562814115 1.2611197879173837
-11.496952630866662 1.25786995902014
-11.494171233164133 1.2562814070351536
-11.493718592964868 1.2560204177861074
-11.491142744589881 1.2545048008996513
-11.486053790689102 1.2515789007137208
-11.485505554891684 1.251256281407013
-11.485311632153117 1.2511457073963
-11.484924623115623 1.250923397261439
-11.479525915680984 1.2477736436173403
-11.476902270665716 1.2462311557788723
-11.47370733576191 1.2444109693946492
-11.468902696368271 1.2416534624224864
-11.468140962056134 1.2412060301507317
-11.467872178802445 1.241053031469213
-11.46733668341713 1.2407459601076871
-11.46207808278555 1.2376833618458996
-11.459437988981039 1.236180904522591
-11.458542713567883 1.2356664976555987
-11.456251375699209 1.2343230096709998
-11.4516930737767 1.2317113017681827
-11.450745675634545 1.2311557788944505
-11.45041214788349 1.23096623484735
-11.449748743718638 1.2305864416369179
-11.444610249716378 1.227598794409813
-11.442104370314215 1.2261306532663099
-11.438775979154556 1.2242406032279067
-11.434427694854339 1.2217532107336533
-11.43332130743369 1.2211055276381693
-11.432932657769824 1.2208849979954044
-11.432160804020146 1.220443805832871
-11.42712350719006 1.2175196296757669
-11.424586356444697 1.2160804020100286
-11.4233668341709 1.215381891137115
-11.421282209851997 1.214163446144216
-11.417109250811267 1.2117799582360629
-11.415869405497835 1.211055276381888
-11.41543477594437 1.2108090159182545
-11.414572864321654 1.2103170714874638
-11.409618896412828 1.2074455701562696
-11.40719547703599 1.2060301507537474
-11.40377108334397 1.2040912482620874
-11.399740353689563 1.2017922905731497
-11.398391453844948 1.2010050251256068
-11.397929243126375 1.2007352198389745
-11.396984924623162 1.200170995669958
-11.392258161776947 1.197330403167813
-11.389994375409605 1.1959798994974662
-11.388190954773915 1.19489522187751
-11.386603488374757 1.1939208985117267
-11.383711085833756 1.1921873741290652
-11.381703795416833 1.1909547738693256
-11.3809539095777 1.1905099382541735
-11.37939698492467 1.1895793521798295
-11.37531120389803 1.1870970142487955
-11.37340482542845 1.185929648241185
-11.369628653551603 1.1836954744339208
-11.367834953441376 1.1826262106745293
-11.365015638979283 1.1809045226130443
-11.363969603485899 1.180287220253124
-11.361809045226178 1.1790026063524772
-11.358299981071479 1.176881986743389
-11.356601093310658 1.1758793969849037
-11.35301507537693 1.1737453046301098
-11.352591258320727 1.1734879247583203
-11.351803306934608 1.1730206146158846
-11.348237092334994 1.1708542713567631
-11.346922646958125 1.1700824023766376
-11.344221105527685 1.16848416988016
-11.341227756489214 1.166684388311043
-11.33981627775902 1.1658291457286225
-11.33562267040412 1.1633724499790326
-11.335496488090298 1.1632967679397357
-11.33137223193455 1.160804020100482
-11.329816182693625 1.159894586710644
-11.326633165829193 1.1580205096073293
-11.324097578149056 1.1565033480952378
-11.322857823603384 1.1557788944723413
-11.319305841813524 1.1536853733250068
-11.31835634105915 1.153118575921356
-11.314424902999901 1.1507537688442007
-11.312653149729787 1.1497229335301764
-11.309045226130701 1.1476083762692388
-11.30691229777882 1.1463380513165973
-11.305896820266296 1.14572864321606
-11.302845827349806 1.1439573864215182
-11.301160956053097 1.1429561661815208
-11.297398737835643 1.1407035175879194
-11.295436301188664 1.1395666562289328
-11.291457286432209 1.1372447751458612
-11.289674587896249 1.1361877343986242
-11.288795073361802 1.1356783919597788
-11.286246981015196 1.1341897332692037
-11.283912993207021 1.1328087786816914
-11.280297172570927 1.1306532663316382
-11.278168220300724 1.1294250167410649
-11.273869346733717 1.1269269401878015
-11.272386957221421 1.1260516805641538
-11.271674977247912 1.1256281407034976
-11.269513542305564 1.1243836251525963
-11.266614951512905 1.1226756994241605
-11.263123462495036 1.120603015075357
-11.260851334903785 1.1192973213986255
-11.256281407035225 1.1166523111387274
-11.255051746897436 1.115929220915156
-11.25444006128366 1.1155778894472164
-11.252649488492809 1.1145401984350976
-11.249269079405877 1.1125562859988891
-11.245880140982699 1.1105527638190758
-11.243487576127508 1.109183018450282
-11.238693467336732 1.1064190524982722
-11.237670545990696 1.1058199014326595
-11.23717523209414 1.1055276381909351
-11.235656888695472 1.104660044293432
-11.231876817347246 1.102450126845505
-11.22856978956372 1.1005025125627945
-11.22607866759888 1.0990816154311833
-11.22110552763824 1.096224949775511
-11.220245527594336 1.0957231012329123
-11.21981445638911 1.095477386934654
-11.218540308031008 1.0947444670468736
-11.214440728973624 1.092356489496403
-11.211195394103965 1.0904522613065133
-11.208627068333383 1.0889924097654742
-11.203517587939748 1.0860677378319732
-11.202778867797273 1.0856381985762233
-11.202418512817353 1.0854271356783727
-11.201303915949595 1.0847946579669001
-11.196962795675011 1.0822748078401574
-11.193759706060332 1.080402010050232
-11.191134645767322 1.0789148678999272
-11.185929648241256 1.0759455464659968
-11.185272381679903 1.0755646748681924
-11.184940635939407 1.0753768844220915
-11.183951274466274 1.0748116347720966
-11.179444829280504 1.072204564211309
-11.176265167721647 1.0703517587939508
-11.173603161412451 1.0688484865454688
-11.168341708542764 1.065856633701534
-11.16772778188466 1.0655020407824116
-11.16742626347475 1.0653266331658102
-11.166485846724914 1.0647963869321382
-11.161888540318976 1.0621452698873233
-11.158714100581667 1.0603015075376696
-11.156034278786445 1.058792790411335
-11.150753768844272 1.0557993745080383
-11.150146686255498 1.0554498340777503
-11.149838312768996 1.055276381909529
-11.148911001022146 1.0547498768174934
-11.14429554551792 1.0520964629460599
-11.141108713420035 1.0502512562813884
-11.138429570638452 1.0487473301406247
-11.13316582914578 1.0457722506897316
-11.13253062480016 1.045407617609139
-11.132216707103934 1.0452261306532478
-11.131230014592571 1.0446730407809026
-11.126667374641572 1.0420577063120238
-11.123451109732127 1.0402010050251072
-11.12079052553964 1.0387116804272924
-11.115577889447287 1.0357738418068747
-11.114881046042061 1.0353749775127454
-11.114525001918139 1.0351758793969665
-11.113446077164149 1.034566790173213
-11.109005476733008 1.0320285859729053
-11.105743294564544 1.030150753768826
-11.103118553900536 1.0286854382968995
-11.097989949748795 1.0258028170099829
-11.09719932282096 1.0253515215486377
-11.096806353927203 1.0251256281406853
-11.095562294291772 1.0244320122958213
-11.091311225817476 1.0220087093500645
-11.08798718080712 1.0201005025125447
-11.085414993470089 1.0186682215354628
-11.080402010050303 1.0158579276835606
-11.079486757594903 1.0153368775859466
-11.079016601457818 1.015075376884404
-11.077581690476245 1.0142695712918162
-11.073585926117827 1.0119977038083992
-11.070184594986996 1.0100502512562635
-11.06768111436503 1.0086596672524868
-11.062814070351811 1.0059380008093086
-11.061744587290029 1.0053306922172034
-11.061210216669052 1.0050251256281229
-11.059507212074937 1.0040803089775876
-11.055830816827243 1.001995215292716
-11.05233728260561 0.9999999999999822
-11.049918123672859 0.9986594305658283
-11.045226130653319 0.9960419329702326
-11.04397398773965 0.9953326294900329
-11.043327592703879 0.9949748743718416
-11.041341730009696 0.9938650456165208
-11.038047076479389 0.9920009070791096
-11.034446913055284 0.989949748743701
-11.032127169666916 0.9886671833973901
-11.027638190954827 0.98616868492695
-11.026176077749499 0.9853423697456538
-11.025441993012539 0.9849246231155604
-11.02308804227675 0.9836245806361097
-11.020235826951865 0.9820144586311237
-11.016515084148281 0.9798994974874198
-11.014309345667808 0.9786826133698563
-11.010050251256335 0.9763172767060446
-11.00835192282192 0.9753596085548262
-11.00747120999677 0.9748743718592792
-11.00474887626263 0.9733596932896491
-11.00239813713473 0.9720355645515966
-10.998543601732953 0.9698492462311386
-10.996465844569702 0.9687053796563214
-10.992462311557842 0.9664865566366956
-10.990502884377824 0.9653839569401459
-10.989514811599351 0.9648241206029979
-10.986328467821806 0.9630715938212733
-10.984535611018314 0.9620637665575797
-10.980534268013717 0.9597989949748573
-10.978598036660276 0.9587350907460213
-10.97487437185935 0.9566755073701101
-10.972629970237067 0.9554151269530831
-10.971461300151866 0.9547738693467167
-10.967828724297467 0.9527608271861787
-10.96664883684532 0.9520988965797281
-10.962488232581121 0.9497487437185761
-10.960706484376901 0.9487715859425636
-10.957286432160858 0.9468835730146292
-10.954733844210452 0.9454529289334088
-10.953441438046154 0.9447236180904355
-10.949251722400627 0.9424279867303689
-10.948738671287224 0.9421407098547618
-10.944406692896006 0.9396984924622949
-10.942792081466964 0.9388146098895529
-10.939698492462366 0.9371099653166475
-10.936815396674257 0.9354971084878994
-10.935308439048612 0.9346733668341543
-10.930904522613119 0.9322419381725844
-10.930808970889334 0.9321881045125942
-10.930602787872708 0.9320745940942521
-10.926290956646422 0.9296482412060136
-10.924855701049827 0.9288639131243128
-10.922110552763874 0.9273539364101486
-10.918875479609353 0.9255474221934508
-10.917231430575791 0.924623115577873
-10.912865694154593 0.9222393781238134
-10.911889255146123 0.9217027448299442
-10.908142281315392 0.9195979899497324
-10.906898179095977 0.9189192567981337
-10.904522613065382 0.9176147759799766
-10.900914908912483 0.9156036369367051
-10.899022627898068 0.9145728643215918
-10.895728643216135 0.9127604247156818
-10.894902241327312 0.9122964163328993
-10.893106416782194 0.9113110939549669
-10.889961876880033 0.9095477386934512
-10.888920316634977 0.9089804120454259
-10.88693467336689 0.9078918086676868
-10.882934466529871 0.9056655293044589
-10.880894654329182 0.9045226130653106
-10.876919375730472 0.902359001047575
-10.874256570359544 0.9009002979203542
-10.871750908315688 0.89949748743717
-10.870922881794986 0.8990471594010021
-10.869346733668397 0.898184391696522
-10.864934902428427 0.8957328850204496
-10.862613456455291 0.8944723618090293
-10.86055276381915 0.8933420454067953
-10.858917829602785 0.8924269230567781
-10.855341958840262 0.890470997572419
-10.853510497920926 0.8894472361808887
-10.852906611688333 0.8891192882613383
-10.851758793969905 0.8884919126944997
-10.84691693641858 0.8858054984245554
-10.844440247763027 0.8844221105527481
-10.840898305860918 0.8824999815271752
-10.836364771922035 0.8800238185390707
-10.835241727478222 0.8793969849246075
-10.834872214156517 0.8791965963860067
-10.834170854271413 0.8788137876966617
-10.828881259841689 0.8758831719906741
-10.8260898188775 0.8743718592964669
-10.825376884422166 0.8739819194705891
-10.822861479731225 0.8725779835369512
-10.817327147307077 0.8695593715923708
-10.816945640264276 0.8693467336683263
-10.81682036938698 0.869278889435738
-10.81658291457292 0.869149459309404
-10.810828537133984 0.8659657158798817
-10.807876695796331 0.8643216080401857
-10.804808000262684 0.8626607436435414
-10.798994974874429 0.8594943071841312
-10.79875908079212 0.8593638807212765
-10.798637991329173 0.859296482412045
-10.798238275284158 0.8590802825291108
-10.79275940727827 0.8560529475256642
-10.789556478863947 0.8542713567839044
-10.786738491731887 0.8527480834822043
-10.781407035175937 0.8498476239051227
-10.780689303675937 0.8494512972986206
-10.780320398166655 0.8492462311557638
-10.779100535537863 0.8485872312591711
-10.774674485153847 0.8461446912482202
-10.7712118930597 0.8442211055276232
-10.768653554950307 0.8428398313925198
-10.763819095477444 0.8402129152537547
-10.762604454849813 0.8395430200788061
-10.761960562904601 0.8391959798994826
-10.75990897722393 0.8380788032556215
-10.756574362794613 0.8362407778950081
-10.752844012317404 0.834170854271342
-10.750553859196451 0.8329357961520563
-10.746231155778952 0.8305895779678316
-10.744505365417078 0.8296388116037372
-10.743616265661423 0.8291457286432014
-10.740667017849999 0.8275559749492141
-10.738460200473272 0.8263408759595414
-10.734454488733556 0.8241206030150607
-10.73244062830884 0.8230356280926667
-10.72864321608046 0.8209766513084267
-10.726393089537181 0.8197383706850001
-10.725197699295363 0.8190954773869201
-10.721377358490054 0.8170195180753757
-10.720332528442414 0.8164448339410777
-10.716044003112941 0.8140703517587795
-10.714314051031227 0.813139273287562
-10.711055276381968 0.8113741453218744
-10.708267690680543 0.8098416791881888
-10.70682848852178 0.8090452261306389
-10.70219375083562 0.8065519649443118
-10.702042765995104 0.8064702231629637
-10.6976131253575 0.8040201005024983
-10.696174582431995 0.8032466017172073
-10.693467336683476 0.801781624830813
-10.690129719498241 0.7999485797844246
-10.688353052679098 0.7989949748743577
-10.684673366834229 0.7969993397520847
-10.68405735178424 0.7966584163602839
-10.682677839993802 0.7959122615344514
-10.679162719027214 0.793969849246217
-10.678022768571052 0.7933574573644835
-10.675879396984984 0.7921986689096698
-10.671979711312519 0.7900589195244949
-10.66996246424691 0.7889447236180764
-10.665909217862053 0.7867682205964881
-10.66327024134902 0.7853421077220863
-10.660693626061546 0.7839195979899358
-10.659859140534417 0.7834716884905291
-10.658291457286492 0.7826248700446587
-10.653818186856578 0.7801725496274852
-10.651432733181377 0.7788944723617952
-10.649497487437245 0.7778467435241243
-10.647749859651322 0.7768812317722746
-10.643821854383306 0.7747603001037424
-10.642206667640348 0.7738693467336546
-10.641684215128267 0.7735891474364349
-10.640703517588 0.7730598333713266
-10.635645652938399 0.770289325291114
-10.633024798009641 0.768844221105514
-10.629579774151496 0.7669973078878032
-10.624334530983466 0.7641673677899332
-10.623702644940037 0.7638190954773734
-10.62349849549746 0.7637096904465297
-10.623115577889507 0.7635031759860347
-10.617462603030111 0.7604091055233457
-10.614443247696428 0.7587939698492328
-10.61432160804026 0.758728217111968
-10.611399445339948 0.7571163106638235
-10.605527638191015 0.7539506778420106
-10.605309310949764 0.7538312234328783
-10.605196048926286 0.7537688442210921
-10.604816808490456 0.7535657500209325
-10.59926951778383 0.7505317529950046
-10.596021775220358 0.7487437185929515
-10.593209344660037 0.747238105402233
-10.587939698492523 0.7443990956347291
-10.587122238873945 0.743952152855833
-10.586685153955967 0.7437185929648109
-10.585275515538603 0.7429573978351192
-10.58106686547438 0.7406571339132828
-10.577497637036958 0.7386934673366703
-10.575009931436698 0.7373625608673366
-10.57035175879403 0.7348546238410867
-10.56892610362506 0.7340756717568073
-10.568185489811226 0.7336683417085297
-10.565700986523538 0.7323395496312459
-10.562855102368726 0.7307851179161906
-10.55895938194903 0.7286432160803891
-10.55680165321925 0.7274895491879008
-10.552763819095539 0.7253169305816263
-10.55072134417561 0.7242016547150847
-10.549627866727215 0.7236180904522485
-10.546094927347623 0.7217126928099873
-10.544634673021447 0.7209155779881335
-10.540407713692021 0.7185929648241078
-10.538584946050538 0.7176189457802531
-10.535175879397046 0.715785693342089
-10.532508388187539 0.7143299795415405
-10.531120976589111 0.7135678391959672
-10.52645900962282 0.7110773049747596
-10.526406010495005 0.7110483903969813
-10.521843318624505 0.7085427135678266
-10.520360234661041 0.7077506292928302
-10.517587939698554 0.7062605986869865
-10.514287652180387 0.7044605272305908
-10.512518819876913 0.703517587939686
-10.508793969849307 0.7015108535536916
-10.50818853930717 0.7011780052805126
-10.506813658526262 0.70043922189046
-10.503266865765358 0.6984924623115454
-10.50212793258599 0.697884481572709
-10.500000000000062 0.6967413420367157
-10.496059235800107 0.6945932693119632
-10.494007134886544 0.6934673366834048
-10.489963868713996 0.6913096771369975
-10.48713939765534 0.6897928788706276
-10.48467707878824 0.6884422110552642
-10.483887133156584 0.6880207616681178
-10.48241206030157 0.6872288052460913
-10.477822590355874 0.6847283625544645
-10.475360104402968 0.6834170854271235
-10.473618090452323 0.6824795911762944
-10.47173153107091 0.6814435395791714
-10.467437528945357 0.6791386478967771
-10.466075636639879 0.6783919597989829
-10.465639032102462 0.678159127942016
-10.464824120603078 0.6777218041214859
-10.459578975528734 0.6748654470492266
-10.456845018340486 0.6733668341708423
-10.453492411819035 0.6715793396238574
-10.44771090437197 0.668477343819097
-10.447463407728733 0.6683417085427017
-10.447384115840586 0.6682994414181298
-10.447236180904586 0.6682200849510833
-10.441328729898503 0.6650044260591557
-10.438248235486187 0.6633165829145611
-10.43524684221434 0.6617169826264906
-10.429648241206094 0.6587143289911728
-10.429138722631217 0.6584370340220991
-10.428872975423248 0.6582914572864205
-10.42797669449792 0.6578138725126568
-10.42307218122896 0.655145205937461
-10.419641674380658 0.6532663316582799
-10.416995142863655 0.6518563769851218
-10.412060301507601 0.6492106943240099
-10.41089187316473 0.6485750426995311
-10.41026404483993 0.6482412060301392
-10.408225033445184 0.6471454151551628
-10.404809646623168 0.6452876960832654
-10.401025842429732 0.6432160804019986
-10.398737623870218 0.6419974340988244
-10.39447236180911 0.6397115098711224
-10.39263936669642 0.6387146676631978
-10.391682639465285 0.638190954773858
-10.388452708436933 0.6364710538103795
-10.386541432652704 0.6354318089046904
-10.382401230225863 0.6331658291457174
-10.38047458495414 0.6321400683332827
-10.376884422110617 0.6302165601946816
-10.374381496203638 0.6288558252052852
-10.373035718589716 0.6281407035175768
-10.368660919864991 0.6257911314473983
-10.368267835462923 0.6255774597887775
-10.363768311630054 0.6231155778894362
-10.362206315549829 0.6222841969929496
-10.359296482412125 0.6207256372682943
-10.356118544514938 0.6189984345176347
-10.354458804162386 0.6180904522612956
-10.350004785761172 0.6157200971048562
-10.348866356426765 0.6151104162654777
-10.345127543824727 0.6130653266331549
-10.343933094882436 0.6124297402992109
-10.341708542713633 0.6112385403624518
-10.337850784379954 0.6091424176717792
-10.33577539534477 0.6080402010050143
-10.332914572864386 0.6065045570605356
-10.331742472038535 0.6058625241411875
-10.32906014661707 0.6044263735488533
-10.326479367340523 0.6030150753768737
-10.325655192025353 0.6025766213739558
-10.32412060301514 0.601755075947743
-10.319578478521205 0.599287699604143
-10.317205053295 0.5979899497487331
-10.31347574587802 0.5960062118740561
-10.309237994560245 0.5937377759044775
-10.30782420605997 0.5929648241205925
-10.307372865940732 0.5927247662279971
-10.306532663316649 0.5922750576141116
-10.301301879669822 0.5894342081058301
-10.298486563812935 0.5879396984924519
-10.297738693467402 0.5875384280264395
-10.295204853874065 0.5861510898479061
-10.2894009235511 0.5830449157022946
-10.28916246720095 0.5829145728643113
-10.28908636550503 0.5828741037537757
-10.288944723618156 0.5827983060044746
-10.283021230587151 0.5795818738164584
-10.279924709631564 0.5778894472361706
-10.276930032764877 0.5762970904232523
-10.271356783919664 0.5733149085175482
-10.270813030188789 0.5730196798168521
-10.270520288470086 0.57286432160803
-10.26956693134545 0.5723529351582544
-10.264736764074122 0.5697306302214722
-10.261275532432025 0.5678391959798894
-10.258651509438943 0.5664441487748118
-10.253768844221172 0.5638319044998434
-10.252540438984681 0.5631650432764603
-10.251898152035771 0.5628140703517488
-10.249724532388377 0.5616585526852358
-10.246448793001633 0.5598803879291907
-10.2426211376846 0.5577889447236082
-10.240369711819696 0.5565921426387463
-10.23618090452268 0.554351354284405
-10.234264780091532 0.5533112832186529
-10.233232920288417 0.5527638190954676
-10.2298712840017 0.5509610703751875
-10.228157749453546 0.5500310234870796
-10.223961873849731 0.547738693467327
-10.222084846519772 0.5467410129828743
-10.218592964824188 0.5448732628490065
-10.215986046643394 0.5434584016051272
-10.214622624932025 0.5427135678391863
-10.210007163936261 0.5402604818712069
-10.209863572564327 0.540182554285292
-10.205297843329749 0.5376884422110457
-10.203796928639587 0.5368907554927915
-10.201005025125696 0.535397564025299
-10.19770435050744 0.5336063664738351
-10.195926499095846 0.5326633165829051
-10.192211055276449 0.5306712492390284
-10.191586090653784 0.5303293150895962
-10.190152383761044 0.5295625619072899
-10.186629284892566 0.5276381909547645
-10.185506127067724 0.5270413219146155
-10.183417085427203 0.525924138573088
-10.179419853775828 0.5237551315127309
-10.177328891319458 0.5226130653266239
-10.173307858182948 0.5204762903396993
-10.17029005696795 0.5188624857668369
-10.167956452729959 0.5175879396984833
-10.167212595762491 0.5171926682602601
-10.165829145728711 0.516452877546528
-10.161132703552493 0.5139046546921193
-10.158602638016145 0.5125628140703427
-10.157035175879464 0.511722533970862
-10.155027045623642 0.5106240027579361
-10.150418806146222 0.508159859903917
-10.14927957504147 0.507537688442202
-10.148916473077776 0.5073447550000427
-10.14824120603022 0.5069836827411258
-10.14284303126702 0.5040548984606898
-10.140018837101598 0.5025125628140614
-10.136743777522573 0.500772416759534
-10.130653266331727 0.4975158508173294
-10.130618960662355 0.4974972388057415
-10.1306010122272 0.4974874371859208
-10.13054022438712 0.497455139487462
-10.124550951931713 0.4942058299577834
-10.121358197744012 0.4924623115577802
-10.11845816192449 0.49092150147456426
-10.113065326633235 0.4880381163934038
-10.112339759569124 0.4876444908051001
-10.11196013016086 0.4874371859296396
-10.110674318892666 0.4867540408609061
-10.1062565633406 0.4843574212422519
-10.102694031975954 0.48241206030149897
-10.100170289559536 0.48107123098012927
-10.095477386934743 0.4785621784710079
-10.09405835151275 0.4777923733653564
-10.093293751874938 0.47738693467335835
-10.090800879388897 0.4760507896602597
-10.087959945209237 0.47450964953821906
-10.084026463757997 0.47236180904521774
-10.081880232971544 0.4712215845494194
-10.07788944723625 0.4690879897021629
-10.075774801898273 0.4679408677993564
-10.074668295751502 0.4673366834170771
-10.070920176738266 0.46534546327479553
-10.069661158254338 0.4646624974980549
-10.06535558532206 0.4623115577889365
-10.063588045586386 0.4613725469179002
-10.060301507537758 0.45961551602677275
-10.05748915689153 0.45808996091686094
-10.055973717738345 0.4572864321607959
-10.051507537688511 0.45489276868226103
-10.051364737643665 0.4548146693595392
-10.051036882104679 0.45463939632277306
-10.04668145551763 0.4522613065326553
-10.045293760719613 0.4515241085668418
-10.042713567839266 0.4501447373558154
-10.039201442416084 0.4482396453111379
-10.03736357845117 0.44723618090451467
-10.03308353367628 0.4449624936086565
-10.031163894676009 0.44393627428644145
-10.028004098056114 0.44221105527637405
-10.026997390523064 0.4416762660242908
-10.025125628140774 0.44067564829595796
-10.02091166308955 0.43838991966286844
-10.018640835054827 0.43718592964823344
-10.016331658291527 0.43594838602515384
-10.014800282807267 0.43511090268680874
-10.011283967741882 0.4332311695342641
-10.009323499652682 0.4321608040200928
-10.008698924870412 0.43182902218348396
-10.007537688442282 0.43120825891508474
-10.002619824854246 0.42854078227424797
-10.00004639655208 0.4271356783919522
-9.996515084732424 0.42525986810948524
-9.991398037191622 0.42252434946319184
-9.990640170276432 0.4221105527638116
-9.9903986935122 0.4219822828299806
-9.98994974874379 0.4217422832114348
-9.984326445908605 0.4186920850885807
-9.981296174901894 0.417085427135671
-9.981155778894543 0.4170101849502057
-9.978228436698943 0.4154092478060578
-9.972361809045298 0.41227304861162306
-9.972104909197562 0.4121337014640263
-9.971970473490812 0.41206030150753037
-9.971515036622977 0.41181836652972414
-9.966031280625847 0.40884389828494694
-9.962718490385203 0.40703517587938975
-9.95993991163699 0.4055591637964797
-9.954773869346806 0.40279752330399354
-9.953822959048036 0.40228173890804
-9.953310525217146 0.40201005025124914
-9.95163948981214 0.40111451324134517
-9.947734199406401 0.39899625889179546
-9.944050256659107 0.3969849246231085
-9.94164947765251 0.3957096251933381
-9.937185929648313 0.39332356206359
-9.935539105013595 0.3924303203191739
-9.934677296099663 0.3919597989949679
-9.931757538876568 0.3904088302030404
-9.929435157464978 0.3891491797049236
-9.925379006646294 0.3869346733668273
-9.923357084026486 0.38586064648777985
-9.919597989949821 0.3838512058935173
-9.917253290474218 0.38257946187457303
-9.915989710994976 0.3819095477386867
-9.91186893646878 0.3797012467441041
-9.911134090455555 0.3793026791089078
-9.90670462937786 0.37688442211054607
-9.905062660437281 0.37601224777170295
-9.902010050251329 0.37438050935894207
-9.898965439162236 0.3727291853650039
-9.897372066167778 0.37185929648240545
-9.892842667676165 0.36945342301859796
-9.891985094303575 0.36899502335447565
-9.88802697985507 0.36683417085426484
-9.886766116128527 0.36616445497549677
-9.884422110552837 0.36491154114871005
-9.88067545432113 0.3628795184351832
-9.87865621064982 0.3618090452261242
-9.87562814070359 0.3601864367432075
-9.874559169364383 0.35960190279468396
-9.872103964068586 0.35828957480205226
-9.86934587754226 0.3567839195979836
-9.868467339015638 0.35631730012332863
-9.866834170854345 0.3554443846738202
-9.862383217801154 0.35303049484218363
-9.860053645696059 0.351758793969843
-9.856273398642568 0.34975103183078193
-9.852214949595119 0.3475818736100642
-9.850661104736417 0.3467336683417024
-9.8501661947225 0.34647082160837517
-9.849246231155853 0.3459791387072766
-9.844088589082915 0.34318215473440095
-9.841308591064047 0.34170854271356177
-9.840452261306606 0.34124972764550066
-9.837985208862042 0.3399008520265099
-9.832317421583236 0.3368717399785286
-9.83197240479499 0.33668341708542115
-9.831862525538247 0.3366250644908817
-9.83165829145736 0.336515918070706
-9.825791404218325 0.3333345449541474
-9.822720327008968 0.33165829145728054
-9.819694429845423 0.33005141200397947
-9.814070351758868 0.3270459100730756
-9.813571841378213 0.32677559736646966
-9.813310882548768 0.3266331658291399
-9.812426316377799 0.3261634414345487
-9.807491474676237 0.32348771936746523
-9.80404737789932 0.3216080402009993
-9.801400866712012 0.32020276744338894
-9.796482412060376 0.31757461541030274
-9.795284564449831 0.31692515674729993
-9.794657455184195 0.3165829145728587
-9.792531414362116 0.31545405808764215
-9.789188586077605 0.31364173922550975
-9.785369776956411 0.3115577889447181
-9.783104298588531 0.3103549814513906
-9.778894472361884 0.3081057538002536
-9.776994234750486 0.30707558834840576
-9.775969651228355 0.30653266331657747
-9.772625523115039 0.3047415349603364
-9.770882496802175 0.3037966735626396
-9.766687123812115 0.30150753768843686
-9.764804477186274 0.3005081249676129
-9.761306532663392 0.29863950988566224
-9.758700597300574 0.29722696502110146
-9.75733578420892 0.29648241206029624
-9.752707549896899 0.2940255598412982
-9.752572936445235 0.2939525996373433
-9.747998406275526 0.2914572864321556
-9.746500794241454 0.2906623717817114
-9.7437185929649 0.2891764841914517
-9.740402600206718 0.2873795873063525
-9.738613858604783 0.286432160804015
-9.734924623115653 0.284457098359467
-9.734278606972765 0.2841041740307695
-9.732791753678278 0.28331020672212315
-9.729301968062634 0.2814070351758744
-9.728191994678083 0.28081808048682433
-9.726130653266408 0.2797174750146656
-9.722099639243568 0.2775336278399738
-9.719987498267558 0.2763819095477338
-9.71598144829016 0.2742565567699504
-9.712860571510063 0.27259045761734946
-9.71059782551169 0.27135678391959317
-9.709878406507658 0.27097515736538114
-9.708542713567915 0.27026218911342514
-9.70379184454023 0.26768904944221994
-9.701227760071882 0.26633165829145256
-9.699748743718668 0.2655402751949758
-9.697679352587953 0.2644103500861581
-9.692910896606653 0.2618654248739496
-9.691885491305733 0.26130653266331194
-9.691559618314082 0.26113371996483803
-9.690954773869423 0.26081096592502284
-9.685478739252838 0.25784598835419636
-9.68260769554905 0.2562814070351713
-9.679371833689308 0.25456569288706365
-9.673366834170931 0.2513618952472836
-9.673239137157326 0.25129276626806085
-9.673170183698728 0.2512562814070307
-9.672944617416391 0.25113564804859045
-9.667159802626966 0.2480045933628796
-9.663904294364489 0.2462311557788901
-9.661058361317837 0.24472273668020517
-9.655778894472439 0.24190709542428213
-9.65493103082857 0.2414482769061408
-9.654486244620312 0.24120603015074948
-9.652973871182324 0.24040459492500243
-9.64883446800248 0.23816502637116876
-9.645190674650117 0.23618090452260887
-9.642738359113748 0.2348816461398089
-9.638190954773947 0.2324574670945232
-9.636616260863942 0.2316056914401834
-9.635765260849396 0.23115577889446826
-9.632977865360933 0.22966632477646431
-9.630502120792702 0.22832746297525475
-9.626465822203677 0.22613065326632764
-9.624411202629405 0.22504259967948492
-9.620603015075455 0.22301346723421922
-9.618294192994085 0.22176519109000647
-9.617081842933743 0.22110552763818703
-9.6129538601869 0.21892005481288557
-9.612162096453202 0.21849209304497652
-9.60772863819853 0.2160804020100464
-9.606076217320732 0.21520579002611218
-9.603015075376963 0.21357558635707985
-9.599964142724362 0.21192697142550632
-9.598313635658675 0.2110552763819058
-9.594221105527716 0.20887072720302235
-9.593826107453578 0.20865557016044622
-9.592911081664003 0.20816842103534583
-9.588977935430623 0.20603015075376518
-9.587732676555062 0.20537142478902481
-9.58542713567847 0.2041443495153903
-9.581625373375315 0.20209124292652625
-9.579626721554284 0.20100502512562457
-9.575492004192078 0.19881850849359584
-9.572844858171816 0.1974100886951522
-9.57021243456839 0.19597989949748396
-9.569379799661034 0.19553972701718259
-9.567839195979978 0.19472031722108696
-9.563277094174833 0.19225823152795662
-9.560805892617982 0.19095477386934334
-9.559045226130731 0.1900161735048176
-9.557148215659014 0.1889842140471929
-9.552741083309076 0.18664102739194277
-9.551430760452712 0.18592964824120273
-9.551016750052222 0.18571093573527797
-9.550251256281486 0.1853040862625308
-9.544918458435664 0.18242817914044007
-9.542110835746293 0.1809045226130621
-9.53879388516778 0.17915293158883738
-9.532663316582994 0.1758959356363743
-9.532643264437642 0.17588512616930796
-9.532632702876452 0.1758793969849215
-9.532596580495484 0.17586032953134723
-9.526548561859626 0.17260134413488615
-9.523326551816394 0.17085427135678088
-9.520428098512935 0.16932492232008567
-9.515075376884502 0.16648357693248084
-9.514281478271505 0.16605597390378257
-9.513862979382237 0.16582914572864027
-9.512429714971734 0.16507324232499254
-9.508166441018927 0.16277800177637847
-9.504522778638798 0.16080402010049966
-9.50204996982977 0.15950043934513936
-9.49748743718601 0.15708070926975015
-9.49590735661014 0.15623034606546415
-9.495049021486684 0.15577889447235904
-9.492215192379453 0.15427253881334302
-9.48977185381861 0.1529582212349041
-9.48569909071952 0.15075376884421843
-9.483659498853257 0.14967948273972187
-9.479899497487517 0.14768718832340788
-9.477520784040586 0.14640827562948733
-9.476264499305303 0.1457286432160778
-9.471950342090985 0.14345745595992554
-9.471363825369354 0.14314228105027027
-9.466853380989432 0.1407035175879372
-9.465255048852887 0.13986252014111944
-9.462311557789025 0.13830453452351854
-9.459119797689587 0.13659032341677868
-9.457382342675023 0.13567839195979658
-9.453517587939778 0.13362836102790965
-9.452958303855995 0.1333256245982355
-9.451644645472026 0.13263070272636845
-9.447983187584073 0.13065326633165597
-9.446835262627198 0.13004993932118047
-9.444723618090533 0.12893354859027362
-9.440703240847524 0.12677681991580325
-9.43857501933874 0.12562814070351536
-9.434544859458406 0.1235112318274112
-9.431283648675542 0.12178814944208938
-9.42908647618541 0.12060301507537474
-9.428398918914038 0.12024208921194735
-9.427135678392041 0.11957507803351852
-9.42226987880706 0.1169681179000861
-9.419614613922043 0.11557788944723413
-9.418341708542794 0.1149043641432721
-9.416114359652575 0.1137017120303696
-9.410853856669492 0.11092594038364911
-9.410161066361832 0.11055276381909351
-9.409944714267613 0.11043934222650353
-9.409547738693549 0.11023001928688547
-9.40381839388434 0.10716459385072774
-9.400777248644049 0.1055276381909529
-9.397665472353973 0.10389744580269156
-9.391959798995057 0.10089105393155595
-9.391486179664637 0.10063783237150314
-9.391227176135919 0.10050251256281229
-9.390363203910766 0.10004634253872968
-9.385347379956373 0.09736664951715301
-9.381832120157949 0.09547738693467167
-9.379196776111272 0.09409883927332618
-9.374371859296565 0.0915604350962056
-9.3730196761942 0.09083859933577809
-9.372300253969149 0.09045226130653106
-9.369802569663337 0.08914674998275185
-9.366855336447363 0.08757471363530556
-9.362852829185826 0.08542713567839044
-9.360706753964678 0.0843063258593606
-9.356783919598072 0.08224593242524758
-9.354531547355354 0.08104554497674066
-9.35329580837703 0.08040201005024983
-9.349152814662052 0.07822169435424442
-9.348340661685844 0.07778924382560337
-9.343836647102004 0.07537688442210921
-9.342193786653704 0.07452036820664532
-9.33919597989958 0.07294864236139631
-9.336020156021865 0.07125913704474485
-9.334324433630972 0.0703517587939686
-9.329819997182868 0.06800548537060358
-9.328423094860531 0.06727379163995373
-9.324780644510236 0.06532663316582799
-9.323656145079532 0.06474146034341555
-9.321608040201088 0.06366972240848945
-9.317483753801096 0.061479875080542534
-9.315212453181836 0.06030150753768737
-9.312814070351841 0.059044111233112595
-9.311284698880923 0.05822590800102212
-9.307597822272992 0.05629858812966049
-9.305681673985443 0.05527638190954676
-9.305091981910971 0.054970130078582535
-9.304020100502596 0.05441039440502493
-9.298920472427245 0.051708292874363515
-9.296186244986698 0.05025125628140614
-9.292722159634156 0.04845411375853459
-9.286657081202655 0.045290393624280334
-9.2865363506173 0.04522613065326553
-9.286499322204248 0.045206941681795954
-9.286432160804104 0.04517194809402181
-9.280328314131639 0.04194496121725777
-9.277048106013458 0.040201005025124914
-9.27413035838047 0.038690680089450424
-9.268844221105612 0.035939639853680205
-9.26790567873409 0.03544403436027643
-9.26740069187571 0.0351758793969843
-9.265617638033449 0.034253998519223394
-9.261705140831006 0.03219049099015958
-9.257859081134646 0.030150753768843686
-9.255507131477046 0.028936225177436548
-9.25125628140712 0.026729454668151575
-9.249282248138165 0.025689637646118868
-9.24818630155978 0.02512562814070307
-9.244442772147574 0.023178911209404518
-9.243048674793688 0.022445532973542903
-9.238615221717163 0.020100502512562457
-9.236850200035772 0.019191400133378167
-9.233668341708627 0.017543953845992277
-9.230624714444698 0.015944984674116647
-9.22897836406595 0.015075376884421843
-9.224372440255143 0.012706223100133585
-9.22313255860189 0.012065153139639406
-9.219312416704643 0.010050251256281229
-9.218157210822715 0.009456877309830247
-9.216080402010135 0.008384629632408824
-9.211930674941978 0.006210761933328257
-9.20961395201446 0.005025125628140614
-9.207286432160888 0.0038215280874629443
-9.205677196423151 0.0029723444534237586
-9.201675828503793 0.0009095331977571064
-9.19993159331511 0.