-8.155853175696699 0.
-8.157641765168277 0.0009035014092368954
-8.160728251832568 0.002512562814070307
-8.160804020100606 0.00255165676672231
-8.163929697552446 0.004132074927614582
-8.165641142148717 0.005025125628140614
-8.169597989949853 0.007068624730963258
-8.170190385877554 0.00736843246286778
-8.171646986941692 0.008123116154164833
-8.175439045114329 0.010050251256281229
-8.176484018217915 0.01059537742233374
-8.178391959799098 0.011585676285961632
-8.182768982121274 0.01382479907808598
-8.185225518357505 0.015075376884421843
-8.189026882830708 0.01706195307495939
-8.193518206534822 0.019397161666057094
-8.19488641418472 0.020100502512562457
-8.195279660957159 0.020300570666971218
-8.19597989949759 0.020665260220172676
-8.201562235165078 0.023530675092850117
-8.204684954042326 0.02512562814070307
-8.207817921542167 0.026768461756107698
-8.213567839196083 0.029767897661787224
-8.214046504170218 0.03001399234766211
-8.214313848509674 0.030150753768843686
-8.215203810194568 0.03061817405412537
-8.220312563080666 0.03324881542996039
-8.222361809045328 0.03432893943498616
-8.224001519862124 0.0351758793969843
-8.2265665780111 0.03648707964940545
-8.231155778894575 0.03888838039098186
-8.232793659299244 0.03973303919521953
-8.233705741545485 0.040201005025124914
-8.23672747068156 0.041792916964262794
-8.23902288289276 0.042978386653784284
-8.243397657564497 0.04522613065326553
-8.24527574107877 0.04621698137163577
-8.248743718593067 0.048036795858905634
-8.251501856868408 0.049463216774165986
-8.253033559802457 0.05025125628140614
-8.257701026253015 0.05271715114956166
-8.258090355075954 0.05292172384794558
-8.262623545601844 0.05527638190954676
-8.263948283895687 0.055957346022653454
-8.26633165829156 0.057211326563383125
-8.270173938054747 0.0592037133196337
-8.272302219123153 0.06030150753768737
-8.276372767118922 0.06245774492943923
-8.279328757381537 0.06401496442053745
-8.281868578880925 0.06532663316582799
-8.282586638311766 0.0657074787881955
-8.283919597990051 0.06641053715244993
-8.28881223707524 0.06895386191248587
-8.291515841278564 0.0703517587939686
-8.295011166784807 0.07220786476646435
-8.30042866844169 0.07506863606586567
-8.301024162396647 0.07537688442210921
-8.30119313013869 0.07546671515063874
-8.301507537688543 0.07563292882060502
-8.307419107787167 0.07871299002207177
-8.310678501353364 0.08040201005024983
-8.313618569563996 0.08196684085683259
-8.319095477387036 0.08486540032315748
-8.319791294015978 0.08522833092726412
-8.320174534805542 0.08542713567839044
-8.321422186494512 0.08609190970909797
-8.325996779562193 0.08848046068505777
-8.32788944723628 0.08949182291028723
-8.329723577338804 0.09045226130653106
-8.332197185534003 0.0917340417498238
-8.336683417085528 0.09411318363957122
-8.338371004976034 0.09499521896595553
-8.339298649437158 0.09547738693467167
-8.342309218696828 0.09708475882361434
-8.344547353938768 0.09825567346188624
-8.34886601992975 0.10050251256281229
-8.35074909780788 0.10150887227028083
-8.35427135678402 0.10338034964981802
-8.35692440335507 0.10476962488493857
-8.358380074884627 0.1055276381909529
-8.363073047587752 0.10803799501802747
-8.363090975845163 0.10804752935127926
-8.367857314284553 0.11055276381909351
-8.369276269383452 0.11129077156168243
-8.371859296482512 0.11266561453309532
-8.375453434662402 0.11455099282440884
-8.377422129618585 0.11557788944723413
-8.381604084770935 0.1178187898501113
-8.383803910947202 0.1189906364371458
-8.38689259952711 0.12060301507537474
-8.387780549592593 0.12107921124349197
-8.389447236181004 0.12196775414534589
-8.393959931514283 0.12433879917972135
-8.396427921559004 0.12562814070351536
-8.400112942064263 0.12760592179358188
-8.404429017119432 0.1299086495430659
-8.405841198121278 0.13065326633165597
-8.406263680172701 0.1308736936764543
-8.407035175879496 0.13128560235216558
-8.412445619661776 0.1341325508791451
-8.415400361454253 0.13567839195979658
-8.418601329330638 0.1373989023161828
-8.424623115577988 0.14061622268047635
-8.424730585250114 0.14067281196733017
-8.424789237081459 0.1407035175879372
-8.424977469446974 0.1408047615505046
-8.4309121236643 0.143931783762846
-8.433417085427234 0.14528238143232652
-8.434261699497755 0.1457286432160778
-8.437070855921819 0.14719727160312424
-8.44221105527648 0.14994713683491057
-8.443203274311244 0.1504702776914293
-8.443744103791369 0.15075376884421843
-8.44547645915773 0.15168674138171845
-8.449360972230389 0.15373606105695714
-8.453255915550399 0.15577889447235904
-8.455523035979128 0.15700059704260028
-8.459798994974973 0.15929081803201584
-8.461658923686901 0.16027261189709208
-8.46267156278187 0.16080402010049966
-8.465909529472048 0.16254988709966423
-8.467793603246362 0.1635449719368145
-8.468592964824218 0.1639769649529299
-8.472090350964146 0.16582914572864027
-8.473959293424127 0.16680847179987968
-8.477386934673465 0.16864629730079983
-8.480098943410516 0.17007941171762297
-8.481573973501963 0.17085427135678088
-8.48621232856913 0.1733578558718749
-8.48628394575397 0.17339627452263873
-8.491008582118956 0.1758793969849215
-8.492380966659105 0.1766205134743073
-8.494974874371957 0.17801265606093697
-8.498524663190693 0.17989029723628036
-8.500453560668294 0.1809045226130621
-8.504642233667187 0.18316754558542225
-8.506628849477412 0.18423422978604975
-8.509824152336547 0.18592964824120273
-8.510789341439677 0.18643635470713793
-8.51256281407045 0.18738899756148708
-8.516937355091368 0.1897049050062236
-8.519312409063692 0.19095477386934334
-8.523059369189273 0.19298088374924838
-8.526925256015229 0.19505832871070883
-8.52867578903534 0.19597989949748396
-8.529185572735454 0.19625566550705198
-8.530150753768941 0.19677452906822523
-8.535338143701475 0.19952291371632924
-8.538152399655274 0.20100502512562457
-8.541464846549271 0.202797552816528
-8.547178056730832 0.2058699688290222
-8.547482108315927 0.20603015075376518
-8.547570748442824 0.20607813504651062
-8.547738693467434 0.2061684817776337
-8.553728121208783 0.20934401131294944
-8.556975330743796 0.2110552763819058
-8.55985975544601 0.2126172414447387
-8.565326633165926 0.21555910065811634
-8.565965426658273 0.21589788958366185
-8.566311647706556 0.2160804020100464
-8.567411122079388 0.21667597027103636
-8.572108319257438 0.21916790304061173
-8.57412060301517 0.2202601416946841
-8.575709956911673 0.22110552763818703
-8.578245115773473 0.22243965823559986
-8.582914572864418 0.22495384225821446
-8.584356077647238 0.22571879475695056
-8.585136932505309 0.22613065326632764
-8.58761460546917 0.22747351972482832
-8.590479702933212 0.22899431316052699
-8.594576677031874 0.23115577889446826
-8.596621881350673 0.23226453066939268
-8.60050251256291 0.23435502357040594
-8.602738351803833 0.2355420933109169
-8.603948914938732 0.23618090452260887
-8.60778732851971 0.23826228051026632
-8.608843174295082 0.23882298394155743
-8.609296482412155 0.23906927305607883
-8.613309743893419 0.24120603015074948
-8.614990943418231 0.24209160410594066
-8.618090452261402 0.24376201889537708
-8.621113129603145 0.2453675336812493
-8.622749044838994 0.2462311557788901
-8.627209507912143 0.2486508369353908
-8.627942834442221 0.2490461221162672
-8.632128669859691 0.2512562814070307
-8.633353133920739 0.2519206408467891
-8.635678391959894 0.253174241100238
-8.639481232634866 0.2551948811280367
-8.641538671572292 0.2562814070351713
-8.645583647498484 0.25847645965228594
-8.648088726134777 0.25982721679942333
-8.650865218982618 0.26130653266331194
-8.6517092285921 0.2617514192536792
-8.653266331658386 0.2625911400066716
-8.657843426660754 0.26502391686220417
-8.660319049712038 0.26633165829145256
-8.66395206334492 0.2683037177234411
-8.66821406601349 0.270602439535768
-8.669641905147762 0.27135678391959317
-8.670059949859349 0.27158373291888793
-8.670854271356879 0.2720122008312833
-8.676200424493297 0.27485443722304215
-8.67909134432597 0.2763819095477338
-8.682315458684116 0.2781324102252354
-8.688321787018868 0.28137262830830245
-8.688386334100375 0.2814070351758744
-8.688405969578982 0.2814173898834138
-8.68844221105537 0.28143694267688346
-8.69455288870923 0.2846862529029126
-8.697856635911181 0.286432160804015
-8.700674486843406 0.2879623504927178
-8.706030150753863 0.290852020430842
-8.706770539325452 0.29124574684027227
-8.707170803518027 0.2914572864321556
-8.708437143024678 0.29214499850953146
-8.712901434210384 0.29451918821557577
-8.714824120603108 0.2955652676178655
-8.716544307797246 0.29648241206029624
-8.719029753785408 0.2977933653937095
-8.723618090452355 0.3002692976411847
-8.725132646312236 0.30107480744275694
-8.725951349331256 0.30150753768843686
-8.72854116377345 0.30291413006589263
-8.731246630643076 0.304353080404943
-8.735370136517242 0.30653266331657747
-8.73738182050906 0.3076252946428024
-8.741206030150847 0.30968902990981473
-8.743491700485501 0.3109047402776737
-8.744727111301874 0.3115577889447181
-8.748635009496521 0.3136803544720541
-8.749589004686253 0.31418777899131367
-8.750000000000092 0.3144114183349469
-8.75407221224931 0.3165829145728587
-8.755731106745381 0.31745801831684695
-8.75879396984934 0.3191109767998155
-8.761848013442501 0.3207354563172391
-8.763498731431662 0.3216080402009993
-8.767939508222925 0.32402015486525837
-8.768730571121575 0.3244470691359229
-8.772866152972043 0.3266331658291399
-8.774078026225022 0.3272914182070856
-8.776381909547831 0.32853474391592297
-8.780202219356719 0.3305667743690268
-8.782267153376592 0.33165829145728054
-8.786301114474146 0.33384935853504594
-8.788833217344214 0.33521580797053296
-8.791585559352772 0.33668341708542115
-8.79242326777539 0.3371252975056871
-8.793969849246324 0.33795988545669164
-8.79855486568657 0.34039853801634834
-8.8010332758465 0.34170854271356177
-8.804661278182692 0.34367897435988315
-8.808931777660911 0.34598337940344415
-8.810351310011045 0.3467336683417024
-8.81076721849393 0.3469595456133838
-8.811557788944816 0.3473861258342108
-8.816906332431364 0.35023063868797166
-8.81979771877433 0.351758793969843
-8.823020372254607 0.3535088957951862
-8.829027803596224 0.35675022672738876
-8.829091556453148 0.3567839195979836
-8.829110232620597 0.3567940613187579
-8.829145728643308 0.35681321215391826
-8.83525696691108 0.3600629771496182
-8.838561047798018 0.3618090452261242
-8.841378737092608 0.363339025583036
-8.8467336683418 0.36622791184064507
-8.847475318566447 0.3666222707900797
-8.847876324792919 0.36683417085426484
-8.849145490444776 0.36752326288368664
-8.853607085339721 0.36989546305442733
-8.855527638191045 0.3709400834292431
-8.857252199611082 0.37185929648240545
-8.85973668216084 0.3731692753051066
-8.864321608040292 0.3756423626615115
-8.865841199597003 0.376450253094343
-8.866662962434566 0.37688442211054607
-8.86926447663353 0.37829667028004277
-8.871956974321689 0.3797280145154307
-8.876086371237815 0.3819095477386867
-8.87809448747358 0.38299956495731635
-8.881909547738784 0.38505701233648804
-8.88420702926263 0.38627825007429983
-8.885449680823717 0.3869346733668273
-8.889384790150066 0.38907045691290776
-8.890306892276591 0.3895605576984513
-8.89070351758803 0.38977620988968287
-8.894801705931648 0.3919597989949679
-8.896452405013191 0.392829822544706
-8.899497487437277 0.3944716863745148
-8.902573053105362 0.3961061915750843
-8.904236884110503 0.3969849246231085
-8.908668611614681 0.3993897290577051
-8.909519074525637 0.39984823521978274
-8.913612784215676 0.40201005025124914
-8.914810660082013 0.4026599836951794
-8.917085427135769 0.4038862286304461
-8.920939490132687 0.40593401502312787
-8.923024932286634 0.40703517587938975
-8.927043336612376 0.40921518451421335
-8.929669265633683 0.41063055830736506
-8.93235382475802 0.41206030150753037
-8.933169452592367 0.41248999129092834
-8.93467336683426 0.413300500441955
-8.939306534102064 0.415761665059156
-8.941814143346987 0.417085427135671
-8.94541873673138 0.4190404470789204
-8.949823581146948 0.4214140597964384
-8.951143114225323 0.4221105527638116
-8.951528958298425 0.42231979511647655
-8.952261306532753 0.4227143797972257
-8.957674354747738 0.42558909318767046
-8.96052117058721 0.4271356783919522
-8.961055276381998 0.4274227005453888
-8.963794975679056 0.4288654699782919
-8.969849246231245 0.43212703322482593
-8.969890595773128 0.4321489898652686
-8.96991298394447 0.4321608040200928
-8.969983999435145 0.4321993049354935
-8.976043098953104 0.43541625744198864
-8.979397128347697 0.43718592964823344
-8.9821721944414 0.4386902129306156
-8.987437185929737 0.4415257851121037
-8.988276391699827 0.4419712821992059
-8.98873090251351 0.44221105527637405
-8.990173193446209 0.4429927717096511
-8.994412891871551 0.44524312206399586
-8.996231155778982 0.44623038256883607
-8.998121484235783 0.44723618090451467
-9.000550558945815 0.4485146285280619
-9.00502512562823 0.4509237623880251
-9.006663459596325 0.45179321111319926
-9.007551021530197 0.4522613065326553
-9.010368988870136 0.45378812460177187
-9.012784060095182 0.45506959374166644
-9.016988042571986 0.4572864321607959
-9.018930341108996 0.4583386390801465
-9.022613065326722 0.4603208371836205
-9.025051917846465 0.4616147427832953
-9.026373533152585 0.4623115577889365
-9.03057148364638 0.4645853915945537
-9.031156479549406 0.46489570792488166
-9.031407035175967 0.46503166882057023
-9.035741707614907 0.4673366834170771
-9.03731134084693 0.46816230175372997
-9.040201005025214 0.4697171748051847
-9.04344159750048 0.471435925480856
-9.045198190283642 0.47236180904521774
-9.049547024287838 0.4747166434554657
-9.050797418935005 0.4753893558765867
-9.05458781430539 0.47738693467335835
-9.055693597306808 0.47798560536390067
-9.057788944723706 0.4791127248372886
-9.061832571270273 0.48125673843105155
-9.064025113797786 0.48241206030149897
-9.067946814062473 0.48453493754713417
-9.071038105760644 0.4861975348834813
-9.073370741453683 0.4874371859296396
-9.074077169484069 0.4878085330548192
-9.075376884422198 0.4885074502459803
-9.080224892275965 0.4910771664567042
-9.082854391789091 0.4924623115577802
-9.08634798108111 0.494352838140518
-9.09128579591737 0.49700771484211526
-9.09219662239888 0.4974874371859208
-9.092462097703185 0.4976310733052083
-9.09296482412069 0.4979013266290506
-9.098618595117049 0.5008971996722442
-9.101686081338277 0.5025125628140614
-9.104750554211916 0.5041703369875661
-9.110552763819182 0.5072889666237694
-9.110857749220266 0.5074505497561788
-9.111023246436785 0.507537688442202
-9.1115500600655 0.5078226302268645
-9.117013696894208 0.510716833191764
-9.120520210195632 0.5125628140703427
-9.123154544968159 0.5139874307987764
-9.128140703517674 0.5166665763060321
-9.129270723604321 0.5172650768165843
-9.129884110002038 0.5175879396984833
-9.131837618151645 0.5186442010224752
-9.13541019818316 0.5205360668507701
-9.13693467336692 0.5213618859865754
-9.139291612992036 0.5226130653266239
-9.141559948476207 0.523804120966612
-9.145728643216167 0.5260433047514947
-9.147685122432573 0.5270791968929336
-9.14874745347462 0.5276381909547645
-9.152132433630163 0.5294678453587629
-9.153808083961964 0.530354904941249
-9.158195759716234 0.5326633165829051
-9.159966744397028 0.533620413302228
-9.163316582914659 0.5354191728960762
-9.16610092004024 0.5368929173180224
-9.1676132371762 0.5376884422110457
-9.172210384414061 0.5401724816964997
-9.172437509335602 0.5402944211884586
-9.176997550084053 0.5427135678391863
-9.178374897802618 0.5434363177850523
-9.180904522613151 0.544794211246427
-9.184518076299268 0.5467062495570083
-9.186481396895465 0.547738693467327
-9.190636633960892 0.5499832158532563
-9.192772443123921 0.5511295278989756
-9.195880734677726 0.5527638190954676
-9.196784360008834 0.5532518483248419
-9.198492462311643 0.554168459302649
-9.20293653744545 0.5565192089710918
-9.205351845253512 0.5577889447236082
-9.209064182888161 0.5597935787584571
-9.213114223403112 0.5619665907497424
-9.214712711219315 0.5628140703517488
-9.215195069366084 0.5630670225357628
-9.216080402010135 0.5635419650098106
-9.221356236863448 0.5663318145932283
-9.22422447299939 0.5678391959798894
-9.227492959603316 0.5696035908671213
-9.23346256769667 0.572805529033185
-9.233574454739706 0.57286432160803
-9.233606952009314 0.5728818615221201
-9.233668341708627 0.5729147842374545
-9.239777095831206 0.5761440889154343
-9.242462311557873 0.5775961771160079
-9.243015720929591 0.5778894472361706
-9.245922873295287 0.5794132781252657
-9.25125628140712 0.582273108016456
-9.252044049926875 0.5826894961443809
-9.252472509699007 0.5829145728643113
-9.253841319741856 0.5836531552456643
-9.258198914472342 0.5859560890452453
-9.261975499319197 0.5879396984924519
-9.264353667191164 0.5892227138965795
-9.268844221105612 0.5916299083856718
-9.270483924240292 0.592496337510684
-9.271376007288982 0.5929648241205925
-9.27422729564669 0.5945028454180434
-9.27662161948584 0.5957678359258098
-9.277638190954857 0.5963172513181947
-9.280796465151719 0.5979899497487331
-9.282785412849917 0.5990318777356434
-9.286432160804104 0.6009861617899901
-9.28892479230667 0.6023028949475693
-9.290281302335382 0.6030150753768737
-9.294618961473534 0.6053541612824249
-9.295045252467787 0.6055793176725341
-9.299733214280078 0.6080402010050143
-9.301218052974743 0.6088407860129728
-9.304020100502596 0.6103419646845492
-9.307366519730126 0.6121092068538605
-9.309188174272258 0.6130653266331549
-9.313490424591443 0.6153846453787679
-9.315036666763708 0.6162129169934731
-9.318583711788506 0.6180904522612956
-9.319651449526637 0.6186494781682814
-9.321608040201088 0.6196974182404578
-9.325808964384395 0.6219153138370626
-9.328096388974354 0.6231155778894362
-9.331941996191551 0.6251881446631593
-9.335464672013174 0.6270746155500317
-9.337496649023938 0.6281407035175768
-9.338085457119128 0.6284579957405638
-9.33919597989958 0.6290526280493065
-9.344251976848875 0.6317212585887759
-9.347005699487648 0.6331658291457174
-9.350394090708551 0.6349914945427235
-9.355896557395452 0.6379374227159662
-9.356379913999023 0.638190954773858
-9.356519923432202 0.6382663822498209
-9.356783919598072 0.6384077038454921
-9.362695400819113 0.6415270857674162
-9.365915846718046 0.6432160804019986
-9.368846547832282 0.6447947408203651
-9.374371859296565 0.6477521694441473
-9.374973134945394 0.6480694129876161
-9.375300735607624 0.6482412060301392
-9.376350208297136 0.6488064486017313
-9.38113907349284 0.651332841887915
-9.38316582914581 0.652426629277068
-9.384753601223114 0.6532663316582799
-9.38729920080018 0.6545979311425301
-9.391959798995057 0.657091938570785
-9.39343484225357 0.6578700163554165
-9.394238690021881 0.6582914572864205
-9.396814731779978 0.6596785809392545
-9.399582825932605 0.6611385752181187
-9.403737558108103 0.6633165829145611
-9.405751876756563 0.664401114896557
-9.409547738693549 0.6664319336859181
-9.411896514022619 0.6676706298772528
-9.41317678678091 0.6683417085427017
-9.417280950989422 0.6705511977700942
-9.418026483405892 0.6709443356816012
-9.418341708542794 0.6711143809856406
-9.422602655399448 0.6733668341708423
-9.424204397089436 0.674204343114444
-9.427135678392041 0.6757722828542425
-9.430357967736407 0.6774713057005926
-9.432114723208107 0.6783919597989829
-9.436486964230973 0.6807452894731432
-9.437765262474182 0.6814289838224514
-9.441559231303106 0.6834170854271235
-9.442656577745604 0.6840076683828178
-9.444723618090533 0.6851131172204807
-9.448819015472102 0.6872720975176732
-9.45105218690696 0.6884422110552642
-9.454956947956699 0.6905435281502141
-9.458259646862887 0.6923096478473649
-9.46045045198078 0.6934673366834048
-9.461108229524838 0.6938111447588868
-9.462311557789025 0.694454570821728
-9.467279464190984 0.6970730604824142
-9.469988856260551 0.6984924623115454
-9.473426260675609 0.7003419585435191
-9.478753206433405 0.703190076209939
-9.479378417904448 0.703517587939686
-9.47955915835376 0.7036148276921876
-9.479899497487517 0.7037967804139509
-9.485739116008922 0.7068742511331392
-9.488693467336763 0.7084669788377482
-9.488836821285561 0.7085427135678266
-9.491894700664602 0.7101406382882285
-9.49748743718601 0.7131304232115347
-9.498025684542885 0.7134140542368597
-9.498319303389183 0.7135678391959672
-9.499261684040102 0.7140747668685652
-9.504197831997583 0.7166757091636589
-9.507858649577908 0.7185929648241078
-9.510362193060304 0.7199395887738786
-9.515075376884502 0.7224588073084384
-9.516502014215583 0.7232104797862258
-9.517280348646036 0.7236180904522485
-9.519778941766994 0.7249619661329607
-9.522655470954552 0.7264774749175169
-9.523869346733747 0.7271317144583129
-9.526731144154175 0.7286432160803891
-9.528828442102112 0.7297388945034982
-9.532663316582994 0.7317884363918985
-9.534976926918084 0.7330073101842185
-9.536239298798002 0.7336683417085297
-9.540292351325974 0.7358480659208091
-9.541111630284 0.7362796634220974
-9.54572148659523 0.7386934673366703
-9.547293119395603 0.7395386493040652
-9.550251256281486 0.7411194820940743
-9.553450182384884 0.7428046140781257
-9.555195755653113 0.7437185929648109
-9.55958258423006 0.7460776248933589
-9.560817407217694 0.746737493232299
-9.564616539499214 0.7487437185929515
-9.565756018522313 0.7493389121522842
-9.567839195979978 0.7504520888216479
-9.571921570159606 0.7526024515983414
-9.574149366667923 0.7537688442210921
-9.578062518871674 0.755873020451606
-9.58134752266734 0.7576283661317671
-9.583573873796377 0.7587939698492328
-9.584216928314731 0.7591397433817297
-9.58542713567847 0.7597864036917583
-9.590390875033656 0.7624008842330348
-9.593099770774705 0.7638190954773734
-9.596540274924864 0.7656690384636873
-9.601870749202652 0.7685172707699968
-9.602495261218168 0.768844221105514
-9.602675632998361 0.7689412046422577
-9.603015075376963 0.769122576449881
-9.608857877186132 0.7721999747881778
-9.612046598634644 0.7738693467336546
-9.615015628478465 0.7754657429042231
-9.620603015075455 0.7784511937672658
-9.62114864951476 0.778738576807708
-9.62144643231988 0.7788944723617952
-9.62240281282383 0.7794087002899026
-9.627322352312147 0.7819997873508804
-9.6293969849247 0.7831176302706506
-9.630915821272199 0.7839195979899358
-9.633488351128396 0.7852631990315215
-9.638190954773947 0.7877758976067044
-9.639629671348876 0.7885336617395255
-9.640414856376916 0.7889447236180764
-9.64293657021818 0.7903006137449999
-9.645784071738532 0.7918003872563357
-9.649928008294053 0.793969849246217
-9.651958210090132 0.7950614733554477
-9.655778894472439 0.7971029924295623
-9.65810771921342 0.7983295963769343
-9.659378654031821 0.7989949748743577
-9.663460202832926 0.8011896344059259
-9.664242802526049 0.8016018410586092
-9.664572864321684 0.8017796920527989
-9.668815737048448 0.8040201005024983
-9.670424968297228 0.8048606336092705
-9.673366834170931 0.8064326430415543
-9.676582551866677 0.8081264496461404
-9.678337420472248 0.8090452261306389
-9.682715313116129 0.8113993577744374
-9.683989589020435 0.8120802989447826
-9.6877904839412 0.8140703517587795
-9.688888384485145 0.814660748725716
-9.690954773869423 0.8157650166816444
-9.695053923847368 0.8179242916789358
-9.697290743368816 0.8190954773869201
-9.701194685338205 0.8211949140239803
-9.70451691900384 0.8229703759967535
-9.706694908994276 0.8241206030150607
-9.707348213259642 0.8244618888174244
-9.708542713567915 0.8251002830008121
-9.713521585538412 0.8277231937944878
-9.71623820301256 0.8291457286432014
-9.719670221912754 0.8309915661728171
-9.725030613406341 0.833856557168466
-9.725630794396235 0.834170854271342
-9.725804205149096 0.8342641251620027
-9.726130653266408 0.8344386140528615
-9.731985283214213 0.8375232284858241
-9.734924623115653 0.8391075521685707
-9.735092035818269 0.8391959798994826
-9.738141664806065 0.8407893879448638
-9.7437185929649 0.8437704987643864
-9.744273103822067 0.8440626738541468
-9.744575596820475 0.8442211055276232
-9.745546400410738 0.8447433362264336
-9.75044472599023 0.847324478862812
-9.754113654072416 0.8492462311557638
-9.75660864433252 0.8505884849645851
-9.761306532663392 0.853100160797811
-9.762747639599235 0.8538596119450919
-9.763533675760153 0.8542713567839044
-9.766055547193766 0.855628218078297
-9.768899474610013 0.8571270704272962
-9.770100502512637 0.8577746458539268
-9.772980726571918 0.859296482412045
-9.775070869259256 0.8603889404413669
-9.778894472361884 0.8624335438057695
-9.781217401329242 0.8636579140495124
-9.782484200883552 0.8643216080401857
-9.786547367955999 0.8665081496385039
-9.787349539916121 0.8669310000814017
-9.791960020873589 0.8693467336683263
-9.7935282907388 0.8701907683316339
-9.796482412060376 0.8717707505004189
-9.799682208974287 0.8734576316067777
-9.80142685855245 0.8743718592964669
-9.805811047510176 0.8767316605103792
-9.80703714278553 0.8773874966465112
-9.810838762292624 0.8793969849246075
-9.811980617702412 0.8799940517978806
-9.814070351758868 0.8811119827070764
-9.818141767264414 0.8832588489797351
-9.820361153807795 0.8844221105527481
-9.824277863822756 0.8865308041626356
-9.827517691576213 0.8882642076434184
-9.82977450757942 0.8894472361808887
-9.830427556315499 0.8897988747928487
-9.83165829145736 0.8904574439604342
-9.836595778100756 0.8930616513394876
-9.839286586793916 0.8944723618090293
-9.842738970689894 0.8963315790850173
-9.847976997173369 0.8991348491564599
-9.84866860168378 0.89949748743717
-9.848868809893064 0.8996053220836808
-9.849246231155853 0.8998073396094801
-9.855043940462034 0.9028661246921157
-9.858202652656441 0.9045226130653106
-9.861194062688874 0.9061340725411595
-9.866834170854345 0.9091534496642186
-9.867318925086023 0.9094092374844003
-9.86758298914886 0.9095477386934512
-9.868428403276988 0.9100032336713495
-9.873485950285632 0.9126723559126528
-9.87562814070359 0.9138289916788169
-9.87703404061363 0.9145728643215918
-9.87964283127102 0.9159383726878252
-9.884422110552837 0.9184977744856049
-9.885774469599232 0.9192116016507619
-9.886510908696142 0.9195979899497324
-9.888867387627975 0.9208680691140572
-9.89192150032409 0.9224804327860872
-9.89600463770231 0.924623115577873
-9.898084964609117 0.9257445686185051
-9.902010050251329 0.9278473062348791
-9.904223200265443 0.9290159126305522
-9.905427957332208 0.9296482412060136
-9.909280713218013 0.9317255734822094
-9.91035027997757 0.9322904440552282
-9.910804020100574 0.9325356119245125
-9.914841363336178 0.9346733668341543
-9.91652014742068 0.9355527504139083
-9.919597989949821 0.9372022654726759
-9.922664797041108 0.9388222618647841
-9.924333600779756 0.9396984924622949
-9.928783972420751 0.9420990516701702
-9.929678814038132 0.9425787279160973
-9.9337629637292 0.9447236180904355
-9.934948060767496 0.9453630091992409
-9.937185929648313 0.9465628754424822
-9.941098936110665 0.94863074187219
-9.943227298677977 0.9497487437185761
-9.947224343880338 0.95190575099471
-9.950062280127685 0.9534277009983967
-9.952602450422711 0.9547738693467167
-9.953368381831538 0.9551754372082213
-9.954773869346806 0.9559293622882219
-9.959525289652767 0.9584414463160114
-9.962108504265752 0.9597989949748573
-9.965656733119424 0.9617147309536787
-9.970415484409852 0.9642680278500135
-9.971473392402629 0.9648241206029979
-9.971780783667324 0.9649901278538477
-9.972361809045298 0.9653019552908892
-9.977943525582631 0.9682544700776141
-9.980890321801631 0.9698492462311386
-9.981155778894543 0.969991376173521
-9.984080802820564 0.9715260879234888
-9.98994974874379 0.9746766944042218
-9.990192353383788 0.9748050562478507
-9.990324156162828 0.9748743718592792
-9.990744261863446 0.9751013756077525
-9.996353307270324 0.9780699093369822
-9.999831320584253 0.9798994974874198
-10.002496262283602 0.9813399049613283
-10.007537688442282 0.9840477229345419
-10.00861352068746 0.9846172424740809
-10.009197676880175 0.9849246231155604
-10.011058124807745 0.9859304620771212
-10.014754512564846 0.9878877989943975
-10.016331658291527 0.9887422580181129
-10.018606005038007 0.989949748743701
-10.020902907443473 0.9911562403715015
-10.025125628140774 0.9934256714331795
-10.027025556012337 0.9944320378371092
-10.028056579439173 0.9949748743718416
-10.031337143129953 0.9967495929401782
-10.033146556536845 0.9977083061725338
-10.037497917038236 0.9999999999999822
-10.039300122435792 1.0009752701152603
-10.042713567839266 1.0028109361711772
-10.045427930054464 1.0042495935666382
-10.046900007951509 1.0050251256281229
-10.051529711000994 1.0075313532100552
-10.051579942597517 1.0075583755590518
-10.056267554237303 1.0100502512562635
-10.057687549845546 1.0107970963111814
-10.060301507537758 1.0122037643109616
-10.063820291685293 1.014070009985109
-10.065727382414844 1.015075376884404
-10.069926989569671 1.0173503647891406
-10.071807927217787 1.0183629253644124
-10.075102838208561 1.0201005025125447
-10.076064837563894 1.0206218195617893
-10.07788944723625 1.0216044089383702
-10.082202282274558 1.023893389558312
-10.084538111304292 1.0251256281406853
-10.08831366147686 1.0271724068429373
-10.091995649002337 1.0291559715024245
-10.093864352043585 1.030150753768826
-10.094431625803336 1.0304495426635132
-10.095477386934743 1.0310131294255518
-10.100573535307253 1.0337198370048206
-10.103331591053486 1.0351758793969665
-10.10668935334743 1.0369975860500533
-10.112141564016959 1.0399370728490283
-10.112641319013182 1.0402010050251072
-10.112787546697485 1.0402803707210362
-10.113065326633235 1.0404301918235035
-10.118933675968622 1.0435494594145656
-10.122107205490753 1.0452261306532478
-10.125053683278967 1.0468260115254653
-10.130653266331727 1.0498474050723745
-10.131147291589937 1.0501101062076144
-10.131414346943188 1.0502512562813884
-10.132258823142873 1.050709986798858
-10.137282320695256 1.0533823663770923
-10.140864325228097 1.055276381909529
-10.143406260376743 1.056657794953379
-10.14824120603022 1.0592688396719954
-10.149503764253843 1.0599407766166342
-10.15018569864716 1.0603015075376696
-10.152339240506189 1.061472374530804
-10.155619076690332 1.0632186701200634
-10.157035175879464 1.063990135982415
-10.159538623995301 1.0653266331658102
-10.161746684251812 1.0664930507306387
-10.165829145728711 1.0686997076706497
-10.167847814268317 1.069774996354064
-10.168937187856104 1.0703517587939508
-10.172372641077539 1.0722213288936162
-10.17394354140082 1.073058485658632
-10.178320492952942 1.0753768844220915
-10.180074544479991 1.076331896121295
-10.183417085427203 1.0781403145348039
-10.186179023172178 1.0796128849802393
-10.187668135419097 1.080402010050232
-10.192256691940646 1.082901533817389
-10.1923587261967 1.082956764555803
-10.196977435074885 1.0854271356783727
-10.198389420019371 1.0861744514230374
-10.201005025125696 1.087590975075706
-10.204496961579293 1.089454565176914
-10.206377846110193 1.0904522613065133
-10.210577639137512 1.0927423543598493
-10.212314802216765 1.0936836261896756
-10.215694768361834 1.095477386934654
-10.216690878583725 1.096020840146215
-10.218592964824188 1.0970520140792726
-10.222801188530797 1.0993001629323347
-10.225065607753704 1.1005025125627945
-10.228884574829948 1.1025871781892889
-10.232218342692494 1.1043954776680254
-10.234330730696822 1.1055276381909351
-10.234978475969024 1.1058711892062654
-10.23618090452268 1.1065237669851191
-10.241091250799007 1.109149807740125
-10.243730683297514 1.1105527638190758
-10.247177033890873 1.1124361381991612
-10.252067575225475 1.1150918125913023
-10.252981550645591 1.1155778894472164
-10.253251745294605 1.1157256319976643
-10.253768844221172 1.1160065894722724
-10.25936665702835 1.119003639987592
-10.262286064409798 1.120603015075357
-10.262562814070417 1.1207530566320596
-10.265454508295186 1.1222893795394935
-10.271356783919664 1.1254981769306651
-10.271515002396203 1.1255829354244868
-10.271599906368715 1.1256281407034976
-10.27186529230241 1.1257734288128534
-10.277626937896047 1.1288617937669576
-10.280989695858683 1.1306532663316382
-10.283716544921537 1.1321470316735294
-10.288944723618156 1.1349928023778073
-10.28977871461202 1.135440108818675
-10.290225727220921 1.1356783919597788
-10.291620379308528 1.1364428650141711
-10.295871625427504 1.1387244027852486
-10.297738693467402 1.1397497253700735
-10.299511036341682 1.1407035175879194
-10.30196264829335 1.1420092361660048
-10.306532663316649 1.144499913246337
-10.308026147095081 1.1453019335650794
-10.308825656414351 1.14572864321606
-10.31131526877893 1.147095101919569
-10.31410020738647 1.1485916133956806
-10.318148774777109 1.1507537688442007
-10.320192295285217 1.1518761424813215
-10.32412060301514 1.1540199214176274
-10.326256765576867 1.1551685623118484
-10.32739885001303 1.1557788944723413
-10.330948074595893 1.1577296006382705
-10.332312155110385 1.1584635766446976
-10.332914572864386 1.1587952710614475
-10.336637458070115 1.160804020100482
-10.338404945839375 1.1617479049216985
-10.341708542713633 1.163553254916625
-10.34447001833569 1.1650401526937495
-10.345944439478089 1.1658291457286225
-10.350507060304343 1.168340409187989
-10.350517011118432 1.1683458509871363
-10.355201340266683 1.1708542713567631
-10.35660004185638 1.1716246829441186
-10.359296482412125 1.1731003590879299
-10.362665335051846 1.1749168676592694
-10.36446153015682 1.1758793969849037
-10.368702486604596 1.1782170928437665
-10.370037548269263 1.178948272944086
-10.373652785266477 1.1809045226130443
-10.374777006006196 1.1815066415000217
-10.376884422110617 1.18266169786589
-10.38084212558052 1.1847988758212127
-10.382949199669564 1.185929648241185
-10.386878984565707 1.1880991845964433
-10.38948951699177 1.1895311039215146
-10.392140373929156 1.1909547738693256
-10.392935240453445 1.1913939513995153
-10.39447236180911 1.1922377551473229
-10.398999778636023 1.194686351832634
-10.40140649618726 1.1959798994974662
-10.405035929123722 1.1979868630357169
-10.408906742639342 1.2001040083061048
-10.41057628401533 1.2010050251256068
-10.411096421537794 1.2012804194026945
-10.412060301507601 1.2018025821691856
-10.417218493790621 1.2045563815300282
-10.419996136879515 1.2060301507537474
-10.423314305564492 1.207839846651348
-10.428801386669726 1.2108133179429252
-10.429257267790867 1.211055276381888
-10.42939164587536 1.2111285893335264
-10.429648241206094 1.2112676855125013
-10.435517942360661 1.2144033445372946
-10.43867671770379 1.2160804020100286
-10.441617953092086 1.2176856099564572
-10.447236180904586 1.220732199788931
-10.44769140094566 1.2209754647692908
-10.44793629586461 1.2211055276381693
-10.448704946927784 1.2215251750733689
-10.453807821416373 1.2242530416915143
-10.457341957684044 1.2261306532663099
-10.45991179297792 1.2275341754449265
-10.464824120603078 1.230199880415766
-10.465989170315192 1.2308229075481325
-10.466615496903598 1.2311557788944505
-10.468579182676514 1.2322286537725748
-10.4720877306811 1.2341055873574422
-10.473618090452323 1.2349432357501264
-10.475925530971496 1.236180904522591
-10.478195417345132 1.2373856596530022
-10.48241206030157 1.2396755783277724
-10.484276473684917 1.2406733406126333
-10.48527803780793 1.2412060301507317
-10.488414530227635 1.2429210215581792
-10.490357260275106 1.2439610986435765
-10.494623787721645 1.2462311557788723
-10.496468408472166 1.2472401819296994
-10.500000000000062 1.249159606540875
-10.502552839364986 1.2505268987313203
-10.503923128249335 1.251256281407013
-10.508208827470872 1.253601660684387
-10.5086158326088 1.2538197405755138
-10.508793969849307 1.2539174024782325
-10.513194186015374 1.2562814070351536
-10.51473007892264 1.2570979386854146
-10.517587939698554 1.258652542944052
-10.520817610990198 1.2603837694371105
-10.52254978719258 1.2613065326632942
-10.526878142092666 1.26367731475026
-10.52797510727005 1.2642742948265786
-10.53183545870784 1.2663316582914348
-10.532980246483485 1.2669589819810243
-10.535175879397046 1.268154408436045
-10.539070677822673 1.2702439843693965
-10.541157782490048 1.2713567839195754
-10.545134055010614 1.2735367165152676
-10.547702715047892 1.2749358798198172
-10.550389542483982 1.276381909547716
-10.551218529999508 1.276823420718011
-10.552763819095539 1.2776655484889021
-10.557311575082057 1.280107676322566
-10.55974636630303 1.2814070351758566
-10.56337750729219 1.2833996784620973
-10.56738439263794 1.2855843419022568
-10.568972316357655 1.2864321608039972
-10.569444461775284 1.2866913885236393
-10.57035175879403 1.2871863190427941
-10.575539825916241 1.2899749815400776
-10.578314773124129 1.2914572864321379
-10.58160801273112 1.2932663395068245
-10.58701832288225 1.2962191618859151
-10.587506507993135 1.2964824120602785
-10.587657561683725 1.296563022577078
-10.587939698492523 1.296717087233362
-10.593754940669625 1.2998460399235334
-10.596862218801068 1.301507537688419
-10.599825071935092 1.303136842332969
-10.605527638191015 1.306252468725849
-10.605867656527414 1.3064355152204463
-10.606049245216614 1.3065326633165597
-10.606612687433087 1.3068426773857231
-10.611956416098025 1.309720995256983
-10.61432160804026 1.3110245750644278
-10.615308853780737 1.3115577889447003
-10.618028171515354 1.31301133362303
-10.623115577889507 1.315793956492202
-10.624072301216655 1.3163095650507985
-10.624582691775963 1.316582914572841
-10.626163689371117 1.3174538035675862
-10.63014373452652 1.3195999954475495
-10.633890990540324 1.3216080402009815
-10.636216783217428 1.3228899643068592
-10.640703517588 1.3253469061969074
-10.64226212062866 1.326187850674648
-10.643092656813305 1.3266331658291222
-10.645660809677233 1.3280495349974748
-10.648316362946112 1.329483192783516
-10.649497487437245 1.3301356801706543
-10.652310083677175 1.3316582914572628
-10.654390362988718 1.332772889828055
-10.658291457286492 1.3349117482559656
-10.66043655941599 1.3360705307626892
-10.661578264720674 1.3366834170854034
-10.66510209439212 1.338629313401297
-10.666473752044782 1.339370744211176
-10.670825993779092 1.341708542713544
-10.672548349978355 1.3426602704297235
-10.675879396984984 1.3444889290970634
-10.678595044923307 1.3459577689307354
-10.6800386154266 1.3467336683416846
-10.684485556410463 1.3491925710346786
-10.68461533516803 1.349262811631812
-10.684673366834229 1.3492949515875825
-10.689213067888378 1.3517587939698252
-10.690690165464243 1.3525522714610343
-10.693467336683476 1.3540789123149182
-10.696736986079882 1.355849734056136
-10.698472782949613 1.3567839195979658
-10.702755480253279 1.3591552899204489
-10.703823594175995 1.3597428503101145
-10.707660167408664 1.3618090452261065
-10.708815211701758 1.3624490637061664
-10.711055276381968 1.363682179919337
-10.71486177221119 1.3657466006173262
-10.716879813851076 1.366834170854247
-10.720879888698546 1.3690522643919367
-10.723100898969294 1.3702757773077696
-10.726010467963928 1.3718592964823877
-10.726922870688025 1.372350823737369
-10.72864321608046 1.3732992336844916
-10.73296877176326 1.3756485490583001
-10.735258725580358 1.3768844221105283
-10.738986103136938 1.378954437151104
-10.742313608631289 1.3807902485536223
-10.744386031443243 1.381909547738669
-10.745012502835099 1.3822577342940559
-10.746231155778952 1.3829305966087695
-10.751057415226711 1.3855557420960212
-10.753608754040618 1.3869346733668095
-10.757073666822508 1.3888619386967909
-10.761460615240052 1.3912859474985524
-10.762695044595263 1.3919597989949501
-10.76308381427742 1.392169879337814
-10.763819095477444 1.3925764884991247
-10.769127284826926 1.3954682990946683
-10.771928959639485 1.3969849246230908
-10.775141897931519 1.3987749638357814
-10.780538942752647 1.4017620238445776
-10.780996754996956 1.4020100502512314
-10.781135755714914 1.4020875586686667
-10.781407035175937 1.4022378286666806
-10.787177235919922 1.4053865470953761
-10.790217780025387 1.407035175879372
-10.793189707983771 1.408693823562417
-10.798994974874429 1.4119123473511683
-10.799172832396149 1.412009485072736
-10.79926647305834 1.4120603015075126
-10.79955072595328 1.4122190875300413
-10.805206507793274 1.415310703444555
-10.80847402653991 1.4170854271356532
-10.811216375637866 1.418618723974241
-10.81658291457292 1.421599346408784
-10.817196731210862 1.421935176581525
-10.817519338791838 1.4221105527637938
-10.818496051758752 1.4226571633883172
-10.82321436532531 1.4252409781769666
-10.825376884422166 1.4264528946622148
-10.82662014733988 1.4271356783919344
-10.829221147349223 1.4285498803697028
-10.834170854271413 1.4313041287022843
-10.835198242140569 1.4318672646288881
-10.835737233806734 1.432160804020075
-10.83736458678739 1.43307329902464
-10.841200040236863 1.4351775908009445
-10.84488427188227 1.4371859296482157
-10.847203235482867 1.4384875177873688
-10.851758793969905 1.4410273805322138
-10.8531765577149 1.4418059799206437
-10.853918944031182 1.4422110552763563
-10.856154012720147 1.44346683206214
-10.859162729108663 1.4451207708648512
-10.86055276381915 1.4459027861804579
-10.862971353183422 1.447236180904497
-10.865161816257187 1.4484318715934146
-10.869346733668397 1.4507698256314763
-10.871130833278364 1.4517515637869325
-10.872063205044562 1.4522613065326375
-10.874861951530631 1.4538370830647036
-10.8771015912216 1.4550707585741494
-10.881150172204059 1.4572864321607781
-10.883096027504548 1.4583831881214468
-10.88693467336689 1.4605322279302202
-10.889060184668715 1.4617042688455406
-10.890168699265907 1.4623115577889187
-10.893485963897806 1.4641833550834669
-10.895015746204866 1.4650278054633512
-10.895728643216135 1.4654305567397676
-10.899171626990931 1.4673366834170594
-10.90100496623317 1.468341725369119
-10.904522613065382 1.4703153945896554
-10.90696368568966 1.4716643597239774
-10.908234052903472 1.4723618090452
-10.912023547461787 1.4745049331584585
-10.912904271475362 1.4749921751276318
-10.917261390656623 1.4773869346733406
-10.918887685972907 1.4783077537564742
-10.922110552763874 1.4801201793331424
-10.924840365359918 1.4816321138454684
-10.926257832647028 1.4824120603014812
-10.93047213491885 1.4848010837743315
-10.930766199449867 1.4849641440193375
-10.930904522613119 1.4850426461122055
-10.935210079243053 1.4874371859296218
-10.93674319388574 1.4882815569515149
-10.939698492462366 1.4899474861065407
-10.942689204918576 1.4916078222845597
-10.944238542082683 1.4924623115577624
-10.94860384622188 1.4949430503974712
-10.948832229206324 1.4950719506274641
-10.95320668109221 1.497487437185903
-10.954570447619663 1.498263432769102
-10.957286432160858 1.499798273103906
-10.96050913456457 1.501591790698698
-10.962174617807875 1.5025125628140437
-10.966416182338214 1.504929188391511
-10.967101142836444 1.5053167658642117
-10.971074847378526 1.5075376884421843
-10.972368351882126 1.5082536941499622
-10.97487437185935 1.5096735571993847
-10.978299029905457 1.511584340342866
-10.980064425221954 1.512562814070325
-10.9841977837035 1.5149241077429938
-10.985272045731298 1.5155335780337387
-10.98897377528843 1.5175879396984655
-10.99013575470662 1.518252670227386
-10.992462311557842 1.519574418831648
-10.996057706844734 1.5215858095303512
-10.997906244888934 1.5226130653266061
-11.001947432117262 1.5249281565091977
-11.003342046569765 1.525721561044298
-11.006752958878547 1.5276381909547467
-11.007871433204466 1.5282607103981372
-11.010050251256335 1.5295020165318016
-11.013783912453656 1.531596556240796
-11.015698298664073 1.5326633165828873
-11.019663852594228 1.5349416989716298
-11.021308223464656 1.5358798800709792
-11.024549251357161 1.537688442211028
-11.025574142076264 1.5382781704620463
-11.027638190954827 1.5394575415541736
-11.031476378251357 1.5416169428973028
-11.033438754969215 1.5427135678391686
-11.037345736648655 1.5449651089833578
-11.039167643873242 1.5460076972444305
-11.042230322864741 1.5477386934673092
-11.043242546003926 1.548305431938564
-11.045226130653319 1.5494422952608735
-11.049133713911445 1.5516473667359856
-11.051125639375538 1.5527638190954498
-11.054991646055791 1.5549987974657418
-11.05691714068355 1.556104107675516
-11.05991854288258 1.5577889447235904
-11.060875207856975 1.558342905436401
-11.062814070351811 1.5594576835100318
-11.066754443157233 1.5616882495501816
-11.068756864525994 1.562814070351731
-11.072600064249546 1.5650431977233756
-11.074553467021266 1.5661681836858614
-11.07749136492804 1.5678391959798716
-11.078470611317828 1.5683910241891503
-11.080402010050303 1.5695052076445934
-11.084337007803338 1.5717400365357168
-11.086330241071447 1.5728643216080123
-11.090169389943117 1.5750987672667778
-11.09207329188191 1.5761989735598991
-11.095065317095703 1.5778894472361529
-11.096027154402288 1.5784502459065832
-11.097989949748795 1.5795864735869758
-11.101879761043268 1.5818031982087293
-11.103843470000983 1.5829145728642935
-11.107697930174753 1.585165989799303
-11.10947319560729 1.586195500252435
-11.112518722969488 1.587939698492434
-11.113543142390332 1.5885210547944215
-11.115577889447287 1.5897032019418242
-11.119380960122584 1.5918782324990621
-11.121294134350707 1.5929648241205747
-11.1251838927133 1.5952453773869975
-11.12674966519148 1.5961567600474869
-11.129971525998146 1.5979899497487153
-11.13102159185863 1.5986025889736153
-11.13316582914578 1.5998198106990777
-11.136915499979802 1.6019437408528496
-11.138856855574478 1.603015075376856
-11.142836182039622 1.605277243035327
-11.144632672691573 1.6062913163899397
-11.147769520538308 1.6080402010049966
-11.148787349771 1.608602035025931
-11.150753768844272 1.6097127968723237
-11.154735025619294 1.6119278246974167
-11.156793538451383 1.6130653266331372
-11.160652569615536 1.6152622234694887
-11.162910928059436 1.6165388006946122
-11.165716979422584 1.6180904522612778
-11.1665936509121 1.6185898972986097
-11.168341708542764 1.6195787374852042
-11.172537912180575 1.6219166625643293
-11.174704524516981 1.6231155778894184
-11.178451876933131 1.625252083977454
-11.181134270053906 1.6267705954640306
-11.183584714908928 1.628140703517559
-11.184382953209731 1.6285826163837092
-11.185929648241256 1.6294588759760211
-11.19032334942737 1.6319104859496676
-11.19258859385408 1.6331658291456996
-11.19623327424748 1.6352470616292054
-11.199300309046938 1.636986017947323
-11.201472935912628 1.6381909547738402
-11.202154431835247 1.6385804279465548
-11.203517587939748 1.6393539361879537
-11.208090492548296 1.64190953622811
-11.210444479118662 1.6432160804019809
-11.213995896288141 1.6452474036448663
-11.217406592379191 1.6471843673846793
-11.219290788006733 1.6482412060301215
-11.219907226393222 1.6485835778144127
-11.22110552763824 1.649264678754541
-11.225838460174991 1.6519140652191906
-11.228270863156428 1.653266331658262
-11.23173884020722 1.6552533679809809
-11.235450603106589 1.6573649246492188
-11.237115809107749 1.6582914572864027
-11.237640438842494 1.6585923225704713
-11.238693467336732 1.6591919037118599
-11.243566332229378 1.6619243358023583
-11.24606651880928 1.6633165829145433
-11.249461214249479 1.6652652094247564
-11.253430238545832 1.6675270889742864
-11.254877594458224 1.668341708542684
-11.255353338012679 1.6686068711205548
-11.256281407035225 1.6691362542036199
-11.26127354969496 1.6719405076966147
-11.26383030520794 1.6733668341708245
-11.267162485247542 1.6752830803097316
-11.271343619385032 1.6776703234136265
-11.272635986392288 1.6783919597989652
-11.273045096117576 1.6786274599750053
-11.273869346733717 1.6790985302746737
-11.278958844501474 1.681962943207746
-11.281560538761838 1.6834170854271058
-11.284841071068675 1.68530743267383
-11.289186472525943 1.6877934070820277
-11.290334798329361 1.6884422110552464
-11.290714215364515 1.6886545170745872
-11.291457286432209 1.6890800584194556
-11.296620903382584 1.6919920175547087
-11.299255261914182 1.693467336683387
-11.302495821397585 1.695338595178563
-11.306955933788991 1.6978955216424678
-11.308020755441524 1.6984924623115276
-11.30835961744895 1.6986883505063135
-11.309045226130701 1.6990818235735787
-11.314258632219953 1.7020280433427386
-11.316912875738359 1.7035175879396682
-11.320125614732063 1.7053768882531335
-11.324649169143548 1.7079758573719106
-11.325648210355695 1.7085427135678088
-11.325980185123475 1.7087292794837285
-11.326633165829193 1.709104866359735
-11.331870885484502 1.7120713478658613
-11.334531714226218 1.7135678391959495
-11.33772927649198 1.7154226474918648
-11.342263273191199 1.7180335841565224
-11.343256762540467 1.71859296482409
-11.343574747651607 1.7187776385029698
-11.344221105527685 1.719150287855669
-11.349456462423182 1.7221222741963746
-11.352110039733674 1.7236180904522307
-11.355305575086462 1.7254762247778634
-11.359795266094675 1.7280678506142282
-11.360804598666949 1.7286432160803713
-11.361142076834716 1.7288337784779317
-11.361809045226178 1.7292192548046703
-11.367014102958235 1.732181182356495
-11.369646038129098 1.733668341708512
-11.372853217680477 1.7355379894925669
-11.37724209046497 1.73807778320531
-11.378330371763864 1.7386934673366525
-11.378680882730038 1.7388980679636905
-11.37939698492467 1.7393130053257622
-11.384542483263758 1.7422484505821965
-11.387137813607763 1.7437185929647931
-11.390370845624462 1.7456083298215646
-11.394600608184284 1.7480624853246836
-11.395789580661246 1.7487437185929338
-11.396189809022657 1.7489708944787923
-11.396984924623162 1.7494328551880063
-11.402040210981102 1.7523244766902346
-11.404583383132854 1.7537688442210744
-11.407857029507095 1.7556876541680912
-11.411867597143402 1.7580210363697146
-11.413226705048864 1.758793969849215
-11.413667428010701 1.759052665938059
-11.414572864321654 1.7595802047217495
-11.419505820030809 1.762409679560454
-11.421980670460512 1.7638190954773556
-11.425310263787294 1.7657763926867416
-11.429039747872997 1.7679524907777395
-11.430587433602584 1.7688442211054962
-11.431112235158716 1.7691438122087613
-11.432160804020146 1.7697565464494476
-11.436937764974337 1.7725045007467255
-11.439327499702765 1.7738693467336368
-11.442728960956893 1.775874998951278
-11.446113660049054 1.7778558770276103
-11.447929467024572 1.7788944723617774
-11.448522643169465 1.7792447868043988
-11.449748743718638 1.779963473530172
-11.454334414873744 1.782609406231316
-11.456621588378036 1.783919597989918
-11.460111445180063 1.7859839517719367
-11.463085838853184 1.7877301965997887
-11.465180904425674 1.7889447236180587
-11.46589697551866 1.789356068731907
-11.46733668341713 1.7902026891253184
-11.471694046591665 1.7927248883391895
-11.47386053989413 1.7939698492461993
-11.47745594534938 1.7961037571794112
-11.47995269116896 1.7975744228895785
-11.482420742166052 1.79899497487434
-11.483233459390853 1.7994781645099884
-11.484924623115623 1.8004760168087364
-11.489014837467074 1.8028514678306369
-11.49104172248828 1.8040201005024805
-11.494760561495049 1.8062349580222135
-11.496710302365022 1.8073874374308803
-11.499550770344618 1.8090452261306211
-11.500530047409507 1.809611659103366
-11.502512562814115 1.810785606948353
-11.506294328455322 1.8129898472898454
-11.508161861630592 1.8140703517587617
-11.512022379813034 1.8163783868157832
-11.5133523757836 1.817167441178614
-11.51667885047907 1.8190954773869024
-11.517783868646339 1.8197573727772651
-11.520100502512607 1.8211343496394017
-11.523530274758983 1.8231406680875066
-11.525217943314072 1.824120603015043
-11.52924007772883 1.8265344214385486
-11.529877561138308 1.826914048336672
-11.53367317578459 1.8291457286431836
-11.534994067808583 1.8299155499010453
-11.537688442211099 1.8315232207144119
-11.540721562210784 1.8333042485571287
-11.5422084716026 1.8341708542713242
-11.54628475710865 1.8366269442420524
-11.546413975307317 1.8367029704434028
-11.550683104103664 1.8391959798994648
-11.552158500402866 1.8400868031871003
-11.555276381909591 1.841954687381235
-11.557865843636703 1.8434812593198586
-11.559130284507688 1.8442211055276054
-11.562578357771153 1.8463073843451951
-11.56355108799457 1.8468820294171806
-11.564070351758836 1.8471960952148363
-11.567529346609655 1.849246231155746
-11.569274743166913 1.8502718249960806
-11.572864321608083 1.8524314101116683
-11.574960624824403 1.8536724130077955
-11.575980047453793 1.8542713567838867
-11.578744648494519 1.8559514501800107
-11.580638784182867 1.8570752073906611
-11.584411376698172 1.8592964824120273
-11.586340218459922 1.860471351796786
-11.590452261306575 1.8629562630851542
-11.592003251710883 1.8638784679246516
-11.592754239871633 1.8643216080401679
-11.594779169844198 1.8655578676223463
-11.597674398119896 1.8672832660073597
-11.59924623115582 1.8682423780742283
-11.601093135517976 1.8693467336683085
-11.60335218060376 1.8706861680686817
-11.608040201005068 1.8735323573174645
-11.608990896165535 1.874100232107744
-11.60944914045759 1.8743718592964491
-11.610677334754664 1.8751253260820482
-11.614655087259315 1.8775070174233761
-11.617836024935498 1.8793969849245897
-11.62030770071604 1.88091711063531
-11.62562814070356 1.8841630668810527
-11.625920540200157 1.884338567839417
-11.62606081096255 1.8844221105527303
-11.626434422501063 1.8846524767805883
-11.631577816070442 1.88774732893319
-11.634336768878397 1.889447236180871
-11.634422110552805 1.889499387616632
-11.637203649850395 1.8911650734813437
-11.64205674587146 1.8941411233716998
-11.642603930555637 1.8944723618090116
-11.642801304556013 1.8945908691935944
-11.643216080402052 1.8948458995828377
-11.648439338023413 1.8980051281167638
-11.650926122274226 1.8994974874371522
-11.654036680230956 1.9014310131141778
-11.657537272209524 1.9035892565250014
-11.65908843886413 1.9045226130652928
-11.659627627964863 1.9048587251040585
-11.660804020100544 1.905586045702509
-11.665236175515746 1.9082814085748039
-11.667335015883259 1.9095477386934334
-11.670803204334963 1.9117159545403117
-11.672863199670857 1.9129932185706657
-11.675444190088303 1.914572864321574
-11.676387423568874 1.9151455889587634
-11.678391959799036 1.9163921236867116
-11.681964597469682 1.9185772363295301
-11.683646896046394 1.9195979899497146
-11.687499371538795 1.922020997937925
-11.68802926096222 1.922351504567767
-11.691762132846446 1.9246231155778553
-11.693076807686962 1.925452570380874
-11.695979899497528 1.9272689084709
-11.698620594286545 1.9288937569805622
-11.699856703184038 1.9296482412059959
-11.703046695886595 1.9316673258885864
-11.704139731205533 1.9323419863461355
-11.704773869346774 1.9327428699599913
-11.70789010395668 1.9346733668341365
-11.709691601519461 1.9357808633131537
-11.71356783919602 1.9382216425923886
-11.715199849793834 1.939232203720045
-11.715959043977627 1.939698492462277
-11.71790294136774 1.940937093082768
-11.720712229633955 1.9426823636795794
-11.724024970305292 1.9447236180904177
-11.72622730098724 1.9461317546353527
-11.731155778894513 1.9492560965579333
-11.731697709760779 1.9495939063281966
-11.731948161257222 1.9497487437185583
-11.7325842029067 1.9501568648648977
-11.737203164423628 1.9530460449098088
-11.73998842488734 1.954773869346699
-11.742679042827506 1.9565066338511272
-11.74710044762041 1.9593294889826698
-11.747845554324138 1.9597989949748396
-11.748127163469054 1.9599751535816825
-11.748743718593005 1.9603702503438667
-11.753607620331648 1.9634344343919397
-11.755832078895457 1.9648241206029802
-11.759041927930275 1.9669069007061868
-11.761446310218702 1.9684534324960365
-11.76367234687176 1.9698492462311208
-11.764483103946398 1.9703774046154345
-11.766331658291497 1.9715710581495953
-11.769920268639204 1.9738490546170597
-11.771549223250103 1.9748743718592614
-11.775310010471802 1.9773342540073147
-11.775600578430835 1.9775226347562151
-11.7793155132498 1.979899497487402
-11.78074364574924 1.98080691241333
-11.78391959798999 1.982874415404197
-11.786134587360808 1.9842917690095945
-11.787132111748809 1.9849246231155426
-11.789586750949944 1.9865438096755295
-11.791511557620996 1.9877806174205386
-11.794916599747367 1.9899497487436832
-11.796902463292831 1.991265484285302
-11.801507537688481 1.9942891175492035
-11.80224408744262 1.9947644315849438
-11.802573040507552 1.9949748743718416
-11.803374495132774 1.9955082907844988
-11.807613020729042 1.9982555762741194
-11.810239621957926 2.