-8.002324729832011 0.
-8.00239448653599 0.000033736079481982983
-8.002512562814177 0.00009069232962133356
-8.008995415506915 0.003172882001643451
-8.011306532663422 0.004298964875470546
-8.012827344007398 0.005025125628140614
-8.015566775385809 0.006320476235814887
-8.020100502512669 0.008517516040750017
-8.02210838420561 0.009476570772583237
-8.023312583946677 0.010050251256281229
-8.02784554268165 0.012263119875989936
-8.028628540565565 0.012638794583595292
-8.033720890417811 0.015075376884421843
-8.035181533924844 0.015791636394798303
-8.037688442211161 0.017017317241596608
-8.041705093637391 0.01895288781935367
-8.044093422408261 0.020100502512562457
-8.048199031056894 0.022122602756207144
-8.052977330338578 0.024468756263252622
-8.054338764059851 0.02512562814070307
-8.054682070034827 0.025295431533510104
-8.055276381909653 0.025588443262711813
-8.06118894170182 0.02846145097108188
-8.064676264193121 0.030150753768843686
-8.067666479450017 0.03163585152830972
-8.072864321608145 0.03420879148090261
-8.074114486152014 0.03481868952730771
-8.074849007594501 0.0351758793969843
-8.077512166299801 0.036503835023172115
-8.08056741706825 0.03800012060795144
-8.08165829145739 0.03854745240760593
-8.085021358701646 0.040201005025124914
-8.087029789188456 0.04117885420174794
-8.090452261306638 0.04288597850858711
-8.093462894062089 0.04436594986599385
-8.095218730186266 0.04522613065326553
-8.099866527050246 0.047561466068946956
-8.101515854444548 0.048387157264096814
-8.105307498938823 0.05025125628140614
-8.10629580178716 0.05074965605796855
-8.10804020100513 0.051626044743296795
-8.11271512910339 0.053940688167186224
-8.115422680110107 0.05527638190954676
-8.119105227424303 0.057140071417923544
-8.125046822620645 0.06013541665683686
-8.125379868249086 0.06030150753768737
-8.125470866756421 0.06034644295117353
-8.125628140703622 0.06042599497787471
-8.131877460400469 0.06354111325244283
-8.135473182026432 0.06532663316582799
-8.138255052885844 0.06674406959904822
-8.143216080402114 0.06926158275711103
-8.14460343003142 0.06995537318559553
-8.145399184387884 0.0703517587939686
-8.148165691418338 0.0717659333700329
-8.15095571864455 0.07316555920998447
-8.15201005025136 0.0737072734973152
-8.15532606160161 0.07537688442210921
-8.157321763663411 0.07637181483273636
-8.160804020100606 0.07814989021038787
-8.16365880535904 0.0795863571192692
-8.165286467039872 0.08040201005024983
-8.169966623952629 0.08280924886352725
-8.170897017049695 0.08328572346427521
-8.175158047779625 0.08542713567839044
-8.176310727436139 0.08602177349637863
-8.178391959799098 0.08709068420240484
-8.182637316944815 0.08923930212204034
-8.185044201803846 0.09045226130653106
-8.188934881730646 0.09246512352565794
-8.19329314753781 0.09470974351759143
-8.194812287197887 0.09547738693467167
-8.195226952967174 0.09569251451479133
-8.19597989949759 0.09608135106731996
-8.201543917320755 0.09891279318476531
-8.204681712299513 0.10050251256281229
-8.207832045240309 0.10214131083589084
-8.213567839196083 0.1051111521146284
-8.214091110109674 0.10537813221564107
-8.214385459135796 0.1055276381909529
-8.215375957481688 0.10604424341541119
-8.220383235181865 0.10860550782315581
-8.222361809045328 0.10964183640039149
-8.22413653793254 0.11055276381909351
-8.226662693133656 0.1118365026079271
-8.231155778894575 0.11417457228088423
-8.23291326578049 0.11507575033697215
-8.233897108039498 0.11557788944723413
-8.237181657950352 0.11729956917745632
-8.239159601458116 0.11831620862864867
-8.243629800219425 0.12060301507537474
-8.24543111070293 0.12154947447255715
-8.248743718593067 0.12328138526241172
-8.251673978641714 0.12479092354675902
-8.253306958530137 0.12562814070351536
-8.257887993292336 0.1280406164175787
-8.25872813917068 0.12848083229711893
-8.262921729865088 0.13065326633165597
-8.264141719852821 0.13127896302843833
-8.26633165829156 0.13242893606901518
-8.270377569606785 0.13452241729830394
-8.272622634969252 0.13567839195979658
-8.276584624642812 0.13777409863043655
-8.280050975812442 0.13959819696576314
-8.282193290776052 0.1407035175879372
-8.282797901312046 0.141024002353082
-8.283919597990051 0.1416154797619491
-8.289027237152967 0.1442693177409593
-8.291850070975677 0.1457286432160778
-8.295227932569253 0.1475228161073039
-8.301149345041914 0.15065142808803866
-8.301345286491975 0.15075376884421843
-8.30140303212446 0.1507836275768133
-8.301507537688543 0.15083894959719668
-8.307626455249967 0.1540306323119527
-8.310995446322966 0.15577889447235904
-8.313821387321715 0.1572857773481653
-8.319095477387036 0.16008293055873768
-8.31998759009774 0.16054913075458366
-8.32047789024143 0.16080402010049966
-8.322067248778644 0.1616530976409596
-8.326178520869629 0.16380541901932766
-8.32788944723628 0.16472234732550373
-8.329996889900075 0.16582914572864027
-8.332368256269982 0.16706204881879572
-8.336683417085528 0.16935875279312285
-8.33852940668693 0.1703268457563798
-8.339540481705992 0.17085427135678088
-8.342800399523142 0.17260198062467058
-8.34468653851252 0.17359279086292378
-8.349062836257406 0.1758793969849215
-8.350871615893196 0.17685075152515672
-8.35427135678402 0.1786662476897236
-8.357028248218692 0.18011683934601308
-8.358533400322143 0.1809045226130621
-8.363156193855637 0.18339112336359786
-8.363364606010679 0.18350259382067957
-8.367955800349964 0.18592964824120273
-8.369334363002169 0.18665105780701463
-8.371859296482512 0.18800359132785083
-8.375486985198537 0.18991829137905025
-8.377461622261881 0.19095477386934334
-8.381611056185614 0.19319368243945512
-8.383793745623716 0.19436461648111614
-8.386866697600036 0.19597989949748396
-8.387759225232925 0.19646218833979212
-8.389447236181004 0.19736903481199786
-8.393908320339483 0.19973042965177346
-8.396329793028574 0.20100502512562457
-8.400028995811516 0.20300679085933293
-8.404078825443989 0.2051854792007628
-8.405667554923838 0.20603015075376518
-8.406148770851638 0.20628340933315314
-8.407035175879496 0.20676090287219928
-8.412294798275965 0.20955252712577188
-8.41514225119116 0.2110552763819058
-8.41841253393192 0.2128297282807825
-8.424232091282796 0.21596868078284892
-8.42444352154197 0.2160804020100464
-8.424505417911814 0.21611402991466733
-8.424623115577988 0.21617759236472178
-8.430648814633116 0.2193838993367221
-8.433903050078463 0.22110552763818703
-8.436764043924521 0.22266181659589002
-8.44221105527648 0.2256069998737571
-8.442850860563025 0.22594785175588594
-8.443195993061881 0.22613065326632764
-8.444282920246431 0.22672261468631394
-8.448972624492528 0.2292239019755975
-8.45261597762145 0.23115577889446826
-8.455085759728071 0.2325024175364403
-8.459798994974973 0.23505664343642252
-8.461170603141335 0.23578901647507688
-8.461908873342582 0.23618090452260887
-8.46422618355917 0.237445815546665
-8.46726835029448 0.23907192863088955
-8.468592964824218 0.2397965565561515
-8.471222169156135 0.24120603015074948
-8.473379783665228 0.24235093043881673
-8.477386934673465 0.2445271004530305
-8.479463042860868 0.24563798201106035
-8.480578234365547 0.2462311557788901
-8.4840678668732 0.24813999355024308
-8.485537989215002 0.2489274086808777
-8.489912150851215 0.2512562814070307
-8.491648093744875 0.2522067901576257
-8.494974874371957 0.2540170158028108
-8.497730179265382 0.2554941770656214
-8.499207490786146 0.2562814070351713
-8.503784011707793 0.2587896362816444
-8.503817488428751 0.25880786819425605
-8.508460705056612 0.26130653266331194
-8.509892878996576 0.2620693712558477
-8.51256281407045 0.26352475168428224
-8.515974251641683 0.2653569618425289
-8.517800108004671 0.26633165829145256
-8.522027420499596 0.26865261065412316
-8.5235021406172 0.26945718016195297
-8.527057641777485 0.27135678391959317
-8.528115742012195 0.27193821585009204
-8.530150753768941 0.27304938137594537
-8.534196544967125 0.27522596920539577
-8.536358379773455 0.2763819095477338
-8.54024925267239 0.27852174977488886
-8.543108107105905 0.2800840105011524
-8.54555846458194 0.2814070351758744
-8.546318011936382 0.2818129441847468
-8.547738693467434 0.28258988692878795
-8.55239856560252 0.28510076876541923
-8.554884768721141 0.286432160804015
-8.558451130087853 0.2883965902548935
-8.56264219226467 0.2906903033175112
-8.564073422263572 0.2914572864321556
-8.564501244507728 0.29169311176306945
-8.565326633165926 0.2921451537100266
-8.570581853800382 0.29498092045045166
-8.573381788157088 0.29648241206029624
-8.576634577556232 0.29827669643406285
-8.58211067247732 0.30127785186355194
-8.582534861256173 0.30150753768843686
-8.582666902070564 0.30157830077239556
-8.582914572864418 0.3017141238199672
-8.588747856927712 0.3048660107270642
-8.591851788651919 0.30653266331657747
-8.594801027507252 0.30816165904676573
-8.60050251256291 0.31129033063105904
-8.600826162289056 0.31146531759439
-8.600998274254582 0.3115577889447181
-8.601528833162343 0.3118510234016991
-8.60689793392057 0.3147556513278129
-8.609296482412155 0.31608340905631405
-8.610217275505851 0.3165829145728587
-8.612951824419053 0.3180510939563872
-8.618090452261402 0.3208742074799318
-8.61897777811365 0.3213545185289286
-8.61944911122261 0.3216080402009993
-8.620899637168048 0.3224106644600413
-8.625033359506933 0.32464947804470334
-8.62871937617279 0.3266331658291399
-8.631088229015477 0.3279446409561162
-8.635678391959894 0.3304691438575169
-8.637115258391313 0.3312477581911608
-8.63787770834075 0.33165829145728054
-8.640220568758654 0.3329560562569265
-8.643155328208092 0.33454714958593623
-8.64447236180914 0.33527776069616344
-8.647058087237008 0.33668341708542115
-8.649211422242237 0.33784196263289257
-8.653266331658386 0.34007427778083255
-8.655239770518001 0.3411447030393857
-8.656285952857028 0.34170854271356177
-8.659496199812235 0.3434885050432328
-8.661264958129088 0.3444483464929311
-8.665503416451898 0.3467336683417024
-8.66732250903273 0.3477427432914597
-8.670854271356879 0.3496887971531386
-8.673352406276754 0.35104504113559276
-8.674675603582957 0.351758793969843
-8.678730747365437 0.35400921568657395
-8.679363294548654 0.35435277011461874
-8.679648241206124 0.354511120500252
-8.683821723514544 0.3567839195979836
-8.685422521874182 0.35764668793546583
-8.68844221105537 0.35931193817789975
-8.691454185380072 0.3609484811333523
-8.693048297754125 0.3618090452261242
-8.697458031299657 0.3642582222130404
-8.697934689251863 0.36452118185369287
-8.702217719758556 0.36683417085426484
-8.703512424184627 0.367553521302618
-8.706030150753863 0.3689429837835547
-8.70954605882406 0.3708547513194915
-8.711405557432721 0.37185929648240545
-8.715551963512743 0.37416390417943735
-8.717113497188688 0.37502596689235546
-8.72052117060495 0.37688442211054607
-8.721593113510849 0.37746298695097646
-8.723618090452355 0.37858126206445775
-8.727628912064565 0.38076359870662646
-8.729748795486595 0.3819095477386867
-8.733637066052456 0.38407210890965615
-8.736261772093735 0.38552202820765213
-8.738874237369641 0.3869346733668273
-8.739665424557181 0.3873748463935893
-8.741206030150847 0.3882261447426183
-8.745703568025167 0.39067478817373313
-8.748079358631514 0.3919597989949679
-8.751714162408415 0.3939826011209462
-8.755382700743246 0.39601027630708163
-8.757167725945928 0.3969849246231085
-8.757730196050172 0.3972888599942994
-8.75879396984934 0.3978769829134672
-8.763770908874386 0.40058806767266475
-8.766398560005678 0.40201005025124914
-8.769784147217509 0.40389512520277027
-8.774479365668077 0.4064915919137455
-8.775483602902884 0.40703517587938975
-8.7757881906572 0.40720480984814156
-8.776381909547831 0.40753321464606795
-8.781831583728662 0.410503251741579
-8.78470748185028 0.41206030150753037
-8.787847578636331 0.41380952168181384
-8.793553935406065 0.4169665946098826
-8.79377337428563 0.417085427135671
-8.793839972992222 0.41712253463684323
-8.793969849246324 0.41719440439744915
-8.799886187346193 0.4204201704495638
-8.803007051239506 0.4221105527638116
-8.805905077812415 0.42372561308735435
-8.811557788944816 0.42685428517389035
-8.811896387044749 0.42703893607768606
-8.812074962942622 0.4271356783919522
-8.812618828755385 0.4274388326235439
-8.817935302297434 0.43033865734791643
-8.820351758794061 0.4316871337823711
-8.821217932067787 0.4321608040200928
-8.82395721753316 0.4336432357658495
-8.829145728643308 0.43651602683502766
-8.82995162377077 0.43695567389753
-8.830376502113916 0.43718592964823344
-8.83166984768437 0.43790710651710896
-8.83597946473404 0.44025855925045043
-8.839581726534204 0.44221105527637405
-8.842004524361768 0.44356223927066907
-8.8467336683418 0.4461815313174693
-8.848002145163296 0.4468737589555163
-8.848670694874432 0.44723618090451467
-8.85070487784987 0.44837081219253516
-8.85401916640745 0.4501797356567554
-8.855527638191045 0.45102205589272515
-8.857792347030877 0.4522613065326553
-8.860047480634032 0.4534824857915867
-8.864321608040292 0.45585043583805795
-8.86604842412458 0.45679305613671417
-8.866958291809212 0.4572864321607959
-8.86972564067047 0.45883044148370367
-8.87205485655944 0.460102058212037
-8.87612904107607 0.4623115577889365
-8.878086526329895 0.46340384962004766
-8.881909547738784 0.4655224085386065
-8.884090891349468 0.4667134423854531
-8.885239975077148 0.4673366834170771
-8.888733691157352 0.469286438679525
-8.890086943697098 0.47002541019998567
-8.89070351758803 0.4703698704503996
-8.894341959809172 0.47236180904521774
-8.89612206083181 0.47332621664677976
-8.899497487437277 0.475197147370511
-8.902129937067725 0.47663480620751564
-8.903516361401381 0.47738693467335835
-8.907730426315535 0.4797392029242893
-8.908115797262983 0.4799496860655834
-8.912654351031618 0.48241206030149897
-8.914154444580271 0.48324948388878397
-8.917085427135769 0.4848743790236947
-8.920165912685418 0.48655704720116777
-8.921788004864524 0.4874371859296396
-8.926149941352262 0.4898724503530678
-8.92672524924212 0.49019142081716804
-8.930871662963064 0.4924623115577802
-8.932184000635432 0.49317355904315985
-8.93467336683426 0.49455385789752704
-8.938199132333981 0.4964800756145724
-8.940055399527106 0.4974874371859208
-8.94418688396761 0.4997944150616762
-8.94571650007712 0.5006426181124519
-8.94916200765998 0.5025125628140614
-8.950211016152563 0.5030983600655441
-8.952261306532753 0.5042353651117919
-8.956229874334412 0.5064038119274423
-8.958318981885228 0.507537688442202
-8.962221409556678 0.5097170703492209
-8.964699693207987 0.5110915132065541
-8.967385376673878 0.5125628140703427
-8.968235743777962 0.5130238147712802
-8.969849246231245 0.5139187075561411
-8.97425838258301 0.5163281864551221
-8.976579133181277 0.5175879396984833
-8.980253753220882 0.5196403490438701
-8.983675668984993 0.521538346199554
-8.985655439670388 0.5226130653266239
-8.986258402971082 0.5229498604576683
-8.987437185929737 0.523603716976802
-8.992284867864196 0.5262531389734901
-8.994835897499666 0.5276381909547645
-8.998284012725398 0.5295642232127165
-9.00264409239274 0.5319830213727661
-9.003885527415411 0.5326633165829051
-9.00427876851358 0.532876561472805
-9.00502512562823 0.533290629621729
-9.010308621773287 0.5361788718838865
-9.013088777523945 0.5376884422110457
-9.016311295733763 0.5394889478090343
-9.021603175842529 0.5424250279865603
-9.02213455364399 0.5427135678391863
-9.02229645222632 0.5428040287250155
-9.022613065326722 0.5429797015824986
-9.028330272885077 0.546105205593511
-9.031250951535851 0.547738693467327
-9.031407035175967 0.5478250777731297
-9.034336993605224 0.5494141253016096
-9.040201005025214 0.5526678034971626
-9.04031635232406 0.5527308627243688
-9.040377043546247 0.5527638190954676
-9.04056125014912 0.5528667462737262
-9.046350688911415 0.5560318921846941
-9.049586296363435 0.5577889447236082
-9.05236146471265 0.5593396532981956
-9.057788944723706 0.5623512571937201
-9.058344922850226 0.5626552194584571
-9.058637442772007 0.5628140703517488
-9.05952522846104 0.5633101514195582
-9.064369925065625 0.5659589158821978
-9.066582914572951 0.5671967156468343
-9.067755080466913 0.5678391959798894
-9.070384755847064 0.569265518429928
-9.075376884422198 0.5720356740893546
-9.076372310501394 0.5725799141568304
-9.076896015964113 0.57286432160803
-9.07848534558276 0.5737524533681899
-9.082388010191316 0.5758862684449939
-9.086076530561257 0.5778894472361706
-9.088406887473436 0.5791917148496717
-9.09296482412069 0.5817210445081287
-9.094398527311819 0.5825049433811316
-9.095152781600262 0.5829145728643113
-9.097441636397077 0.5841936620861361
-9.10040494772784 0.5858139488904088
-9.101758793969935 0.5865712653926805
-9.10425519463169 0.5879396984924519
-9.106427854685784 0.5891182439591374
-9.110552763819182 0.5914073777704534
-9.112423559974323 0.5924303109334099
-9.113407717509455 0.5929648241205925
-9.116394039938337 0.5946337601546361
-9.118420716613874 0.5957419632359642
-9.12255962681552 0.5979899497487331
-9.124447628100707 0.5990451141535811
-9.128140703517674 0.601094701546824
-9.13044737072383 0.6023560276036859
-9.131660762304858 0.6030150753768737
-9.135342402868371 0.6050727037627874
-9.136435272131996 0.6056703242580648
-9.13693467336692 0.6059497075239433
-9.140747925972969 0.6080402010050143
-9.142466154692183 0.6089723405832954
-9.145728643216167 0.610783061253998
-9.148469898162363 0.6122821109342418
-9.149911816721637 0.6130653266331549
-9.154286482724 0.615510423635393
-9.154448546696809 0.6155990512668268
-9.159035105575274 0.6180904522612956
-9.160483358570009 0.6188999449311954
-9.163316582914659 0.6204725194928908
-9.166491058027795 0.6222085849999681
-9.168160744864558 0.6231155778894362
-9.172471375678077 0.6255250484423147
-9.173236864740272 0.6259499441253258
-9.177232491185114 0.6281407035175768
-9.178499141704 0.6288279552059057
-9.180904522613151 0.6301631555275717
-9.18451074390842 0.6321354802042123
-9.18640737536948 0.6331658291457174
-9.190494987034661 0.6354508220819985
-9.192184475397516 0.6363886727983932
-9.195501903026639 0.638190954773858
-9.196513384595692 0.6387564055498443
-9.198492462311643 0.6398550648049142
-9.202528827904949 0.6420628330896259
-9.204651502482323 0.6432160804019986
-9.20851693157615 0.6453770719545657
-9.211126505186051 0.6468258069375441
-9.21370753560267 0.6482412060301392
-9.214525946898995 0.6486853360618934
-9.216080402010135 0.6495483585146067
-9.220545161241379 0.6519906861636393
-9.222892887058507 0.6532663316582799
-9.226537052015399 0.6553038429992029
-9.230062377170917 0.6572611817042171
-9.231958407532256 0.6582914572864205
-9.232536667991027 0.6586147926343067
-9.233668341708627 0.6592431631893367
-9.238559574825857 0.6619190877382097
-9.241131308241563 0.6633165829145611
-9.244555189547109 0.66523118058885
-9.248991627412138 0.6676946645441362
-9.250171274513871 0.6683417085427017
-9.250545441063915 0.6685448057836174
-9.25125628140712 0.6689395527701958
-9.256572276810537 0.6718479783412947
-9.259367117885395 0.6733668341708423
-9.26257184185218 0.6751589425289657
-9.267916219823842 0.6781268165756202
-9.26840407250694 0.6783919597989829
-9.268552902741956 0.67847519361717
-9.268844221105612 0.6786369835133206
-9.274583216830175 0.6817773723629621
-9.27759993341383 0.6834170854271235
-9.280586222285855 0.6850873535751942
-9.286432160804104 0.688334358881888
-9.286561639689669 0.6884052170879595
-9.286629693796044 0.6884422110552642
-9.286835928381283 0.6885575732201721
-9.292591373294197 0.6917075616862354
-9.295828364606598 0.6934673366834048
-9.298597716552015 0.6950165892407139
-9.304020100502596 0.6980289597764555
-9.304576472368355 0.698333498921329
-9.304868843206345 0.6984924623115454
-9.305754581516215 0.6989880283154362
-9.310596522688495 0.701638610172286
-9.312814070351841 0.7028805431874368
-9.313974809409961 0.703517587939686
-9.316606092502315 0.7049467158536213
-9.321608040201088 0.7077261494995701
-9.322588071782747 0.708262704544496
-9.323102960080856 0.7085427135678266
-9.32466227645693 0.7094153524980671
-9.328598423269119 0.711570586890816
-9.332270610464048 0.7135678391959672
-9.334611099603372 0.7148778049948836
-9.33919597989958 0.7174261288867472
-9.340596178478425 0.7181929080872953
-9.34133163407844 0.7185929648241078
-9.343558079609675 0.7198392790269921
-9.346596815165663 0.7215035660905107
-9.347989949748825 0.7222841804523954
-9.350419208351433 0.7236180904522485
-9.352612469035982 0.7248099334699889
-9.356783919598072 0.727129112950462
-9.358600514552501 0.7281241889505523
-9.35955442562802 0.7286432160803891
-9.362440990961288 0.7302595221841646
-9.364591420465686 0.7314376271749259
-9.368690640039512 0.7336683417085297
-9.370609913773759 0.7347431832864739
-9.374371859296565 0.7368353308981055
-9.376600783725987 0.7380566317854065
-9.377770866120903 0.7386934673366703
-9.381309945066791 0.740675777556735
-9.382581943276023 0.7413728546849656
-9.38316582914581 0.7417002221748321
-9.386839369214067 0.7437185929648109
-9.388603128637152 0.7446776416384973
-9.391959798995057 0.7465450261777704
-9.394596671389985 0.7479903264801147
-9.395980458069571 0.7487437185929515
-9.400163812018569 0.7510877223139545
-9.40056806975718 0.7513093382890572
-9.405084780962152 0.7537688442210921
-9.406591790318998 0.7546134008995349
-9.409547738693549 0.7562584565553854
-9.412587844621893 0.7579253681554201
-9.414182675227437 0.7587939698492328
-9.418555941904946 0.7612453231312593
-9.419007805618932 0.7614968461136282
-9.423231352760913 0.7638190954773734
-9.424575557377922 0.764550558624264
-9.427135678392041 0.7659758942266697
-9.430573952167949 0.7678618571695406
-9.4323769626644 0.768844221105514
-9.436544360214823 0.7711811519271459
-9.437839814693119 0.7719025457629645
-9.441448908729654 0.7738693467336546
-9.442554070196023 0.7744892175606575
-9.444723618090533 0.7756976259673847
-9.44855462438852 0.7777998991337993
-9.450562736793174 0.7788944723617952
-9.454527157311528 0.7811185867839372
-9.456652776171662 0.7823028032421178
-9.459590764510258 0.7839195979899358
-9.46052695089731 0.7844294856732832
-9.462311557789025 0.7854239533253793
-9.466529473162641 0.787739604939901
-9.468739385341594 0.7889447236180764
-9.472503934660196 0.7910577415687401
-9.475445297784924 0.792697220759762
-9.477778448946449 0.793969849246217
-9.478493803223444 0.7943714761788101
-9.479899497487517 0.7951551928580267
-9.484498091748296 0.7976810907998493
-9.48690626726614 0.7989949748743577
-9.49047427485894 0.8009987355392347
-9.49421592661346 0.8030853831960556
-9.495912755465172 0.8040201005024983
-9.496454212363277 0.8043153075947078
-9.49748743718601 0.8048916764187508
-9.502459903255144 0.8076245215394575
-9.505062319964884 0.8090452261306389
-9.50843738221875 0.8109417960351397
-9.512961470686149 0.8134663785592497
-9.514067506120142 0.8140703517587795
-9.514407157710918 0.8142612715226605
-9.515075376884502 0.8146342698859552
-9.520414113970402 0.8175701239338062
-9.52320668615342 0.8190954773869201
-9.526392867457885 0.8208870342798082
-9.531681756039202 0.8238401571454057
-9.532190242249923 0.8241206030150607
-9.532352776355545 0.824209328794332
-9.532663316582994 0.8243827787000892
-9.538360876669367 0.8275178543328092
-9.541339344065964 0.8291457286432014
-9.54434071363067 0.8308344551148634
-9.550251256281486 0.8341368026885636
-9.550291981192942 0.8341592185823545
-9.550313263943904 0.834170854271342
-9.55037719329417 0.8342068362749657
-9.556299748135398 0.8374678393697934
-9.559045226130731 0.8390145354064931
-9.559373891066311 0.8391959798994826
-9.562280413222986 0.8407842035443371
-9.567839195979978 0.8438921539759399
-9.568232439524568 0.8441087502291689
-9.568437809695563 0.8442211055276232
-9.569054076942848 0.8445682143741573
-9.574230211294486 0.8474202267801907
-9.577566703943011 0.8492462311557638
-9.5802114362747 0.8507364309854122
-9.58542713567847 0.8536547141902515
-9.586163946492231 0.854060839408544
-9.586548466503022 0.8542713567839044
-9.58770106744519 0.8549210515743955
-9.59215172689098 0.8573751706370416
-9.594221105527716 0.8585426896405046
-9.595584507593944 0.859296482412045
-9.598133230422725 0.860691295256113
-9.603015075376963 0.8634249384159967
-9.60408593643124 0.864015647738964
-9.604644357035271 0.8643216080401857
-9.606316285406427 0.8652648109057468
-9.610063733433828 0.8673328313663644
-9.613737889304604 0.8693467336683263
-9.616045220800993 0.8706489606038872
-9.620603015075455 0.8732033017310226
-9.621997820889838 0.8739733433495003
-9.622724570303655 0.8743718592964669
-9.624897791058677 0.8755989381488165
-9.627965647003355 0.87729337580235
-9.6293969849247 0.8781022745538838
-9.63173483187634 0.8793969849246075
-9.63394680980089 0.8806095977740522
-9.638190954773947 0.8829902997513752
-9.639898988342754 0.8839341009616604
-9.640788161518282 0.8844221105527481
-9.643443585932811 0.885922862312424
-9.64585686092149 0.8872569772815906
-9.649845757319982 0.8894472361808887
-9.65183737669463 0.8905733841174053
-9.655778894472439 0.8927864493092654
-9.657788803767128 0.8938981020105468
-9.65883415175046 0.8944723618090293
-9.66195161421572 0.8962359960213959
-9.663736745287059 0.8972238157758499
-9.664572864321684 0.8976972356319148
-9.667817379986282 0.89949748743717
-9.669716277122944 0.900540503736595
-9.673366834170931 0.9025922892667353
-9.675666608081851 0.9038655348050479
-9.67686152740544 0.9045226130653106
-9.680419763814859 0.9065377358207183
-9.68160464637682 0.9071940780631973
-9.685882631317252 0.9095477386934512
-9.687582842447359 0.9105111476711842
-9.690954773869423 0.9124083814688397
-9.693531717450268 0.9138365947270648
-9.694869239508295 0.9145728643215918
-9.698845867149615 0.9168274624016473
-9.699459885911798 0.9171679579376253
-9.699748743718668 0.9173318639355132
-9.703824121967024 0.9195979899497324
-9.705436378966281 0.9204855141216273
-9.708542713567915 0.9222353118413995
-9.711383422445072 0.9238114844701144
-9.712856202804256 0.924623115577873
-9.71722770168655 0.927104540754625
-9.717301760187386 0.9271456564575935
-9.721840284395723 0.9296482412060136
-9.72327616699303 0.9304638087126937
-9.726130653266408 0.9320736916396957
-9.72922098707317 0.9337904143179365
-9.730821294673559 0.9346733668341543
-9.735135879244154 0.9371255707543664
-9.735569141288513 0.9373700776976133
-9.739746459263955 0.9396984924622949
-9.741101459792775 0.9404462447971875
-9.7437185929649 0.941924158855894
-9.747043663684499 0.9437735978848361
-9.74876342738571 0.9447236180904355
-9.752955803947462 0.9471095405807013
-9.75386245258114 0.9476218636950753
-9.757710096200832 0.9497487437185761
-9.758911604801826 0.9504330088218804
-9.761306532663392 0.9517872526990647
-9.764850794897393 0.953761222994145
-9.766681470571646 0.9547738693467167
-9.770759731993666 0.9570980808804936
-9.772104360162476 0.957858962917884
-9.775575563391607 0.9597989949748573
-9.776705681288222 0.9604243638530461
-9.778894472361884 0.9616638312267254
-9.78264132270755 0.9637535919328082
-9.784573928056762 0.9648241206029979
-9.788546544650709 0.9670915112914749
-9.79029159978246 0.9680804427231617
-9.793482470965172 0.9698492462311386
-9.794482721890818 0.9704205862795838
-9.796482412060376 0.9715546884295705
-9.800414361954374 0.9737509576038512
-9.802439452709706 0.9748743718592792
-9.806315405591691 0.9770900707641861
-9.808421778573766 0.9782856194345335
-9.811300729059369 0.9798994974874198
-9.812241894384504 0.9804219138800949
-9.814070351758868 0.9814605577675923
-9.818169059409279 0.9837535637868724
-9.820276766426142 0.9849246231155604
-9.82406544009302 0.9870940092196578
-9.826492432283382 0.9884737889797073
-9.82914677360018 0.989949748743701
-9.829982328177662 0.9904285953950431
-9.83165829145736 0.9913822120242264
-9.835904522494936 0.9937616655039623
-9.838084537193176 0.9949748743718416
-9.841795733069123 0.9971035881109076
-9.84450102461162 0.9986442267016304
-9.846911518360583 0.9999999999999822
-9.847703112313777 1.0004408910977185
-9.849246231155853 1.0013204659080115
-9.8536198172081 1.0037755296131952
-9.85586137666622 1.0050251256281229
-9.859505326913727 1.0071190810397281
-9.862444946402274 1.0087961871270998
-9.864692524037517 1.0100502512562635
-9.865403293276623 1.0104590734213268
-9.866834170854345 1.0112761789222553
-9.871313965839013 1.0137954354602128
-9.873605837509661 1.015075376884404
-9.877193219130554 1.0171407744336278
-9.880321514675863 1.0189289036905524
-9.882396928095734 1.0201005025125447
-9.883081872581599 1.020483427647184
-9.884422110552837 1.021250258530773
-9.888985944469415 1.0238216755930916
-9.891316410482418 1.0251256281406853
-9.894858359734755 1.0271689682882785
-9.898127971498294 1.0290415884108155
-9.900108367624314 1.030150753768826
-9.90073780413414 1.0305142526594517
-9.902010050251329 1.031243663651174
-9.906634680229313 1.033854556546114
-9.908991521248067 1.0351758793969665
-9.912499648404529 1.0372039769813357
-9.915861482677666 1.0391334315187777
-9.917744995842922 1.0402010050251072
-9.918369991334227 1.0405518617724194
-9.919597989949821 1.041257408511032
-9.924259048290757 1.0438943996986945
-9.926629526887305 1.0452261306532478
-9.930115931360316 1.0472461301641047
-9.933519136282197 1.049203601033926
-9.935381952022137 1.0502512562813884
-9.935977283903824 1.0505965836369562
-9.937185929648313 1.0512925669067918
-9.941857868574512 1.0539415422163287
-9.944228712088597 1.055276381909529
-9.947705997946455 1.0572957737382005
-9.951097940972366 1.0592512422878295
-9.952942698500063 1.0603015075376696
-9.953558474411585 1.0606487632334476
-9.954773869346806 1.0613502769104182
-9.959429902142931 1.0639963380812034
-9.961787284990535 1.0653266331658102
-9.965268576887606 1.0673532709251505
-9.968594824140467 1.069275477392571
-9.970499817440112 1.0703517587939508
-9.97111229446632 1.0707087629593728
-9.972361809045298 1.0714317460747758
-9.976973847249358 1.0740591592209316
-9.979303372646791 1.0753768844220915
-9.98280233218895 1.0774190034377602
-9.986006629850719 1.0792754046522122
-9.987975831111715 1.080402010050232
-9.98863741054753 1.0807769638205915
-9.98994974874379 1.0815382571956516
-9.994488335011022 1.0841303967448779
-9.996775271616773 1.0854271356783727
-10.000305937244361 1.0874933503063504
-10.003330834618351 1.089250303071104
-10.005447868393984 1.0904522613065133
-10.00613280574306 1.090853656363434
-10.007537688442282 1.0916707702343276
-10.011972646831982 1.0942102559661677
-10.014201405243762 1.095477386934654
-10.017778752554953 1.0975764942448887
-10.020565559739131 1.0991996358766114
-10.022830859664394 1.1005025125627945
-10.023597214625342 1.1009392021386324
-10.025125628140774 1.101830682658437
-10.02942478402777 1.1042993079375076
-10.031579327539887 1.1055276381909351
-10.035218227888226 1.1076691638912326
-10.037704894471625 1.1091217142854637
-10.040211438390564 1.1105527638190758
-10.041028350807219 1.1110342543996605
-10.042713567839266 1.1120201272247705
-10.046842755362544 1.1143981215834229
-10.048906128196288 1.1155778894472164
-10.05262263682604 1.1177718525077074
-10.054745179801593 1.1190154928650244
-10.057489099133896 1.120603015075357
-10.058424543918619 1.121139290395111
-10.060301507537758 1.122240770956802
-10.064224860104897 1.1245071828271724
-10.066179430528827 1.1256281407034976
-10.069990233231765 1.1278850589904934
-10.071682788777865 1.1288799353435284
-10.074770036975991 1.1306532663316382
-10.075784048411847 1.1312548088528969
-10.07788944723625 1.132494392745932
-10.081569305465448 1.1346270038942938
-10.083396745339464 1.1356783919597788
-10.087319175664172 1.138009309465656
-10.088514005236162 1.1387139799597534
-10.091930503212813 1.1407035175879194
-10.093105022206823 1.1413813360816105
-10.095477386934743 1.1427828944651504
-10.098874198714077 1.144758125564822
-10.100555462055326 1.14572864321606
-10.104607519219565 1.1481451596199657
-10.105235018726349 1.148516538013662
-10.109103996036803 1.1507537688442007
-10.110385518401486 1.151519428338986
-10.113065326633235 1.1531083133130302
-10.116137538595723 1.154901119625916
-10.117652839186349 1.1557788944723413
-10.121842084344177 1.158286539532611
-10.121853385167775 1.1582931462334702
-10.12185929648248 1.1582966841110514
-10.12613436889874 1.160804020100482
-10.127623476227187 1.161669674416065
-10.130653266331727 1.1634728355630237
-10.133357205957509 1.1650565915498277
-10.134685994021012 1.1658291457286225
-10.138341298478382 1.168025726341952
-10.139065565664495 1.1684507572616862
-10.143191793955852 1.1708542713567631
-10.144816711155103 1.1718326984639393
-10.14824120603022 1.173878811920245
-10.15053095348908 1.175225183425229
-10.151651891471348 1.1758793969849037
-10.154719428944798 1.177730317817641
-10.156231936712437 1.1786214567038389
-10.157035175879464 1.1791059697312392
-10.16007783304885 1.1809045226130443
-10.161962904047911 1.182009163093273
-10.165829145728711 1.1843287747203464
-10.167656394465682 1.1854075771734793
-10.168547331968824 1.185929648241185
-10.17097227783036 1.1873991145559417
-10.173350103268028 1.188805928858092
-10.177009602059288 1.1909547738693256
-10.179059589237124 1.1921997727807776
-10.183417085427203 1.194825457243529
-10.18473099036897 1.1956044980855332
-10.185368938301755 1.1959798994974662
-10.187095526879563 1.1970308827695693
-10.190433144214929 1.1990004369005423
-10.192211055276449 1.200054017552568
-10.193848691068837 1.2010050251256068
-10.196285575211924 1.202353439386684
-10.201005025125696 1.2050248393920278
-10.202197060241081 1.2056895692922085
-10.202812222147717 1.2060301507537474
-10.204627485292626 1.2070651393728706
-10.208132041016883 1.2090189861272629
-10.211810820013381 1.211055276381888
-10.214075232203877 1.2123460571305484
-10.218592964824188 1.2149021623934333
-10.219990450015404 1.215681120526824
-10.220711941749387 1.2160804020100286
-10.222842237293982 1.2172944798585412
-10.225922882455805 1.2190112654577074
-10.227386934673433 1.2198458796516167
-10.229641754958667 1.2211055276381693
-10.231869731458701 1.2223372913707342
-10.23618090452268 1.224775530974429
-10.237788620599051 1.2256713058159185
-10.238619008834393 1.2261306532663099
-10.241072079012776 1.2275281316920514
-10.243718296412531 1.229002238354493
-10.247612117293016 1.2311557788944505
-10.249668812417946 1.2323272165525152
-10.253768844221172 1.2346451062181387
-10.255591433457294 1.2356601647408416
-10.256533152871624 1.236180904522591
-10.25931691914649 1.2377660687869678
-10.26151834135682 1.2389918881119746
-10.262562814070417 1.2395868376666224
-10.265463526368869 1.2412060301507317
-10.267472475638318 1.2423158325168302
-10.271356783919664 1.2445109602628426
-10.273398655090801 1.2456477640156907
-10.274454018339311 1.2462311557788723
-10.277575113376034 1.2480078213378354
-10.279322324729424 1.248980412604224
-10.283440060302253 1.251256281407013
-10.285279836728906 1.252303391946799
-10.288944723618156 1.2543738924238204
-10.291209399383492 1.2556343568164863
-10.292380267851547 1.2562814070351536
-10.295844356411212 1.2582527306903124
-10.297129644093415 1.2589679839560777
-10.297738693467402 1.2593147029063338
-10.301309103403424 1.2613065326632942
-10.303090449587017 1.2622900223003315
-10.306532663316649 1.264234193620294
-10.309023307812504 1.2656200455783333
-10.310311347294643 1.2663316582914348
-10.314123471102183 1.268500460515873
-10.314939942945303 1.2689547040256741
-10.319288328165964 1.2713567839195754
-10.320903948403712 1.2722758280942692
-10.32412060301514 1.274092167574568
-10.326840005125733 1.2756049375161185
-10.328246675985918 1.276381909547716
-10.332411219334915 1.2787506570676515
-10.332752848453742 1.278940679336256
-10.332914572864386 1.279032702399273
-10.337172642870879 1.2814070351758566
-10.338719950922147 1.2822609185448526
-10.341708542713633 1.2839481307048866
-10.344659099500397 1.2855891445792071
-10.346185646940617 1.2864321608039972
-10.350570004931523 1.288925440084169
-10.35070834313197 1.2890035323520932
-10.355152045277181 1.2914572864321379
-10.356538058575008 1.2922454075284575
-10.359296482412125 1.293802412051627
-10.362480182672158 1.2955727834145545
-10.364127627102857 1.2964824120602785
-10.36839405357587 1.2989082316416347
-10.369016535083148 1.299259569966285
-10.373049338699008 1.301507537688419
-10.374357856590862 1.3022294135512062
-10.376884422110617 1.303655353239349
-10.380302830031953 1.3055559753390353
-10.382071957536427 1.3065326633165597
-10.386219536167065 1.308890613500001
-10.387329319389236 1.3095169196818794
-10.39102625057538 1.3115577889447003
-10.39217891406663 1.3122130597282657
-10.39447236180911 1.313507308477277
-10.398126600687679 1.3155388463218207
-10.400017953571378 1.316582914572841
-10.404046001670277 1.3188727145263623
-10.405645205912256 1.3197751557451687
-10.408933973056236 1.3216080402009815
-10.410000784003332 1.32219647377363
-10.412060301507601 1.3233586446008268
-10.4159510374879 1.3255215269776084
-10.417964904902272 1.3266331658291222
-10.421872982622931 1.3288546682814548
-10.423962646536696 1.330033835837435
-10.426905577918431 1.3316582914572628
-10.427823003302292 1.3321797880012065
-10.429648241206094 1.3332097411568897
-10.433775667004689 1.3355041525715183
-10.435912075634036 1.3366834170854034
-10.439699995103624 1.3388366130285352
-10.442280035784961 1.3402925012507945
-10.444820920911225 1.341708542713544
-10.445645092718905 1.342163139338024
-10.447236180904586 1.343060990535669
-10.451599999472666 1.3454868630365189
-10.453858704271267 1.3467336683416846
-10.457526538655866 1.3488186917551737
-10.460595711389997 1.3505506770518023
-10.462784259081742 1.3517587939698252
-10.463466556771019 1.3521466693504136
-10.464824120603078 1.3529127981520164
-10.469423528681267 1.3554698030041976
-10.471804003646886 1.3567839195979658
-10.475352096163608 1.358801052208812
-10.478907954819077 1.360807872231108
-10.48070415140329 1.3618090452261065
-10.481286883598903 1.3621305242840114
-10.48241206030157 1.362765582679362
-10.487245731817133 1.365453121849801
-10.48974716078587 1.366834170854247
-10.49317613367541 1.3687838469470046
-10.497214991742673 1.3710635798374193
-10.49865612334518 1.3718592964823877
-10.499105544773712 1.3721148551184879
-10.500000000000062 1.3726197763395485
-10.505065378964456 1.3754371709778441
-10.507685876720435 1.3768844221105283
-10.510996629963158 1.3787676534634992
-10.515508904074022 1.3813155375602308
-10.516574072800196 1.381909547738669
-10.516919878408455 1.3821004223929831
-10.517587939698554 1.3824776903047873
-10.522881266130572 1.3854222943862338
-10.525619258952208 1.3869346733668095
-10.528814155255507 1.3887523088358211
-10.53379491472454 1.3915652376599477
-10.534509134484784 1.3919597989949501
-10.534732015161623 1.3920866173479283
-10.535175879397046 1.3923373288025216
-10.540694842472533 1.3954080780300941
-10.543548930676392 1.3969849246230908
-10.546629106742795 1.3987376995810168
-10.552072058986694 1.401812404505847
-10.552426322213176 1.4020100502512314
-10.5525413993998 1.4020735987357282
-10.552763819095539 1.4021992638858523
-10.558505399150828 1.4053947244350038
-10.561473794105998 1.407035175879372
-10.564440765541496 1.4087240310943816
-10.570337972000763 1.412056362423722
-10.570345098499072 1.4120603015075126
-10.570347324049504 1.4120615685773776
-10.57035175879403 1.4120640750060476
-10.57631221887281 1.415382438541716
-10.579392738996482 1.4170854271356532
-10.582248403967027 1.418711511285795
-10.587939698492523 1.4219286771127146
-10.588155564571641 1.4220488767411883
-10.588267109925782 1.4221105527637938
-10.588596709870734 1.4222982703004252
-10.594114575105634 1.4253714279310463
-10.597304641660397 1.4271356783919344
-10.600051284716255 1.428700350813295
-10.605527638191015 1.4317973599528786
-10.60595888445108 1.4320375908029135
-10.60618162787578 1.432160804020075
-10.60683937701114 1.4325355865401104
-10.611911731216034 1.435361903069638
-10.61432160804026 1.4367357447783196
-10.615127446344605 1.4371859296482157
-10.617848659976307 1.4386907633377009
-10.623115577889507 1.4416708217664045
-10.623756386939302 1.4420279669764149
-10.624087208043836 1.4422110552763563
-10.625063383326736 1.4427675711155645
-10.6297029395368 1.4453540775766989
-10.633102751737745 1.447236180904497
-10.635639770459301 1.4486829657984108
-10.640703517588 1.4515496943461539
-10.64154730090094 1.4520202255860832
-10.641982664921319 1.4522613065326375
-10.643266251455128 1.4529935162089602
-10.647487440359017 1.4553481685119154
-10.649497487437245 1.456495368540395
-10.65091189780272 1.4572864321607781
-10.653423844361782 1.458677178710695
-10.658291457286492 1.461434622147288
-10.65933084219508 1.4620145906721795
-10.659866794915997 1.4623115577889187
-10.661445479051649 1.4632127068646774
-10.66526446084845 1.4653443966850714
-10.668858822312092 1.4673366834170594
-10.671200096247002 1.468673626485054
-10.675879396984984 1.471326263571421
-10.677106212522808 1.4720112903201068
-10.67773837489714 1.4723618090452
-10.679598537746722 1.473424420691411
-10.68303321388359 1.4753429869880241
-10.684673366834229 1.4762803921268963
-10.686649065422817 1.4773869346733406
-10.688967725847276 1.4786725377693983
-10.693467336683476 1.4812252923449396
-10.694872598193207 1.4820105570129867
-10.695596160637846 1.4824120603014812
-10.697722872004526 1.4836279275360669
-10.700792896812224 1.4853441687499798
-10.704563256649706 1.4874371859296218
-10.706725916783004 1.4886741458150405
-10.711055276381968 1.4911323989982002
-10.712629168804023 1.4920126280086041
-10.713438885151538 1.4924623115577624
-10.715815897888282 1.493822489130995
-10.718542690122508 1.4953481761171776
-10.719849246231213 1.4960961823094276
-10.722329089259349 1.497487437185903
-10.724473835194072 1.4986786888677281
-10.72864321608046 1.5010482924533344
-10.730375075832463 1.5020177457420436
-10.73126525691856 1.5025125628140437
-10.733875001736264 1.5040073587157021
-10.736281756023814 1.5053552484583692
-10.740206114321749 1.5075376884421843
-10.74221062827855 1.508686410585157
-10.746231155778952 1.5109737017295508
-10.748109519107398 1.512026138833626
-10.749074152264518 1.512562814070325
-10.751898145208923 1.5141819539074595
-10.75400950731019 1.5153655535466832
-10.755025125628197 1.51594812578713
-10.757942429559478 1.5175879396984655
-10.759935985666123 1.518697399644557
-10.763819095477444 1.520908730211259
-10.765832253387163 1.5220378773524006
-10.766864968125287 1.5226130653266061
-10.769883867805305 1.52434585742028
-10.771725313741285 1.5253792714507926
-10.775778817009943 1.5276381909547467
-10.777648577058349 1.5287120361312008
-10.781407035175937 1.5308549323881033
-10.783541444339203 1.5320534853933827
-10.784635094949843 1.5326633165828873
-10.787826686868685 1.534497502780816
-10.789427408310333 1.5353969070297717
-10.790201005025182 1.5358416862111124
-10.793478710610648 1.537688442211028
-10.795347006161581 1.5387307189861277
-10.798994974874429 1.5408132549568068
-10.801236041250084 1.5420732631604102
-10.802382932241999 1.5427135678391686
-10.80572386020314 1.5446361065045142
-10.807114919535227 1.5454187092785103
-10.811267765115948 1.5477386934673092
-10.813030409620415 1.5487536948823113
-10.81658291457292 1.5507844610621326
-10.818915159893981 1.5520974632894324
-10.82010715647318 1.5527638190954498
-10.823572851779906 1.5547609440117318
-10.824786968446986 1.5554449293310002
-10.825376884422166 1.5557850089371845
-10.828924081453946 1.5577889447235904
-10.830697887204165 1.5587812210285188
-10.834170854271413 1.5607693516695926
-10.836577878297367 1.562126349201459
-10.837806392328424 1.562814070351731
-10.841371055248443 1.5648712706308823
-10.842442638403321 1.5654758290850408
-10.846661429175288 1.5678391959798716
-10.848348500089834 1.5688135656598918
-10.851758793969905 1.5707687678952658
-10.854223234945106 1.5721601956150977
-10.85547921067534 1.5728643216080123
-10.85911579369839 1.5749663215304368
-10.860080973254812 1.5755116817261792
-10.86055276381915 1.5757844807462584
-10.864267644399305 1.5778894472361529
-10.865981268948113 1.578851008584805
-10.869346733668397 1.5807835935962382
-10.871850226783684 1.582199289117069
-10.873124126291849 1.5829145728642935
-10.876804319231075 1.5850453115964864
-10.877700975306245 1.5855527723101925
-10.881948600343557 1.587939698492434
-10.883595171818225 1.5888938417920526
-10.88693467336689 1.5908147582457923
-10.889457807006776 1.5922439287948924
-10.890739595337996 1.5929648241205747
-10.894433812338159 1.5951074352552235
-10.895301603057899 1.5955993984084271
-10.895728643216135 1.5958471517668542
-10.899497629609243 1.5979899497487153
-10.901197680423373 1.5989399305035752
-10.904522613065382 1.6007980286012433
-10.907147382886157 1.6022651411423485
-10.908528309876823 1.603015075376856
-10.9127214693285 1.6053576057377468
-10.913130054721153 1.6055809319604908
-10.917660545004809 1.6080402010049966
-10.919166779376578 1.6088812791156526
-10.922110552763874 1.6105133599357337
-10.92517761854971 1.612189022122898
-10.926792658900471 1.6130653266331372
-10.931162326416384 1.6155042312177033
-10.931711077908705 1.615808333817375
-10.935880203656401 1.6180904522612778
-10.93719895316431 1.618804606346436
-10.939698492462366 1.6201891729252642
-10.943217598608811 1.6221101189904346
-10.945072259129903 1.6231155778894184
-10.949210187213037 1.625423076445939
-10.950740664004634 1.626270484044352
-10.954191901927551 1.628140703517559
-10.955240573045867 1.6287252346932712
-10.957286432160858 1.6298575197507565
-10.961267023766455 1.6320285172583864
-10.963366650439864 1.6331658291456996
-10.96726749034287 1.635339223864694
-10.969803287895274 1.6367420736412468
-10.972454705519494 1.6381909547738402
-10.973291336864797 1.6386432504865702
-10.97487437185935 1.6395186507982222
-10.979325585745693 1.6419443050058833
-10.981675357066477 1.6432160804019809
-10.985333921383205 1.6452527633090206
-10.988897935793517 1.6472228129545998
-10.9907802964136 1.6482412060301215
-10.991350934021238 1.6485587424691515
-10.992462311557842 1.6491728214341252
-10.997392930104454 1.6518575835020872
-10.999997560384633 1.653266331658262
-11.003408981007643 1.6551638374436024
-11.008022244132473 1.6577120266795857
-11.009084213253496 1.6582914572864027
-11.009418569291181 1.6584719378478754
-11.010050251256335 1.6588207185020103
-11.015468094515784 1.6617686276975583
-11.01833244405199 1.6633165829145433
-11.021491855773233 1.6650726786807128
-11.027175145131078 1.6682094097358986
-11.027420043061408 1.668341708542684
-11.027494125819365 1.6683828700099586
-11.027638190954827 1.6684623526678282
-11.033551459206898 1.6716773289559477
-11.036432160804072 1.6732793745204635
-11.036592644159912 1.6733668341708245
-11.0395830934842 1.674979130504858
-11.045226130653319 1.6780912515842097
-11.045588782588492 1.678288344960344
-11.045780729551218 1.6783919597989652
-11.046368788238498 1.6787184333947307
-11.05164285621681 1.6815837352661083
-11.05504034533634 1.6834170854271058
-11.057682324215971 1.6848832986087743
-11.062814070351811 1.6877113484943695
-11.063695909800359 1.68819025692709
-11.064162989602167 1.6884422110552464
-11.065595492742899 1.6892369031669858
-11.069741915951685 1.6914879522262796
-11.071608040201056 1.692524243884388
-11.073341088443593 1.693467336683387
-11.07578917278342 1.6947852901882108
-11.080402010050303 1.6973255661106412
-11.081810607866199 1.6980900057927002
-11.082557205812334 1.6984924623115276
-11.084849330806385 1.6997631253846937
-11.087848263998618 1.7013900868115783
-11.091796285644111 1.7035175879396682
-11.09390325929799 1.7046852137827555
-11.097989949748795 1.7069342069313898
-11.099932491406971 1.7079877016654734
-11.100962773128556 1.7085427135678088
-11.104128956288008 1.7102967154361552
-11.10596152163957 1.711290247227156
-11.10678391959804 1.711746324572493
-11.110135679108868 1.7135678391959495
-11.112024199668715 1.714583179132684
-11.115577889447287 1.7165375750377283
-11.118061170940674 1.7178834558259792
-11.119379078379545 1.71859296482409
-11.123432993070113 1.720837280144897
-11.12408130631235 1.721188542776499
-11.128595522370562 1.7236180904522307
-11.13015160605107 1.7244792970507188
-11.13316582914578 1.7261359757985781
-11.1361962533192 1.7277773806022507
-11.137805501004607 1.7286432160803713
-11.142214999137112 1.7310828645681307
-11.142767926688544 1.731386672521161
-11.146971561397864 1.733668341708512
-11.148285087247181 1.734373679307681
-11.150753768844272 1.735729715614288
-11.154337342117232 1.7376695892586635
-11.156241413709377 1.7386934673366525
-11.160363747530269 1.7409728847687944
-11.16213386565353 1.7419449235678695
-11.165433190910017 1.7437185929647931
-11.166424249060729 1.7442664385310893
-11.168341708542764 1.745319101696004
-11.172484037976469 1.7475601958975897
-11.174686183053328 1.7487437185929338
-11.178518027207204 1.7508613246026625
-11.18152006912744 1.75250896447427
-11.183843768316098 1.7537688442210744
-11.184568694609544 1.754157688115849
-11.185929648241256 1.7549044418782422
-11.190635938908134 1.7574493153729644
-11.193139169973497 1.758793969849215
-11.196677431041028 1.7607483003917066
-11.200925044558645 1.7630783687970402
-11.202304325377106 1.7638190954773556
-11.202718024598719 1.764047542146221
-11.203517587939748 1.7644860444623545
-11.208792640556487 1.7673370632149998
-11.21159973024845 1.7688442211054962
-11.214841549580903 1.7706339291218782
-11.220347277490056 1.7736527038341556
-11.220750866949748 1.7738693467336368
-11.220871837556743 1.7739361153283504
-11.22110552763824 1.774064218088765
-11.226953736425832 1.7772235555653229
-11.23006721490626 1.7788944723617774
-11.233009971270004 1.7805183283808432
-11.238693467336732 1.7836331856024916
-11.239040289609871 1.7838205059118781
-11.239224986557774 1.783919597989918
-11.239795909373184 1.7842345814289047
-11.245118818073307 1.7871089091218941
-11.247487437185978 1.788417291010802
-11.248461861820916 1.7889447236180587
-11.251182429190218 1.7904015744309172
-11.256281407035225 1.7931947618004065
-11.257220273598339 1.7937016016567382
-11.257720441701407 1.7939698492461993
-11.259267826404164 1.794823111923039
-11.263288164830831 1.7969930440755952
-11.267021609244814 1.79899497487434
-11.269359030953753 1.8002836365257586
-11.273869346733717 1.802753419306936
-11.275404039616411 1.8035816168217105
-11.276221907685915 1.8040201005024805
-11.278753442831212 1.8054155565303365
-11.281460694544181 1.8068762696133458
-11.282663316582962 1.8075400472443217
-11.285446130570136 1.8090452261306211
-11.287538501691742 1.8101648789136116
-11.291457286432209 1.8123100559368872
-11.29359048861006 1.8134608654222326
-11.29472767120751 1.8140703517587617
-11.298249184265162 1.816010893996748
-11.299635726308988 1.816758780279251
-11.303996212452084 1.8190954773869024
-11.305720374435738 1.820045435014034
-11.309045226130701 1.8218649586384972
-11.311779237178087 1.823339457001504
-11.313237115883727 1.824120603015043
-11.31775357908437 1.8266087038589482
-11.317812884080158 1.8266406835147668
-11.317839195979946 1.8266551978677308
-11.322446396770104 1.8291457286431836
-11.323904267813965 1.8299254137903915
-11.326633165829193 1.831418415965338
-11.329969898523464 1.8332175020729613
-11.331749618896067 1.8341708542713242
-11.336009519282536 1.8365170217699385
-11.337282953864998 1.8372136508529824
-11.340984011245368 1.8391959798994648
-11.342089796938584 1.839804925210637
-11.344221105527685 1.8409707182784008
-11.3481620822214 1.8430951121865444
-11.350264550653481 1.8442211055276054
-11.35420838701607 1.8463927221590648
-11.356818818129073 1.8478204519851449
-11.359457520643433 1.849246231155746
-11.360276573190449 1.849684080308811
-11.361809045226178 1.85052215793558
-11.366355394008378 1.852972399988972
-11.368781274493145 1.8542713567838867
-11.372408261059874 1.8562681350309713
-11.376358786026799 1.858428425584064
-11.377980071625679 1.8592964824120273
-11.378464204020728 1.8595629912417246
-11.37939698492467 1.8600730294728542
-11.3845494355863 1.862849479279702
-11.387299146409083 1.8643216080401679
-11.390608737269089 1.866143375855617
-11.395901279034087 1.8690371206428589
-11.396474460245992 1.8693467336683085
-11.396652292763902 1.869441771342383
-11.396984924623162 1.8696236297811124
-11.402743804436355 1.8727264650641082
-11.405817514799992 1.8743718592964491
-11.40880940717349 1.8760185613387819
-11.414572864321654 1.8791694488061088
-11.414848839673823 1.8793181348239703
-11.41499614368903 1.8793969849245897
-11.415453110930546 1.8796484839557017
-11.420938093637723 1.8826034736052817
-11.4233668341709 1.8839420434982461
-11.424255697391027 1.8844221105527303
-11.427009857795037 1.8858938094741902
-11.432160804020146 1.8887096389954765
-11.433055469035198 1.8891916176051415
-11.433533035699075 1.889447236180871
-11.435014665327756 1.890262625125902
-11.439131891686628 1.8924806224757313
-11.442853095184168 1.8944723618090116
-11.445209671464319 1.8957692395959604
-11.449748743718638 1.8982504974623486
-11.45126131244286 1.8990653249445177
-11.45206873775681 1.8994974874371522
-11.454573804630696 1.900876076269169
-11.457324782311604 1.9023580306101602
-11.458542713567883 1.9030292367707409
-11.461307932271358 1.9045226130652928
-11.463408425631867 1.905644972432511
-11.46733668341713 1.9077923406666244
-11.469465940965176 1.908939379393992
-11.470602555628739 1.9095477386934334
-11.474128838681557 1.9114883544832688
-11.475516344281164 1.912235818360422
-11.479882641829816 1.914572864321574
-11.481605692670573 1.9155211301630173
-11.484924623115623 1.917335488451699
-11.487668920472592 1.9188139049905804
-11.48913375581205 1.9195979899497146
-11.493678053022585 1.922098969923133
-11.493706151200367 1.922114107553642
-11.493718592964868 1.9221209648590856
-11.498351242737318 1.9246231155778553
-11.499800983462817 1.9253978525353688
-11.502512562814115 1.9268803315929945
-11.505869632686844 1.928689078385216
-11.507661384727358 1.9296482412059959
-11.511911847860164 1.9319878568209798
-11.513236863558292 1.9327123271329034
-11.51689996150092 1.9346733668341365
-11.517993546333209 1.9352753543139647
-11.520100502512607 1.936427435480451
-11.524067563101479 1.9385650465797424
-11.52618465972591 1.939698492462277
-11.530115210238181 1.9418622730259676
-11.532786660694832 1.94332310908577
-11.535379008193575 1.9447236180904177
-11.536183436574698 1.9451536197008181
-11.537688442211099 1.9459766761279633
-11.542262694655003 1.9484418144488718
-11.544703469966453 1.9497487437185583
-11.548315575800325 1.9517375454640629
-11.552325820875039 1.9539308519082548
-11.553900061534677 1.954773869346699
-11.5543702321437 1.9550327692798106
-11.555276381909591 1.9555284189458133
-11.560454531073162 1.9583195237852475
-11.563217011901855 1.9597989949748396
-11.566512441859878 1.9616138177600408
-11.571852369564578 1.9645349914476933
-11.572392171414585 1.9648241206029802
-11.57255343999896 1.964912943919873
-11.572864321608083 1.9650830316410977
-11.578642572875664 1.9681983172975261
-11.581724476815983 1.9698492462311208
-11.584705302400929 1.9714912344898767
-11.590452261306575 1.9746358935379709
-11.590741352720535 1.9747917743124157
-11.590895523047203 1.9748743718592614
-11.591373046845545 1.9751374534418247
-11.59682631711674 1.9780783386844982
-11.59924623115582 1.9794134932784662
-11.600145113917696 1.979899497487402
-11.602893647798911 1.9813699412605894
-11.608040201005068 1.9841869331819
-11.608934278602712 1.9846691723733585
-11.609410939202034 1.9849246231155426
-11.610886621949113 1.985737886242413
-11.615005257072015 1.9879597327245557
-11.618717912968128 1.9899497487436832
-11.621076964487871 1.991250084805313
-11.62562814070356 1.9937420786958286
-11.627121947067693 1.994548072553516
-11.627918064126499 1.9949748743718416
-11.630381377071748 1.9963329419056146
-11.633178881874237 1.9978426453797988
-11.634422110552805 1.9985290657060935
-11.637140729231517 2.