-9.355676776446224 0.
-9.356082759549032 0.00020033144258313484
-9.356783919598072 0.0005574919318158678
-9.360700535910956 0.002512562814070307
-9.362487626224077 0.003395495163568185
-9.36557788944732 0.004971564795268613
-9.365685056689516 0.005025125628140614
-9.368865483165141 0.006598375951404556
-9.374371859296565 0.009387499810703304
-9.375216127694047 0.009809031714143046
-9.375701287104775 0.010050251256281229
-9.377395012756256 0.010914009387621881
-9.381589484246899 0.013013198327183062
-9.38316582914581 0.013820965945839703
-9.38566386719982 0.015075376884421843
-9.38796206285772 0.016217587209374607
-9.391959798995057 0.01825199668553612
-9.394307633597114 0.019429692626260042
-9.395650752287402 0.020100502512562457
-9.4003038185643 0.02248450810377456
-9.40062992576493 0.022648449063597198
-9.405579173685384 0.02512562814070307
-9.406997932146231 0.025854144297079884
-9.409547738693549 0.02715739948625462
-9.413339128377112 0.02906749957353938
-9.415498905123592 0.030150753768843686
-9.419653307942907 0.03228857389716744
-9.42296272821045 0.03398360791652966
-9.425335077613028 0.0351758793969843
-9.425977044828498 0.03550691755799651
-9.427135678392041 0.03610154957272371
-9.432314527705605 0.038721333792678614
-9.435253000650327 0.040201005025124914
-9.43862518481247 0.04194341453314365
-9.444723618090533 0.04507935721296441
-9.444908806703873 0.0451732196208825
-9.445013684285145 0.04522613065326553
-9.445370918433829 0.04541107360849317
-9.451237507242686 0.048390145095076775
-9.453517587939778 0.04957545068006919
-9.454844174676278 0.05025125628140614
-9.457545261697852 0.05161305516459791
-9.462311557789025 0.05407311109722013
-9.46382616568255 0.05484363679711102
-9.46468085315462 0.05527638190954676
-9.467574793356027 0.056780163500118164
-9.47011151869603 0.05807294727854373
-9.474505489055156 0.06030150753768737
-9.476416957505716 0.061296518961059476
-9.479899497487517 0.06310024484731613
-9.482695725303968 0.06452771093255638
-9.484268327426367 0.06532663316582799
-9.488947609611401 0.06776658390143009
-9.489570683272628 0.06808982910443184
-9.493980460691532 0.0703517587939686
-9.495243484115909 0.07099288824256877
-9.49748743718601 0.07215889289871402
-9.501520661855333 0.07422453451658839
-9.503781823130318 0.07537688442210921
-9.507771122386993 0.07746381427854043
-9.51139796664496 0.07935132141038093
-9.513456569184054 0.08040201005024983
-9.514027822367904 0.08070131134070646
-9.515075376884502 0.08124730101155375
-9.520303922066143 0.08393326562649328
-9.52314492343653 0.08542713567839044
-9.523869346733747 0.08580409436637293
-9.526553479645033 0.08717280337495037
-9.532663316582994 0.09036187122376305
-9.532776280798581 0.09041998581636346
-9.532839338620807 0.09045226130653106
-9.533049098348025 0.09056248466796823
-9.539048345975178 0.09365309282261869
-9.542607747009455 0.09547738693467167
-9.545297502269909 0.09689274522369384
-9.550251256281486 0.09948546846407513
-9.551520069447145 0.10013999451548106
-9.552226464858784 0.10050251256281229
-9.554566267026685 0.10173537277572642
-9.557756596195029 0.10338325535851212
-9.559045226130731 0.1040645097792785
-9.561869427422172 0.1055276381909529
-9.564005822891165 0.10662288764489958
-9.567839195979978 0.10863433271754808
-9.570228623389275 0.10987007027357976
-9.571555637890297 0.11055276381909351
-9.575933803371692 0.11286550878815405
-9.576431168544111 0.11312304014319619
-9.581197332012064 0.11557788944723413
-9.582680912521656 0.11636252463489516
-9.58542713567847 0.11780693448946256
-9.588904389192498 0.11960951407136644
-9.590831138008761 0.12060301507537474
-9.595101381621031 0.1228640704342121
-9.597189996541118 0.12396383246470233
-9.600387586248814 0.12562814070351536
-9.60132509144745 0.12611099325480435
-9.603015075376963 0.1270018154650323
-9.607549664369353 0.12935766947668714
-9.610056956124627 0.13065326633165597
-9.613747908320352 0.13261186826168547
-9.618327018244967 0.13502810715108549
-9.619584214483867 0.13567839195979658
-9.6199405391604 0.1358676707926696
-9.620603015075455 0.13621758585799526
-9.626166607137947 0.1391139198557969
-9.629236815867737 0.1407035175879372
-9.632366498049702 0.14236764808057867
-9.638190954773947 0.1454470389971405
-9.638539992906832 0.14562891803525346
-9.63873242729189 0.1457286432160778
-9.639359992548396 0.1460626540087775
-9.644757245351078 0.14887768582218097
-9.6483741935275 0.15075376884421843
-9.65095915897749 0.15213083612848965
-9.655778894472439 0.15468364896265108
-9.657134825562169 0.15539148558957905
-9.657881081215987 0.15577889447235904
-9.660308072019097 0.1570729451999755
-9.663323484682904 0.15864842289750936
-9.664572864321684 0.1593164272489087
-9.667412047622005 0.16080402010049966
-9.669527778281578 0.16190089321174295
-9.673366834170931 0.16393768097691375
-9.675705970987083 0.16516082092402495
-9.676991271487864 0.16582914572864027
-9.681160792470406 0.16805599095706114
-9.681867116151139 0.16842561936243605
-9.68653427755978 0.17085427135678088
-9.688074129557632 0.171677312588721
-9.690954773869423 0.17320797361485862
-9.694255185538307 0.17493642222238304
-9.696065991285904 0.1758793969849215
-9.700410063694225 0.1782030112345474
-9.701946044917197 0.17901976014142829
-9.7055323763018 0.1809045226130621
-9.706599879644774 0.18145961801967392
-9.708542713567915 0.18249342315555772
-9.712784119768868 0.18471781789807373
-9.715108038699485 0.18592964824120273
-9.718942323397373 0.18798345677521322
-9.722660701706928 0.18996335913806384
-9.724560716287545 0.19095477386934334
-9.725106594927253 0.19124736196624426
-9.726130653266408 0.19179298143075396
-9.731294324643136 0.19450456481841893
-9.734120029899117 0.19597989949748396
-9.737456156849888 0.1977691669589161
-9.743303116179467 0.2008863174726443
-9.743528418542265 0.20100502512562457
-9.743595747163907 0.20104012392590853
-9.7437185929649 0.20110565374391065
-9.74978726987361 0.2042962430655626
-9.753104474052183 0.20603015075376518
-9.755953048260452 0.207559717726034
-9.761306532663392 0.2104169781504206
-9.762092857851162 0.21083061204254339
-9.762522440498694 0.2110552763819058
-9.76390358573934 0.2117972915464632
-9.7682644044341 0.21409243864698624
-9.770100502512637 0.21508123147855773
-9.771993820597926 0.2160804020100464
-9.774434379593192 0.217354714229673
-9.778894472361884 0.21973760356676308
-9.78057850552436 0.22062437530605106
-9.78149760861308 0.22110552763818703
-9.784448091126078 0.22269227585652818
-9.786726902145165 0.2238928161853897
-9.790999681961177 0.22613065326632764
-9.792901321013293 0.22715382213692337
-9.796482412060376 0.22906887043399937
-9.799050023921888 0.23042217550546518
-9.800450104191912 0.23115577889446826
-9.804938414772682 0.233571779669413
-9.805175957129347 0.23369703450290213
-9.805276381909621 0.23375121537566468
-9.809871949447201 0.23618090452260887
-9.811355069874253 0.2369566993467851
-9.814070351758868 0.2384099606868304
-9.817508598090608 0.2402236740559669
-9.8193819060416 0.24120603015074948
-9.823636319665631 0.24349802209124416
-9.825402944361434 0.2444439137514829
-9.828809865134957 0.2462311557788901
-9.829796749797124 0.24676302482467172
-9.83165829145736 0.24776010087672962
-9.835955339806874 0.25002855330716933
-9.838294863884324 0.2512562814070307
-9.842088253395186 0.25330141791007854
-9.845826326320752 0.2553042913679997
-9.847671732601093 0.2562814070351713
-9.848227414419966 0.2565724975311392
-9.849246231155853 0.2571185605646127
-9.854391291301363 0.25983651547888087
-9.857190705751018 0.26130653266331194
-9.860529620249245 0.263107832836198
-9.8662100015623 0.26615332420801074
-9.866549510620143 0.26633165829145256
-9.866648050945157 0.26638483540836333
-9.866834170854345 0.26648465073649064
-9.87281742878311 0.26964728165423146
-9.876071044883513 0.27135678391959317
-9.878961385485978 0.2729169910815523
-9.884422110552837 0.27584634507089767
-9.885079698526674 0.2761940272694945
-9.885437193329153 0.2763819095477338
-9.886577992406547 0.27699787579165047
-9.891234665774833 0.2794605908267327
-9.894937386184155 0.2814070351758744
-9.897384452065651 0.28272863465749687
-9.902010050251329 0.28521119927326755
-9.903508720442415 0.2860039693208476
-9.904323084907267 0.286432160804015
-9.906919969780983 0.2878349949553449
-9.909643856270964 0.28927619899797374
-9.910804020100574 0.28990421910031383
-9.913731742633683 0.2914572864321556
-9.915799663788237 0.2925425224783229
-9.919597989949821 0.29458194553460704
-9.921930077527238 0.2958161013238918
-9.923196802172168 0.29648241206029624
-9.927233754972079 0.29866405920951244
-9.928045797729125 0.299093878322922
-9.932633589011106 0.30150753768843686
-9.934207808265722 0.30235842951203473
-9.937185929648313 0.3039580352248299
-9.940344547578569 0.3056302010507901
-9.942059630455228 0.30653266331657747
-9.946455792801274 0.30890925661530044
-9.947537107845099 0.30949014280137366
-9.951432139275903 0.3115577889447181
-9.952609619739174 0.31217614597546994
-9.954773869346806 0.31333895432375414
-9.95875285535076 0.3154460614288723
-9.960912764428269 0.3165829145728587
-9.964870718488838 0.3187232261604187
-9.96782937383024 0.32031305871098237
-9.970289406501482 0.3216080402009993
-9.971005781749934 0.32199547657110283
-9.972361809045298 0.322724222002865
-9.977155675209673 0.32526348978217534
-9.979757313011234 0.3266331658291399
-9.98328031628455 0.3285387179603516
-9.988102579880682 0.3311305289249633
-9.989096301444137 0.33165829145728054
-9.989396929673699 0.3318162397630209
-9.98994974874379 0.33211338924395584
-9.995553633651268 0.3350823071118567
-9.998594276110786 0.33668341708542115
-10.001685191414195 0.33835555909344617
-10.007537688442282 0.341501644385251
-10.007791377940956 0.3416360599996544
-10.00792901886665 0.34170854271356177
-10.008366939824624 0.3419454716799457
-10.0139472472352 0.3449023658294399
-10.016331658291527 0.3461949310806922
-10.017345803447798 0.3467336683417024
-10.020085864471842 0.3481736008185399
-10.025125628140774 0.3508831261476466
-10.02619924424889 0.3514520465103814
-10.026781673795066 0.351758793969843
-10.0286344459725 0.352761313350336
-10.032337119224586 0.35472349357403754
-10.036249133927248 0.3567839195979836
-10.038482949815338 0.3579926676048206
-10.042713567839266 0.36026735510760854
-10.044603658965524 0.3612690191900505
-10.045628942905338 0.3618090452261242
-10.048890165889983 0.3635737875263292
-10.050723767623701 0.36454554234442593
-10.051507537688511 0.36497048202248994
-10.055015291682597 0.36683417085426484
-10.05687693665636 0.36781261967752155
-10.060301507537758 0.3696539933365832
-10.063005098816346 0.37108684183138063
-10.064471611942484 0.37185929648240545
-10.069108030666833 0.3743682726450963
-10.069136497999851 0.37438357947157463
-10.073884343742439 0.37688442211054607
-10.075268271260317 0.37763332953224094
-10.07788944723625 0.37904272866565414
-10.081404002346321 0.3809053891358092
-10.083310402390806 0.3819095477386867
-10.087514616865956 0.38418462490119687
-10.089399595368727 0.3851981614908233
-10.092667962103063 0.3869346733668273
-10.093657363411683 0.3874546800877017
-10.095477386934743 0.3884332735101257
-10.099800771849694 0.39072454616212493
-10.102145974863971 0.3919597989949679
-10.105919176037204 0.39400155630811984
-10.109656423491677 0.39601095229694927
-10.111505616987065 0.3969849246231085
-10.112044588255559 0.39727656415958723
-10.113065326633235 0.3978253637370166
-10.118195775199483 0.40054420780374933
-10.120978932296726 0.40201005025124914
-10.124322068790775 0.4038189638343779
-10.129908511408342 0.4068223887584228
-10.130312540874268 0.40703517587938975
-10.13043028804465 0.40709888396141203
-10.130653266331727 0.4072187575741504
-10.136589347583453 0.4103642782927519
-10.139809822953717 0.41206030150753037
-10.142723623256742 0.4136367537285244
-10.14824120603022 0.41660285685796783
-10.148832891910148 0.41691637402712
-10.149153913710974 0.417085427135671
-10.150175420852774 0.41763805994211545
-10.154981793152608 0.420184670728843
-10.157035175879464 0.4212976523336165
-10.158565605514278 0.4221105527638116
-10.161124136723657 0.42345484105096975
-10.165829145728711 0.42598380720693374
-10.16724158195554 0.42673212518428727
-10.168008000307987 0.4271356783919522
-10.170447288339165 0.4284551477092249
-10.173373386587814 0.43000530663177816
-10.177467340530287 0.4321608040200928
-10.179523877196049 0.4332731492289943
-10.183417085427203 0.4353654569558536
-10.185649576737399 0.4365480749881776
-10.186861150928609 0.43718592964823344
-10.190718171264903 0.43927195417329035
-10.19176437458949 0.4398261155157206
-10.192211055276449 0.44006815520677645
-10.196246640722354 0.44221105527637405
-10.197923084875693 0.4430916096335178
-10.201005025125696 0.44474764133942113
-10.204057109960532 0.4463641566659904
-10.205713751619326 0.44723618090451467
-10.210166226324176 0.44964382047594675
-10.21100037208696 0.45009199432201896
-10.215121924392175 0.4522613065326553
-10.216321973571208 0.45291016117636396
-10.218592964824188 0.4541302134523528
-10.222464389105138 0.4561803109376674
-10.224566144489339 0.4572864321607959
-10.228582000958347 0.45945754746489076
-10.231297664396463 0.46091634632430356
-10.233926154640404 0.4623115577889365
-10.234720732040005 0.46272874992684354
-10.23618090452268 0.4635130433669339
-10.240871596761595 0.46599648563453044
-10.243418633803518 0.4673366834170771
-10.24699776282743 0.46927127810100355
-10.251596653183556 0.47174118303447
-10.252776272260776 0.47236180904521774
-10.253119531202993 0.47254732705041214
-10.253768844221172 0.4728960119706995
-10.259278907322274 0.47581263093018666
-10.26218628187737 0.47738693467335835
-10.262562814070417 0.4775886097102795
-10.265413686436219 0.4790849625257714
-10.271356783919664 0.4822760726722999
-10.27152364377636 0.4823643860567284
-10.271614277710125 0.48241206030149897
-10.27190321799726 0.4825681843236689
-10.277686455336486 0.48562870838197636
-10.281124959501172 0.4874371859296396
-10.283829882831725 0.48889856901147777
-10.288944723618156 0.4916443029336568
-10.289948589729747 0.49217549266875427
-10.290493989027091 0.4924623115577802
-10.292233359435432 0.4934019217912873
-10.296094338251317 0.49544469014787484
-10.297738693467402 0.4963346694483519
-10.299912151946986 0.4974874371859208
-10.302246453522274 0.4987120685557418
-10.306532663316649 0.5010124126571309
-10.308373947966652 0.5019864814854893
-10.309374555360261 0.5025125628140614
-10.312566884872037 0.5042366261156008
-10.314502650460502 0.505260549258244
-10.318834305390645 0.507537688442202
-10.320663487412624 0.5085254357572069
-10.32412060301514 0.5103803451310807
-10.326799801894577 0.5117973286762183
-10.328256116560931 0.5125628140703427
-10.332904168320905 0.5150724041577046
-10.332911467567538 0.5150762641120838
-10.332914572864386 0.5150779439542692
-10.337649370653859 0.5175879396984833
-10.339081054736958 0.5183386505489613
-10.341708542713633 0.5197480560877814
-10.345226216369328 0.5216080157107106
-10.3471387811926 0.5226130653266239
-10.351346728461793 0.5248844235981469
-10.353271571111042 0.5259167877258832
-10.35654774870707 0.5276381909547645
-10.357499208014367 0.5281516979255523
-10.359296482412125 0.5291155130556708
-10.363653238645984 0.5314185290875164
-10.366022628119548 0.5326633165829051
-10.369782715759424 0.5346923755403887
-10.373643359424168 0.5367624243006324
-10.37539110053786 0.5376884422110457
-10.3759179829603 0.5379645676825655
-10.376884422110617 0.5384826947385122
-10.382080899286068 0.5412288600747717
-10.38490770801903 0.5427135678391863
-10.388219356657912 0.5445001407395287
-10.394019563661962 0.5476093225681415
-10.39426591202874 0.547738693467327
-10.394337399356084 0.5477772541681913
-10.39447236180911 0.5478495904206531
-10.400509213022954 0.5510390044629405
-10.403794044821092 0.5527638190954676
-10.406656660830969 0.5543077164316479
-10.412060301507601 0.5572035261846455
-10.412779518140814 0.5575834542569762
-10.413170917525099 0.5577889447236082
-10.414422464388272 0.5584638484037994
-10.41893817958733 0.5608489623289694
-10.422681637079755 0.5628140703517488
-10.425094623050974 0.5641151041103543
-10.429648241206094 0.5665547165289446
-10.431226568110601 0.567388245435744
-10.432085726435997 0.5678391959798894
-10.434834150432831 0.5693208843303861
-10.43736778449443 0.5706587378113621
-10.438442211055339 0.5712391029722346
-10.441512512940122 0.57286432160803
-10.443533223972326 0.5739223093029615
-10.447236180904586 0.5759056339480715
-10.44967425563025 0.5771928544574099
-10.451001768691343 0.5778894472361706
-10.455250235579616 0.5801791771433225
-10.45579799979453 0.5804683388957557
-10.460460463075634 0.5829145728643113
-10.461972430878154 0.5837293413571469
-10.464824120603078 0.5852563064784686
-10.468122543201677 0.5869972920357096
-10.469918983770716 0.5879396984924519
-10.47424811134347 0.5902722553376227
-10.475690043881507 0.5910442480005749
-10.479320277222099 0.5929648241205925
-10.480412198391798 0.5935362132376696
-10.48241206030157 0.5946067703146447
-10.486571380756338 0.5968015724759423
-10.488837289648018 0.5979899497487331
-10.492706106893213 0.6000739192078326
-10.496141312428362 0.6019125932135312
-10.498243715004454 0.6030150753768737
-10.498852469154315 0.6033429413328015
-10.500000000000062 0.6039570693473859
-10.505020727117214 0.6066057075429709
-10.50775662881583 0.6080402010050143
-10.511164617814483 0.6098754358290348
-10.516596570809554 0.6127820783791549
-10.51713224416973 0.6130653266331549
-10.517293237023177 0.6131495273975487
-10.517587939698554 0.6133072026409732
-10.52347052547359 0.6164097134684283
-10.526676874759277 0.6180904522612956
-10.529623526567784 0.619676838783942
-10.535175879397046 0.6226471490972196
-10.535752014068219 0.6229509679833871
-10.536066079213622 0.6231155778894362
-10.53707303318651 0.6236576218292837
-10.541920627984007 0.626213632492731
-10.543969849246292 0.6273189494897311
-10.545524516873714 0.6281407035175768
-10.548082716056078 0.6294781615288514
-10.552763819095539 0.6319817603310476
-10.554220374680263 0.6327496704072253
-10.555014570963602 0.6331658291457174
-10.557561886747106 0.6345367056175935
-10.560370948003373 0.6360174893716204
-10.56451927685838 0.638190954773858
-10.566542094831261 0.6392794301917917
-10.57035175879403 0.64131646316787
-10.572688894617233 0.6425483273096555
-10.573963532271847 0.6432160804019986
-10.578053329490169 0.6454165291723237
-10.578821388014891 0.645821311967036
-10.579145728643276 0.6459961725476271
-10.583395113824201 0.6482412060301392
-10.585001560692751 0.6490806739729313
-10.587939698492523 0.6506513330905728
-10.591157466986074 0.6523469692315507
-10.592912786214876 0.6532663316582799
-10.597288879459681 0.6556202627243755
-10.598564046516922 0.6563018596652501
-10.602363162299564 0.6582914572864205
-10.603461001373613 0.6588819249485347
-10.605527638191015 0.6599864518352474
-10.609625974937206 0.6621456295585064
-10.611862138611574 0.6633165829145611
-10.61576653388238 0.6654163097737396
-10.619086700014964 0.6671906005785466
-10.621266476417556 0.6683417085427017
-10.621920295183168 0.6686832178873701
-10.623115577889507 0.6693219069638348
-10.62809429229946 0.6719443443394271
-10.63081137908976 0.6733668341708423
-10.634243952208417 0.6752124242792945
-10.639610387489931 0.6780796369138207
-10.640207012712533 0.6783919597989829
-10.640379311607983 0.6784845900789875
-10.640703517588 0.6786577914648353
-10.646562284173669 0.6817431521169324
-10.64976028208409 0.6834170854271235
-10.652720995139251 0.6850086460406208
-10.658291457286492 0.687984278026196
-10.658855215663195 0.688281137233349
-10.659162971279995 0.6884422110552642
-10.660151893795968 0.688973764343686
-10.665029807486738 0.6915420937690486
-10.66870860776846 0.6934673366834048
-10.671197515288501 0.6948050171681137
-10.675879396984984 0.6973055223032469
-10.677340806675506 0.6980749166856821
-10.678138733354945 0.6984924623115454
-10.680703456669042 0.699870765078419
-10.68349671150798 0.7013412123616867
-10.684673366834229 0.7019748716998508
-10.687596667502165 0.703517587939686
-10.689673357691303 0.7046015819374496
-10.693467336683476 0.7066275251118199
-10.695825659629325 0.7078689070118696
-10.69711351396206 0.7085427135678266
-10.701254049690343 0.7107674887126452
-10.701962838329397 0.7111405530114183
-10.706602501758928 0.7135678391959672
-10.708148360277827 0.7143983866542936
-10.711055276381968 0.7159504016200913
-10.714309608274297 0.7176631557120139
-10.716087035699077 0.7185929648241078
-10.720446351838964 0.7209349260359641
-10.721821336965911 0.7216689821338056
-10.725515864868921 0.7236180904522485
-10.726622354312521 0.7241954795288024
-10.72864321608046 0.7252742709075068
-10.732792479758604 0.727457712172348
-10.735059009467394 0.7286432160803891
-10.738938169336976 0.7307269264923821
-10.742395573848878 0.7325724611570799
-10.744490888824016 0.7336683417085297
-10.745095164800594 0.7339929105594889
-10.746231155778952 0.7345992557053371
-10.751274075064028 0.7372526332552196
-10.754029075183912 0.7386934673366703
-10.757428606480822 0.7405193213357055
-10.762966174328653 0.743474901208014
-10.763428203542544 0.7437185929648109
-10.763566526451648 0.7437907555436096
-10.763819095477444 0.7439255525303903
-10.76975415385724 0.7470479876272957
-10.77299690655457 0.7487437185929515
-10.775917479886212 0.7503121629614444
-10.781407035175937 0.7532418025830099
-10.782056272056094 0.7535833479696183
-10.782411015137974 0.7537688442210921
-10.783552524850704 0.7543818412710257
-10.788232629687108 0.7568437999888973
-10.790201005025182 0.7579030723811524
-10.791890366064969 0.7587939698492328
-10.794404676853993 0.7601054835693573
-10.798994974874429 0.7625549930240263
-10.800552252238454 0.7633741590876522
-10.801403221158674 0.7638190954773734
-10.804141858994042 0.7652896337972628
-10.806709309869538 0.7666401253926258
-10.810924929505948 0.768844221105514
-10.81288998909856 0.7698993426696177
-10.81658291457292 0.771869849919474
-10.819046256677291 0.7731655347038346
-10.8203924320332 0.7738693467336546
-10.82472519680969 0.7761957130870174
-10.82518398622314 0.7764370233188753
-10.825376884422166 0.7765408163234033
-10.829840609040712 0.7788944723617952
-10.831373204922025 0.7796938007473342
-10.834170854271413 0.7811865206985935
-10.83753807011764 0.7829575363195849
-10.83937828693174 0.7839195979899358
-10.843678347173366 0.7862282970746612
-10.845323485996609 0.7871060641971344
-10.848840504171942 0.7889447236180764
-10.849854109280756 0.7894889192435475
-10.851758793969905 0.7905051545315187
-10.856027473935496 0.7927502263989048
-10.8583604187853 0.793969849246217
-10.862176306579599 0.7960185427001587
-10.865919813057895 0.7980158546999281
-10.867776833482186 0.7989949748743577
-10.868332483845288 0.7992847605381037
-10.869346733668397 0.7998259023065009
-10.874514246196597 0.8025436683515847
-10.877338454407926 0.8040201005024983
-10.880671530567374 0.8058095698737882
-10.886507035214802 0.808923043801471
-10.88674075224583 0.8090452261306389
-10.886808107052888 0.8090813879346399
-10.88693467336689 0.8091489166127754
-10.892998161707421 0.8123379265186275
-10.896312014606755 0.8140703517587795
-10.899163790268602 0.8156014439864308
-10.904522613065382 0.8184606462895267
-10.905304755612896 0.8188720080876308
-10.905732211240702 0.8190954773869201
-10.907108086648442 0.8198341841249377
-10.911478992057694 0.8221330661601147
-10.91528071427864 0.8241206030150607
-10.917652853569468 0.8253942313563201
-10.922110552763874 0.8277727379584636
-10.923802101468782 0.8286624290132281
-10.9247265259883 0.8291457286432014
-10.927701789401205 0.8307432248252962
-10.929956505653635 0.8319291534456958
-10.930904522613119 0.8324392704032535
-10.934188377179039 0.834170854271342
-10.936138485141253 0.8351879992202313
-10.939698492462366 0.8370876435824268
-10.942295898352976 0.8384538639307371
-10.943715279990363 0.8391959798994826
-10.948283046023196 0.8416487094882905
-10.948430467741394 0.8417262554479015
-10.953201962554513 0.8442211055276232
-10.954620446460972 0.8449828157275903
-10.957286432160858 0.8464055277205924
-10.960785903925064 0.8482463820802764
-10.962698065576745 0.8492462311557638
-10.966926600146921 0.8515170230736002
-10.968876625813694 0.852557715056574
-10.972125886055474 0.8542713567839044
-10.973098495821128 0.8547787499376822
-10.97487437185935 0.8557265567067951
-10.979271872621316 0.8580400536229122
-10.981674469256754 0.859296482412045
-10.985420530622546 0.8613084198221301
-10.989457306990987 0.8634630353067987
-10.99109900292562 0.8643216080401857
-10.991572388328054 0.8645758718201249
-10.992462311557842 0.8650508986776195
-10.997753556609627 0.8678349493678166
-11.000644079612893 0.8693467336683263
-11.003910048467908 0.8711010773221624
-11.010022007683505 0.8743637897042298
-11.010037304454327 0.8743718592964669
-11.010041885116093 0.8743742496222504
-11.010050251256335 0.87437871604204
-11.016230713500883 0.8776311385690221
-11.019606468172828 0.8793969849246075
-11.022394898923025 0.8808950683622658
-11.027638190954827 0.8836945500219837
-11.028534198267161 0.8841661084635097
-11.029023552363874 0.8844221105527481
-11.030596836459361 0.885267437839758
-11.034703066210952 0.887428700393424
-11.036432160804072 0.8883597680661754
-11.038493018368593 0.8894472361808887
-11.040874803750272 0.8906904724389024
-11.045226130653319 0.8930141801427576
-11.047021690255864 0.8939593447797307
-11.048002144480748 0.8944723618090293
-11.051153306441496 0.8961658406056507
-11.053170357533736 0.8972277083284794
-11.057507793069135 0.89949748743717
-11.059349505228942 0.9004873631865609
-11.062814070351811 0.9023379352417367
-11.065503834201069 0.9037541091083794
-11.066972241355396 0.9045226130653106
-11.071633097985366 0.9070280165124354
-11.07169072010189 0.9070587987081904
-11.076405395316067 0.9095477386934512
-11.077818741273852 0.9102858154867226
-11.080402010050303 0.9116659961496065
-11.083980363532067 0.9135504776125165
-11.085933394564453 0.9145728643215918
-11.0901169496679 0.9168222929161329
-11.092233579115618 0.9179533126259676
-11.095374934924244 0.9195979899497324
-11.09628224546348 0.9200859054598229
-11.097989949748795 0.9209985464817905
-11.102451007297844 0.9233485277067164
-11.104885148209409 0.924623115577873
-11.108594759181209 0.9266182956538955
-11.112753927675135 0.9288413949853984
-11.114294575055558 0.9296482412060136
-11.11473974704117 0.9298877104649037
-11.115577889447287 0.9303357726813539
-11.120915490159305 0.9331483380592918
-11.123827038953683 0.9346733668341543
-11.12706624653998 0.9364161047215251
-11.13316582914578 0.9396774131024825
-11.13319176553239 0.9396910820661208
-11.13320591102218 0.9396984924622949
-11.133251284796582 0.9397229083625245
-11.139373532354947 0.942949988602102
-11.141959798995025 0.9443446959156656
-11.142676823923246 0.9447236180904355
-11.145531127271065 0.9462158013970656
-11.150753768844272 0.949009207452935
-11.15166350437184 0.949488819282128
-11.152159497180627 0.9497487437185761
-11.15374957868118 0.9506046893862639
-11.157824849640352 0.952753560547837
-11.161679341128625 0.9547738693467167
-11.163989112343609 0.956017468260761
-11.168341708542764 0.9583464032118449
-11.170128173657574 0.9592885763706258
-11.171101803322127 0.9597989949748573
-11.174221229689305 0.9614788581595839
-11.176269153201718 0.9625591364147255
-11.177135678392009 0.9630267844354252
-11.18053416384308 0.9648241206029979
-11.182439908073043 0.9658211892224875
-11.185929648241256 0.9676892051270096
-11.188585474758073 0.9690904386549049
-11.190032329715235 0.9698492462311386
-11.194664902410656 0.9723450331366816
-11.194706149543588 0.9723668000586132
-11.199486444386668 0.9748743718592792
-11.200883215999045 0.975627049556623
-11.203517587939748 0.9770378213691391
-11.20703510416803 0.9788944928507677
-11.208950568687628 0.9798994974874198
-11.213161557826133 0.9821692031480218
-11.21510491634742 0.9832101627467544
-11.218343847974499 0.9849246231155604
-11.21931873273741 0.9854351359443685
-11.22110552763824 0.9863924636950268
-11.225476753350012 0.9887008271117663
-11.22785600443199 0.989949748743701
-11.231609345109412 0.9919737836657925
-11.235514462800005 0.9940665873613481
-11.237244368371238 0.9949748743718416
-11.237746149805739 0.9952455365235542
-11.238693467336732 0.9957533476315419
-11.243910108549612 0.9985095310820169
-11.246748114195121 0.9999999999999822
-11.250048641154155 1.0017807902517166
-11.255891602973248 1.004913753038987
-11.256101794228897 1.0050251256281229
-11.256165155807304 1.0050583402646716
-11.256281407035225 1.005120690687649
-11.262334855503052 1.0083206945511698
-11.265626370479657 1.0100502512562635
-11.268479127302207 1.0115903139509808
-11.273869346733717 1.0144821355523055
-11.274597709239623 1.014867273311288
-11.27499364111845 1.015075376884404
-11.276256844433217 1.0157575190842616
-11.280750668232667 1.0181344106557013
-11.282663316582962 1.0191694572751544
-11.284418974527627 1.0201005025125447
-11.286900468191842 1.0214024505812205
-11.291457286432209 1.0238486119898775
-11.29302457182657 1.0246778323137251
-11.29387604184431 1.0251256281406853
-11.296590080422554 1.0265921407093552
-11.299157212255178 1.0279507749622638
-11.303339137135643 1.030150753768826
-11.30531232519012 1.031217296894706
-11.309045226130701 1.033222433748601
-11.311441731467587 1.034491163586428
-11.312742897477323 1.0351758793969665
-11.31688622446418 1.0374161646351032
-11.317554149481422 1.0377698840677585
-11.317839195979946 1.0379243328914454
-11.322126906698 1.0402010050251072
-11.32371435434806 1.0410349511625743
-11.326633165829193 1.0426038464064176
-11.32984883823604 1.0443073671084342
-11.331593629209886 1.0452261306532478
-11.335957332779694 1.0475872085812457
-11.33715966663547 1.0482337023121842
-11.340989830918566 1.0502512562813884
-11.342106205304196 1.0508555134880995
-11.344221105527685 1.0519931008074073
-11.348245535586837 1.0541265447497707
-11.350427648130152 1.055276381909529
-11.354358856785634 1.0574050071782555
-11.357401447562967 1.05904219391961
-11.359769818599986 1.0603015075376696
-11.360487520860477 1.0606790859278696
-11.361809045226178 1.0613904534562826
-11.36663145992021 1.063948800396087
-11.369244354609382 1.0653266331658102
-11.372749365837263 1.0672259529050692
-11.377601206982126 1.069838679381796
-11.378573833067684 1.0703517587939508
-11.37885793653299 1.0705057726201446
-11.37939698492467 1.070796166938166
-11.385006240119392 1.0737742400807422
-11.388043137653957 1.0753768844220915
-11.391128482046796 1.0770501537296244
-11.396984924623162 1.0802064058490464
-11.39722438661336 1.0803335923387474
-11.397353981783358 1.080402010050232
-11.397764523555342 1.080624752602283
-11.403369497060078 1.083602972124968
-11.406823374219256 1.0854271356783727
-11.409495819267 1.086877719979702
-11.414572864321654 1.089616249611602
-11.415595769401854 1.090160002712171
-11.41614890139797 1.0904522613065133
-11.417898848142666 1.0914025423982316
-11.421720843089346 1.0934351072867416
-11.4233668341709 1.0943307574010026
-11.425517168797565 1.095477386934654
-11.427850982554588 1.0967087644962419
-11.432160804020146 1.0990355322712917
-11.43395471039111 1.0999899678853762
-11.434923916749304 1.1005025125627945
-11.43798596432203 1.102166844077618
-11.4400598814717 1.103270758919063
-11.444325651070852 1.1055276381909351
-11.446193567599595 1.106543402796376
-11.449748743718638 1.1084645535205615
-11.45230079753308 1.109823605586378
-11.453678357961774 1.1105527638190758
-11.45802423471838 1.1129171898190027
-11.45838620579967 1.1131100431383505
-11.458542713567883 1.1131953636273302
-11.463002499342345 1.1155778894472164
-11.464523160118132 1.1163817532469302
-11.46733668341713 1.11790362186533
-11.470633608495397 1.119661036481566
-11.472411540059475 1.120603015075357
-11.476717264911626 1.122947974562213
-11.478029368154617 1.1236580678574963
-11.48174593102209 1.1256281407034976
-11.48283933520575 1.1262239372491756
-11.484924623115623 1.127353055258867
-11.48895270999502 1.1295023843660958
-11.491122780608144 1.1306532663316382
-11.49503924087489 1.132788501171416
-11.497986663511638 1.1343852778733572
-11.500402290087893 1.1356783919597788
-11.50114168580862 1.1360700711042062
-11.502512562814115 1.1368131530469245
-11.507257751939633 1.139347749266343
-11.509811490604122 1.1407035175879194
-11.513346916774045 1.1426331135132228
-11.517890159947019 1.1450971167687491
-11.519079065106933 1.14572864321606
-11.51942991054464 1.1459202409211935
-11.520100502512607 1.14628413998284
-11.52554828744964 1.1491972588621913
-11.528392979397417 1.1507537688442007
-11.528894472361852 1.1510253151747198
-11.531639679998143 1.152481986619331
-11.537688442211099 1.155766296013347
-11.537703792008442 1.1557745088159574
-11.537712039084576 1.1557788944723413
-11.537737865975526 1.155793015547892
-11.543823681393482 1.1590510946198016
-11.547118089345282 1.160804020100482
-11.549916978751732 1.1623352781455845
-11.555276381909591 1.1652488013802316
-11.555982918803128 1.165627278044755
-11.556362078543149 1.1658291457286225
-11.557547280402057 1.166477973869327
-11.562083457736696 1.1689093925490184
-11.564070351758836 1.169999154899573
-11.565661318748402 1.1708542713567631
-11.568178326610182 1.1721931270704493
-11.572864321608083 1.1747437799440528
-11.57424575493289 1.1754847017492445
-11.574986186536737 1.1758793969849037
-11.577296228389837 1.177145656065405
-11.580327124574074 1.1787722931941902
-11.584324572037085 1.1809045226130443
-11.586423220836563 1.1820556770330475
-11.590452261306575 1.1842516266396315
-11.592491786584445 1.1853469267332226
-11.59358355031397 1.185929648241185
-11.596982887472471 1.1877955414314405
-11.598554173229868 1.1886399418912417
-11.59924623115582 1.1890205101695273
-11.602835605845327 1.1909547738693256
-11.60465114144897 1.1919230765996396
-11.608040201005068 1.193772752550112
-11.6107204822105 1.1952141048673433
-11.612153331870658 1.1959798994974662
-11.616605400070574 1.198427099230468
-11.616764273787279 1.1985124329021186
-11.62146134522049 1.2010050251256068
-11.622905129655072 1.2017830282823176
-11.62562814070356 1.2032411443371194
-11.629056399061838 1.2050506483656678
-11.630923448115743 1.2060301507537474
-11.635182721368885 1.2083253961917952
-11.63692276530885 1.2092571863552593
-11.640320718548784 1.211055276381888
-11.641343063396906 1.2115904240976443
-11.643216080402052 1.2125934599900834
-11.647502051005343 1.214855838980517
-11.649836046012856 1.2160804020100286
-11.653636132913707 1.2181283697776966
-11.657355427041406 1.220120215335558
-11.6592333311547 1.2211055276381693
-11.659777511876676 1.2213988157021314
-11.660804020100544 1.2219485842295192
-11.665944093185782 1.2246620609562413
-11.66874293416419 1.2261306532663099
-11.672085807625326 1.2279324110302268
-11.677774776060266 1.230979440683373
-11.678110822082632 1.2311557788944505
-11.678208217322695 1.2312082767448338
-11.678391959799036 1.2313066961251726
-11.684382263320147 1.2344693892308447
-11.687643672570852 1.236180904522591
-11.690531478654759 1.2377375961919546
-11.695979899497528 1.240656185055812
-11.696655617684103 1.2410129678117103
-11.69702348536026 1.2412060301507317
-11.698200225526229 1.241840409016075
-11.702816294576497 1.2442779000420243
-11.704773869346774 1.2453354107545689
-11.706465913979326 1.2462311557788723
-11.708972874571277 1.2475440028145135
-11.71356783919602 1.250005815344358
-11.715104411408806 1.250817260774788
-11.71594080376092 1.251256281407013
-11.718615552901884 1.2526984853229743
-11.721245915614926 1.2540876709154665
-11.725424900640652 1.2562814070351536
-11.72740971939624 1.2573517097489457
-11.731155778894513 1.2593590903951384
-11.733548510382544 1.2606228950952847
-11.734850689362935 1.2613065326632942
-11.739013719474197 1.2635516585432045
-11.739670850606174 1.2638987806595319
-11.739949748743758 1.2640495024810425
-11.744259068303833 1.2663316582914348
-11.745841732614268 1.2671607971425018
-11.748743718593005 1.268716206371698
-11.751987582550834 1.27042996564591
-11.75375255434261 1.2713567839195754
-11.75810815467768 1.273706356380666
-11.759410294204212 1.274404376951349
-11.763175740309654 1.276381909547716
-11.764268408705103 1.2769714094295432
-11.766331658291497 1.2780775674853286
-11.770421178713791 1.2802386007694864
-11.772645754648734 1.2814070351758566
-11.776548745430828 1.2835129930499027
-11.779795381263998 1.2852538131679996
-11.782019296650814 1.2864321608039972
-11.782689699175668 1.2867835604652322
-11.78391959798999 1.2874431152678802
-11.788849291755463 1.290048802499145
-11.79153019327595 1.2914572864321379
-11.794983700831754 1.2933212398197744
-11.800159539611355 1.2960972697525284
-11.800892511336302 1.2964824120602785
-11.801105371736172 1.2965973166180813
-11.801507537688481 1.2968130495833279
-11.807271618630018 1.2998606574194085
-11.810301507537726 1.3014996031152277
-11.810316476119173 1.301507537688419
-11.813412698780999 1.3031311887186972
-11.819095477386973 1.3061800731932882
-11.819528358016315 1.3064089831367474
-11.819763664662888 1.3065326633165597
-11.820514473982634 1.3069380909153203
-11.82568783888758 1.3096742570873845
-11.829270735217532 1.3115577889447003
-11.831835414228896 1.3129429326180064
-11.836683417085466 1.315544852717962
-11.837957581580485 1.316218867574264
-11.838649960717099 1.316582914572841
-11.840857961795574 1.3177756416328723
-11.844097629009417 1.3194896939369958
-11.84547738693471 1.3202365565891272
-11.84806290368172 1.3216080402009815
-11.850251518935066 1.322756565300665
-11.854271356783958 1.3249148304965042
-11.856380010556762 1.3260306933226067
-11.8575254240769 1.3266331658291222
-11.861175949874815 1.328605906712224
-11.862500662158073 1.3293070613503728
-11.866969902614517 1.3316582914572628
-11.868660681211004 1.332572181534819
-11.87185929648245 1.3342902406226047
-11.874795308317887 1.3358445565609927
-11.876389495100439 1.3366834170854034
-11.880904284105332 1.339124260535577
-11.881474550779135 1.3394306325987424
-11.885765325236251 1.341708542713544
-11.887062565645108 1.3423898771523533
-11.889447236180942 1.3436713200123336
-11.893203134372216 1.3456605545727491
-11.895241607988313 1.3467336683416846
-11.899318053803793 1.3489385603632966
-11.901762021429178 1.3502521784126094
-11.904623305275132 1.3517587939698252
-11.905456832809431 1.3522097491326832
-11.907035175879434 1.353058308675041
-11.911603144061806 1.3554787858315738
-11.91408119036037 1.3567839195979658
-11.917723804467034 1.358755151343935
-11.922019238271716 1.3610650802814748
-11.923431446023121 1.3618090452261065
-11.923843138947296 1.3620318956920006
-11.924623115577926 1.3624514500013092
-11.929994988240868 1.365299350093407
-11.932907662804032 1.366834170854247
-11.936121181457565 1.3685741348024907
-11.942211055276418 1.3718508115973789
-11.94222145333453 1.3718563256086416
-11.942227089745934 1.3718592964823877
-11.942244992978406 1.37186899296867
-11.948378312933603 1.3751223484941901
-11.951005025125664 1.3765478865225287
-11.951637813751532 1.3768844221105283
-11.954509825134295 1.378395613493561
-11.95979899497491 1.3812431067481112
-11.96061540585008 1.3816762874886201
-11.961057704557485 1.381909547738669
-11.962461335157487 1.3826702163622615
-11.966752758970367 1.3849478836538225
-11.970518922175152 1.3869346733668095
-11.972889370478066 1.3882196917083345
-11.977386934673403 1.3906424995957902
-11.979000036388554 1.3914989127906212
-11.979873428045671 1.3919597989949501
-11.982642469838487 1.3934613804706881
-11.985117961600949 1.3947760597866488
-11.986180904522648 1.395353630548966
-11.989244496297887 1.3969849246230908
-11.991259446693661 1.3980464753883002
-11.994974874371895 1.4000492578022463
-11.99737499984473 1.4013243001161362
-11.998673756395009 1.4020100502512314
-12.002787162179144 1.4042421324818735
-12.003473662393576 1.4046069507303205
-12.008071001804947 1.407035175879372
-12.009619957165674 1.4078759921378614
-12.012562814070387 1.4094633536437273
-12.015740260965796 1.411152459537396
-12.017458441485287 1.4120603015075126
-12.021834294423792 1.4144364327489658
-12.02290905717199 1.4150163709651133
-12.02678955496013 1.4170854271356532
-12.027970383929853 1.417708389946803
-12.03015075376888 1.4188853470963663
-12.03409501840936 1.4209836200093706
-12.036226306612237 1.4221105527637938
-12.040193355563549 1.4242663635934578
-12.042999167170214 1.425781528021318
-12.045559223863867 1.4271356783919344
-12.046310051620038 1.4275438617768872
-12.047738693467371 1.4283156445957115
-12.052438773633778 1.4308179239725298
-12.054976530415354 1.432160804020075
-12.058541166719634 1.4340995087189974
-12.063046780627609 1.4365345432087144
-12.064266549009178 1.4371859296482157
-12.064638583748359 1.4373825151960746
-12.065326633165864 1.4377545217699224
-12.070771142550312 1.4406554811665142
-12.07370848462197 1.4422110552763563
-12.076877336052275 1.4439359800798082
-12.082914572864356 1.4472015389749382
-12.082956882905455 1.447224092321326
-12.082979699801848 1.447236180904497
-12.083051580973336 1.4472753260784907
-12.089091730708388 1.450496404291485
-12.0917085427136 1.4519242546588806
-12.092338888956865 1.4522613065326375
-12.095201461105008 1.4537758926634483
-12.100502512562848 1.4566458029871248
-12.101284501830856 1.4570630066556332
-12.10170584684716 1.4572864321607781
-12.10303140523175 1.4580089729233219
-12.107400132810557 1.4603408091467163
-12.111114992134778 1.4623115577889187
-12.113513128300903 1.4636193646347575
-12.11809045226134 1.4660997796738773
-12.119599385904039 1.4669055595191454
-12.120411678028038 1.4673366834170594
-12.122963480063902 1.4687289770749343
-12.125695932185186 1.4701888147812436
-12.126884422110585 1.4708385135779478
-12.129727971109821 1.4723618090452
-12.131811912395243 1.4734665174922252
-12.135678391959832 1.4755637897683327
-12.137901101128785 1.4767518749107822
-12.139096492973957 1.4773869346733406
-12.142846130689893 1.479434860024786
-12.143978700214014 1.48004054365743
-12.148440477486202 1.4824120603014812
-12.150097375881705 1.4833174762376586
-12.153266331658324 1.4850381648108515
-12.156189200922785 1.4866020804254898
-12.157759572786262 1.4874371859296218
-12.162253883003133 1.48989443974496
-12.162683369304252 1.4901277681141734
-12.167032396119025 1.4924623115577624
-12.168369068348927 1.4931723695600168
-12.170854271356816 1.4945232478203216
-12.174463225450717 1.496456307444789
-12.176400179158346 1.497487437185903
-12.180530172474512 1.4997480196375594
-12.182482310763097 1.5008097341591258
-12.185679304021972 1.5025125628140437
-12.186626525784096 1.50303133003439
-12.188442211055309 1.5040193940217215
-12.192722700902783 1.5063146913429062
-12.195017553423645 1.5075376884421843
-12.198791592736633 1.5096058478756609
-12.20222611216117 1.5114759459010019
-12.2042463146248 1.512562814070325
-12.204869269819982 1.5128944943371305
-12.2060301507538 1.513526971634473
-12.210967138714986 1.5161773717095555
-12.213610915527047 1.5175879396984655
-12.217037644802659 1.5194680670269332
-12.221912959539074 1.5221258850656865
-12.222825522496796 1.5226130653266061
-12.223096806921529 1.5227620034782525
-12.223618090452293 1.5230463627265403
-12.22919603472713 1.5260444925905077
-12.232179462915068 1.5276381909547467
-12.235267813648322 1.5293348242411646
-12.241206030150785 1.532576178652028
-12.241311838008215 1.532633085766479
-12.241368389904633 1.5326633165828873
-12.241544106573421 1.5327599098464981
-12.247408868274187 1.5359162027471989
-12.250722042541621 1.537688442211028
-12.253481409894924 1.5392063164837007
-12.258793969849277 1.542110189311508
-12.259525977937603 1.5425044226710751
-12.259916738771665 1.5427135678391686
-12.261128187990241 1.5433804873080152
-12.26560443245353 1.5457928470089506
-12.267587939698522 1.5468867048655595
-12.26916448066798 1.5477386934673092
-12.271677460759236 1.549082821692604
-12.27638190954777 1.5516577928469637
-12.277722549169965 1.5523807792033937
-12.278437262994329 1.5527638190954498
-12.280648497722215 1.5539828442881483
-12.283782917582188 1.555674370999471
-12.28772577113414 1.5577889447235904
-12.28985618517868 1.5589642773143284
-12.293969849246261 1.5612190845167815
-12.295901401303187 1.5622621983354668
-12.296929714178725 1.562814070351731
-12.300104378422896 1.5645667929736264
-12.30194385621581 1.5655609082742856
-12.302763819095507 1.56601437470652
-12.306131003502395 1.5678391959798716
-12.308016965520828 1.5688508598152788
-12.311557788944754 1.570794562069362
-12.314061903980456 1.5721488601692402
-12.315393108537341 1.5728643216080123
-12.319493710560973 1.5751317277840746
-12.320086624479742 1.5754526370832993
-12.324617198596956 1.5778894472361529
-12.326159164840705 1.5787427511797363
-12.329145728643246 1.5803847427355544
-12.332203406860224 1.5820409505165856
-12.333826435020084 1.5829145728642935
-12.338219025535746 1.5853473279517187
-12.33882245002478 1.5856793504018754
-12.34298045157629 1.587939698492434
-12.344282125384714 1.588640139337298
-12.346733668341738 1.5899901648329289
-12.350325238075248 1.5919386613395714
-12.352228653282626 1.5929648241205747
-12.356339587685778 1.5952454013647044
-12.358087602214686 1.596208805227132
-12.361388719130941 1.5979899497487153
-12.36238722931642 1.5985426293840899
-12.36432160804023 1.5995963455634907
-12.368461024037947 1.601832385091794
-12.370684234070318 1.603015075376856
-12.374536244722288 1.6051217333815515
-12.377686958651303 1.60683374698002
-12.379934106889674 1.6080402010049966
-12.380624975652676 1.6084072216010092
-12.381909547738722 1.6091054612266849
-12.38673066265289 1.6116878652290891
-12.389318331134248 1.6130653266331372
-12.39280977278864 1.6149761022470157
-12.397474245064274 1.6175123830118663
-12.398559822365344 1.6180904522612778
-12.398881363741749 1.6182664876028392
-12.399497487437214 1.618601622476544
-12.404990727216697 1.6215460808095665
-12.407852525291538 1.6231155778894184
-12.40829145728646 1.6233537804148002
-12.411073477903658 1.6248332776700032
-12.417085427135707 1.6281046164915365
-12.417129332822023 1.6281281590357546
-12.417152874028732 1.628140703517559
-12.417226378672847 1.6281809753853134
-12.423240785176567 1.6314071554197396
-12.42653991458095 1.6331658291456996
-12.42932691958674 1.634693385502116
-12.434673366834199 1.637604841834725
-12.435386115614946 1.6379873122650546
-12.435767987752458 1.6381909547738402
-12.436958930728688 1.6388439730294087
-12.441480394205117 1.6412712154388611
-12.443467336683444 1.642362583855859
-12.445052998216669 1.6432160804019809
-12.447569647295726 1.644556554469685
-12.45226130653269 1.6471135274131168
-12.45363191423588 1.6478496038292105
-12.454365665541015 1.6482412060301215
-12.456651155767597 1.6494954486686657
-12.459709101633944 1.651138390200761
-12.463694597789745 1.653266331658262
-12.46580119984136 1.654422916341069
-12.469849246231183 1.6566310242857947
-12.47186625879727 1.6577151679818058
-12.472945152575532 1.6582914572864027
-12.476301264794165 1.6601348911615403
-12.477926443843122 1.6610088121682747
-12.478643216080428 1.6614031894507342
-12.482191905385703 1.6633165829145433
-12.484021104756458 1.6642926061068906
-12.487437185929675 1.6661576935990716
-12.490088667797687 1.6675841422946807
-12.491505722931366 1.668341708542684
-12.495907441715513 1.6707617816243516
-12.496131945604116 1.6708826171209852
-12.500776610053581 1.6733668341708245
-12.502228966890499 1.6741657366673017
-12.505025125628167 1.6756937971799815
-12.508298857717369 1.677456607773479
-12.510046820630134 1.6783919597989652
-12.51434131644022 1.680755316623662
-12.51548448401007 1.68138034790808
-12.519254842040082 1.6834170854271058
-12.520424495616634 1.684042391058541
-12.52261306532666 1.6852396155803069
-12.526496283529843 1.6873327201400512
-12.52856760990352 1.6884422110552464
-12.53254053292311 1.6906309173701155
-12.535016372462355 1.6919860130940165
-12.537780459989513 1.693467336683387
-12.538606803662633 1.6939228227869636
-12.540201005025152 1.6947958453572038
-12.54468014133687 1.6972127090796079
-12.54706683578525 1.6984924623115276
-12.550725862207319 1.7005104858876203
-12.554497849945887 1.702577275146024
-12.556234823811213 1.7035175879396682
-12.556775347098728 1.7038071872610727
-12.557788944723644 1.704362884370946
-12.56284991069883 1.707096723289184
-12.565543672520624 1.7085427135678088
-12.568896772689223 1.7103941740629267
-12.573927025865885 1.7131535938941633
-12.574698294201173 1.7135678391959495
-12.574929599950018 1.7136956347594117
-12.575376884422136 1.7139411455468778
-12.581005054271523 1.7169849162956936
-12.58399726992844 1.71859296482409
-12.587052715405557 1.7202821387426814
-12.592964824120628 1.7235292465801209
-12.593072272491987 1.7235873909175572
-12.593129363207883 1.7236180904522307
-12.593305120017778 1.7237153178514166
-12.599145016893589 1.726877446716668
-12.602426752227537 1.7286432160803713
-12.605193123087378 1.7301745420037262
-12.61055276381912 1.733121958457053
-12.611213023700165 1.7334796960282137
-12.611563407597318 1.733668341708512
-12.612640027433276 1.734264702741128
-12.617269224595695 1.736774478543345
-12.619346733668365 1.7379270452017384
-12.620756469055417 1.7386934673366525
-12.623317409133485 1.7400715514464027
-12.628140703517612 1.7427275456641098
-12.62933727908676 1.7433767142307506
-12.62997145190832 1.7437185929647931
-12.631916187133378 1.7447973025692969
-12.635377083526262 1.7466761814476053
-12.639209732623444 1.7487437185929338
-12.641424966497787 1.7499733405124527
-12.645728643216104 1.752346502692058
-12.647444418107096 1.7532786228236485
-12.648352531113456 1.7537688442210744
-12.651131536246359 1.755312527944004
-12.653467978787761 1.756582731114456
-12.65452261306535 1.7571694424243933
-12.65750248364886 1.758793969849215
-12.659515166484532 1.7598800888292336
-12.663316582914597 1.7619793451111914
-12.665533797944725 1.7631856054687471
-12.666705649030316 1.7638190954773556
-12.670283970486732 1.7658097776408228
-12.671541273177237 1.7664943096018852
-12.675885044323373 1.7688442211054962
-12.67758735744466 1.7697919825821904
-12.680904522613089 1.7716266110480134
-12.683604752162317 1.773097852576714
-12.685029776609298 1.7738693467336368
-12.689371342943533 1.7762884382566213
-12.68959630582383 1.776411105730137
-12.689698492462334 1.7764681258930164
-12.694135719134778 1.7788944723617774
-12.695640863365922 1.7797092149176796
-12.698492462311581 1.7812888627914312
-12.70165658924286 1.783015561723838
-12.703323850086644 1.783919597989918
-12.707643148225324 1.7863302419284182
-12.708401773369491 1.7867508297207495
-12.712444615112119 1.7889447236180587
-12.71367498234859 1.7896319863784829
-12.716080402010073 1.7909666885404931
-12.719688591012718 1.792938938102587
-12.7215867689936 1.7939698492461993
-12.725672877413206 1.7962542676163018
-12.727365118518293 1.7971940539628335
-12.730647745009973 1.79899497487434
-12.731688984957758 1.7995605053745702
-12.733668341708565 1.8006607043071146
-12.737700010937173 1.8028681950085925
-12.739817400805967 1.8040201005024805
-12.743681551254934 1.8061843091173726
-12.746256041200896 1.8076165860717177
-12.748879829961641 1.8090452261306211
-12.749682123816193 1.8094949854422966
-12.751256281407057 1.8103715440228827
-12.755690134042275 1.8128035367201276
-12.758014672011637 1.8140703517587617
-12.761668501883745 1.8161205572507058
-12.765072666756781 1.8180178904301112
-12.767029821599097 1.8190954773869024
-12.767653772107032 1.8194356056721928
-12.76884422110555 1.820099742745004
-12.773658230937237 1.822745171634561
-12.776177434789727 1.824120603015043
-12.779632842858481 1.8260632652852031
-12.783812222055907 1.8283971747151453
-12.785181955133865 1.8291457286431836
-12.785602940450836 1.8293826487440992
-12.786432160804042 1.8298461748610153
-12.791603305240562 1.8326933844323179
-12.794304207891312 1.8341708542713242
-12.797573624393669 1.8360127045881427
-12.802472060921716 1.8387536828763738
-12.80327223683065 1.8391959798994648
-12.803528743626975 1.8393363675781957
-12.804020100502534 1.8396115977142626
-12.809524468021737 1.8426484290935479
-12.812393657975226 1.8442211055276054
-12.815489936341876 1.8459691352016483
-12.821049644537748 1.8490866895376668
-12.82134041200329 1.849246231155746
-12.821430276803794 1.8492970206978123
-12.821608040201026 1.8493968078747223
-12.827420792580098 1.8526105703898663
-12.830355850111548 1.8542713567838867
-12.830402010050271 1.8542972206211932
-12.833380829558143 1.8559328283099932
-12.839195979899518 1.8592007855788468
-12.839310013153574 1.8592639014822971
-12.839369265512897 1.8592964824120273
-12.839545614967909 1.8593963781458536
-12.84529131167124 1.8625800846768197
-12.848455002447437 1.8643216080401679
-12.851245313033564 1.8659040670585814
-12.85678391959801 1.8690237489030634
-12.857168219430081 1.8692369337162882
-12.857367459673004 1.8693467336683085
-12.857958491856738 1.8696823257422306
-12.86313501451123 1.872557260749815
-12.865577889447255 1.8739458449469568
-12.866342686680698 1.8743718592964491
-12.869082350798593 1.8758831474387092
-12.874371859296502 1.8788696442677955
-12.874998336656697 1.879217991393106
-12.8753223803615 1.8793969849245897
-12.876280340725689 1.8799422653329287
-12.880950843538072 1.8825424007694247
-12.88434973866134 1.8844221105527303
-12.886890858574649 1.885870379244258
-12.891959798994995 1.8887394757413718
-12.892799253112967 1.8892073921471644
-12.893232408238953 1.889447236180871
-12.894508376316931 1.890175401129996
-12.898737690907415 1.8925358212626051
-12.90075376884424 1.89368748245409
-12.902155868448347 1.8944723618090116
-12.904669700150027 1.8958660871071427
-12.909547738693487 1.8986343065051186
-12.910569803442232 1.8992054689375104
-12.91109585508503 1.8994974874371522
-12.91263975017168 1.9003809192880645
-12.91649439469682 1.902537854207198
-12.920065158502297 1.9045226130652928
-12.922417683453315 1.9058706116191972
-12.927135678391979 1.908555263972401
-12.928308764589607 1.9092125712083972
-12.92891095897438 1.9095477386934334
-12.930671547451842 1.9105579869962517
-12.934219734789808 1.9125488482079085
-12.935929648241224 1.9135308786885572
-12.937781066736772 1.914572864321574
-12.940133556294317 1.9158843105490462
-12.944723618090471 1.9185035454205037
-12.946014851394706 1.919229066148505
-12.946675879081855 1.9195979899497146
-12.948600783613742 1.9207057515277919
-12.951912428407534 1.9225691697729808
-12.955587434097053 1.9246231155778553
-12.957816001738937 1.9259075601635764
-12.962311557788963 1.9284804241968034
-12.963686711804101 1.9292553400588135
-12.964388690083169 1.9296482412059959
-12.966424400926847 1.930823339245391
-12.969571125252012 1.9325992047018365
-12.971105527638208 1.9334855985703792
-12.97320368610643 1.9346733668341365
-12.975463633080386 1.9359407566647278
-12.979899497487455 1.938487256569264
-12.981322921664272 1.939291799840329
-12.982047376113359 1.939698492462277
-12.984139264829421 1.9409098545599814
-12.987194402220496 1.9426393595952636
-12.990901454213173 1.9447236180904177
-12.993074988364546 1.945984317753676
-12.997487437185947 1.9485254893012796
-12.998921926232264 1.9493388897053245
-12.999649688297355 1.9497487437185583
-13.00174166670634 1.9509642378672423
-13.004780478013178 1.9526901433960617
-13.006281407035193 1.953562779047286
-13.008407060302671 1.954773869346699
-13.010647959251573 1.9560388458132323
-13.01507537688444 1.9585973651976962
-13.016481417289349 1.9593972691448656
-13.01719245078264 1.9597989949748396
-13.019226778667026 1.9609851097698643
-13.022327457103469 1.962752097683258
-13.025988690945793 1.9648241206029802
-13.028181179950003 1.9661047310695317
-13.032663316582932 1.968703869035905
-13.034000488443937 1.969467197127977
-13.034674417477751 1.9698492462311208
-13.036593392592106 1.970972125090885
-13.039834343098695 1.9728255071404721
-13.041457286432177 1.9737756266325635
-13.043372518824242 1.9748743718592614
-13.045673349148409 1.976182345325837
-13.050251256281424 1.9788466386206691
-13.051477499497075 1.9795491422829308
-13.052093349730145 1.979899497487402
-13.053838275515382 1.9809243601256759
-13.057299395850656 1.9829108689529056
-13.06083270369359 1.9849246231155426
-13.06312264918785 1.9862722079132764
-13.067839195979916 1.9890275661813828
-13.068910579593679 1.989643639139751
-13.069446683213503 1.9899497487436832
-13.07095786441354 1.9908407968675785
-13.07472073928345 1.993008719142253
-13.076633165829161 1.9941367345984284
-13.078083222316268 1.9949748743718416
-13.080527148624444 1.9963748706729794
-13.085427135678408 1.9992486888843297
-13.086297740252663 1.9997512558359265
-13.086718629153653 2.