-10.493466815047066 2.
-10.478689082070785 1.9899764693001298
-10.432776974218028 1.9651268234150345
-10.431452392623571 1.9642857142857153
-10.430799822462603 1.9638400355074808
-10.428571428571432 1.9626836730030313
-10.403067956872308 1.946428571428573
-10.387394730078935 1.9381932317300734
-10.385713051209306 1.937143104043856
-10.37333192429007 1.9285714285714306
-10.3639653201229 1.9236355074039944
-10.342515612952754 1.911360265447695
-10.341586319901804 1.9107142857142883
-10.340954691416652 1.9103804902881016
-10.339285714285719 1.9094222377582462
-10.31357009994869 1.892857142857146
-10.29931597789167 1.8829939472788126
-10.2841250490172 1.8750000000000036
-10.25390718241033 1.8579242936249276
-10.25297878747892 1.857142857142862
-10.252098901278297 1.856723076887203
-10.250000000000004 1.8555575835373217
-10.210604669721247 1.8293076374843276
-10.195770438739512 1.8214285714285765
-10.166439397646407 1.8047164509578568
-10.164689027368993 1.8035714285714333
-10.163807216994698 1.8029528423153511
-10.16071428571429 1.8013012302797708
-10.136949666180266 1.78571428571429
-10.122439364432292 1.7755121271135472
-10.079994585965064 1.7517132029073021
-10.077394401894415 1.7500000000000044
-10.076077126788517 1.7490702889280163
-10.071428571428577 1.7465717780202485
-10.049572295693917 1.7321428571428612
-10.036722141774542 1.7252015712120548
-10.03201946559825 1.722167535451784
-10.021058990676439 1.7142857142857189
-9.994286796417388 1.6988573592834815
-9.988752869852012 1.6951065688867466
-9.982142857142861 1.6915392803780964
-9.962579873323335 1.6785714285714333
-9.947239049558432 1.6676950472311765
-9.934313501267516 1.66071428571429
-9.908967511858677 1.6460792166574532
-9.90526468214755 1.6428571428571477
-9.901635824133349 1.6411014066019076
-9.892857142857148 1.6361446305765943
-9.8598565393809 1.6137429778381112
-9.847632788897577 1.6071428571428612
-9.821219314981239 1.59281529156768
-9.812691615886347 1.5874616768227359
-9.803571428571434 1.58303201093534
-9.784121517134665 1.5714285714285756
-9.767570101064065 1.5607716940729066
-9.721585069915617 1.53717415684027
-9.719151291178566 1.53571428571429
-9.718002530956577 1.5349709223801185
-9.714285714285719 1.5331508896445563
-9.688858200520237 1.5178571428571468
-9.671942077045369 1.5093884154090764
-9.670777255793658 1.5087016916984153
-9.65732205931177 1.5000000000000036
-9.625000000000004 1.482887988153001
-9.624058061323089 1.4823312448782442
-9.623767626504026 1.4821428571428612
-9.622953556863882 1.4817335685156374
-9.601454535653053 1.4689948071551084
-9.594215448525238 1.464285714285718
-9.57759103027295 1.4559103653739847
-9.574365613058827 1.4541588368974825
-9.562515342026682 1.4464285714285747
-9.554909999074326 1.442589428756567
-9.53571428571429 1.432141904485042
-9.531225011193834 1.4294692834755232
-9.529852116792945 1.4285714285714324
-9.526343701516895 1.426697311731954
-9.487628268678943 1.4024743462642162
-9.46831993096229 1.3928571428571468
-9.446428571428577 1.3811174871211227
-9.439304061001062 1.3764249020855068
-9.436449079109071 1.3750000000000036
-9.430530123585608 1.37182031043141
-9.406632015738632 1.3571428571428612
-9.395134661368196 1.3495444962977938
-9.374654138844166 1.339285714285718
-9.357142857142861 1.3298498657460298
-9.347371452959097 1.3233828522653281
-9.343476019368236 1.3214285714285747
-9.33542539953199 1.3170850799064002
-9.313523647588887 1.3035714285714324
-9.302944702753445 1.2965539165921722
-9.281391225989019 1.2857142857142891
-9.267857142857148 1.2783988969084579
-9.25565431482599 1.270297708463377
-9.240798916125938 1.262445497510904
-9.220679725020277 1.2500000000000036
-9.210937032685 1.2435268791772902
-9.188339607362664 1.2321428571428603
-9.185594419917674 1.230738258873612
-9.178571428571434 1.2268591369434905
-9.162945676837108 1.2174108646325825
-9.158249358213943 1.214285714285717
-9.145994370077881 1.207770302587007
-9.11796017046442 1.190693680192835
-9.091702967820286 1.1785714285714315
-9.089285714285719 1.1773636172459003
-9.067267311440036 1.1651179662834243
-9.059976020682397 1.1607142857142883
-9.042265460885003 1.1522611935372886
-9.039199922104238 1.1506971272779927
-9.02624549333551 1.142857142857146
-9.019810750085911 1.1388949928399645
-9.000000000000005 1.129182168836481
-8.971912890811913 1.1127602789804785
-8.959832714118162 1.1071428571428603
-8.933321104104762 1.0938070779638114
-8.925419106968981 1.089285714285717
-8.92182755896048 1.0870630596364794
-8.910714285714292 1.0818766459476103
-8.892487011895941 1.0714285714285747
-8.879507654504026 1.0651872451865216
-8.872455101898106 1.061223265334669
-8.859940518139165 1.0535714285714315
-8.848639551504379 1.0481292325562706
-8.826535544052563 1.0367356802390857
-8.8248683735733 1.0357142857142883
-8.823860023396183 1.035227995320767
-8.821428571428577 1.0339726407438885
-8.793461844240921 1.017857142857146
-8.775504679523994 1.00918477838092
-8.773888866716502 1.008349201914731
-8.76031336173817 1.0000000000000027
-8.732142857142863 0.9856923929952242
-8.727834167779635 0.9830045950155046
-8.726003490406779 0.9821428571428594
-8.72202517171345 0.9801193200569767
-8.694682799846808 0.9642857142857171
-8.682128547071459 0.9564314334428552
-8.660945075126708 0.9464285714285738
-8.64285714285715 0.9372026609763493
-8.631624180702543 0.9308180210023522
-8.627996854790348 0.9285714285714306
-8.61843147149199 0.923686294298399
-8.596128475314769 0.9107142857142883
-8.585849221906441 0.9042587270472868
-8.561802846920212 0.892857142857145
-8.553571428571434 0.8886437481380094
-8.535864346609184 0.8785414163924514
-8.530170844898553 0.8750000000000018
-8.51518782392981 0.8673232790716776
-8.50117269084805 0.8571428571428594
-8.46428571428572 0.8393344420236613
-8.441868535557255 0.8259120071742672
-8.432448894725251 0.8214285714285738
-8.412131144060798 0.8109976573835889
-8.393392663880274 0.7998928957953773
-8.375000000000007 0.7914599595854446
-8.364797230839654 0.7857142857142883
-8.345131690874386 0.7738308046822695
-8.302607911291576 0.7533787251154589
-8.29656836005222 0.7500000000000018
-8.293874700163505 0.7483679171101594
-8.285714285714292 0.7446456705617699
-8.263397690821181 0.7321428571428594
-8.246973362819906 0.7243946725639825
-8.243823564889176 0.7226638584507397
-8.229755081184623 0.7142857142857162
-8.196428571428577 0.6978007941918465
-8.194599655131777 0.6967943546879329
-8.193986468552696 0.696428571428573
-8.192196789361056 0.6955822150150688
-8.170675585965334 0.6837220256640784
-8.162055853904063 0.6785714285714306
-8.145748984711338 0.6708502030577357
-8.137845649625163 0.6668548442107483
-8.127586546811083 0.6607142857142874
-8.107142857142863 0.6505598584352033
-8.097634218621355 0.6447588705614455
-8.093495858456121 0.6428571428571441
-8.084317984499615 0.638292168328495
-8.050222171092823 0.6185269943528668
-8.025522664329909 0.6071428571428585
-8.01785714285715 0.6033196806126941
-7.999271723629185 0.593002798131308
-7.993102961540189 0.5892857142857153
-7.975191754799713 0.5807526366742284
-7.97414532742105 0.5801709345157926
-7.959660472563397 0.571428571428573
-7.952023887358189 0.5667380796712225
-7.928571428571434 0.5558817750839733
-7.924507917708895 0.5535714285714306
-7.9035944580349975 0.5407096798215747
-7.892818017533614 0.5357142857142874
-7.869088315087041 0.5238176630174083
-7.858633422178279 0.5178571428571441
-7.853894281529113 0.5149354294084656
-7.83928571428572 0.5081457218009033
-7.8250163876999865 0.5000000000000018
-7.814790258744649 0.4951009088917875
-7.804179994263503 0.4891640011473024
-7.79263409187749 0.48214285714285854
-7.780086293232866 0.476125598496286
-7.761475705856028 0.46658085545691996
-7.757706387265657 0.4642857142857153
-7.755439760877231 0.4631977621102701
-7.750000000000005 0.46040503330386073
-7.725602326789676 0.44642857142857295
-7.7081999065464535 0.43806855273786294
-7.70670635063479 0.4372301584444731
-7.692519134615351 0.4285714285714297
-7.660714285714292 0.4125275167842348
-7.658501919300124 0.41115675899712034
-7.6554820420103304 0.40966783697349385
-7.626214408368408 0.3928571428571441
-7.6128583421738325 0.3845711887080929
-7.59240419132258 0.3750000000000009
-7.571428571428577 0.364400554450234
-7.561915052297261 0.359045560969121
-7.558806734583661 0.35714285714285765
-7.549845038267172 0.35282615051057675
-7.537757184806484 0.34601999161013364
-7.526759049164966 0.3392857142857153
-7.513670276987965 0.33298023031669466
-7.497035830920323 0.3244071661840646
-7.492171636275153 0.32142857142857206
-7.482142857142863 0.3163593845027268
-7.4665636564987095 0.30668726870025953
-7.45991011978688 0.3035714285714288
-7.44534578633495 0.29621201440984635
-7.430594973625315 0.2857142857142865
-7.418742329500776 0.2805372483855617
-7.3928571428571495 0.2677735275056312
-7.370324701136883 0.2545064883440542
-7.360683805755544 0.2500000000000009
-7.339519295044962 0.23933243043756303
-7.326981345067689 0.23214285714285765
-7.32125885458177 0.228605371940791
-7.303571428571435 0.22036072375922533
-7.292960515435597 0.2142857142857153
-7.273702274801327 0.2024024021825941
-7.2608613232161625 0.19642857142857206
-7.2325081169343 0.18221590910114482
-7.226114696567845 0.17857142857142883
-7.223208512820694 0.1767868688644345
-7.214285714285721 0.17265758691285615
-7.193273834538104 0.16071428571428648
-7.178049318717119 0.15346700660056634
-7.173595283549027 0.15099522900448292
-7.160058172028523 0.14285714285714324
-7.125000000000006 0.12544837476163018
-7.124446389145295 0.125110722170942
-7.1236656874849915 0.12473313749699688
-7.092348955031291 0.10714285714285765
-7.078267750048168 0.0986321642760819
-7.057722333200868 0.08928571428571441
-7.0511386672427765 0.08620083798001765
-7.035714285714292 0.07851571908474764
-7.026195049034587 0.07333241876451169
-7.022954111587995 0.07142857142857117
-7.014040163736194 0.06709374703295179
-6.978658410562701 0.047125460744603664
-6.953054689976335 0.03571428571428559
-6.946428571428577 0.032540394356993296
-6.926382504390641 0.02186635626472988
-6.919371388150562 0.01785714285714235
-6.9004077495067015 0.009204164384374991
-6.898458523808598 0.008263133333146655
-6.8838444181564675 0.