-10.660175882342694 2.
-10.607142857142861 1.974479264382862
-10.59434284026659 1.96684571766097
-10.58894997891136 1.9642857142857153
-10.577331521264632 1.95832344711007
-10.547579539689039 1.940484092062194
-10.522622694428481 1.9285714285714306
-10.517857142857146 1.9261131469046058
-10.49938407806186 1.9144088986733454
-10.475152114788038 1.9021732801004667
-10.459351705775223 1.892857142857146
-10.451996486948852 1.888172131181662
-10.428571428571432 1.876894599514598
-10.425367389624599 1.8750000000000036
-10.423185826197356 1.873922879525188
-10.403053178955728 1.8622465070660024
-10.395009461321733 1.857142857142862
-10.378972278841472 1.8492055442317108
-10.373002962021934 1.846029163832962
-10.362410349460557 1.8392857142857189
-10.355766631806771 1.8359895307815082
-10.339285714285719 1.827195142334153
-10.32961891418478 1.8214285714285765
-10.323116908114292 1.8181948101942913
-10.30860774440334 1.8097070225479097
-10.299034821247396 1.8035714285714333
-10.27432026622396 1.7905783389590813
-10.267875384618836 1.78571428571429
-10.262388015993292 1.783236682515632
-10.250000000000004 1.7768424829242546
-10.217148352740544 1.7565703294518968
-10.203779186492138 1.7500000000000044
-10.175771562301167 1.7351543124602369
-10.17079717055356 1.7321428571428612
-10.168432502710164 1.7305992137436865
-10.16071428571429 1.7267839226463817
-10.14012933311505 1.7142857142857189
-10.124050303321086 1.7037613679072168
-10.078474921059808 1.6799806984976797
-10.076166926702209 1.6785714285714333
-10.075062328872681 1.6778446770826125
-10.071428571428577 1.67603322546028
-10.046409559830394 1.66071428571429
-10.030167555878062 1.6524620826041874
-10.02847651739442 1.6514475536639788
-10.015462920869787 1.6428571428571477
-9.982377797785471 1.6250469881285268
-9.98230146006962 1.6250000000000044
-9.98226469178447 1.6249756330716822
-9.982142857142861 1.6249144232868318
-9.953343212625958 1.6071428571428612
-9.936274625393079 1.5984593606356752
-9.9348374611272 1.5976817779397292
-9.921794874551118 1.5892857142857189
-9.892857142857148 1.5740150086421538
-9.889579040225339 1.5720841919549375
-9.888564411398011 1.5714285714285756
-9.88595745408141 1.5700486336734283
-9.845760727846207 1.5451335687164782
-9.826685075341311 1.53571428571429
-9.803571428571434 1.5234044125236927
-9.796591260844536 1.5192531764025263
-9.794455139035534 1.5178571428571468
-9.788490320827274 1.5148409213083145
-9.77364703367715 1.5059848789788601
-9.764523890308814 1.5000000000000036
-9.752815613845135 1.4922940200881207
-9.714285714285719 1.4720714022494699
-9.704882458643754 1.4661663654141108
-9.701123692221499 1.464285714285718
-9.693361384915406 1.4601008484116553
-9.671185223680517 1.4464285714285747
-9.660496145053015 1.439329342417973
-9.63913286796068 1.4285714285714324
-9.625000000000004 1.4209067838278813
-9.612356804967108 1.413242924720869
-9.608573209431473 1.41071428571429
-9.598103307076348 1.4053349471295595
-9.589318135112553 1.3999935158346375
-9.578677813199617 1.3928571428571468
-9.566661382065691 1.386667723586866
-9.551325955405945 1.3781223339383342
-9.546686657735524 1.3750000000000036
-9.53571428571429 1.3689987789956568
-9.522114255831909 1.3598628631193375
-9.516778342252934 1.3571428571428612
-9.505907215938755 1.3511814431877545
-9.486961585477747 1.339285714285718
-9.477699577546527 1.333031513062127
-9.455064135086905 1.3214285714285747
-9.446428571428577 1.316669497850599
-9.430385527954376 1.3067800372662726
-9.425677132760848 1.3035714285714324
-9.412743939972424 1.296834502280202
-9.407384870924615 1.293523025815082
-9.39595799639182 1.2857142857142891
-9.387134722169662 1.2797159127089293
-9.364167644982633 1.267857142857146
-9.357142857142861 1.2639612482980631
-9.341298163424684 1.2531689387436389
-9.335173403846774 1.2500000000000036
-9.322815363788221 1.2431345013290755
-9.305551789832583 1.2321428571428603
-9.297017915160366 1.2263107026822162
-9.273859914490023 1.214285714285717
-9.267857142857148 1.2109764324063406
-9.250098959433684 1.199980208113267
-9.244821847306932 1.1964285714285747
-9.229581277358903 1.1887733983289257
-9.22636539295253 1.1868697785523556
-9.213599457979504 1.1785714285714315
-9.203642475470078 1.1735572191917027
-9.180816278977497 1.1611632557955005
-9.1801280439629 1.1607142857142883
-9.178571428571434 1.1598841284101145
-9.157170498289627 1.147137328913507
-9.15063252507267 1.142857142857146
-9.133945567004492 1.1339319705437578
-9.1123365341954 1.1203898360180675
-9.089285714285719 1.1088829829561693
-9.086447803186278 1.1071428571428603
-9.084609450978073 1.1062076044813312
-9.064649557241419 1.0942129456945766
-9.057200876923469 1.089285714285717
-9.04108744087308 1.0810682261111024
-9.037033670862439 1.0788353056010616
-9.025873802180328 1.0714285714285747
-9.019885946686072 1.0674513820913614
-9.000000000000005 1.0569212808676394
-8.974568363229583 1.040800613068373
-8.964494850644709 1.0357142857142883
-8.943818748686724 1.024478035451632
-8.933171319696998 1.017857142857146
-8.928003307102557 1.0143993385794925
-8.910714285714292 1.0056238183708448
-8.901693036965044 1.0000000000000027
-8.895976244762197 0.997052391809583
-8.881216798444951 0.9880423545967272
-8.872459173370117 0.9821428571428594
-8.858216723828722 0.9747852266628305
-8.849464028455273 0.9698928056910558
-8.841162195909515 0.9642857142857171
-8.835661744847886 0.9614390796018553
-8.821428571428577 0.9534671070651202
-8.81021534457733 0.9464285714285738
-8.792361580621254 0.9343848267328951
-8.78100888871396 0.9285714285714306
-8.75792111431093 0.9158699371479013
-8.74572399348592 0.9079980584456768
-8.732142857142863 0.901020474865704
-8.719207822672308 0.892857142857145
-8.711134617384653 0.8886554949055023
-8.699565892120408 0.8815153930044932
-8.690015053234758 0.8750000000000018
-8.676932260934418 0.8681849763845486
-8.66532570124585 0.8616365688205994
-8.658745743232902 0.8571428571428594
-8.655129324703413 0.8546884207736065
-8.64285714285715 0.8483632845400759
-8.628518491606263 0.8392857142857171
-8.61146566219463 0.8277068675610773
-8.599290094813439 0.8214285714285738
-8.574595512050582 0.8077762452672603
-8.567956893982473 0.8035714285714306
-8.564521405735528 0.8013814331386122
-8.553571428571434 0.7961055174606972
-8.536012813610125 0.7857142857142883
-8.523786423998597 0.7797572847997207
-8.516076629001304 0.7753561027711715
-8.504031815888192 0.767857142857145
-8.492480136884724 0.7622182583373434
-8.472144880149802 0.7515718331728181
-8.469626757939572 0.7500000000000018
-8.468076519383908 0.7492418389803639
-8.46428571428572 0.7472528988977798
-8.438502150126952 0.7321428571428594
-8.420714482142559 0.7234286107142269
-8.420161088860372 0.7231106393707867
-8.40609563990283 0.7142857142857162
-8.375000000000007 0.6982267345579523
-8.37284467947434 0.6968596355337064
-8.370020831279067 0.695432737684385
-8.341439142235492 0.6785714285714306
-8.328121342503026 0.6700900172136839
-8.30864300026222 0.6607142857142874
-8.285714285714292 0.6488025260372616
-8.278086501845626 0.644382699630877
-8.275678906057713 0.6428571428571441
-8.268857435509293 0.639485772816144
-8.25461892759379 0.631219071624102
-8.244826574846805 0.6250000000000018
-8.230899733688915 0.6181057675479344
-8.218648378984867 0.6115868186541169
-8.211666400820768 0.6071428571428585
-8.196428571428577 0.599183666587928
-8.184667195391262 0.5916379894931785
-8.179818918620688 0.5892857142857153
-8.169540374630255 0.5839080749260512
-8.152885783073838 0.571428571428573
-8.138797915821307 0.5650975596928838
-8.107142857142863 0.5488730227288068
-8.090954245318722 0.5389520080791153
-8.084313363382924 0.5357142857142874
-8.070279949365018 0.5283417041587182
-8.052794613700634 0.5178571428571441
-8.044534800653736 0.512521611297827
-8.018915549949817 0.5000000000000018
-8.01785714285715 0.4994428611669255
-7.99742088555393 0.48623010860350213
-7.971444093607538 0.4728602472929362
-7.95718490727126 0.4642857142857153
-7.950430750638607 0.45991384987228123
-7.928571428571434 0.4492063732726521
-7.923954334291002 0.44642857142857295
-7.920876592840698 0.44488960428242574
-7.902132458064168 0.4338592226728828
-7.893930080349022 0.4285714285714297
-7.872748432309559 0.41740682931905404
-7.856352237146686 0.4073009811420931
-7.83928571428572 0.39894287799845873
-7.829168374212542 0.3928571428571441
-7.810468393600435 0.38076346413705764
-7.798691286899919 0.3750000000000009
-7.773786281250095 0.36190011339287587
-7.767487648354611 0.35714285714285765
-7.7621088019016655 0.3547210967625256
-7.750000000000005 0.34851333829548015
-7.716717043919089 0.3280851626447552
-7.703051370608662 0.32142857142857206
-7.673984754104617 0.30622552224949384
-7.6674381229613795 0.30222666112201146
-7.660714285714292 0.2989697699330698
-7.638434380328542 0.2857142857142865
-7.622450471203596 0.27550990575928314
-7.572520363180208 0.2502183583503266
-7.572150385279905 0.2500000000000009
-7.571977052463484 0.2498903037930198
-7.571428571428577 0.2496280844560319
-7.541651789783383 0.23214285714285765
-7.52436010328201 0.22369940791502874
-7.521350283843484 0.22212719962583893
-7.508734675644454 0.2142857142857153
-7.482142857142863 0.20074284460021552
-7.476524646378892 0.19755221358136588
-7.474702472281812 0.19642857142857206
-7.469438694944196 0.19388773898883827
-7.452711379712997 0.18445772405740168
-7.443080060259632 0.17857142857142883
-7.428294822578137 0.17148389262723107
-7.41645290377004 0.1654334378968647
-7.40865291532823 0.16071428571428648
-7.403977015635512 0.158490311158614
-7.3928571428571495 0.15286163502055317
-7.3795856330484 0.14551144481889366
-7.37514825600865 0.14285714285714324
-7.363023784491934 0.13689047118409992
-7.332172886577759 0.1192797083987358
-7.305166325079444 0.10714285714285765
-7.303571428571435 0.1063766019945449
-7.281940090982303 0.0936119818035408
-7.272180504356444 0.08928571428571441
-7.249243211116951 0.0784200707948175
-7.23620371728209 0.07142857142857117
-7.230530997468222 0.06817951479207096
-7.214285714285721 0.06120767759038337
-7.19979911636282 0.053571428571428825
-7.180188724005171 0.04253368377039557
-7.16399411405144 0.03571428571428559
-7.125000000000006 0.01818849665812472
-7.124559391687326 0.01794526451967826
-7.124345650859474 0.01785714285714235
-7.123769462666473 0.01761103539043596
-7.098503686937758 0.005299262612449951
-7.088182105976988 0.