-12.42331359481854 2.
-12.392857142857144 1.9843011127735348
-12.369170980477534 1.969022946761637
-12.360041612956719 1.9642857142857153
-12.341714987046387 1.9540572831235643
-12.323828818961458 1.9423770933505677
-12.30357142857143 1.931740663976563
-12.298657188049557 1.9285714285714306
-12.27976583314038 1.9154754048004987
-12.253077086587696 1.9006154173175416
-12.241187430633493 1.892857142857146
-12.235215697132844 1.8886711462877201
-12.214285714285715 1.8774408574551869
-12.210582024183907 1.8750000000000036
-12.208410236888128 1.873824904520486
-12.190080719385472 1.8619838561229098
-12.183383732809663 1.857142857142862
-12.167150812597209 1.84771587680516
-12.148049101949148 1.8346758938958896
-12.125000000000002 1.8220719389543722
-12.124042099089003 1.8214285714285765
-12.10484395234373 1.8076026381026873
-12.097523577820294 1.8035714285714333
-12.083438374889026 1.7952591035492373
-12.072814355835163 1.78571428571429
-12.06210504451069 1.7804361339550097
-12.035714285714288 1.765085439070428
-12.018937464868065 1.7533553641692494
-12.01293408365763 1.7500000000000044
-12.001492376789715 1.7431556182150896
-11.97715814022141 1.7259969433842937
-11.956370554038523 1.7142857142857189
-11.946428571428573 1.7082956171273862
-11.933804394374995 1.6989534068392915
-11.920898107791885 1.6913224787012382
-11.902601470598823 1.6785714285714333
-11.892977738745568 1.6714044522508908
-11.874202355413955 1.66071428571429
-11.85714285714286 1.6503403338548344
-11.848670767986883 1.6445515606883427
-11.846472090072664 1.6428571428571477
-11.8406697532957 1.639562522087716
-11.82793726203608 1.630841119021361
-11.820378941710372 1.6250000000000044
-11.806716335052403 1.617228161560953
-11.801279089326282 1.6138272464366885
-11.792650429796273 1.6071428571428612
-11.767857142857146 1.5925216523441748
-11.764125686282048 1.5900320056007384
-11.763087851304384 1.5892857142857189
-11.76055957689208 1.5878262010927058
-11.74172913346802 1.5714285714285756
-11.723304942028735 1.5624818687371143
-11.67857142857143 1.537061536534254
-11.677044432932751 1.5360196848420262
-11.676482896115216 1.53571428571429
-11.675393197934817 1.5350786395869678
-11.64973648753151 1.5178571428571468
-11.63659023714161 1.5083962382859681
-11.62127185248465 1.5000000000000036
-11.591695007720618 1.4826247158298411
-11.590615479351857 1.4818769041296331
-11.589285714285717 1.4811427000558792
-11.564428502995067 1.464285714285718
-11.550517535181141 1.4541822072494899
-11.509638743551902 1.4304991772818116
-11.506815044100932 1.4285714285714324
-11.505350413506504 1.427501345870132
-11.500000000000004 1.4245202160896975
-11.479826256176157 1.41071428571429
-11.46499700012343 1.3998577428324612
-11.452462043966303 1.3928571428571468
-11.428527066795489 1.3785625562162434
-11.423350038191487 1.3750000000000036
-11.420648890489717 1.3730130790449175
-11.410714285714288 1.3674364878336522
-11.395784116615541 1.3571428571428612
-11.387485196770488 1.352497039354101
-11.377679200498703 1.345892731328835
-11.368950741211746 1.339285714285718
-11.356456400197095 1.3322801485320133
-11.347185030690659 1.3265798632809913
-11.340394081695543 1.3214285714285747
-11.335412669029164 1.3186317519084572
-11.321428571428575 1.31002123059704
-11.312121953952209 1.3035714285714324
-11.30697850506971 1.3006814152996595
-11.293197417647155 1.291360516470574
-11.28577382668181 1.2857142857142891
-11.268056279835353 1.275039827395644
-11.252276678491762 1.2638303785873655
-11.232142857142861 1.2524437958409669
-11.228624725625588 1.2500000000000036
-11.210384122314743 1.2364946041084837
-11.188051043369121 1.2233244943881125
-11.175035317009076 1.214285714285717
-11.168070102879282 1.2092431222812898
-11.142857142857146 1.1954587622374593
-11.123550074932497 1.182432842156361
-11.115932267974047 1.1785714285714315
-11.100359434388276 1.1700718868776576
-11.085383423455315 1.1607142857142883
-11.078092066235412 1.1558101581814926
-11.05357142857143 1.1432985272567846
-11.052867142609566 1.142857142857146
-11.052424277225965 1.1426277125880526
-11.031052096218444 1.1295038664706007
-11.024414060981961 1.1250000000000036
-11.007698051376124 1.1163175325819221
-11.00634066982316 1.1155538482503493
-10.993988837555719 1.1071428571428603
-10.98574633234994 1.1028507335300155
-10.964285714285717 1.0907412971694193
-10.961984515903644 1.089285714285717
-10.942217560314871 1.075842202222744
-10.933671542539109 1.0714285714285747
-10.91643034798712 1.0618574981688553
-10.896977442845122 1.0491759400024074
-10.875000000000004 1.037761567971227
-10.87179065264831 1.0357142857142883
-10.869818575628758 1.0346780008400387
-10.850672694678508 1.0227226039214452
-10.843641200967218 1.017857142857146
-10.82769554064796 1.009460891870412
-10.824829856095525 1.00782311407625
-10.81355544142677 1.0000000000000027
-10.807286719029726 0.9956855133369151
-10.785714285714288 0.9843999490744881
-10.782201604846883 0.9821428571428594
-10.762916967539404 0.9688451779206941
-10.75421923897631 0.9642857142857171
-10.736835985285087 0.9545100541998766
-10.724308153764836 0.9464285714285738
-10.718055556592386 0.9421031743958119
-10.696428571428575 0.9307265198062087
-10.693093076372225 0.9285714285714306
-10.691075365005693 0.9275007872868546
-10.672176321821278 0.9155647356357477
-10.665257049403714 0.9107142857142883
-10.649359690539944 0.9022709190348719
-10.646785919785206 0.9007857553856145
-10.635488535401983 0.892857142857145
-10.627738291352115 0.8887380560152938
-10.607142857142861 0.8768454978010514
-10.604295545142685 0.8750000000000018
-10.602578728711979 0.874087174313825
-10.583332981877943 0.8619048321958429
-10.576555488164502 0.8571428571428594
-10.55980022091527 0.8476743298973419
-10.540373199173976 0.8347825030223515
-10.517857142857146 0.8228997126074402
-10.515587589099633 0.8214285714285738
-10.51421766775207 0.8207006764075588
-10.494512867299472 0.8082402836829656
-10.487856754784463 0.8035714285714306
-10.470975926623902 0.7950905289609365
-10.468234387385433 0.7936468774770882
-10.455415095671155 0.7857142857142883
-10.448924719500695 0.7816436275284353
-10.428571428571432 0.7714734563549044
-10.401609476736805 0.7553923903669277
-10.39024927759578 0.7500000000000018
-10.365756668289983 0.737437047943712
-10.356696311120933 0.7321428571428594
-10.352507585293177 0.7294984829413673
-10.339285714285719 0.7231933363860588
-10.324077721971541 0.7142857142857162
-10.313578303657556 0.7091442321600834
-10.303796233129173 0.7035264676598816
-10.292477702355155 0.696428571428573
-10.280176250552032 0.6903933213181679
-10.262462687052292 0.6810639659818882
-10.258498221453106 0.6785714285714306
-10.256040393816214 0.6773633498081884
-10.250000000000004 0.6741752607872096
-10.227174714146734 0.6607142857142874
-10.21128787483521 0.6505995678901035
-10.1951985778861 0.6428571428571441
-10.160883934986822 0.6250339298545082
-10.16079986986879 0.6249828831691024
-10.16071428571429 0.6249415250607093
-10.130727211121483 0.6071428571428585
-10.11661480381364 0.5981056106658453
-10.098400203893844 0.5892857142857153
-10.071428571428577 0.5751981656568868
-10.066612687392118 0.5723917482358649
-10.065102464046882 0.571428571428573
-10.061187710703779 0.569380399283614
-10.022243904261092 0.545551219147784
-10.002038676090768 0.5357142857142874
-9.982142857142861 0.5252734485979698
-9.973361497816363 0.5196134147224436
-9.969759698720177 0.5178571428571441
-9.962150122285527 0.5138585958856776
-9.943773500310604 0.5000000000000018
-9.928125961683078 0.4929462362348156
-9.892857142857148 0.4748016260221499
-9.879959693607194 0.466865204135706
-9.874689106929576 0.4642857142857153
-9.863576875567999 0.4584296608278855
-9.83417761521746 0.4403073340993675
-9.810232897265411 0.4285714285714297
-9.803571428571434 0.42505773147838255
-9.786653917739228 0.4140977878807277
-9.76520672326427 0.4030413446528538
-9.74829615360282 0.3928571428571441
-9.74027239781623 0.3876598061510421
-9.71444687216785 0.3750000000000009
-9.714285714285719 0.3749150559213854
-9.691745634123345 0.36165087317533207
-9.684750219174342 0.35714285714285765
-9.6676722997468 0.348608397193499
-9.665335801517035 0.347352874589121
-9.652802224345534 0.3392857142857153
-9.644849829194436 0.33531574844682943
-9.625000000000004 0.32466366982711303
-9.61961084843778 0.32142857142857206
-9.599750244943081 0.30862137958281366
-9.589398970296294 0.3035714285714288
-9.567416068336465 0.29205464223872113
-9.558970786168741 0.2857142857142865
-9.551798022458676 0.28249753836540936
-9.53571428571429 0.2743023610642039
-9.505715883048213 0.25599968053321653
-9.493312268446314 0.2500000000000009
-9.466720257733401 0.23620119440382226
-9.459861421388277 0.23214285714285765
-9.456642175376073 0.23010013635335813
-9.446428571428577 0.22520315176484207
-9.427890962440436 0.2142857142857153
-9.41087087763976 0.2035401101863359
-9.363501103368696 0.1798430778165958
-9.361316136144783 0.17857142857142883
-9.360302536119677 0.17793949277606558
-9.357142857142861 0.176453092787213
-9.329905028259487 0.16071428571428648
-9.311685516896478 0.15194861090642053
-9.310645234737368 0.15141476123318842
-9.296576532903629 0.14285714285714324
-9.267857142857148 0.1285131814810878
-9.263538145019051 0.12586379956761906
-9.257469150346001 0.122922401497771
-9.22938536911833 0.10714285714285765
-9.216697388208567 0.09951766521543082
-9.194066635958004 0.08928571428571441
-9.189400601572014 0.08711987968559853
-9.178571428571434 0.08179531347026892
-9.164522148700714 0.07423842740271525
-9.159656377163278 0.07142857142857117
-9.145994393475968 0.06491316440947781
-9.115803454067704 0.04826788061503162
-9.089285714285719 0.036795960507141956
-9.087249988822219 0.03571428571428559
-9.08559532283825 0.03497620742479146
-9.062620713760005 0.023190142962285165
-9.052847933830575 0.01785714285714235
-9.036302117390791 0.01059671937898532
-9.023478052751368 0.0046956105502724554
-9.014671790089407 0.