-8.62819639018763 0.
-8.632245935118751 0.002122241547679593
-8.64285714285715 0.007386873196132626
-8.666260483138048 0.01785714285714235
-8.687513953468432 0.026782923592028496
-8.703420913507687 0.03571428571428559
-8.732142857142863 0.050846361169832655
-8.736475671991245 0.05270486560175236
-8.737989334256323 0.053571428571428825
-8.741459441388406 0.05543474542053772
-8.775177320413219 0.07142857142857117
-8.789525077687221 0.07780927017684203
-8.808915000486602 0.08928571428571441
-8.821428571428577 0.09622676200216862
-8.837084077426605 0.10401175594325185
-8.843762386609818 0.10714285714285765
-8.855080540569162 0.11387325097097456
-8.861326497555257 0.11702041477466363
-8.878158200259533 0.125
-8.88626435515765 0.12988998611132807
-8.908819261887261 0.14247813809173682
-8.909610821436322 0.14285714285714324
-8.910714285714292 0.14349234818742396
-8.93646975966241 0.15556319092466264
-8.944760669046392 0.16071428571428648
-8.962618463648777 0.17109512130118354
-8.977265066504904 0.17857142857142883
-8.983977450196498 0.18177593853213025
-9.000000000000005 0.19145395282436706
-9.032432377164866 0.20779923885274254
-9.042623005813617 0.2142857142857153
-9.053799337135263 0.2213829897158064
-9.06338254899168 0.2269622240840503
-9.073829038577252 0.23214285714285765
-9.077511675741063 0.2344976648517889
-9.089285714285719 0.24139109144252568
-9.10570518602115 0.2500000000000009
-9.126837692047927 0.26034674730470275
-9.162783854702457 0.2825567709404915
-9.168753824516212 0.2857142857142865
-9.171065397801069 0.28721549186835915
-9.178571428571434 0.2916654955016158
-9.201005950605513 0.3035714285714288
-9.210937009932485 0.3100445448436382
-9.217545386911853 0.31363377976048756
-9.232992973214893 0.32142857142857206
-9.241160279192192 0.3267679441615634
-9.259288277985513 0.33757194131138846
-9.262678096197048 0.3392857142857153
-9.263889145969907 0.34007931366316324
-9.267857142857148 0.342448553214326
-9.2953550572082 0.35714285714285765
-9.313060868480855 0.3659592548752588
-9.326816427179711 0.3750000000000009
-9.355422414071016 0.3925130542427757
-9.356064835084874 0.3928571428571441
-9.356373391551363 0.3930110359754435
-9.357142857142861 0.39351753187055305
-9.389230964963007 0.4107142857142865
-9.40559936518965 0.41888012696207166
-9.420318898528073 0.4285714285714297
-9.446428571428577 0.44456858620855577
-9.449090128549136 0.4458962600044609
-9.44989869757185 0.44642857142857295
-9.45158141585134 0.44745914031312584
-9.482986051137477 0.4642857142857153
-9.498088070862789 0.4718109572560154
-9.53571428571429 0.49538147992491854
-9.542100158284095 0.4987228254860403
-9.54489701154334 0.5000000000000018
-9.548099720082318 0.5024770868736077
-9.576879136329367 0.5178571428571441
-9.588136748243626 0.5252297932084193
-9.595991839438224 0.5299126536019312
-9.607469971681686 0.5357142857142874
-9.625000000000004 0.546389210786514
-9.634651943930994 0.5516410397852329
-9.638476121876401 0.5535714285714306
-9.644432298184984 0.5574578882084271
-9.658000281770653 0.564828515074443
-9.671094255279113 0.571428571428573
-9.681243368577205 0.5780370405702753
-9.693046224568521 0.5850378163422763
-9.701486947030967 0.5892857142857153
-9.714285714285719 0.5970361124922992
-9.728869101344351 0.6042261797311319
-9.73334795503846 0.6071428571428585
-9.742778081265556 0.6128413305388261
-9.776702330100601 0.6303738196941682
-9.7959489889432 0.6428571428571441
-9.803571428571434 0.647442532740186
-9.822811993091419 0.6568661728102905
-9.841346101721756 0.6682692203443521
-9.860939999702268 0.6785714285714306
-9.870225875046 0.6830976821336598
-9.892857142857148 0.6969544572267985
-9.928026774082296 0.7142857142857162
-9.940883004008086 0.7238908865159042
-9.956686125169163 0.7321428571428594
-9.962777507323281 0.7360159271067754
-9.982142857142861 0.7472690457197251
-9.98738517908006 0.7500000000000018
-10.012012044042216 0.7618833054772747
-10.021370662981973 0.767857142857145
-10.041428647007718 0.7797143008301166
-10.053001449793207 0.7857142857142883
-10.057440411921988 0.7885119176156055
-10.071428571428577 0.7968234153720628
-10.084208685651602 0.8035714285714306
-10.104915877937316 0.814731110126826
-10.11438062276771 0.8214285714285738
-10.132950553388136 0.8337329678204863
-10.14748341015297 0.8419318893979808
-10.16071428571429 0.8513071008939823
-10.170829766714386 0.8571428571428594
-10.192233748107485 0.8686961075213624
-10.201128994463382 0.8750000000000018
-10.218594485579823 0.8865760399731091
-10.229484678297663 0.892857142857145
-10.235035299947857 0.8958500828675744
-10.250000000000004 0.9059851254987539
-10.279575124557528 0.9226564036599259
-10.291822821067385 0.9285714285714306
-10.30440212247931 0.9394518530672915
-10.31653255816131 0.9464285714285738
-10.321494209487637 0.9499868723881901
-10.339285714285719 0.9614395039760719
-10.34424146691811 0.9642857142857171
-10.346163285653347 0.9656612285592425
-10.365374820938998 0.9769250358122035
-10.375067906326487 0.9821428571428594
-10.386775510404863 0.9905020407761729
-10.389356358526967 0.9921569859911088
-10.40395258872521 1.0000000000000027
-10.409351021725362 1.003844081369217
-10.428571428571432 1.0161402920534126
-10.431578291264106 1.017857142857146
-10.455138541623805 1.0304008631038135
-10.462731709290583 1.0357142857142883
-10.477837756988219 1.045567551397646
-10.499035793994887 1.0573356983438833
-10.517857142857146 1.0704369148204291
-10.519606919296331 1.0714285714285747
-10.543658255697006 1.084125491717745
-10.565975722745938 1.0989094302634754
-10.580588380733996 1.1071428571428603
-10.587918813107379 1.1109876659499562
-10.607142857142861 1.1236394864233246
-10.64365498638666 1.142857142857146
-10.655308392038837 1.1524902498363412
-10.670038913282749 1.1607142857142883
-10.675968797856333 1.164806240428737
-10.696428571428575 1.1775505714317118
-10.698262405713804 1.1785714285714315
-10.722636966827363 1.1911868923488171
-10.730325078635506 1.1964285714285747
-10.744266201734492 1.2059960974897574
-10.75817952236888 1.214285714285717
-10.763862411966251 1.2186560890353242
-10.782745490118794 1.2315490980237618
-10.783793728679008 1.2321428571428603
-10.785714285714288 1.2334880154625072
-10.807151547926564 1.2457125475575488
-10.81289677943661 1.2500000000000036
-10.823768230929025 1.2576107890429506
-10.849578275527618 1.2729414877516234
-10.866722786583802 1.2857142857142891
-10.875000000000004 1.2914943735412638
-10.889724076559506 1.3006266132595323
-10.894937590394761 1.3035714285714324
-10.90199387416876 1.3089702034051829
-10.910611694386917 1.3143062325511927
-10.923240341795985 1.3214285714285747
-10.931762290705494 1.327933256144619
-10.941903653375709 1.3348093021037162
-10.94985486577322 1.339285714285718
-10.964285714285717 1.349301609113354
-10.974534579110887 1.3550930841778275
-10.977305211447858 1.3571428571428612
-10.98196348473708 1.3606784112331338
-10.99519666398962 1.3688178100592223
-11.00622348609911 1.3750000000000036
-11.016124406506822 1.382489404412925
-11.022212908491596 1.3865854388411796
-11.033426666650916 1.3928571428571468
-11.05357142857143 1.4067181793138612
-11.058495441555559 1.4097294831174647
-11.060260867261253 1.41071428571429
-11.062690011737253 1.4125380023474543
-11.080241737800035 1.4232373667257114
-11.0898308797233 1.4285714285714324
-11.101021851651456 1.4369384868125703
-11.103431473738068 1.4385434376047597
-11.117648779592734 1.4464285714285747
-11.142857142857146 1.46358827581202
-11.143781861261262 1.4641007706048947
-11.144036522056936 1.464285714285718
-11.144530062044817 1.4646202981232523
-11.189706726963422 1.4906300831787487
-11.202707102723629 1.5000000000000036
-11.228050809475562 1.5170387333236866
-11.229450643280355 1.5178571428571468
-11.23017320198666 1.5182510738883872
-11.232142857142861 1.5196593158684273
-11.259723725580866 1.53571428571429
-11.276342290147657 1.5447315419704735
-11.313216282926302 1.5697861137281208
-11.316061623356363 1.5714285714285756
-11.31723035619057 1.5722682144761766
-11.321428571428575 1.5749710048445058
-11.346348049455408 1.5892857142857189
-11.356045012566673 1.5962090025133389
-11.361091966353923 1.5992101781577919
-11.375279286408363 1.6071428571428612
-11.382620569121713 1.6127616004613756
-11.396428055867583 1.622142754030663
-11.401493648045204 1.6250000000000044
-11.403407787008566 1.6264612997411492
-11.410714285714288 1.6314145795088058
-11.429674455379162 1.6428571428571477
-11.44806065313461 1.6532450122302258
-11.458164717988295 1.66071428571429
-11.477462975006045 1.6740640235726412
-11.484968682194108 1.6785714285714333
-11.488915222549831 1.6807883840614677
-11.500000000000004 1.6889383061023864
-11.512512857153983 1.6964285714285765
-11.53272376115341 1.7077409620550377
-11.541656843286425 1.7142857142857189
-11.551686957112679 1.7218054657203261
-11.557714760706231 1.7258286664269642
-11.569077830268863 1.7321428571428612
-11.573347419183348 1.7353305161633346
-11.589285714285717 1.7459307451352242
-11.596152889230371 1.7500000000000044
-11.618031391337112 1.7621080074468685
-11.64135561339225 1.7782711226784542
-11.65400738886064 1.78571428571429
-11.660566234588584 1.7893153245108593
-11.67857142857143 1.8022669657048196
-11.680798788965554 1.8035714285714333
-11.6816366548107 1.8041844738192871
-11.702503577004185 1.816642141742026
-11.711268131402834 1.8214285714285765
-11.72346356922207 1.8303072861555911
-11.723684693698283 1.830451224453947
-11.739919059411699 1.8392857142857189
-11.745964031385913 1.8436643365799652
-11.76626985332955 1.8568253992373425
-11.76685532547617 1.857142857142862
-11.767857142857146 1.857805728903977
-11.791133214389445 1.8703447856935442
-11.797724983837167 1.8750000000000036
-11.810771622697523 1.883582895968079
-11.826950240056002 1.892857142857146
-11.835179038526801 1.897249906580357
-11.85714285714286 1.9119211105756433
-11.879143143889305 1.9241713712221413
-11.885464791582281 1.9285714285714306
-11.89672086593093 1.9364870303290447
-11.899324957184051 1.9379921514203344
-11.915214850837812 1.946428571428573
-11.922155865330463 1.9512831126481949
-11.941148462005357 1.9632296924010726
-11.943145188692045 1.9642857142857153
-11.946428571428573 1.9663924004882363
-11.968231913538785 1.9777821887208153
-11.987476587908805 1.9903524604389036
-12.00480507289848 2.