1.e-10,1.e-6,0.002875636197362778
1.e-10,2.5118864315095823e-6,0.015752318689671207
1.e-10,6.30957344480193e-6,0.07918950213369512
1.e-10,0.00001584893192461114,0.3544094538513652
1.e-10,0.000039810717055349695,1.5062311447932568
1.e-10,0.0001,6.63500909610291
1.778279410038923e-10,1.e-6,0.005113742600923794
1.778279410038923e-10,2.5118864315095823e-6,0.02801219578283803
1.778279410038923e-10,6.30957344480193e-6,0.140822390280448
1.778279410038923e-10,0.00001584893192461114,0.6302081000148484
1.778279410038923e-10,0.000039810717055349695,2.6784552215380595
1.778279410038923e-10,0.0001,11.79883022775333
3.1622776601683795e-10,1.e-6,0.00909359477302392
3.1622776601683795e-10,2.5118864315095823e-6,0.04981214124573351
3.1622776601683795e-10,6.30957344480193e-6,0.2504279740530671
3.1622776601683795e-10,0.00001584893192461114,1.1207196674603637
3.1622776601683795e-10,0.000039810717055349695,4.763262502366307
3.1622776601683795e-10,0.0001,20.982420667198095
5.623413251903491e-10,1.e-6,0.01617096364044683
5.623413251903491e-10,2.5118864315095823e-6,0.08858141597080793
5.623413251903491e-10,6.30957344480193e-6,0.44531450501183456
5.623413251903491e-10,0.00001584893192461114,1.9930596604441493
5.623413251903491e-10,0.000039810717055349695,8.470030767867787
5.623413251903491e-10,0.0001,37.312200616729
1.e-9,1.e-6,0.028756329803576428
1.e-9,2.5118864315095823e-6,0.15752024851573393
1.e-9,6.30957344480193e-6,0.7919168684551614
1.e-9,0.00001584893192461114,3.5439659306736573
1.e-9,0.000039810717055349695,15.062565087176997
1.e-9,0.0001,66.35026732362036
1.7782794100389228e-9,1.e-6,0.05113667723456387
1.7782794100389228e-9,2.5118864315095823e-6,0.28011712043418346
1.7782794100389228e-9,6.30957344480193e-6,1.4083283267495736
1.7782794100389228e-9,0.00001584893192461114,6.302350195665005
1.7782794100389228e-9,0.000039810717055349695,26.786186549052804
1.7782794100389228e-9,0.0001,117.994500091656
3.1622776601683795e-9,1.e-6,0.09093538050517028
3.1622776601683795e-9,2.5118864315095823e-6,0.4981323887648028
3.1622776601683795e-9,6.30957344480193e-6,2.504281419205709
3.1622776601683795e-9,0.00001584893192461114,11.207140291598725
3.1622776601683795e-9,0.000039810717055349695,47.630999915453
3.1622776601683795e-9,0.0001,209.82193217022726
5.623413251903491e-9,1.e-6,0.1617095535006231
5.623413251903491e-9,2.5118864315095823e-6,0.8858130992362718
5.623413251903491e-9,6.30957344480193e-6,4.453283600424176
5.623413251903491e-9,0.00001584893192461114,19.929855994201418
5.623413251903491e-9,0.000039810717055349695,84.70173922208679
5.623413251903491e-9,0.0001,373.1211026956993
1.e-8,1.e-6,0.28756310412328
1.e-8,2.5118864315095823e-6,1.5752160713201293
1.e-8,6.30957344480193e-6,7.919318005348663
1.e-8,0.00001584893192461114,35.440247836456095
1.e-8,0.000039810717055349695,150.62899321194536
1.e-8,0.0001,663.5251683028919
1.7782794100389228e-8,1.e-6,0.511369526707726
1.7782794100389228e-8,2.5118864315095823e-6,2.801212219373828
1.7782794100389228e-8,6.30957344480193e-6,14.082135201521483
1.7782794100389228e-8,0.00001584893192461114,63.02377648125171
1.7782794100389228e-8,0.000039810717055349695,267.8386026865385
1.7782794100389228e-8,0.0001,1179.9072880742217
3.162277660168379e-8,1.e-6,0.909362303501142
3.162277660168379e-8,2.5118864315095823e-6,4.9812850995700915
3.162277660168379e-8,6.30957344480193e-6,25.0430257615413
3.162277660168379e-8,0.00001584893192461114,112.08043534311508
3.162277660168379e-8,0.000039810717055349695,476.3295523614815
3.162277660168379e-8,0.0001,2098.157365277877
5.6234132519034905e-8,1.e-6,1.6170896215324164
5.6234132519034905e-8,2.5118864315095823e-6,8.858015873356367
5.6234132519034905e-8,6.30957344480193e-6,44.53290420710498
5.6234132519034905e-8,0.00001584893192461114,199.29107623592446
5.6234132519034905e-8,0.000039810717055349695,846.9937187926503
5.6234132519034905e-8,0.0001,3731.2386453855056
1.e-7,1.e-6,2.875627250539683
1.e-7,2.5118864315095823e-6,15.752290235539034
1.e-7,6.30957344480193e-6,79.18868875908836
1.e-7,0.00001584893192461114,354.39386673519385
1.e-7,0.000039810717055349695,1506.1769650935057
1.e-7,0.0001,6634.911008313019
1.7782794100389227e-7,1.e-6,5.113681275976797
1.7782794100389227e-7,2.5118864315095823e-6,28.011737441994853
1.7782794100389227e-7,6.30957344480193e-6,140.82660400377952
1.7782794100389227e-7,0.00001584893192461114,630.2400079480445
1.7782794100389227e-7,0.000039810717055349695,2678.5020691091695
1.7782794100389227e-7,0.0001,11799.178078239276
3.162277660168379e-7,1.e-6,9.093535019561351
3.162277660168379e-7,2.5118864315095823e-6,49.81251887720708
3.162277660168379e-7,6.30957344480193e-6,250.42542644847111
3.162277660168379e-7,0.00001584893192461114,1120.7459270873323
3.162277660168379e-7,0.000039810717055349695,4763.224964329653
3.162277660168379e-7,0.0001,20981.3564184978
5.62341325190349e-7,1.e-6,16.17093717730546
5.62341325190349e-7,2.5118864315095823e-6,88.58186968918491
5.62341325190349e-7,6.30957344480193e-6,445.3464196801153
5.62341325190349e-7,0.00001584893192461114,1992.9371950295042
5.62341325190349e-7,0.000039810717055349695,8470.548333787885
5.62341325190349e-7,0.0001,37312.0217012413
1.e-6,1.e-6,28.756248809080716
1.e-6,2.5118864315095823e-6,157.52094905079593
1.e-6,6.30957344480193e-6,791.9136428873555
1.e-6,0.00001584893192461114,3543.9552812850056
1.e-6,0.000039810717055349695,15062.944330922519
1.e-6,0.0001,66351.44655176699
1.778279410038923e-6,1.e-6,51.13680141087949
1.778279410038923e-6,2.5118864315095823e-6,280.1214518331212
1.778279410038923e-6,6.30957344480193e-6,1408.2150770394246
1.778279410038923e-6,0.00001584893192461114,6302.295105467398
1.778279410038923e-6,0.000039810717055349695,26785.993390423988
1.778279410038923e-6,0.0001,117990.07617202301
3.162277660168379e-6,1.e-6,90.93572370586185
3.162277660168379e-6,2.5118864315095823e-6,498.1303003993536
3.162277660168379e-6,6.30957344480193e-6,2504.2656181580173
3.162277660168379e-6,0.00001584893192461114,11207.268551853052
3.162277660168379e-6,0.000039810717055349695,47630.87943170277
3.162277660168379e-6,0.0001,209815.60412668253
5.623413251903491e-6,1.e-6,161.7086579446655
5.623413251903491e-6,2.5118864315095823e-6,885.792186935809
5.623413251903491e-6,6.30957344480193e-6,4453.220978455261
5.623413251903491e-6,0.00001584893192461114,19929.354850215725
5.623413251903491e-6,0.000039810717055349695,84701.47722977375
5.623413251903491e-6,0.0001,373124.88680622895
0.00001,1.e-6,287.5623244786933
0.00001,2.5118864315095823e-6,1575.2097568004256
0.00001,6.30957344480193e-6,7918.947631487588
0.00001,0.00001584893192461114,35440.340918484944
0.00001,0.000039810717055349695,150624.7697113186
0.00001,0.0001,663495.9702595287
0.00001778279410038923,1.e-6,511.36076241180035
0.00001778279410038923,2.5118864315095823e-6,2801.1486517190533
0.00001778279410038923,6.30957344480193e-6,14082.240981614423
0.00001778279410038923,0.00001584893192461114,63023.639426940594
0.00001778279410038923,0.000039810717055349695,267850.4892597112
0.00001778279410038923,0.0001,1.1798992844337174e6
0.000031622776601683795,1.e-6,909.3357174692176
0.000031622776601683795,2.5118864315095823e-6,4981.142610572342
0.000031622776601683795,6.30957344480193e-6,25041.682843252103
0.000031622776601683795,0.00001584893192461114,112073.07938876966
0.000031622776601683795,0.000039810717055349695,476301.5156478447
0.000031622776601683795,0.0001,2.0981159861506163e6
0.00005623413251903491,1.e-6,1617.0450141916922
0.00005623413251903491,2.5118864315095823e-6,8857.943491906952
0.00005623413251903491,6.30957344480193e-6,44531.080574447886
0.00005623413251903491,0.00001584893192461114,199288.21151095
0.00005623413251903491,0.000039810717055349695,846970.8510994066
0.00005623413251903491,0.0001,3.731028767940025e6
0.0001,1.e-6,2875.455277487483
0.0001,2.5118864315095823e-6,15751.069432149778
0.0001,6.30957344480193e-6,79188.81881073004
0.0001,0.00001584893192461114,354388.30843078264
0.0001,0.000039810717055349695,1.5061417997030912e6
0.0001,0.0001,6.634507819755726e6
