1.e-14,1.e-6,2.4024276452001156e-6
1.e-14,2.5118864315095823e-6,0.000013429835244173812
1.e-14,6.30957344480193e-6,0.00007199772219145546
1.e-14,0.00001584893192461114,0.0003473637876890735
1.e-14,0.000039810717055349695,0.0015048988232580494
1.e-14,0.0001,0.006372329402883546
1.7782794100389227e-14,1.e-6,4.272192579235033e-6
1.7782794100389227e-14,2.5118864315095823e-6,0.000023881654207127392
1.7782794100389227e-14,6.30957344480193e-6,0.00012802656711324284
1.7782794100389227e-14,0.00001584893192461114,0.0006176756038287629
1.7782794100389227e-14,0.000039810717055349695,0.002676191018517406
1.7782794100389227e-14,0.0001,0.011331533341116256
3.1622776601683796e-14,1.e-6,7.597150557020769e-6
3.1622776601683796e-14,2.5118864315095823e-6,0.000042468528951241146
3.1622776601683796e-14,6.30957344480193e-6,0.00022766424435822084
3.1622776601683796e-14,0.00001584893192461114,0.001098495306846723
3.1622776601683796e-14,0.000039810717055349695,0.004758854472723636
3.1622776601683796e-14,0.0001,0.020150343055758413
5.6234132519034906e-14,1.e-6,0.00001350981181149352
5.6234132519034906e-14,2.5118864315095823e-6,0.00007552132246460394
5.6234132519034906e-14,6.30957344480193e-6,0.0004048622080780854
5.6234132519034906e-14,0.00001584893192461114,0.001953320354764825
5.6234132519034906e-14,0.000039810717055349695,0.00846267580414214
5.6234132519034906e-14,0.0001,0.03583383897125924
1.e-13,1.e-6,0.00002402425058574192
1.e-13,2.5118864315095823e-6,0.00013429795615526493
1.e-13,6.30957344480193e-6,0.0007199479942380367
1.e-13,0.00001584893192461114,0.003473510641117141
1.e-13,0.000039810717055349695,0.015048522064456749
1.e-13,0.0001,0.06372299903953628
1.7782794100389227e-13,1.e-6,0.00004272175596489027
1.7782794100389227e-13,2.5118864315095823e-6,0.00023881562305512656
1.7782794100389227e-13,6.30957344480193e-6,0.001280262767151975
1.7782794100389227e-13,0.00001584893192461114,0.006177065807202183
1.7782794100389227e-13,0.000039810717055349695,0.02676226595988566
1.7782794100389227e-13,0.0001,0.1133179135640508
3.162277660168379e-13,1.e-6,0.0000759711807019596
3.162277660168379e-13,2.5118864315095823e-6,0.00042469128239096867
3.162277660168379e-13,6.30957344480193e-6,0.0022766669651165072
3.162277660168379e-13,0.00001584893192461114,0.010984510669627206
3.162277660168379e-13,0.000039810717055349695,0.047592305386289495
3.162277660168379e-13,0.0001,0.20151495925858437
5.62341325190349e-13,1.e-6,0.00013509889230288834
5.62341325190349e-13,2.5118864315095823e-6,0.0007552175465360341
5.62341325190349e-13,6.30957344480193e-6,0.004048561937352394
5.62341325190349e-13,0.00001584893192461114,0.019533398000921468
5.62341325190349e-13,0.000039810717055349695,0.08462831724072178
5.62341325190349e-13,0.0001,0.35832985789213107
1.e-12,1.e-6,0.0002402429641743472
1.e-12,2.5118864315095823e-6,0.0013429793772422143
1.e-12,6.30957344480193e-6,0.007199361423539759
1.e-12,0.00001584893192461114,0.034734936690737434
1.e-12,0.000039810717055349695,0.1504881740710291
1.e-12,0.0001,0.6372160486205536
1.7782794100389228e-12,1.e-6,0.00042721867857062047
1.7782794100389228e-12,2.5118864315095823e-6,0.0023881915195125745
1.7782794100389228e-12,6.30957344480193e-6,0.012802646388335703
1.7782794100389228e-12,0.00001584893192461114,0.06176822567878629
1.7782794100389228e-12,0.000039810717055349695,0.2676269677233659
1.7782794100389228e-12,0.0001,1.1331919018055956
3.1622776601683794e-12,1.e-6,0.0007597171379026187
3.1622776601683794e-12,2.5118864315095823e-6,0.00424688442702008
3.1622776601683794e-12,6.30957344480193e-6,0.022766706613417318
3.1622776601683794e-12,0.00001584893192461114,0.10984240425821509
3.1622776601683794e-12,0.000039810717055349695,0.475883842153863
3.1622776601683794e-12,0.0001,2.015153369454586
5.6234132519034904e-12,1.e-6,0.0013509829028254899
5.6234132519034904e-12,2.5118864315095823e-6,0.0075521644328135264
5.6234132519034904e-12,6.30957344480193e-6,0.04048504909716708
5.6234132519034904e-12,0.00001584893192461114,0.19533525379155553
5.6234132519034904e-12,0.000039810717055349695,0.846301865281994
5.6234132519034904e-12,0.0001,3.583399067090557
1.e-11,1.e-6,0.0024024321891192974
1.e-11,2.5118864315095823e-6,0.013429818085369818
1.e-11,6.30957344480193e-6,0.07199421645820907
1.e-11,0.00001584893192461114,0.34735185806349506
1.e-11,0.000039810717055349695,1.504927375678113
1.e-11,0.0001,6.372268295065692
1.7782794100389227e-11,1.e-6,0.00427218775915596
1.7782794100389227e-11,2.5118864315095823e-6,0.023881905551383194
1.7782794100389227e-11,6.30957344480193e-6,0.12802623809664113
1.7782794100389227e-11,0.00001584893192461114,0.6176758604000748
1.7782794100389227e-11,0.000039810717055349695,2.676337214096339
1.7782794100389227e-11,0.0001,11.331514051820195
3.1622776601683794e-11,1.e-6,0.007597150277429111
3.1622776601683794e-11,2.5118864315095823e-6,0.04246873891679313
3.1622776601683794e-11,6.30957344480193e-6,0.22766605865967382
3.1622776601683794e-11,0.00001584893192461114,1.0984191375223176
3.1622776601683794e-11,0.000039810717055349695,4.758940500709261
3.1622776601683794e-11,0.0001,20.15059751848718
5.6234132519034906e-11,1.e-6,0.013509900299560045
5.6234132519034906e-11,2.5118864315095823e-6,0.07552191393891332
5.6234132519034906e-11,6.30957344480193e-6,0.40486389191257244
5.6234132519034906e-11,0.00001584893192461114,1.953284326283397
5.6234132519034906e-11,0.000039810717055349695,8.463110413485877
5.6234132519034906e-11,0.0001,35.83454558278821
1.e-10,1.e-6,0.02402421383875598
1.e-10,2.5118864315095823e-6,0.13429832276910697
1.e-10,6.30957344480193e-6,0.7199520747816041
1.e-10,0.00001584893192461114,3.473623491957228
1.e-10,0.000039810717055349695,15.049230528039699
1.e-10,0.0001,63.721702360846336
1.778279410038923e-10,1.e-6,0.04272170980468951
1.778279410038923e-10,2.5118864315095823e-6,0.23881734667700785
1.778279410038923e-10,6.30957344480193e-6,1.2802683552913614
1.778279410038923e-10,0.00001584893192461114,6.17688093773661
1.778279410038923e-10,0.000039810717055349695,26.76154505690819
1.778279410038923e-10,0.0001,113.31821469067768
3.1622776601683795e-10,1.e-6,0.07597133727589013
3.1622776601683795e-10,2.5118864315095823e-6,0.42469325756883497
3.1622776601683795e-10,6.30957344480193e-6,2.276644750588531
3.1622776601683795e-10,0.00001584893192461114,10.984068394800218
3.1622776601683795e-10,0.000039810717055349695,47.591763974546716
3.1622776601683795e-10,0.0001,201.50637956972955
5.623413251903491e-10,1.e-6,0.13509831115463447
5.623413251903491e-10,2.5118864315095823e-6,0.7552157867443899
5.623413251903491e-10,6.30957344480193e-6,4.0485894374631055
5.623413251903491e-10,0.00001584893192461114,19.53253890583247
5.623413251903491e-10,0.000039810717055349695,84.62535574681
5.623413251903491e-10,0.0001,358.3386968818011
1.e-9,1.e-6,0.2402419336885548
1.e-9,2.5118864315095823e-6,1.3429743322605148
1.e-9,6.30957344480193e-6,7.199479925100565
1.e-9,0.00001584893192461114,34.73488559315459
1.e-9,0.000039810717055349695,150.4956349637716
1.e-9,0.0001,637.2168758519073
