1.e-10,1.e-6,0.0026044465208457
1.e-10,2.5118864315095823e-6,0.014886036594035493
1.e-10,6.30957344480193e-6,0.08389034500106272
1.e-10,0.00001584893192461114,0.47082998181783403
1.e-10,0.000039810717055349695,2.5832260361467068
1.e-10,0.0001,13.056879833603386
1.778279410038923e-10,1.e-6,0.004631444654855461
1.778279410038923e-10,2.5118864315095823e-6,0.026471677728861213
1.778279410038923e-10,6.30957344480193e-6,0.1491804363634163
1.778279410038923e-10,0.00001584893192461114,0.837270497792419
1.778279410038923e-10,0.000039810717055349695,4.593714062420183
1.778279410038923e-10,0.0001,23.21906841889851
3.1622776601683795e-10,1.e-6,0.008235951129907975
3.1622776601683795e-10,2.5118864315095823e-6,0.0470738276619125
3.1622776601683795e-10,6.30957344480193e-6,0.2652840017282584
3.1622776601683795e-10,0.00001584893192461114,1.4888961836095407
3.1622776601683795e-10,0.000039810717055349695,8.168809138429367
3.1622776601683795e-10,0.0001,41.292074936292046
5.623413251903491e-10,1.e-6,0.014645895795509872
5.623413251903491e-10,2.5118864315095823e-6,0.08371078486208433
5.623413251903491e-10,6.30957344480193e-6,0.471750614893401
5.623413251903491e-10,0.00001584893192461114,2.647677231301739
5.623413251903491e-10,0.000039810717055349695,14.526572661893026
5.623413251903491e-10,0.0001,73.4265871931669
1.e-9,1.e-6,0.02604452249946222
1.e-9,2.5118864315095823e-6,0.14886026864631882
1.e-9,6.30957344480193e-6,0.838903064741666
1.e-9,0.00001584893192461114,4.70833150790995
1.e-9,0.000039810717055349695,25.831862450102435
1.e-9,0.0001,130.56904607952464
1.7782794100389228e-9,1.e-6,0.04631436421024071
1.7782794100389228e-9,2.5118864315095823e-6,0.2647166143067907
1.7782794100389228e-9,6.30957344480193e-6,1.4918071965760948
1.7782794100389228e-9,0.00001584893192461114,8.372689301331164
1.7782794100389228e-9,0.000039810717055349695,45.93674623750797
1.7782794100389228e-9,0.0001,232.19276331261472
3.1622776601683795e-9,1.e-6,0.08235964913477362
3.1622776601683795e-9,2.5118864315095823e-6,0.47074120656298074
3.1622776601683795e-9,6.30957344480193e-6,2.6528441012410564
3.1622776601683795e-9,0.00001584893192461114,14.888925622239869
3.1622776601683795e-9,0.000039810717055349695,81.68771179872046
3.1622776601683795e-9,0.0001,412.89685011641535
5.623413251903491e-9,1.e-6,0.1464579022269847
5.623413251903491e-9,2.5118864315095823e-6,0.8371042604378076
5.623413251903491e-9,6.30957344480193e-6,4.717501150581375
5.623413251903491e-9,0.00001584893192461114,26.476825476765697
5.623413251903491e-9,0.000039810717055349695,145.26705012515686
5.623413251903491e-9,0.0001,734.2415414350087
1.e-8,1.e-6,0.26044499948825395
1.e-8,2.5118864315095823e-6,1.488610054400445
1.e-8,6.30957344480193e-6,8.389056911052666
1.e-8,0.00001584893192461114,47.083494889678256
1.e-8,0.000039810717055349695,258.3231344564853
1.e-8,0.0001,1305.7090503195157
1.7782794100389228e-8,1.e-6,0.46314385636456606
1.7782794100389228e-8,2.5118864315095823e-6,2.6471753439481724
1.7782794100389228e-8,6.30957344480193e-6,14.918043076802414
1.7782794100389228e-8,0.00001584893192461114,83.72719519990541
1.7782794100389228e-8,0.000039810717055349695,459.3626066240092
1.7782794100389228e-8,0.0001,2321.8941820430964
3.162277660168379e-8,1.e-6,0.8235928564819298
3.162277660168379e-8,2.5118864315095823e-6,4.7073977366680015
3.162277660168379e-8,6.30957344480193e-6,26.52841766268883
3.162277660168379e-8,0.00001584893192461114,148.89010507412453
3.162277660168379e-8,0.000039810717055349695,816.8791089451057
3.162277660168379e-8,0.0001,4128.944362599689
5.6234132519034905e-8,1.e-6,1.4645881994991932
5.6234132519034905e-8,2.5118864315095823e-6,8.371097552254286
5.6234132519034905e-8,6.30957344480193e-6,47.175058233382885
5.6234132519034905e-8,0.00001584893192461114,264.7688830567574
5.6234132519034905e-8,0.000039810717055349695,1452.6438477503368
5.6234132519034905e-8,0.0001,7342.4367212834095
1.e-7,1.e-6,2.6044442120993128
1.e-7,2.5118864315095823e-6,14.886127373562818
1.e-7,6.30957344480193e-6,83.88987234234303
1.e-7,0.00001584893192461114,470.8307465126839
1.e-7,0.000039810717055349695,2583.2007533309697
1.e-7,0.0001,13057.264020140467
1.7782794100389227e-7,1.e-6,4.631435931153111
1.7782794100389227e-7,2.5118864315095823e-6,26.471604219615827
1.7782794100389227e-7,6.30957344480193e-6,149.18059729626736
1.7782794100389227e-7,0.00001584893192461114,837.2681055599007
1.7782794100389227e-7,0.000039810717055349695,4593.632677874308
1.7782794100389227e-7,0.0001,23218.577399439913
3.162277660168379e-7,1.e-6,8.235937984929995
3.162277660168379e-7,2.5118864315095823e-6,47.07404518889233
3.162277660168379e-7,6.30957344480193e-6,265.28201788779876
3.162277660168379e-7,0.00001584893192461114,1488.8993920483595
3.162277660168379e-7,0.000039810717055349695,8168.787074171493
3.162277660168379e-7,0.0001,41289.86268860132
5.62341325190349e-7,1.e-6,14.64590016529489
5.62341325190349e-7,2.5118864315095823e-6,83.71075299083321
5.62341325190349e-7,6.30957344480193e-6,471.75130189271135
5.62341325190349e-7,0.00001584893192461114,2647.671485479321
5.62341325190349e-7,0.000039810717055349695,14526.505657935246
5.62341325190349e-7,0.0001,73423.85324161926
1.e-6,1.e-6,26.04450541533909
1.e-6,2.5118864315095823e-6,148.860829600542
1.e-6,6.30957344480193e-6,838.9034668678886
1.e-6,0.00001584893192461114,4708.32219321149
1.e-6,0.000039810717055349695,25832.052895140478
1.e-6,0.0001,130571.95835976559
1.778279410038923e-6,1.e-6,46.314325134340095
1.778279410038923e-6,2.5118864315095823e-6,264.71665752045095
1.778279410038923e-6,6.30957344480193e-6,1491.8000541253093
1.778279410038923e-6,0.00001584893192461114,8372.722306089212
1.778279410038923e-6,0.000039810717055349695,45937.09749712369
1.778279410038923e-6,0.0001,232186.66374988167
3.162277660168379e-6,1.e-6,82.35977015817978
3.162277660168379e-6,2.5118864315095823e-6,470.73740142967085
3.162277660168379e-6,6.30957344480193e-6,2652.837132488462
3.162277660168379e-6,0.00001584893192461114,14889.000863403424
3.162277660168379e-6,0.000039810717055349695,81689.59929028645
3.162277660168379e-6,0.0001,412894.491847748
5.623413251903491e-6,1.e-6,146.4584228301957
5.623413251903491e-6,2.5118864315095823e-6,837.0985479875222
5.623413251903491e-6,6.30957344480193e-6,4717.494997308942
5.623413251903491e-6,0.00001584893192461114,26476.69375236142
5.623413251903491e-6,0.000039810717055349695,145263.77264846457
5.623413251903491e-6,0.0001,734234.0689953836
0.00001,1.e-6,260.4434345068386
0.00001,2.5118864315095823e-6,1488.6010126115004
0.00001,6.30957344480193e-6,8388.968810489396
0.00001,0.00001584893192461114,47082.55262461276
0.00001,0.000039810717055349695,258317.28643292934
0.00001,0.0001,1.3057639936150357e6
0.00001778279410038923,1.e-6,463.13555201821833
0.00001778279410038923,2.5118864315095823e-6,2647.137149101239
0.00001778279410038923,6.30957344480193e-6,14917.75551779485
0.00001778279410038923,0.00001584893192461114,83726.37035325456
0.00001778279410038923,0.000039810717055349695,459359.2347644348
0.00001778279410038923,0.0001,2.3218241584329596e6
0.000031622776601683795,1.e-6,823.5801465345384
0.000031622776601683795,2.5118864315095823e-6,4707.302086498616
0.000031622776601683795,6.30957344480193e-6,26527.738558723227
0.000031622776601683795,0.00001584893192461114,148887.3027697192
0.000031622776601683795,0.000039810717055349695,816867.6353747258
0.000031622776601683795,0.0001,4.1290667309377277e6
0.00005623413251903491,1.e-6,1464.5367093936293
0.00005623413251903491,2.5118864315095823e-6,8370.767029502616
0.00005623413251903491,6.30957344480193e-6,47173.40698905006
0.00005623413251903491,0.00001584893192461114,264759.901204907
0.00005623413251903491,0.000039810717055349695,1.4525694977459959e6
0.00005623413251903491,0.0001,7.342155924845904e6
0.0001,1.e-6,2604.2754785834763
0.0001,2.5118864315095823e-6,14885.123875797599
0.0001,6.30957344480193e-6,83884.55631476763
0.0001,0.00001584893192461114,470803.81644968037
0.0001,0.000039810717055349695,2.5830434429565724e6
0.0001,0.0001,1.3056093234556247e7
