1.e-10,1.e-6,0.000049086924145296635
1.e-10,2.5118864315095823e-6,0.0002838438836491042
1.e-10,6.30957344480193e-6,0.00163239421727316
1.e-10,0.00001584893192461114,0.008992924263579425
1.e-10,0.000039810717055349695,0.04513504709880775
1.e-10,0.0001,0.21063794415561754
1.778279410038923e-10,1.e-6,0.00008729034502170036
1.778279410038923e-10,2.5118864315095823e-6,0.000504751802361694
1.778279410038923e-10,6.30957344480193e-6,0.002902845521893123
1.778279410038923e-10,0.00001584893192461114,0.01599163768200643
1.778279410038923e-10,0.000039810717055349695,0.08026228817158346
1.778279410038923e-10,0.0001,0.3745997300235566
3.1622776601683795e-10,1.e-6,0.0001552256877094378
3.1622776601683795e-10,2.5118864315095823e-6,0.000897590303503058
3.1622776601683795e-10,6.30957344480193e-6,0.005162082718444697
3.1622776601683795e-10,0.00001584893192461114,0.028437843882916425
3.1622776601683795e-10,0.000039810717055349695,0.14273471098045407
3.1622776601683795e-10,0.0001,0.6661560522634736
5.623413251903491e-10,1.e-6,0.00027603593277042107
5.623413251903491e-10,2.5118864315095823e-6,0.0015961689428884934
5.623413251903491e-10,6.30957344480193e-6,0.009179643473025747
5.623413251903491e-10,0.00001584893192461114,0.05057012053533505
5.623413251903491e-10,0.000039810717055349695,0.2538079194082438
5.623413251903491e-10,0.0001,1.1845875788297568
1.e-9,1.e-6,0.0004908703279946658
1.e-9,2.5118864315095823e-6,0.002838427514194911
1.e-9,6.30957344480193e-6,0.016323840504179763
1.e-9,0.00001584893192461114,0.08992738192918671
1.e-9,0.000039810717055349695,0.4513579348005966
1.e-9,0.0001,2.1065515381520887
1.7782794100389228e-9,1.e-6,0.0008728970759931869
1.7782794100389228e-9,2.5118864315095823e-6,0.005047513975905404
1.7782794100389228e-9,6.30957344480193e-6,0.029028811889208375
1.7782794100389228e-9,0.00001584893192461114,0.1599172367943784
1.7782794100389228e-9,0.000039810717055349695,0.8026166641703241
1.7782794100389228e-9,0.0001,3.745955615399144
3.1622776601683795e-9,1.e-6,0.0015522582998748749
3.1622776601683795e-9,2.5118864315095823e-6,0.008975927621658704
3.1622776601683795e-9,6.30957344480193e-6,0.051620764082982384
3.1622776601683795e-9,0.00001584893192461114,0.28438175790460984
3.1622776601683795e-9,0.000039810717055349695,1.427248950205466
3.1622776601683795e-9,0.0001,6.661443391068583
5.623413251903491e-9,1.e-6,0.00276034859903834
5.623413251903491e-9,2.5118864315095823e-6,0.015961717615753285
5.623413251903491e-9,6.30957344480193e-6,0.09179667474112858
5.623413251903491e-9,0.00001584893192461114,0.5057258163680663
5.623413251903491e-9,0.000039810717055349695,2.538082169706383
5.623413251903491e-9,0.0001,11.84567033407717
1.e-8,1.e-6,0.004908709711898855
1.e-8,2.5118864315095823e-6,0.028384217211612224
1.e-8,6.30957344480193e-6,0.16323867319117702
1.e-8,0.00001584893192461114,0.8993012141695804
1.e-8,0.000039810717055349695,4.513545248087969
1.e-8,0.0001,21.065574666054193
1.7782794100389228e-8,1.e-6,0.008729045966927904
1.7782794100389228e-8,2.5118864315095823e-6,0.0504752017606681
1.7782794100389228e-8,6.30957344480193e-6,0.29028698851846324
1.7782794100389228e-8,0.00001584893192461114,1.5991999773118553
1.7782794100389228e-8,0.000039810717055349695,8.02648032103286
1.7782794100389228e-8,0.0001,37.461816198501054
3.162277660168379e-8,1.e-6,0.015522679488880217
3.162277660168379e-8,2.5118864315095823e-6,0.08975893384798667
3.162277660168379e-8,6.30957344480193e-6,0.5162067175345222
3.162277660168379e-8,0.00001584893192461114,2.843801587921673
3.162277660168379e-8,0.000039810717055349695,14.272832618746554
3.162277660168379e-8,0.0001,66.61527859586603
5.6234132519034905e-8,1.e-6,0.027603617729083967
5.6234132519034905e-8,2.5118864315095823e-6,0.15961738729094574
5.6234132519034905e-8,6.30957344480193e-6,0.9179629684825005
5.6234132519034905e-8,0.00001584893192461114,5.057017582537533
5.6234132519034905e-8,0.000039810717055349695,25.38070949772908
5.6234132519034905e-8,0.0001,118.45452237843479
1.e-7,1.e-6,0.04908659611736154
1.e-7,2.5118864315095823e-6,0.283843691374175
1.e-7,6.30957344480193e-6,1.6324006168428014
1.e-7,0.00001584893192461114,8.9929196901879
1.e-7,0.000039810717055349695,45.13556144613002
1.e-7,0.0001,210.65161950140694
1.7782794100389227e-7,1.e-6,0.08729028384962974
1.7782794100389227e-7,2.5118864315095823e-6,0.5047533675584449
1.7782794100389227e-7,6.30957344480193e-6,2.902862034717792
1.7782794100389227e-7,0.00001584893192461114,15.99178832875739
1.7782794100389227e-7,0.000039810717055349695,80.26564031331185
1.7782794100389227e-7,0.0001,374.5887899990229
3.162277660168379e-7,1.e-6,0.15522658629116068
3.162277660168379e-7,2.5118864315095823e-6,0.8975878127866146
3.162277660168379e-7,6.30957344480193e-6,5.16214357549695
3.162277660168379e-7,0.00001584893192461114,28.43780680190666
3.162277660168379e-7,0.000039810717055349695,142.72802360336314
3.162277660168379e-7,0.0001,666.1134101035786
5.62341325190349e-7,1.e-6,0.27603474220639784
5.62341325190349e-7,2.5118864315095823e-6,1.5961606688877747
5.62341325190349e-7,6.30957344480193e-6,9.179637612293373
5.62341325190349e-7,0.00001584893192461114,50.57073622540229
5.62341325190349e-7,0.000039810717055349695,253.80259119286248
5.62341325190349e-7,0.0001,1184.5849448642355
1.e-6,1.e-6,0.49086841379690044
1.e-6,2.5118864315095823e-6,2.8384291237734445
1.e-6,6.30957344480193e-6,16.323977228866763
1.e-6,0.00001584893192461114,89.9292327016333
1.e-6,0.000039810717055349695,451.3470918118692
1.e-6,0.0001,2106.4045244233685
1.778279410038923e-6,1.e-6,0.8729021333385658
1.778279410038923e-6,2.5118864315095823e-6,5.047544301486004
1.778279410038923e-6,6.30957344480193e-6,29.028740938100828
1.778279410038923e-6,0.00001584893192461114,159.91909988369278
1.778279410038923e-6,0.000039810717055349695,802.6312561958242
1.778279410038923e-6,0.0001,3745.878432194213
3.162277660168379e-6,1.e-6,1.552255072916657
3.162277660168379e-6,2.5118864315095823e-6,8.975882856110264
3.162277660168379e-6,6.30957344480193e-6,51.6209535462389
3.162277660168379e-6,0.00001584893192461114,284.3771956084182
3.162277660168379e-6,0.000039810717055349695,1427.3592262618301
3.162277660168379e-6,0.0001,6661.253557815471
5.623413251903491e-6,1.e-6,2.760338196530342
5.623413251903491e-6,2.5118864315095823e-6,15.961612171491044
5.623413251903491e-6,6.30957344480193e-6,91.79724595939624
5.623413251903491e-6,0.00001584893192461114,505.69579221585934
5.623413251903491e-6,0.000039810717055349695,2538.089770803372
5.623413251903491e-6,0.0001,11845.437714647098
0.00001,1.e-6,4.908640518313034
0.00001,2.5118864315095823e-6,28.384226366542116
0.00001,6.30957344480193e-6,163.2398200797053
0.00001,0.00001584893192461114,899.2861231665102
0.00001,0.000039810717055349695,4513.347408777778
0.00001,0.0001,21065.128283734888
0.00001778279410038923,1.e-6,8.728927990641944
0.00001778279410038923,2.5118864315095823e-6,50.474749927171416
0.00001778279410038923,6.30957344480193e-6,290.2824328463494
0.00001778279410038923,0.00001584893192461114,1599.1587502025707
0.00001778279410038923,0.000039810717055349695,8026.659873995203
0.00001778279410038923,0.0001,37459.25330644265
0.000031622776601683795,1.e-6,15.522249667603738
0.000031622776601683795,2.5118864315095823e-6,89.75767930422175
0.000031622776601683795,6.30957344480193e-6,516.1959380707035
0.000031622776601683795,0.00001584893192461114,2843.696390427498
0.000031622776601683795,0.000039810717055349695,14272.25166381344
0.000031622776601683795,0.0001,66612.43621169038
0.00005623413251903491,1.e-6,27.60260853231726
0.00005623413251903491,2.5118864315095823e-6,159.61050424820868
0.00005623413251903491,6.30957344480193e-6,917.9349232459873
0.00005623413251903491,0.00001584893192461114,5057.025785511993
0.00005623413251903491,0.000039810717055349695,25379.768208868754
0.00005623413251903491,0.0001,118450.97217908461
0.0001,1.e-6,49.08384891035215
0.0001,2.5118864315095823e-6,283.82635535754906
0.0001,6.30957344480193e-6,1632.3072254783815
0.0001,0.00001584893192461114,8992.07973783534
0.0001,0.000039810717055349695,45131.77119478404
0.0001,0.0001,210645.31496342202
