1.e-14,1.e-6,4.765450133429353e-7
1.e-14,2.5118864315095823e-6,2.675043894974144e-6
1.e-14,6.30957344480193e-6,0.000014670899192253226
1.e-14,0.00001584893192461114,0.00007406265572334518
1.e-14,0.000039810717055349695,0.00033211911277622317
1.e-14,0.0001,0.0014047744364713219
1.7782794100389227e-14,1.e-6,8.474308508542738e-7
1.7782794100389227e-14,2.5118864315095823e-6,4.757000478308518e-6
1.7782794100389227e-14,6.30957344480193e-6,0.00002608866963142422
1.7782794100389227e-14,0.00001584893192461114,0.00013170159714244296
1.7782794100389227e-14,0.000039810717055349695,0.0005906206122204166
1.7782794100389227e-14,0.0001,0.00249794144413818
3.1622776601683796e-14,1.e-6,1.5069630706916846e-6
3.1622776601683796e-14,2.5118864315095823e-6,8.459172027746167e-6
3.1622776601683796e-14,6.30957344480193e-6,0.000046392972896216896
3.1622776601683796e-14,0.00001584893192461114,0.00023419572325834512
3.1622776601683796e-14,0.000039810717055349695,0.0010502270728080195
3.1622776601683796e-14,0.0001,0.004441960366845328
5.6234132519034906e-14,1.e-6,2.679814124476741e-6
5.6234132519034906e-14,2.5118864315095823e-6,0.000015042910271248219
5.6234132519034906e-14,6.30957344480193e-6,0.00008250008416539807
5.6234132519034906e-14,0.00001584893192461114,0.00041646850791287205
5.6234132519034906e-14,0.000039810717055349695,0.0018676372533242048
5.6234132519034906e-14,0.0001,0.007898915659500308
1.e-13,1.e-6,4.765451892876099e-6
1.e-13,2.5118864315095823e-6,0.00002675036873447867
1.e-13,6.30957344480193e-6,0.00014671007955583288
1.e-13,0.00001584893192461114,0.0007406047011648266
1.e-13,0.000039810717055349695,0.003321264059944406
1.e-13,0.0001,0.01404650947977676
1.7782794100389227e-13,1.e-6,8.474306434958199e-6
1.7782794100389227e-13,2.5118864315095823e-6,0.00004756985305344284
1.7782794100389227e-13,6.30957344480193e-6,0.000260882787833684
1.7782794100389227e-13,0.00001584893192461114,0.001317038666419806
1.7782794100389227e-13,0.000039810717055349695,0.00590571688036869
1.7782794100389227e-13,0.0001,0.024979425235840697
3.162277660168379e-13,1.e-6,0.000015069575783836831
3.162277660168379e-13,2.5118864315095823e-6,0.00008459214999782642
3.162277660168379e-13,6.30957344480193e-6,0.000463929957990849
3.162277660168379e-13,0.00001584893192461114,0.0023419916289351282
3.162277660168379e-13,0.000039810717055349695,0.01050241098413159
3.162277660168379e-13,0.0001,0.04441795386372461
5.62341325190349e-13,1.e-6,0.000026797964967960278
5.62341325190349e-13,2.5118864315095823e-6,0.00015042911645816076
5.62341325190349e-13,6.30957344480193e-6,0.0008249891497040533
5.62341325190349e-13,0.00001584893192461114,0.004164686226203251
5.62341325190349e-13,0.000039810717055349695,0.01867585918811813
5.62341325190349e-13,0.0001,0.07899318241500039
1.e-12,1.e-6,0.00004765447155450804
1.e-12,2.5118864315095823e-6,0.0002675056836105149
1.e-12,6.30957344480193e-6,0.0014670696257604564
1.e-12,0.00001584893192461114,0.007405909427172314
1.e-12,0.000039810717055349695,0.03321167500860043
1.e-12,0.0001,0.14046441290250503
1.7782794100389228e-12,1.e-6,0.00008474251179971781
1.7782794100389228e-12,2.5118864315095823e-6,0.00047569808697892925
1.7782794100389228e-12,6.30957344480193e-6,0.002608880103518642
1.7782794100389228e-12,0.00001584893192461114,0.013170318315571378
1.7782794100389228e-12,0.000039810717055349695,0.0590590061250333
1.7782794100389228e-12,0.0001,0.24978509654250045
3.1622776601683794e-12,1.e-6,0.00015069657809661091
3.1622776601683794e-12,2.5118864315095823e-6,0.0008459225085174573
3.1622776601683794e-12,6.30957344480193e-6,0.0046392163225026295
3.1622776601683794e-12,0.00001584893192461114,0.02341974519588829
3.1622776601683794e-12,0.000039810717055349695,0.1050244409863268
3.1622776601683794e-12,0.0001,0.44419728010020915
5.6234132519034904e-12,1.e-6,0.0002679810066696718
5.6234132519034904e-12,2.5118864315095823e-6,0.0015042960711908538
5.6234132519034904e-12,6.30957344480193e-6,0.00825008433032357
5.6234132519034904e-12,0.00001584893192461114,0.04164737801681945
5.6234132519034904e-12,0.000039810717055349695,0.18676317458445268
5.6234132519034904e-12,0.0001,0.7898956356426095
1.e-11,1.e-6,0.00047654320676543106
1.e-11,2.5118864315095823e-6,0.002675065404932307
1.e-11,6.30957344480193e-6,0.014670509553655968
1.e-11,0.00001584893192461114,0.07406000251711758
1.e-11,0.000039810717055349695,0.3321074422773035
1.e-11,0.0001,1.4046606734930003
1.7782794100389227e-11,1.e-6,0.0008474317339838989
1.7782794100389227e-11,2.5118864315095823e-6,0.004756994484910231
1.7782794100389227e-11,6.30957344480193e-6,0.0260890239122855
1.7782794100389227e-11,0.00001584893192461114,0.13170284896162404
1.7782794100389227e-11,0.000039810717055349695,0.5905983931979026
1.7782794100389227e-11,0.0001,2.49785672701767
3.1622776601683794e-11,1.e-6,0.0015069619024545696
3.1622776601683794e-11,2.5118864315095823e-6,0.008459215346908784
3.1622776601683794e-11,6.30957344480193e-6,0.04639353948072755
3.1622776601683794e-11,0.00001584893192461114,0.23420720795773717
3.1622776601683794e-11,0.000039810717055349695,1.0502520105694448
3.1622776601683794e-11,0.0001,4.441808411494415
5.6234132519034906e-11,1.e-6,0.002679807963859329
5.6234132519034906e-11,2.5118864315095823e-6,0.015043007049321785
5.6234132519034906e-11,6.30957344480193e-6,0.08250059785129192
5.6234132519034906e-11,0.00001584893192461114,0.4164697901378511
5.6234132519034906e-11,0.000039810717055349695,1.8675968612851266
5.6234132519034906e-11,0.0001,7.898989697570547
1.e-10,1.e-6,0.004765437342345367
1.e-10,2.5118864315095823e-6,0.02675038627583398
1.e-10,6.30957344480193e-6,0.1467080737107709
1.e-10,0.00001584893192461114,0.7406056797518844
1.e-10,0.000039810717055349695,3.321121213385104
1.e-10,0.0001,14.046701583101795
1.778279410038923e-10,1.e-6,0.008474260229130524
1.778279410038923e-10,2.5118864315095823e-6,0.04757005823380671
1.778279410038923e-10,6.30957344480193e-6,0.2608820539304045
1.778279410038923e-10,0.00001584893192461114,1.3170206576833496
1.778279410038923e-10,0.000039810717055349695,5.906017519337755
1.778279410038923e-10,0.0001,24.9793444748744
3.1622776601683795e-10,1.e-6,0.015069651018013434
3.1622776601683795e-10,2.5118864315095823e-6,0.08459188524402426
3.1622776601683795e-10,6.30957344480193e-6,0.46393776248915386
3.1622776601683795e-10,0.00001584893192461114,2.341985579260258
3.1622776601683795e-10,0.000039810717055349695,10.502371035826043
3.1622776601683795e-10,0.0001,44.41878443748213
5.623413251903491e-10,1.e-6,0.02679814141058777
5.623413251903491e-10,2.5118864315095823e-6,0.15042936574901744
5.623413251903491e-10,6.30957344480193e-6,0.8249969237996757
5.623413251903491e-10,0.00001584893192461114,4.164613179714102
5.623413251903491e-10,0.000039810717055349695,18.675525082845994
5.623413251903491e-10,0.0001,78.99103062434975
1.e-9,1.e-6,0.0476543892501158
1.e-9,2.5118864315095823e-6,0.2675034379609844
1.e-9,6.30957344480193e-6,1.4671013708855607
1.e-9,0.00001584893192461114,7.406084294902216
1.e-9,0.000039810717055349695,33.212103109285565
1.e-9,0.0001,140.46454192709854
1.7782794100389228e-9,1.e-6,0.08474290520008533
1.7782794100389228e-9,2.5118864315095823e-6,0.47569935167668487
1.7782794100389228e-9,6.30957344480193e-6,2.6089379564530932
1.7782794100389228e-9,0.00001584893192461114,13.170077634133843
1.7782794100389228e-9,0.000039810717055349695,59.06008280081644
1.7782794100389228e-9,0.0001,249.7937744773992
3.1622776601683795e-9,1.e-6,0.1506960550728773
3.1622776601683795e-9,2.5118864315095823e-6,0.8459188043092299
3.1622776601683795e-9,6.30957344480193e-6,4.63936898180848
3.1622776601683795e-9,0.00001584893192461114,23.420460049135922
3.1622776601683795e-9,0.000039810717055349695,105.02136534441331
3.1622776601683795e-9,0.0001,444.1810365815319
5.623413251903491e-9,1.e-6,0.2679800380474498
5.623413251903491e-9,2.5118864315095823e-6,1.5042866419620948
5.623413251903491e-9,6.30957344480193e-6,8.25004116348007
5.623413251903491e-9,0.00001584893192461114,41.64711015185881
5.623413251903491e-9,0.000039810717055349695,186.7651950462734
5.623413251903491e-9,0.0001,789.9153489463284
1.e-8,1.e-6,0.4765444394837294
1.e-8,2.5118864315095823e-6,2.67505654990514
1.e-8,6.30957344480193e-6,14.670918102845075
1.e-8,0.00001584893192461114,74.0615384332014
1.e-8,0.000039810717055349695,332.1108215675233
1.e-8,0.0001,1404.6736828496373
1.7782794100389228e-8,1.e-6,0.847429669384348
1.7782794100389228e-8,2.5118864315095823e-6,4.756970726683447
1.7782794100389228e-8,6.30957344480193e-6,26.088696089195807
1.7782794100389228e-8,0.00001584893192461114,131.70339526457403
1.7782794100389228e-8,0.000039810717055349695,590.5964224342578
1.7782794100389228e-8,0.0001,2497.8976198961295
3.162277660168379e-8,1.e-6,1.5069635363669607
3.162277660168379e-8,2.5118864315095823e-6,8.459224203667702
3.162277660168379e-8,6.30957344480193e-6,46.393042796800515
3.162277660168379e-8,0.00001584893192461114,234.20155135301897
3.162277660168379e-8,0.000039810717055349695,1050.1938005541601
3.162277660168379e-8,0.0001,4441.955071413049
5.6234132519034905e-8,1.e-6,2.6797961222519904
5.6234132519034905e-8,2.5118864315095823e-6,15.043025826409217
5.6234132519034905e-8,6.30957344480193e-6,82.49922073726685
5.6234132519034905e-8,0.00001584893192461114,416.46069066662335
5.6234132519034905e-8,0.000039810717055349695,1867.5769514323122
5.6234132519034905e-8,0.0001,7898.910204526266
1.e-7,1.e-6,4.765460394566107
1.e-7,2.5118864315095823e-6,26.750407533595112
1.e-7,6.30957344480193e-6,146.70825740194718
1.e-7,0.00001584893192461114,740.5962290957519
1.e-7,0.000039810717055349695,3321.1641000752156
1.e-7,0.0001,14047.03389720699
1.7782794100389227e-7,1.e-6,8.47428102410889
1.7782794100389227e-7,2.5118864315095823e-6,47.56971796713972
1.7782794100389227e-7,6.30957344480193e-6,260.8854014804968
1.7782794100389227e-7,0.00001584893192461114,1316.992722146177
1.7782794100389227e-7,0.000039810717055349695,5906.072013288644
1.7782794100389227e-7,0.0001,24979.46783927793
3.162277660168379e-7,1.e-6,15.069673316048059
3.162277660168379e-7,2.5118864315095823e-6,84.5921306009395
3.162277660168379e-7,6.30957344480193e-6,463.93394521312104
3.162277660168379e-7,0.00001584893192461114,2341.935323060586
3.162277660168379e-7,0.000039810717055349695,10502.112162036468
3.162277660168379e-7,0.0001,44418.7969074425
5.62341325190349e-7,1.e-6,26.798127997228438
5.62341325190349e-7,2.5118864315095823e-6,150.4286663585392
5.62341325190349e-7,6.30957344480193e-6,824.9852348317999
5.62341325190349e-7,0.00001584893192461114,4164.672477290248
5.62341325190349e-7,0.000039810717055349695,18677.08624867453
5.62341325190349e-7,0.0001,78990.05323819493
1.e-6,1.e-6,47.65451519963355
1.e-6,2.5118864315095823e-6,267.50657339208396
1.e-6,6.30957344480193e-6,1467.0938194885414
1.e-6,0.00001584893192461114,7406.173274017544
1.e-6,0.000039810717055349695,33211.730158733495
1.e-6,0.0001,140470.0514156166
