1.e-14,1.e-6,2.711236255825417e-8
1.e-14,2.5118864315095823e-6,1.5338976805066745e-7
1.e-14,6.30957344480193e-6,8.640731569349414e-7
1.e-14,0.00001584893192461114,4.795749321909251e-6
1.e-14,0.000039810717055349695,0.000024889063662901846
1.e-14,0.0001,0.00011502890911935475
1.7782794100389227e-14,1.e-6,4.821335909416453e-8
1.7782794100389227e-14,2.5118864315095823e-6,2.7277091073187177e-7
1.7782794100389227e-14,6.30957344480193e-6,1.536562499234131e-6
1.7782794100389227e-14,0.00001584893192461114,8.528184978600273e-6
1.7782794100389227e-14,0.000039810717055349695,0.000044259696529628114
1.7782794100389227e-14,0.0001,0.00020455623135767303
3.1622776601683796e-14,1.e-6,8.573670428759644e-8
3.1622776601683796e-14,2.5118864315095823e-6,4.850613160539073e-7
3.1622776601683796e-14,6.30957344480193e-6,2.732427057341373e-6
3.1622776601683796e-14,0.00001584893192461114,0.000015165445709340158
3.1622776601683796e-14,0.000039810717055349695,0.00007870563293781213
3.1622776601683796e-14,0.0001,0.0003637529978494319
5.6234132519034906e-14,1.e-6,1.5246303327098465e-7
5.6234132519034906e-14,2.5118864315095823e-6,8.625736292970897e-7
5.6234132519034906e-14,6.30957344480193e-6,4.859062322398336e-6
5.6234132519034906e-14,0.00001584893192461114,0.000026968426119877604
5.6234132519034906e-14,0.000039810717055349695,0.0001399635044783906
5.6234132519034906e-14,0.0001,0.000646876969767451
1.e-13,1.e-6,2.7112370609882027e-7
1.e-13,2.5118864315095823e-6,1.5338870384261836e-6
1.e-13,6.30957344480193e-6,8.64070867911673e-6
1.e-13,0.00001584893192461114,0.000047957740533028604
1.e-13,0.000039810717055349695,0.0002488942640011038
1.e-13,0.0001,0.001150292253635836
1.7782794100389227e-13,1.e-6,4.821305573076742e-7
1.7782794100389227e-13,2.5118864315095823e-6,2.7277015920503095e-6
1.7782794100389227e-13,6.30957344480193e-6,0.000015365739374930716
1.7782794100389227e-13,0.00001584893192461114,0.00008528301651914177
1.7782794100389227e-13,0.000039810717055349695,0.0004425964575296653
1.7782794100389227e-13,0.0001,0.002045595743773706
3.162277660168379e-13,1.e-6,8.573677049344045e-7
3.162277660168379e-13,2.5118864315095823e-6,4.850628708619732e-6
3.162277660168379e-13,6.30957344480193e-6,0.0000273243877307031
3.162277660168379e-13,0.00001584893192461114,0.00015165618735152203
3.162277660168379e-13,0.000039810717055349695,0.0007870592888842917
3.162277660168379e-13,0.0001,0.003637640482449261
5.62341325190349e-13,1.e-6,1.5246336306279172e-6
5.62341325190349e-13,2.5118864315095823e-6,8.625701883013474e-6
5.62341325190349e-13,6.30957344480193e-6,0.00004859042410167078
5.62341325190349e-13,0.00001584893192461114,0.0002696849299436344
5.62341325190349e-13,0.000039810717055349695,0.0013995519094783786
5.62341325190349e-13,0.0001,0.006468660129013184
1.e-12,1.e-6,2.7112296796940687e-6
1.e-12,2.5118864315095823e-6,0.000015338970939528672
1.e-12,6.30957344480193e-6,0.00008640740752639826
1.e-12,0.00001584893192461114,0.0004795721940004651
1.e-12,0.000039810717055349695,0.002488886785040069
1.e-12,0.0001,0.011502666131043117
1.7782794100389228e-12,1.e-6,4.8213424084896016e-6
1.7782794100389228e-12,2.5118864315095823e-6,0.00002727687495246221
1.7782794100389228e-12,6.30957344480193e-6,0.00015365625324770634
1.7782794100389228e-12,0.00001584893192461114,0.0008528324704451361
1.7782794100389228e-12,0.000039810717055349695,0.004425956977376284
1.7782794100389228e-12,0.0001,0.020455735394467798
3.1622776601683794e-12,1.e-6,8.573658830799633e-6
3.1622776601683794e-12,2.5118864315095823e-6,0.00004850621868581372
3.1622776601683794e-12,6.30957344480193e-6,0.0002732418478151844
3.1622776601683794e-12,0.00001584893192461114,0.0015165695253967874
3.1622776601683794e-12,0.000039810717055349695,0.007870348539346286
3.1622776601683794e-12,0.0001,0.03637500749533414
5.6234132519034904e-12,1.e-6,0.000015246388840209478
5.6234132519034904e-12,2.5118864315095823e-6,0.00008625748162553967
5.6234132519034904e-12,6.30957344480193e-6,0.0004859054057286165
5.6234132519034904e-12,0.00001584893192461114,0.002696905349932849
5.6234132519034904e-12,0.000039810717055349695,0.013996430422949731
5.6234132519034904e-12,0.0001,0.06468618344804104
1.e-11,1.e-6,0.0000271123622617085
1.e-11,2.5118864315095823e-6,0.0001533903215416973
1.e-11,6.30957344480193e-6,0.0008640768432127968
1.e-11,0.00001584893192461114,0.004795773234302928
1.e-11,0.000039810717055349695,0.024888613937261855
1.e-11,0.0001,0.11503098506275079
1.7782794100389227e-11,1.e-6,0.000048213264051425474
1.7782794100389227e-11,2.5118864315095823e-6,0.00027277076073672175
1.7782794100389227e-11,6.30957344480193e-6,0.0015365630583038326
1.7782794100389227e-11,0.00001584893192461114,0.00852827122150421
1.7782794100389227e-11,0.000039810717055349695,0.04426001840801912
1.7782794100389227e-11,0.0001,0.204555887907438
3.1622776601683794e-11,1.e-6,0.00008573664729166351
3.1622776601683794e-11,2.5118864315095823e-6,0.00048505776352815433
3.1622776601683794e-11,6.30957344480193e-6,0.002732453668231046
3.1622776601683794e-11,0.00001584893192461114,0.015165620432414654
3.1622776601683794e-11,0.000039810717055349695,0.07870624250129783
3.1622776601683794e-11,0.0001,0.36374949719270505
5.6234132519034906e-11,1.e-6,0.00015246390504801646
5.6234132519034906e-11,2.5118864315095823e-6,0.0008625689659898168
5.6234132519034906e-11,6.30957344480193e-6,0.004859001728455884
5.6234132519034906e-11,0.00001584893192461114,0.02696853602251505
5.6234132519034906e-11,0.000039810717055349695,0.13996385731087554
5.6234132519034906e-11,0.0001,0.6468646536061551
1.e-10,1.e-6,0.0002711236002715878
1.e-10,2.5118864315095823e-6,0.001533893172796992
1.e-10,6.30957344480193e-6,0.008640819741362429
1.e-10,0.00001584893192461114,0.04795858824672768
1.e-10,0.000039810717055349695,0.2488852341917295
1.e-10,0.0001,1.1502876625922487
1.778279410038923e-10,1.e-6,0.0004821341952057519
1.778279410038923e-10,2.5118864315095823e-6,0.0027276979314084654
1.778279410038923e-10,6.30957344480193e-6,0.015365684660472594
1.778279410038923e-10,0.00001584893192461114,0.08528217883599759
1.778279410038923e-10,0.000039810717055349695,0.44259807339750906
1.778279410038923e-10,0.0001,2.0455016963714963
3.1622776601683795e-10,1.e-6,0.0008573689091032593
3.1622776601683795e-10,2.5118864315095823e-6,0.004850611120394679
3.1622776601683795e-10,6.30957344480193e-6,0.027324341067563023
3.1622776601683795e-10,0.00001584893192461114,0.1516550165427471
3.1622776601683795e-10,0.000039810717055349695,0.7870720177899821
3.1622776601683795e-10,0.0001,3.637576188766196
5.623413251903491e-10,1.e-6,0.0015246355584573991
5.623413251903491e-10,2.5118864315095823e-6,0.008625745497155309
5.623413251903491e-10,6.30957344480193e-6,0.048590251298363286
5.623413251903491e-10,0.00001584893192461114,0.26968538888563304
5.623413251903491e-10,0.000039810717055349695,1.3996432156094776
5.623413251903491e-10,0.0001,6.46855844658376
1.e-9,1.e-6,0.0027112428556525796
1.e-9,2.5118864315095823e-6,0.015338976194502214
1.e-9,6.30957344480193e-6,0.08640731330930923
1.e-9,0.00001584893192461114,0.47958500154819206
1.e-9,0.000039810717055349695,2.489019385407872
1.e-9,0.0001,11.503692441026054
1.7782794100389228e-9,1.e-6,0.004821325431734402
1.7782794100389228e-9,2.5118864315095823e-6,0.02727682969398564
1.7782794100389228e-9,6.30957344480193e-6,0.15365651553854512
1.7782794100389228e-9,0.00001584893192461114,0.8528207660671732
1.7782794100389228e-9,0.000039810717055349695,4.425926855764981
1.7782794100389228e-9,0.0001,20.455679057359212
3.1622776601683795e-9,1.e-6,0.008573657532337166
3.1622776601683795e-9,2.5118864315095823e-6,0.048506119442742655
3.1622776601683795e-9,6.30957344480193e-6,0.27324246471881153
3.1622776601683795e-9,0.00001584893192461114,1.5165392750168893
3.1622776601683795e-9,0.000039810717055349695,7.870691760289242
3.1622776601683795e-9,0.0001,36.37592329997514
5.623413251903491e-9,1.e-6,0.015246271496532186
5.623413251903491e-9,2.5118864315095823e-6,0.08625758620175895
5.623413251903491e-9,6.30957344480193e-6,0.48590260182979045
5.623413251903491e-9,0.00001584893192461114,2.696813289392188
5.623413251903491e-9,0.000039810717055349695,13.996170582475948
5.623413251903491e-9,0.0001,64.68545308441456
1.e-8,1.e-6,0.027112274008715076
1.e-8,2.5118864315095823e-6,0.1533898691940813
1.e-8,6.30957344480193e-6,0.8640678857769333
1.e-8,0.00001584893192461114,4.795748784238189
1.e-8,0.000039810717055349695,24.888689060507847
1.e-8,0.0001,115.02847413684309
1.7782794100389228e-8,1.e-6,0.04821328740978726
1.7782794100389228e-8,2.5118864315095823e-6,0.27276825674662675
1.7782794100389228e-8,6.30957344480193e-6,1.5365626200954903
1.7782794100389228e-8,0.00001584893192461114,8.528261961718398
1.7782794100389228e-8,0.000039810717055349695,44.25939991786182
1.7782794100389228e-8,0.0001,204.56211130112933
3.162277660168379e-8,1.e-6,0.08573640140416044
3.162277660168379e-8,2.5118864315095823e-6,0.4850620957986872
3.162277660168379e-8,6.30957344480193e-6,2.7324431718889213
3.162277660168379e-8,0.00001584893192461114,15.165667023229087
3.162277660168379e-8,0.000039810717055349695,78.70417112123867
3.162277660168379e-8,0.0001,363.7471057475469
5.6234132519034905e-8,1.e-6,0.15246354298967157
5.6234132519034905e-8,2.5118864315095823e-6,0.8625751023147035
5.6234132519034905e-8,6.30957344480193e-6,4.8590665289715025
5.6234132519034905e-8,0.00001584893192461114,26.96871002179429
5.6234132519034905e-8,0.000039810717055349695,139.95734383179308
5.6234132519034905e-8,0.0001,646.856346379833
1.e-7,1.e-6,0.2711239941826421
1.e-7,2.5118864315095823e-6,1.5338968028710158
1.e-7,6.30957344480193e-6,8.640707922906126
1.e-7,0.00001584893192461114,47.95744962801061
1.e-7,0.000039810717055349695,248.89089259295878
1.e-7,0.0001,1150.2804614321174
1.7782794100389227e-7,1.e-6,0.482131736882405
1.7782794100389227e-7,2.5118864315095823e-6,2.7277012778396394
1.7782794100389227e-7,6.30957344480193e-6,15.365553042918481
1.7782794100389227e-7,0.00001584893192461114,85.28156229693616
1.7782794100389227e-7,0.000039810717055349695,442.60756332539097
1.7782794100389227e-7,0.0001,2045.5738212647632
3.162277660168379e-7,1.e-6,0.8573669124031522
3.162277660168379e-7,2.5118864315095823e-6,4.8505874463484
3.162277660168379e-7,6.30957344480193e-6,27.324475446424835
3.162277660168379e-7,0.00001584893192461114,151.65710781410945
3.162277660168379e-7,0.000039810717055349695,787.0545527595203
3.162277660168379e-7,0.0001,3637.468394615016
5.62341325190349e-7,1.e-6,1.5246317124888125
5.62341325190349e-7,2.5118864315095823e-6,8.625736933354185
5.62341325190349e-7,6.30957344480193e-6,48.590183563050424
5.62341325190349e-7,0.00001584893192461114,269.68347332065065
5.62341325190349e-7,0.000039810717055349695,1399.5989614369234
5.62341325190349e-7,0.0001,6468.730685611653
1.e-6,1.e-6,2.711224485736438
1.e-6,2.5118864315095823e-6,15.338990426350708
1.e-6,6.30957344480193e-6,86.40733137454092
1.e-6,0.00001584893192461114,479.57191087457545
1.e-6,0.000039810717055349695,2488.8287019925174
1.e-6,0.0001,11503.143994553397
