1.e-14,1.e-6,1.460017654604972e-8
1.e-14,2.5118864315095823e-6,8.278111008126457e-8
1.e-14,6.30957344480193e-6,4.335719514061555e-7
1.e-14,0.00001584893192461114,2.1933238390263648e-6
1.e-14,0.000039810717055349695,0.000011447817316479965
1.e-14,0.0001,0.00006293438772440285
1.7782794100389227e-14,1.e-6,2.59625909639647e-8
1.7782794100389227e-14,2.5118864315095823e-6,1.4720950128306062e-7
1.7782794100389227e-14,6.30957344480193e-6,7.710030720554631e-7
1.7782794100389227e-14,0.00001584893192461114,3.90014946873469e-6
1.7782794100389227e-14,0.000039810717055349695,0.00002035815651629235
1.7782794100389227e-14,0.0001,0.00011191586168066024
3.1622776601683796e-14,1.e-6,4.616945503460678e-8
3.1622776601683796e-14,2.5118864315095823e-6,2.617871337475584e-7
3.1622776601683796e-14,6.30957344480193e-6,1.3710127989198205e-6
3.1622776601683796e-14,0.00001584893192461114,6.935494456816976e-6
3.1622776601683796e-14,0.000039810717055349695,0.000036201914125853756
3.1622776601683796e-14,0.0001,0.0001990175884964089
5.6234132519034906e-14,1.e-6,8.210027280682109e-8
5.6234132519034906e-14,2.5118864315095823e-6,4.6553212863857767e-7
5.6234132519034906e-14,6.30957344480193e-6,2.438148132015615e-6
5.6234132519034906e-14,0.00001584893192461114,0.000012333695061366481
5.6234132519034906e-14,0.000039810717055349695,0.0000643771866760262
5.6234132519034906e-14,0.0001,0.00035390942499321013
1.e-13,1.e-6,1.4600094504396575e-7
1.e-13,2.5118864315095823e-6,8.278019950054172e-7
1.e-13,6.30957344480193e-6,4.335707710227614e-6
1.e-13,0.00001584893192461114,0.000021932768712775806
1.e-13,0.000039810717055349695,0.00011448033903214611
1.e-13,0.0001,0.0006293434174355787
1.7782794100389227e-13,1.e-6,2.596311808535367e-7
1.7782794100389227e-13,2.5118864315095823e-6,1.4721102959092423e-6
1.7782794100389227e-13,6.30957344480193e-6,7.70987223593624e-6
1.7782794100389227e-13,0.00001584893192461114,0.00003900354731824591
1.7782794100389227e-13,0.000039810717055349695,0.0002035824120808546
1.7782794100389227e-13,0.0001,0.0011191581903904932
3.162277660168379e-13,1.e-6,4.616872866393185e-7
3.162277660168379e-13,2.5118864315095823e-6,2.6178437972230108e-6
3.162277660168379e-13,6.30957344480193e-6,0.000013710523939792328
3.162277660168379e-13,0.00001584893192461114,0.0000693595382135759
3.162277660168379e-13,0.000039810717055349695,0.00036201708917729273
3.162277660168379e-13,0.0001,0.001990169181254251
5.62341325190349e-13,1.e-6,8.210258115312202e-7
5.62341325190349e-13,2.5118864315095823e-6,4.6552375274902705e-6
5.62341325190349e-13,6.30957344480193e-6,0.00002438046869982789
5.62341325190349e-13,0.00001584893192461114,0.00012333893448266835
5.62341325190349e-13,0.000039810717055349695,0.0006437693672922765
5.62341325190349e-13,0.0001,0.003539100745614865
1.e-12,1.e-6,1.459963470937251e-6
1.e-12,2.5118864315095823e-6,8.278348322208072e-6
1.e-12,6.30957344480193e-6,0.00004335591864096056
1.e-12,0.00001584893192461114,0.00021931935064655562
1.e-12,0.000039810717055349695,0.0011447949190979206
1.e-12,0.0001,0.006293488312930568
1.7782794100389228e-12,1.e-6,2.5963165310689857e-6
1.7782794100389228e-12,2.5118864315095823e-6,0.00001472095505416628
1.7782794100389228e-12,6.30957344480193e-6,0.00007709764362646385
1.7782794100389228e-12,0.00001584893192461114,0.00039002362190443466
1.7782794100389228e-12,0.000039810717055349695,0.002035769055392754
1.7782794100389228e-12,0.0001,0.011191544465886981
3.1622776601683794e-12,1.e-6,4.616936968149683e-6
3.1622776601683794e-12,2.5118864315095823e-6,0.00002617852131318215
3.1622776601683794e-12,6.30957344480193e-6,0.00013710165591100613
3.1622776601683794e-12,0.00001584893192461114,0.0006935744829584973
3.1622776601683794e-12,0.000039810717055349695,0.0036201850339642725
3.1622776601683794e-12,0.0001,0.019901697637272647
5.6234132519034904e-12,1.e-6,8.210307484146705e-6
5.6234132519034904e-12,2.5118864315095823e-6,0.000046553083099599724
5.6234132519034904e-12,6.30957344480193e-6,0.00024380869913398785
5.6234132519034904e-12,0.00001584893192461114,0.0012333933599489493
5.6234132519034904e-12,0.000039810717055349695,0.006437602592335403
5.6234132519034904e-12,0.0001,0.03539102059260462
1.e-11,1.e-6,0.000014599842845423868
1.e-11,2.5118864315095823e-6,0.00008278404867599464
1.e-11,6.30957344480193e-6,0.0004335595520056642
1.e-11,0.00001584893192461114,0.002193262152970932
1.e-11,0.000039810717055349695,0.011448122337641291
1.e-11,0.0001,0.06293424836170092
1.7782794100389227e-11,1.e-6,0.000025962667169576817
1.7782794100389227e-11,2.5118864315095823e-6,0.00014721618623861723
1.7782794100389227e-11,6.30957344480193e-6,0.0007709918948578386
1.7782794100389227e-11,0.00001584893192461114,0.003900306247884294
1.7782794100389227e-11,0.000039810717055349695,0.020357191471835602
1.7782794100389227e-11,0.0001,0.11191480317120171
3.1622776601683794e-11,1.e-6,0.00004616997271621059
3.1622776601683794e-11,2.5118864315095823e-6,0.0002617859308324007
3.1622776601683794e-11,6.30957344480193e-6,0.0013710367115266652
3.1622776601683794e-11,0.00001584893192461114,0.006935911755849031
3.1622776601683794e-11,0.000039810717055349695,0.0362018534613906
3.1622776601683794e-11,0.0001,0.19901679183872287
5.6234132519034906e-11,1.e-6,0.00008210240862672445
5.6234132519034906e-11,2.5118864315095823e-6,0.0004655203532029707
5.6234132519034906e-11,6.30957344480193e-6,0.002438102026381851
5.6234132519034906e-11,0.00001584893192461114,0.012333741005743377
5.6234132519034906e-11,0.000039810717055349695,0.06437680844180772
5.6234132519034906e-11,0.0001,0.3539091931399434
1.e-10,1.e-6,0.000146001630760674
1.e-10,2.5118864315095823e-6,0.000827820732535508
1.e-10,6.30957344480193e-6,0.004335715756832339
1.e-10,0.00001584893192461114,0.021932454990335477
1.e-10,0.000039810717055349695,0.11448022138321408
1.e-10,0.0001,0.6293429941635469
1.778279410038923e-10,1.e-6,0.0002596270545810523
1.778279410038923e-10,2.5118864315095823e-6,0.0014721093771687102
1.778279410038923e-10,6.30957344480193e-6,0.007710070122600834
1.778279410038923e-10,0.00001584893192461114,0.03900305261843439
1.778279410038923e-10,0.000039810717055349695,0.20357169047180051
1.778279410038923e-10,0.0001,1.1191560777047553
3.1622776601683795e-10,1.e-6,0.00046169640557579977
3.1622776601683795e-10,2.5118864315095823e-6,0.0026177939269332795
3.1622776601683795e-10,6.30957344480193e-6,0.013710380301972202
3.1622776601683795e-10,0.00001584893192461114,0.06935482712551964
3.1622776601683795e-10,0.000039810717055349695,0.3620175129363682
3.1622776601683795e-10,0.0001,1.9901474046651215
5.623413251903491e-10,1.e-6,0.0008210250212520009
5.623413251903491e-10,2.5118864315095823e-6,0.004655287377189341
5.623413251903491e-10,6.30957344480193e-6,0.024379959271290674
5.623413251903491e-10,0.00001584893192461114,0.12333735252931653
5.623413251903491e-10,0.000039810717055349695,0.6437560371142481
5.623413251903491e-10,0.0001,3.539085571094957
1.e-9,1.e-6,0.001459966871476291
1.e-9,2.5118864315095823e-6,0.008278201120222938
1.e-9,6.30957344480193e-6,0.04335556688003336
1.e-9,0.00001584893192461114,0.21933018260206913
1.e-9,0.000039810717055349695,1.1448038473695783
1.e-9,0.0001,6.293478773269372
1.7782794100389228e-9,1.e-6,0.0025963454345703826
1.7782794100389228e-9,2.5118864315095823e-6,0.014720693313548803
1.7782794100389228e-9,6.30957344480193e-6,0.07709853252273624
1.7782794100389228e-9,0.00001584893192461114,0.39002069633335656
1.7782794100389228e-9,0.000039810717055349695,2.0357699539035603
1.7782794100389228e-9,0.0001,11.191634246599884
3.1622776601683795e-9,1.e-6,0.004616932311868709
3.1622776601683795e-9,2.5118864315095823e-6,0.026177834048341914
3.1622776601683795e-9,6.30957344480193e-6,0.13710187117956116
3.1622776601683795e-9,0.00001584893192461114,0.6935694308880184
3.1622776601683795e-9,0.000039810717055349695,3.620170506927601
3.1622776601683795e-9,0.0001,19.901645708272117
5.623413251903491e-9,1.e-6,0.00821027096288147
5.623413251903491e-9,2.5118864315095823e-6,0.0465512692881062
5.623413251903491e-9,6.30957344480193e-6,0.24381899743185934
5.623413251903491e-9,0.00001584893192461114,1.233358873955061
5.623413251903491e-9,0.000039810717055349695,6.437608532140099
5.623413251903491e-9,0.0001,35.39046498758275
1.e-8,1.e-6,0.014600010319931314
1.e-8,2.5118864315095823e-6,0.08278538417931057
1.e-8,6.30957344480193e-6,0.4335634123246764
1.e-8,0.00001584893192461114,2.19327221564551
1.e-8,0.000039810717055349695,11.44785615414455
1.e-8,0.0001,62.93530291844895
1.7782794100389228e-8,1.e-6,0.025963486657236606
1.7782794100389228e-8,2.5118864315095823e-6,0.1472139040301638
1.7782794100389228e-8,6.30957344480193e-6,0.770971881599209
1.7782794100389228e-8,0.00001584893192461114,3.9002722551151097
1.7782794100389228e-8,0.000039810717055349695,20.357839031049036
1.7782794100389228e-8,0.0001,111.91439198587129
3.162277660168379e-8,1.e-6,0.0461692454904789
3.162277660168379e-8,2.5118864315095823e-6,0.26178401416554115
3.162277660168379e-8,6.30957344480193e-6,1.3710268812947808
3.162277660168379e-8,0.00001584893192461114,6.935645001743541
3.162277660168379e-8,0.000039810717055349695,36.202654865641364
3.162277660168379e-8,0.0001,199.0182735963277
5.6234132519034905e-8,1.e-6,0.08210299372842696
5.6234132519034905e-8,2.5118864315095823e-6,0.4655269188552169
5.6234132519034905e-8,6.30957344480193e-6,2.4380231493830147
5.6234132519034905e-8,0.00001584893192461114,12.333564000801998
5.6234132519034905e-8,0.000039810717055349695,64.37605924186316
5.6234132519034905e-8,0.0001,353.9049215593944
1.e-7,1.e-6,0.14600145936022532
1.e-7,2.5118864315095823e-6,0.8278272906578854
1.e-7,6.30957344480193e-6,4.33546842622024
1.e-7,0.00001584893192461114,21.93216902687048
1.e-7,0.000039810717055349695,114.47802984579738
1.e-7,0.0001,629.3496245711042
1.7782794100389227e-7,1.e-6,0.25963040250276387
1.7782794100389227e-7,2.5118864315095823e-6,1.4721295232874383
1.7782794100389227e-7,6.30957344480193e-6,7.7097381094243636
1.7782794100389227e-7,0.00001584893192461114,39.00199933262277
1.7782794100389227e-7,0.000039810717055349695,203.5781308351429
1.7782794100389227e-7,0.0001,1119.150671295101
3.162277660168379e-7,1.e-6,0.4616937277281
3.162277660168379e-7,2.5118864315095823e-6,2.617854957806162
3.162277660168379e-7,6.30957344480193e-6,13.710468040131232
3.162277660168379e-7,0.00001584893192461114,69.3588460198436
3.162277660168379e-7,0.000039810717055349695,362.0114737636748
3.162277660168379e-7,0.0001,1990.175281338229
5.62341325190349e-7,1.e-6,0.8210026825034797
5.62341325190349e-7,2.5118864315095823e-6,4.655386651953239
5.62341325190349e-7,6.30957344480193e-6,24.381269500765484
5.62341325190349e-7,0.00001584893192461114,123.33619670317069
5.62341325190349e-7,0.000039810717055349695,643.7821570242427
5.62341325190349e-7,0.0001,3539.0736029029035
1.e-6,1.e-6,1.459990800388629
1.e-6,2.5118864315095823e-6,8.278388384064327
1.e-6,6.30957344480193e-6,43.35618174166434
1.e-6,0.00001584893192461114,219.33531868376022
1.e-6,0.000039810717055349695,1144.781282699564
1.e-6,0.0001,6293.40116997752
