1.e-10,1.e-6,0.0008688065581182976
1.e-10,2.5118864315095823e-6,0.004855474646879829
1.e-10,6.30957344480193e-6,0.025712265157406038
1.e-10,0.00001584893192461114,0.12188042994672764
1.e-10,0.000039810717055349695,0.5282606866249896
1.e-10,0.0001,2.2915858628450985
1.778279410038923e-10,1.e-6,0.001544983671343901
1.778279410038923e-10,2.5118864315095823e-6,0.008634442295892376
1.778279410038923e-10,6.30957344480193e-6,0.045722551494315464
1.778279410038923e-10,0.00001584893192461114,0.21674006867203424
1.778279410038923e-10,0.000039810717055349695,0.9393781881723352
1.778279410038923e-10,0.0001,4.074985319623267
3.1622776601683795e-10,1.e-6,0.0027473986352197543
3.1622776601683795e-10,2.5118864315095823e-6,0.01535447617652477
3.1622776601683795e-10,6.30957344480193e-6,0.08130734396041775
3.1622776601683795e-10,0.00001584893192461114,0.3854115887767835
3.1622776601683795e-10,0.000039810717055349695,1.6705138489493718
3.1622776601683795e-10,0.0001,7.2469117331310695
5.623413251903491e-10,1.e-6,0.0048856519509514924
5.623413251903491e-10,2.5118864315095823e-6,0.027304137149652966
5.623413251903491e-10,6.30957344480193e-6,0.14458687569567574
5.623413251903491e-10,0.00001584893192461114,0.6853865154177446
5.623413251903491e-10,0.000039810717055349695,2.970592434274992
5.623413251903491e-10,0.0001,12.886431717219018
1.e-9,1.e-6,0.008688072701848275
1.e-9,2.5118864315095823e-6,0.04855469679981343
1.e-9,6.30957344480193e-6,0.25712288746218703
1.e-9,0.00001584893192461114,1.2187968777038107
1.e-9,0.000039810717055349695,5.282550440515915
1.e-9,0.0001,22.91571079250335
1.7782794100389228e-9,1.e-6,0.01544980748130367
1.7782794100389228e-9,2.5118864315095823e-6,0.08634467277795
1.7782794100389228e-9,6.30957344480193e-6,0.45723149291115517
1.7782794100389228e-9,0.00001584893192461114,2.1673506244518648
1.7782794100389228e-9,0.000039810717055349695,9.393944495470818
1.7782794100389228e-9,0.0001,40.75049373194109
3.1622776601683795e-9,1.e-6,0.027474076622352794
3.1622776601683795e-9,2.5118864315095823e-6,0.1535439366340911
3.1622776601683795e-9,6.30957344480193e-6,0.8130812663025273
3.1622776601683795e-9,0.00001584893192461114,3.854105359133389
3.1622776601683795e-9,0.000039810717055349695,16.70535010145231
3.1622776601683795e-9,0.0001,72.46661783888482
5.623413251903491e-9,1.e-6,0.04885672351524969
5.623413251903491e-9,2.5118864315095823e-6,0.27304325592709444
5.623413251903491e-9,6.30957344480193e-6,1.4458604974726361
5.623413251903491e-9,0.00001584893192461114,6.85387845095645
5.623413251903491e-9,0.000039810717055349695,29.706190357426717
5.623413251903491e-9,0.0001,128.86776120949446
1.e-8,1.e-6,0.08688040023272112
1.e-8,2.5118864315095823e-6,0.48554460417396483
1.e-8,6.30957344480193e-6,2.5712366623585625
1.e-8,0.00001584893192461114,12.188084643087084
1.e-8,0.000039810717055349695,52.82540177991849
1.e-8,0.0001,229.16386766453806
1.7782794100389228e-8,1.e-6,0.1544983401004875
1.7782794100389228e-8,2.5118864315095823e-6,0.8634423035485796
1.7782794100389228e-8,6.30957344480193e-6,4.5724435052360395
1.7782794100389228e-8,0.00001584893192461114,21.673626618123528
1.7782794100389228e-8,0.000039810717055349695,93.9357284121674
1.7782794100389228e-8,0.0001,407.51641774085834
3.162277660168379e-8,1.e-6,0.2747415350078852
3.162277660168379e-8,2.5118864315095823e-6,1.5354243476017575
3.162277660168379e-8,6.30957344480193e-6,8.13081427829016
3.162277660168379e-8,0.00001584893192461114,38.541886535459334
3.162277660168379e-8,0.000039810717055349695,167.04978514251368
3.162277660168379e-8,0.0001,724.6694444146273
5.6234132519034905e-8,1.e-6,0.4885658341583611
5.6234132519034905e-8,2.5118864315095823e-6,2.7304281010638443
5.6234132519034905e-8,6.30957344480193e-6,14.458762294071988
5.6234132519034905e-8,0.00001584893192461114,68.53827408854558
5.6234132519034905e-8,0.000039810717055349695,297.0757075729463
5.6234132519034905e-8,0.0001,1288.6601883847636
1.e-7,1.e-6,0.8688092656630408
1.e-7,2.5118864315095823e-6,4.855510074457021
1.e-7,6.30957344480193e-6,25.712278300255953
1.e-7,0.00001584893192461114,121.8759464523107
1.e-7,0.000039810717055349695,528.2465962922419
1.e-7,0.0001,2291.644320075883
1.7782794100389227e-7,1.e-6,1.5449807959312891
1.7782794100389227e-7,2.5118864315095823e-6,8.634493170418818
1.7782794100389227e-7,6.30957344480193e-6,45.724050463896766
1.7782794100389227e-7,0.00001584893192461114,216.73847337553656
1.7782794100389227e-7,0.000039810717055349695,939.4072734958437
1.7782794100389227e-7,0.0001,4075.031681827343
3.162277660168379e-7,1.e-6,2.747411850054172
3.162277660168379e-7,2.5118864315095823e-6,15.354417816084945
3.162277660168379e-7,6.30957344480193e-6,81.30737928963711
3.162277660168379e-7,0.00001584893192461114,385.4321102190998
3.162277660168379e-7,0.000039810717055349695,1670.4686363182502
3.162277660168379e-7,0.0001,7246.729792403864
5.62341325190349e-7,1.e-6,4.885648208657109
5.62341325190349e-7,2.5118864315095823e-6,27.304569018025862
5.62341325190349e-7,6.30957344480193e-6,144.58881099596277
5.62341325190349e-7,0.00001584893192461114,685.3865671882451
5.62341325190349e-7,0.000039810717055349695,2970.695370967742
5.62341325190349e-7,0.0001,12886.349336395713
1.e-6,1.e-6,8.68806501408839
1.e-6,2.5118864315095823e-6,48.554892222111825
1.e-6,6.30957344480193e-6,257.1148330862101
1.e-6,0.00001584893192461114,1218.8081844879464
1.e-6,0.000039810717055349695,5282.577385191483
1.e-6,0.0001,22915.877312493798
1.778279410038923e-6,1.e-6,15.449813882150083
1.778279410038923e-6,2.5118864315095823e-6,86.34379056269569
1.778279410038923e-6,6.30957344480193e-6,457.2410334614754
1.778279410038923e-6,0.00001584893192461114,2167.4078560783
1.778279410038923e-6,0.000039810717055349695,9393.961234005463
1.778279410038923e-6,0.0001,40750.5734033116
3.162277660168379e-6,1.e-6,27.473959123736332
3.162277660168379e-6,2.5118864315095823e-6,153.54555204949105
3.162277660168379e-6,6.30957344480193e-6,813.0616790779098
3.162277660168379e-6,0.00001584893192461114,3854.0580962086988
3.162277660168379e-6,0.000039810717055349695,16704.94523496734
3.162277660168379e-6,0.0001,72468.1765744051
5.623413251903491e-6,1.e-6,48.85621822037348
5.623413251903491e-6,2.5118864315095823e-6,273.04297439989665
5.623413251903491e-6,6.30957344480193e-6,1445.8966782004284
5.623413251903491e-6,0.00001584893192461114,6853.719627020216
5.623413251903491e-6,0.000039810717055349695,29706.613045282396
5.623413251903491e-6,0.0001,128868.1323005367
0.00001,1.e-6,86.88037854044426
0.00001,2.5118864315095823e-6,485.54514106666653
0.00001,6.30957344480193e-6,2571.2324793306475
0.00001,0.00001584893192461114,12188.002653221129
0.00001,0.000039810717055349695,52827.071513795134
0.00001,0.0001,229158.63710436356
0.00001778279410038923,1.e-6,154.49539267830858
0.00001778279410038923,2.5118864315095823e-6,863.4325793789966
0.00001778279410038923,6.30957344480193e-6,4572.216844677895
0.00001778279410038923,0.00001584893192461114,21672.80258471619
0.00001778279410038923,0.000039810717055349695,93938.18288394966
0.00001778279410038923,0.0001,407508.9534167606
0.000031622776601683795,1.e-6,274.73571451711734
0.000031622776601683795,2.5118864315095823e-6,1535.4000773809253
0.000031622776601683795,6.30957344480193e-6,8130.665785498889
0.000031622776601683795,0.00001584893192461114,38540.66613402989
0.000031622776601683795,0.000039810717055349695,167054.35805662052
0.000031622776601683795,0.0001,724660.1509353081
0.00005623413251903491,1.e-6,488.5449620694144
0.00005623413251903491,2.5118864315095823e-6,2730.3410653575334
0.00005623413251903491,6.30957344480193e-6,14458.314463110279
0.00005623413251903491,0.00001584893192461114,68533.9893687046
0.00005623413251903491,0.000039810717055349695,297051.84053401736
0.00005623413251903491,0.0001,1.2885930430095515e6
0.0001,1.e-6,868.7504306613503
0.0001,2.5118864315095823e-6,4855.223992440415
0.0001,6.30957344480193e-6,25710.39289017543
0.0001,0.00001584893192461114,121869.77996478074
0.0001,0.000039810717055349695,528230.1170872982
0.0001,0.0001,2.2914254406556063e6
