1.e-14,1.e-6,2.1291893292794436e-7
1.e-14,2.5118864315095823e-6,1.2151162224746684e-6
1.e-14,6.30957344480193e-6,6.84488321726656e-6
1.e-14,0.00001584893192461114,0.0000384000981087293
1.e-14,0.000039810717055349695,0.00020999847762543544
1.e-14,0.0001,0.0010534758629173854
1.7782794100389227e-14,1.e-6,3.786272682567999e-7
1.7782794100389227e-14,2.5118864315095823e-6,2.160822588188806e-6
1.7782794100389227e-14,6.30957344480193e-6,0.00001217208806930874
1.7782794100389227e-14,0.00001584893192461114,0.00006828526153766269
1.7782794100389227e-14,0.000039810717055349695,0.0003734452319160259
1.7782794100389227e-14,0.0001,0.0018734290831072635
3.1622776601683796e-14,1.e-6,6.733031560218101e-7
3.1622776601683796e-14,2.5118864315095823e-6,3.842535496436876e-6
3.1622776601683796e-14,6.30957344480193e-6,0.000021645494461810872
3.1622776601683796e-14,0.00001584893192461114,0.00012143199750328757
3.1622776601683796e-14,0.000039810717055349695,0.0006640861541577424
3.1622776601683796e-14,0.0001,0.003331403666506801
5.6234132519034906e-14,1.e-6,1.1973283087994642e-6
5.6234132519034906e-14,2.5118864315095823e-6,6.833109628941828e-6
5.6234132519034906e-14,6.30957344480193e-6,0.000038491631700718015
5.6234132519034906e-14,0.00001584893192461114,0.0002159413845202932
5.6234132519034906e-14,0.000039810717055349695,0.0011809518310186837
5.6234132519034906e-14,0.0001,0.005924288949145715
1.e-13,1.e-6,2.1291735132738185e-6
1.e-13,2.5118864315095823e-6,0.000012151131018399678
1.e-13,6.30957344480193e-6,0.00006844876165096554
1.e-13,0.00001584893192461114,0.00038400106453983677
1.e-13,0.000039810717055349695,0.0021000075717278422
1.e-13,0.0001,0.010534907202864324
1.7782794100389227e-13,1.e-6,3.786284136305171e-6
1.7782794100389227e-13,2.5118864315095823e-6,0.000021608202670449566
1.7782794100389227e-13,6.30957344480193e-6,0.00012172126578894342
1.7782794100389227e-13,0.00001584893192461114,0.0006828580650859466
1.7782794100389227e-13,0.000039810717055349695,0.003734484666809241
1.7782794100389227e-13,0.0001,0.018733932376615716
3.162277660168379e-13,1.e-6,6.733038247078749e-6
3.162277660168379e-13,2.5118864315095823e-6,0.000038425263176852095
3.162277660168379e-13,6.30957344480193e-6,0.00021645428605921425
3.162277660168379e-13,0.00001584893192461114,0.001214328542447123
3.162277660168379e-13,0.000039810717055349695,0.006640697456088173
3.162277660168379e-13,0.0001,0.03331572621858371
5.62341325190349e-13,1.e-6,0.000011973237250991472
5.62341325190349e-13,2.5118864315095823e-6,0.00006833098418577886
5.62341325190349e-13,6.30957344480193e-6,0.00038491573797079753
5.62341325190349e-13,0.00001584893192461114,0.002159390073783307
5.62341325190349e-13,0.000039810717055349695,0.011809545874123532
5.62341325190349e-13,0.0001,0.05924272590849495
1.e-12,1.e-6,0.000021291866640890453
1.e-12,2.5118864315095823e-6,0.00012151175582456131
1.e-12,6.30957344480193e-6,0.0006844883909104087
1.e-12,0.00001584893192461114,0.003840006626793135
1.e-12,0.000039810717055349695,0.020999951235156338
1.e-12,0.0001,0.10534980518215405
1.7782794100389228e-12,1.e-6,0.00003786294012508803
1.7782794100389228e-12,2.5118864315095823e-6,0.0002160804597944501
1.7782794100389228e-12,6.30957344480193e-6,0.0012172067254750353
1.7782794100389228e-12,0.00001584893192461114,0.0068286185736098496
1.7782794100389228e-12,0.000039810717055349695,0.03734414454626801
1.7782794100389228e-12,0.0001,0.18734758005572424
3.1622776601683794e-12,1.e-6,0.00006733064132068789
3.1622776601683794e-12,2.5118864315095823e-6,0.00038425309838073735
3.1622776601683794e-12,6.30957344480193e-6,0.0021645391586194262
3.1622776601683794e-12,0.00001584893192461114,0.012143117777022842
3.1622776601683794e-12,0.000039810717055349695,0.06640832243248186
3.1622776601683794e-12,0.0001,0.33314407734676105
5.6234132519034904e-12,1.e-6,0.00011973326969763914
5.6234132519034904e-12,2.5118864315095823e-6,0.0006833067109127514
5.6234132519034904e-12,6.30957344480193e-6,0.0038491644509506856
5.6234132519034904e-12,0.00001584893192461114,0.021594043316415002
5.6234132519034904e-12,0.000039810717055349695,0.11809305422233428
5.6234132519034904e-12,0.0001,0.5924166275024684
1.e-11,1.e-6,0.00021291926838046949
1.e-11,2.5118864315095823e-6,0.0012151162169940853
1.e-11,6.30957344480193e-6,0.006844842202595589
1.e-11,0.00001584893192461114,0.03839993492568561
1.e-11,0.000039810717055349695,0.2099981655543582
1.e-11,0.0001,1.0535173430993447
1.7782794100389227e-11,1.e-6,0.00037862640658294783
1.7782794100389227e-11,2.5118864315095823e-6,0.0021608143637795564
1.7782794100389227e-11,6.30957344480193e-6,0.012172116926697047
1.7782794100389227e-11,0.00001584893192461114,0.06828637508066289
1.7782794100389227e-11,0.000039810717055349695,0.3734458839597434
1.7782794100389227e-11,0.0001,1.87343970373302
3.1622776601683794e-11,1.e-6,0.0006733081454784494
3.1622776601683794e-11,2.5118864315095823e-6,0.0038425403387559584
3.1622776601683794e-11,6.30957344480193e-6,0.021645247394067643
3.1622776601683794e-11,0.00001584893192461114,0.12143130529585928
3.1622776601683794e-11,0.000039810717055349695,0.6640823199229667
3.1622776601683794e-11,0.0001,3.331511604072232
5.6234132519034906e-11,1.e-6,0.0011973213325990836
5.6234132519034906e-11,2.5118864315095823e-6,0.0068330599361083825
5.6234132519034906e-11,6.30957344480193e-6,0.03849125238722167
5.6234132519034906e-11,0.00001584893192461114,0.21594034243653
5.6234132519034906e-11,0.000039810717055349695,1.180907167480892
5.6234132519034906e-11,0.0001,5.924250265962264
1.e-10,1.e-6,0.002129183089831172
1.e-10,2.5118864315095823e-6,0.012151156303930967
1.e-10,6.30957344480193e-6,0.06844881293381273
1.e-10,0.00001584893192461114,0.3840006230819257
1.e-10,0.000039810717055349695,2.099994052693588
1.e-10,0.0001,10.534943118276708
1.778279410038923e-10,1.e-6,0.0037862643275059105
1.778279410038923e-10,2.5118864315095823e-6,0.02160815733716962
1.778279410038923e-10,6.30957344480193e-6,0.12172121785394628
1.778279410038923e-10,0.00001584893192461114,0.6828648258728921
1.778279410038923e-10,0.000039810717055349695,3.73446164372501
1.778279410038923e-10,0.0001,18.73438835318852
3.1622776601683795e-10,1.e-6,0.006733064617995657
3.1622776601683795e-10,2.5118864315095823e-6,0.03842529958960351
3.1622776601683795e-10,6.30957344480193e-6,0.21645382629351648
3.1622776601683795e-10,0.00001584893192461114,1.2143183586370807
3.1622776601683795e-10,0.000039810717055349695,6.640670191528932
3.1622776601683795e-10,0.0001,33.31388794764916
5.623413251903491e-10,1.e-6,0.011973273420552748
5.623413251903491e-10,2.5118864315095823e-6,0.06833111350106949
5.623413251903491e-10,6.30957344480193e-6,0.3849161592429995
5.623413251903491e-10,0.00001584893192461114,2.159393034249208
5.623413251903491e-10,0.000039810717055349695,11.809245429005394
5.623413251903491e-10,0.0001,59.243149117583094
1.e-9,1.e-6,0.021291722436934894
1.e-9,2.5118864315095823e-6,0.12151080090815104
1.e-9,6.30957344480193e-6,0.684488529258067
1.e-9,0.00001584893192461114,3.8400081852578123
1.e-9,0.000039810717055349695,20.99999836499958
1.e-9,0.0001,105.35317700397569
1.7782794100389228e-9,1.e-6,0.037862920539064246
1.7782794100389228e-9,2.5118864315095823e-6,0.21608125828761202
1.7782794100389228e-9,6.30957344480193e-6,1.2172131621564823
1.7782794100389228e-9,0.00001584893192461114,6.828630289798073
1.7782794100389228e-9,0.000039810717055349695,37.34428931251072
1.7782794100389228e-9,0.0001,187.33967608461475
3.1622776601683795e-9,1.e-6,0.06733082012529813
3.1622776601683795e-9,2.5118864315095823e-6,0.38425099927369977
3.1622776601683795e-9,6.30957344480193e-6,2.164544466477241
3.1622776601683795e-9,0.00001584893192461114,12.143227372393683
3.1622776601683795e-9,0.000039810717055349695,66.40930013405604
3.1622776601683795e-9,0.0001,333.14128802454013
5.623413251903491e-9,1.e-6,0.11973241641131686
5.623413251903491e-9,2.5118864315095823e-6,0.6833064838111509
5.623413251903491e-9,6.30957344480193e-6,3.8491422316720763
5.623413251903491e-9,0.00001584893192461114,21.594096901029086
5.623413251903491e-9,0.000039810717055349695,118.09453103176548
5.623413251903491e-9,0.0001,592.4152285558092
1.e-8,1.e-6,0.21291890099018293
1.e-8,2.5118864315095823e-6,1.2151165084127828
1.e-8,6.30957344480193e-6,6.844831738172623
1.e-8,0.00001584893192461114,38.400092027390556
1.e-8,0.000039810717055349695,209.99846595662999
1.e-8,0.0001,1053.4888548211445
1.7782794100389228e-8,1.e-6,0.37862814144647394
1.7782794100389228e-8,2.5118864315095823e-6,2.16081491582447
1.7782794100389228e-8,6.30957344480193e-6,12.172123473809137
1.7782794100389228e-8,0.00001584893192461114,68.28682726563433
1.7782794100389228e-8,0.000039810717055349695,373.44528100206935
1.7782794100389228e-8,0.0001,1873.429217307349
3.162277660168379e-8,1.e-6,0.673303874735224
3.162277660168379e-8,2.5118864315095823e-6,3.84252281263178
3.162277660168379e-8,6.30957344480193e-6,21.64548594204987
3.162277660168379e-8,0.00001584893192461114,121.43271262198759
3.162277660168379e-8,0.000039810717055349695,664.0803204421939
3.162277660168379e-8,0.0001,3331.543136579179
5.6234132519034905e-8,1.e-6,1.1973301098141234
5.6234132519034905e-8,2.5118864315095823e-6,6.833086395473645
5.6234132519034905e-8,6.30957344480193e-6,38.49144625861481
5.6234132519034905e-8,0.00001584893192461114,215.94094033612723
5.6234132519034905e-8,0.000039810717055349695,1180.9597798325306
5.6234132519034905e-8,0.0001,5924.344008388388
1.e-7,1.e-6,2.1291863401839835
1.e-7,2.5118864315095823e-6,12.151169704158404
1.e-7,6.30957344480193e-6,68.44848109133316
1.e-7,0.00001584893192461114,384.0030981612586
1.e-7,0.000039810717055349695,2100.048373899425
1.e-7,0.0001,10534.77884522829
1.7782794100389227e-7,1.e-6,3.786287417074658
1.7782794100389227e-7,2.5118864315095823e-6,21.608154222012857
1.7782794100389227e-7,6.30957344480193e-6,121.72113590263255
1.7782794100389227e-7,0.00001584893192461114,682.8573600520692
1.7782794100389227e-7,0.000039810717055349695,3734.3764699445364
1.7782794100389227e-7,0.0001,18734.3603479289
3.162277660168379e-7,1.e-6,6.733078070986878
3.162277660168379e-7,2.5118864315095823e-6,38.42540562000465
3.162277660168379e-7,6.30957344480193e-6,216.45459970036413
3.162277660168379e-7,0.00001584893192461114,1214.3134583776666
3.162277660168379e-7,0.000039810717055349695,6640.742703677444
3.162277660168379e-7,0.0001,33313.28643269245
5.62341325190349e-7,1.e-6,11.973308915925605
5.62341325190349e-7,2.5118864315095823e-6,68.33107985513587
5.62341325190349e-7,6.30957344480193e-6,384.9137912769737
5.62341325190349e-7,0.00001584893192461114,2159.3949253864744
5.62341325190349e-7,0.000039810717055349695,11809.29469636468
5.62341325190349e-7,0.0001,59242.335513950966
1.e-6,1.e-6,21.291732547225422
1.e-6,2.5118864315095823e-6,121.51144787102604
1.e-6,6.30957344480193e-6,684.4860656287785
1.e-6,0.00001584893192461114,3840.0016201842263
1.e-6,0.000039810717055349695,21000.045100983265
1.e-6,0.0001,105349.27603518625
