1.e-14,1.e-6,3.936723366820208e-7
1.e-14,2.5118864315095823e-6,2.2090827682346988e-6
1.e-14,6.30957344480193e-6,0.000012077369929729254
1.e-14,0.00001584893192461114,0.00006052412232495579
1.e-14,0.000039810717055349695,0.0002697341668257898
1.e-14,0.0001,0.0011409399445490506
1.7782794100389227e-14,1.e-6,7.00056394849431e-7
1.7782794100389227e-14,2.5118864315095823e-6,3.9283796717635934e-6
1.7782794100389227e-14,6.30957344480193e-6,0.000021477142134159505
1.7782794100389227e-14,0.00001584893192461114,0.0001076285229218147
1.7782794100389227e-14,0.000039810717055349695,0.000479650597742575
1.7782794100389227e-14,0.0001,0.0020289875185670082
3.1622776601683796e-14,1.e-6,1.2448979957176275e-6
3.1622776601683796e-14,2.5118864315095823e-6,6.985811475064846e-6
3.1622776601683796e-14,6.30957344480193e-6,0.00003819244873338751
3.1622776601683796e-14,0.00001584893192461114,0.00019139748805067374
3.1622776601683796e-14,0.000039810717055349695,0.0008529533448048589
3.1622776601683796e-14,0.0001,0.003608031244506675
5.6234132519034906e-14,1.e-6,2.213775069057579e-6
5.6234132519034906e-14,2.5118864315095823e-6,0.000012422662437004735
5.6234132519034906e-14,6.30957344480193e-6,0.00006791572952122995
5.6234132519034906e-14,0.00001584893192461114,0.00034036376750621705
5.6234132519034906e-14,0.000039810717055349695,0.0015168412414408956
5.6234132519034906e-14,0.0001,0.006415732229439416
1.e-13,1.e-6,3.936710945873367e-6
1.e-13,2.5118864315095823e-6,0.000022090915028307258
1.e-13,6.30957344480193e-6,0.00012077232192238572
1.e-13,0.00001584893192461114,0.000605258276536244
1.e-13,0.000039810717055349695,0.0026972725119690935
1.e-13,0.0001,0.01140953372756575
1.7782794100389227e-13,1.e-6,7.000579397096438e-6
1.7782794100389227e-13,2.5118864315095823e-6,0.00003928400864808795
1.7782794100389227e-13,6.30957344480193e-6,0.0002147678719205778
1.7782794100389227e-13,0.00001584893192461114,0.0010763021491651354
1.7782794100389227e-13,0.000039810717055349695,0.004796542255103653
1.7782794100389227e-13,0.0001,0.020289450945076466
3.162277660168379e-13,1.e-6,0.000012449008348490172
3.162277660168379e-13,2.5118864315095823e-6,0.0000698577917674451
3.162277660168379e-13,6.30957344480193e-6,0.0003819254380211985
3.162277660168379e-13,0.00001584893192461114,0.0019139375131167616
3.162277660168379e-13,0.000039810717055349695,0.008529517287642667
3.162277660168379e-13,0.0001,0.03607948533962777
5.62341325190349e-13,1.e-6,0.00002213774245662934
5.62341325190349e-13,2.5118864315095823e-6,0.00012422652534433445
5.62341325190349e-13,6.30957344480193e-6,0.0006791653467811565
5.62341325190349e-13,0.00001584893192461114,0.003403514470375217
5.62341325190349e-13,0.000039810717055349695,0.0151679994895634
5.62341325190349e-13,0.0001,0.06416168537688864
1.e-12,1.e-6,0.000039367156319906656
1.e-12,2.5118864315095823e-6,0.00022090883843735803
1.e-12,6.30957344480193e-6,0.001207757763984811
1.e-12,0.00001584893192461114,0.006052515709222925
1.e-12,0.000039810717055349695,0.0269721769789214
1.e-12,0.0001,0.11409041933363831
1.7782794100389228e-12,1.e-6,0.00007000568155210148
1.7782794100389228e-12,2.5118864315095823e-6,0.00039283844041870824
1.7782794100389228e-12,6.30957344480193e-6,0.0021477597328499443
1.7782794100389228e-12,0.00001584893192461114,0.010762716057565127
1.7782794100389228e-12,0.000039810717055349695,0.04796535775687991
1.7782794100389228e-12,0.0001,0.20289743552574357
3.1622776601683794e-12,1.e-6,0.00012448995505914479
3.1622776601683794e-12,2.5118864315095823e-6,0.0006985732531011602
3.1622776601683794e-12,6.30957344480193e-6,0.0038192126879046237
3.1622776601683794e-12,0.00001584893192461114,0.01913932072089413
3.1622776601683794e-12,0.000039810717055349695,0.085295448259693
3.1622776601683794e-12,0.0001,0.36079925720350714
5.6234132519034904e-12,1.e-6,0.00022137711124724523
5.6234132519034904e-12,2.5118864315095823e-6,0.0012422618684633114
5.6234132519034904e-12,6.30957344480193e-6,0.006791670344918385
5.6234132519034904e-12,0.00001584893192461114,0.03403506577605585
5.6234132519034904e-12,0.000039810717055349695,0.1516774000468795
5.6234132519034904e-12,0.0001,0.6415880517515932
1.e-11,1.e-6,0.0003936716519524126
1.e-11,2.5118864315095823e-6,0.0022090850577702703
1.e-11,6.30957344480193e-6,0.012077541241947527
1.e-11,0.00001584893192461114,0.06052381460694221
1.e-11,0.000039810717055349695,0.2697255924250542
1.e-11,0.0001,1.1409822245036991
1.7782794100389227e-11,1.e-6,0.0007000565832874439
1.7782794100389227e-11,2.5118864315095823e-6,0.003928409516635438
1.7782794100389227e-11,6.30957344480193e-6,0.0214771349727848
1.7782794100389227e-11,0.00001584893192461114,0.10763129233014987
1.7782794100389227e-11,0.000039810717055349695,0.4796577590689344
1.7782794100389227e-11,0.0001,2.0289676930676563
3.1622776601683794e-11,1.e-6,0.0012448983835809447
3.1622776601683794e-11,2.5118864315095823e-6,0.006985758831099178
3.1622776601683794e-11,6.30957344480193e-6,0.03819167631108284
3.1622776601683794e-11,0.00001584893192461114,0.19139951416389572
3.1622776601683794e-11,0.000039810717055349695,0.8529525126552924
3.1622776601683794e-11,0.0001,3.6078239690287788
5.6234132519034906e-11,1.e-6,0.0022137683618696
5.6234132519034906e-11,2.5118864315095823e-6,0.012422727683523637
5.6234132519034906e-11,6.30957344480193e-6,0.06791374317436026
5.6234132519034906e-11,0.00001584893192461114,0.3403590064320085
5.6234132519034906e-11,0.000039810717055349695,1.5167975275814207
5.6234132519034906e-11,0.0001,6.415860097907396
1.e-10,1.e-6,0.003936688032883792
1.e-10,2.5118864315095823e-6,0.022091142042308408
1.e-10,6.30957344480193e-6,0.12077419950255645
1.e-10,0.00001584893192461114,0.6052343263705654
1.e-10,0.000039810717055349695,2.6972427601592983
1.e-10,0.0001,11.409812429590072
1.778279410038923e-10,1.e-6,0.007000598074793239
1.778279410038923e-10,2.5118864315095823e-6,0.039283944299557894
1.778279410038923e-10,6.30957344480193e-6,0.21477295040510339
1.778279410038923e-10,0.00001584893192461114,1.0762967714602558
1.778279410038923e-10,0.000039810717055349695,4.796383295495025
1.778279410038923e-10,0.0001,20.288937387643426
3.1622776601683795e-10,1.e-6,0.01244891442774048
3.1622776601683795e-10,2.5118864315095823e-6,0.06985750784531629
3.1622776601683795e-10,6.30957344480193e-6,0.38192312705850273
3.1622776601683795e-10,0.00001584893192461114,1.9139694861075374
3.1622776601683795e-10,0.000039810717055349695,8.529424233898927
3.1622776601683795e-10,0.0001,36.07883942214798
5.623413251903491e-10,1.e-6,0.022137754536569586
5.623413251903491e-10,2.5118864315095823e-6,0.12422682926943723
5.623413251903491e-10,6.30957344480193e-6,0.6791467694443831
5.623413251903491e-10,0.00001584893192461114,3.403503210007128
5.623413251903491e-10,0.000039810717055349695,15.167642666761266
5.623413251903491e-10,0.0001,64.16049867365604
1.e-9,1.e-6,0.03936708666869522
1.e-9,2.5118864315095823e-6,0.2209099568139826
1.e-9,6.30957344480193e-6,1.2077520581376129
1.e-9,0.00001584893192461114,6.052523574429969
1.e-9,0.000039810717055349695,26.973637036240806
1.e-9,0.0001,114.09295354171181
1.7782794100389228e-9,1.e-6,0.07000585387601835
1.7782794100389228e-9,2.5118864315095823e-6,0.39283876374360066
1.7782794100389228e-9,6.30957344480193e-6,2.147749067482407
1.7782794100389228e-9,0.00001584893192461114,10.763031931472
1.7782794100389228e-9,0.000039810717055349695,47.96552312815956
1.7782794100389228e-9,0.0001,202.88889705953113
3.1622776601683795e-9,1.e-6,0.12448964345857533
3.1622776601683795e-9,2.5118864315095823e-6,0.6985841058407655
3.1622776601683795e-9,6.30957344480193e-6,3.8191636961607522
3.1622776601683795e-9,0.00001584893192461114,19.13975522076781
3.1622776601683795e-9,0.000039810717055349695,85.29797178181556
3.1622776601683795e-9,0.0001,360.7812061707866
5.623413251903491e-9,1.e-6,0.22137698875253212
5.623413251903491e-9,2.5118864315095823e-6,1.242270350779847
5.623413251903491e-9,6.30957344480193e-6,6.791629604822425
5.623413251903491e-9,0.00001584893192461114,34.03697594698407
5.623413251903491e-9,0.000039810717055349695,151.68557304505953
5.623413251903491e-9,0.0001,641.5872551511842
1.e-8,1.e-6,0.39367100320469206
1.e-8,2.5118864315095823e-6,2.2090857795418333
1.e-8,6.30957344480193e-6,12.077289093998806
1.e-8,0.00001584893192461114,60.52544979172674
1.e-8,0.000039810717055349695,269.7235006335968
1.e-8,0.0001,1141.0004146969559
1.7782794100389228e-8,1.e-6,0.7000568950589201
1.7782794100389228e-8,2.5118864315095823e-6,3.9283690310472275
1.7782794100389228e-8,6.30957344480193e-6,21.477517254312232
1.7782794100389228e-8,0.00001584893192461114,107.62649584361077
1.7782794100389228e-8,0.000039810717055349695,479.6466412499976
1.7782794100389228e-8,0.0001,2028.8254892112184
3.162277660168379e-8,1.e-6,1.2448958838069089
3.162277660168379e-8,2.5118864315095823e-6,6.985786839276851
3.162277660168379e-8,6.30957344480193e-6,38.194302068178004
3.162277660168379e-8,0.00001584893192461114,191.3942251263968
3.162277660168379e-8,0.000039810717055349695,852.9707182327471
3.162277660168379e-8,0.0001,3608.0326588350836
5.6234132519034905e-8,1.e-6,2.2137765076483027
5.6234132519034905e-8,2.5118864315095823e-6,12.42263396877563
5.6234132519034905e-8,6.30957344480193e-6,67.91584541162406
5.6234132519034905e-8,0.00001584893192461114,340.3562083916434
5.6234132519034905e-8,0.000039810717055349695,1516.8612189569303
5.6234132519034905e-8,0.0001,6416.196694506629
1.e-7,1.e-6,3.936716417945475
1.e-7,2.5118864315095823e-6,22.091012937150584
1.e-7,6.30957344480193e-6,120.77356669773877
1.e-7,0.00001584893192461114,605.2576452771978
1.e-7,0.000039810717055349695,2697.2637132253017
1.e-7,0.0001,11409.169869367708
1.7782794100389227e-7,1.e-6,7.000531334977212
1.7782794100389227e-7,2.5118864315095823e-6,39.28394360359639
1.7782794100389227e-7,6.30957344480193e-6,214.77050908056026
1.7782794100389227e-7,0.00001584893192461114,1076.3282196722496
1.7782794100389227e-7,0.000039810717055349695,4796.6325010067985
1.7782794100389227e-7,0.0001,20289.275053986763
3.162277660168379e-7,1.e-6,12.448981229759035
3.162277660168379e-7,2.5118864315095823e-6,69.85759866042306
3.162277660168379e-7,6.30957344480193e-6,381.92552992536525
3.162277660168379e-7,0.00001584893192461114,1913.9910435050601
3.162277660168379e-7,0.000039810717055349695,8529.916979371292
3.162277660168379e-7,0.0001,36080.486360889954
5.62341325190349e-7,1.e-6,22.137707689210796
5.62341325190349e-7,2.5118864315095823e-6,124.22604724627213
5.62341325190349e-7,6.30957344480193e-6,679.1668962488861
5.62341325190349e-7,0.00001584893192461114,3403.5806097658774
5.62341325190349e-7,0.000039810717055349695,15168.096376015057
5.62341325190349e-7,0.0001,64158.50171547202
1.e-6,1.e-6,39.36705004303577
1.e-6,2.5118864315095823e-6,220.9080423236086
1.e-6,6.30957344480193e-6,1207.7693446865715
1.e-6,0.00001584893192461114,6052.400958244551
1.e-6,0.000039810717055349695,26973.310046072245
1.e-6,0.0001,114095.80052011159
