1.e-14,1.e-6,2.390646734190042e-7
1.e-14,2.5118864315095823e-6,1.3654817109406468e-6
1.e-14,6.30957344480193e-6,7.693656366185586e-6
1.e-14,0.00001584893192461114,0.000043172828953291866
1.e-14,0.000039810717055349695,0.00023658024720324538
1.e-14,0.0001,0.0011923259703600887
1.7782794100389227e-14,1.e-6,4.2512323437472194e-7
1.7782794100389227e-14,2.5118864315095823e-6,2.428230307709918e-6
1.7782794100389227e-14,6.30957344480193e-6,0.000013681402292303973
1.7782794100389227e-14,0.00001584893192461114,0.00007677389969824018
1.7782794100389227e-14,0.000039810717055349695,0.0004207022980910377
1.7782794100389227e-14,0.0001,0.002120408808600129
3.1622776601683796e-14,1.e-6,7.559869572718226e-7
3.1622776601683796e-14,2.5118864315095823e-6,4.318074358741766e-6
3.1622776601683796e-14,6.30957344480193e-6,0.000024329485793604542
3.1622776601683796e-14,0.00001584893192461114,0.00013652518684679338
3.1622776601683796e-14,0.000039810717055349695,0.0007481174588174678
3.1622776601683796e-14,0.0001,0.0037706948578396537
5.6234132519034906e-14,1.e-6,1.3443585248891994e-6
5.6234132519034906e-14,2.5118864315095823e-6,7.678726650999404e-6
5.6234132519034906e-14,6.30957344480193e-6,0.00004326459371776416
5.6234132519034906e-14,0.00001584893192461114,0.00024278146380429786
5.6234132519034906e-14,0.000039810717055349695,0.0013303740334337762
5.6234132519034906e-14,0.0001,0.006705324444517295
1.e-13,1.e-6,2.390643490569767e-6
1.e-13,2.5118864315095823e-6,0.000013654856320066636
1.e-13,6.30957344480193e-6,0.00007693673679943578
1.e-13,0.00001584893192461114,0.0004317324399222658
1.e-13,0.000039810717055349695,0.0023657835830292405
1.e-13,0.0001,0.011923956933504239
1.7782794100389227e-13,1.e-6,4.251222198283725e-6
1.7782794100389227e-13,2.5118864315095823e-6,0.000024282268886137377
1.7782794100389227e-13,6.30957344480193e-6,0.00013681384023996312
1.7782794100389227e-13,0.00001584893192461114,0.0007677411666983521
1.7782794100389227e-13,0.000039810717055349695,0.0042070706052690175
1.7782794100389227e-13,0.0001,0.02120373347991477
3.162277660168379e-13,1.e-6,7.559876470763698e-6
3.162277660168379e-13,2.5118864315095823e-6,0.00004318061509974033
3.162277660168379e-13,6.30957344480193e-6,0.00024329454964809694
3.162277660168379e-13,0.00001584893192461114,0.001365256504248914
3.162277660168379e-13,0.000039810717055349695,0.007481501813304398
3.162277660168379e-13,0.0001,0.0377059177350641
5.62341325190349e-13,1.e-6,0.000013443564391740576
5.62341325190349e-13,2.5118864315095823e-6,0.00007678730070816267
5.62341325190349e-13,6.30957344480193e-6,0.0004326433409433766
5.62341325190349e-13,0.00001584893192461114,0.002427810304598161
5.62341325190349e-13,0.000039810717055349695,0.013303991767173904
5.62341325190349e-13,0.0001,0.06705163981370466
1.e-12,1.e-6,0.0000239064353830602
1.e-12,2.5118864315095823e-6,0.00013654854909653198
1.e-12,6.30957344480193e-6,0.0007693595517093789
1.e-12,0.00001584893192461114,0.0043173101569916016
1.e-12,0.000039810717055349695,0.023658042443652643
1.e-12,0.0001,0.11923748389593448
1.7782794100389228e-12,1.e-6,0.00004251229630836985
1.7782794100389228e-12,2.5118864315095823e-6,0.00024282190717475787
1.7782794100389228e-12,6.30957344480193e-6,0.001368149296734203
1.7782794100389228e-12,0.00001584893192461114,0.007677345193868598
1.7782794100389228e-12,0.000039810717055349695,0.04207041916823084
1.7782794100389228e-12,0.0001,0.21203883648894462
3.1622776601683794e-12,1.e-6,0.00007559874140273611
3.1622776601683794e-12,2.5118864315095823e-6,0.00043180483561046254
3.1622776601683794e-12,6.30957344480193e-6,0.002432943063833612
3.1622776601683794e-12,0.00001584893192461114,0.013652616746351508
3.1622776601683794e-12,0.000039810717055349695,0.07481442861376433
3.1622776601683794e-12,0.0001,0.377072620751545
5.6234132519034904e-12,1.e-6,0.0001344360385763241
5.6234132519034904e-12,2.5118864315095823e-6,0.0007678722473431745
5.6234132519034904e-12,6.30957344480193e-6,0.004326452894843761
5.6234132519034904e-12,0.00001584893192461114,0.024277907040893002
5.6234132519034904e-12,0.000039810717055349695,0.13303910343607156
5.6234132519034904e-12,0.0001,0.6705355484410745
1.e-11,1.e-6,0.000239063624121898
1.e-11,2.5118864315095823e-6,0.0013654911972885361
1.e-11,6.30957344480193e-6,0.007693658205889511
1.e-11,0.00001584893192461114,0.0431732468150838
1.e-11,0.000039810717055349695,0.2365865280772868
1.e-11,0.0001,1.1923859436259965
1.7782794100389227e-11,1.e-6,0.00042512312279854235
1.7782794100389227e-11,2.5118864315095823e-6,0.002428225429907738
1.7782794100389227e-11,6.30957344480193e-6,0.013681485824809336
1.7782794100389227e-11,0.00001584893192461114,0.07677375987714506
1.7782794100389227e-11,0.000039810717055349695,0.42070277289006125
1.7782794100389227e-11,0.0001,2.1204377766594114
3.1622776601683794e-11,1.e-6,0.0007559824793221625
3.1622776601683794e-11,2.5118864315095823e-6,0.004318069004611219
3.1622776601683794e-11,6.30957344480193e-6,0.024329546866156977
3.1622776601683794e-11,0.00001584893192461114,0.13652516328388947
3.1622776601683794e-11,0.000039810717055349695,0.7481331575166801
3.1622776601683794e-11,0.0001,3.7706450192147867
5.6234132519034906e-11,1.e-6,0.0013443522129436493
5.6234132519034906e-11,2.5118864315095823e-6,0.0076786779283033995
5.6234132519034906e-11,6.30957344480193e-6,0.04326465575401283
5.6234132519034906e-11,0.00001584893192461114,0.2427800425456431
5.6234132519034906e-11,0.000039810717055349695,1.330397779194342
5.6234132519034906e-11,0.0001,6.705580187155265
1.e-10,1.e-6,0.0023906247653438014
1.e-10,2.5118864315095823e-6,0.01365491054676004
1.e-10,6.30957344480193e-6,0.0769367390727986
1.e-10,0.00001584893192461114,0.4317295643739737
1.e-10,0.000039810717055349695,2.365842273876344
1.e-10,0.0001,11.923892461199172
1.778279410038923e-10,1.e-6,0.00425122730398489
1.778279410038923e-10,2.5118864315095823e-6,0.024282198412288156
1.778279410038923e-10,6.30957344480193e-6,0.1368145802897068
1.778279410038923e-10,0.00001584893192461114,0.7677367809509223
1.778279410038923e-10,0.000039810717055349695,4.207008227562625
1.778279410038923e-10,0.0001,21.20408239623123
3.1622776601683795e-10,1.e-6,0.0075598896692406
3.1622776601683795e-10,2.5118864315095823e-6,0.04318074766773473
3.1622776601683795e-10,6.30957344480193e-6,0.24329485549562238
3.1622776601683795e-10,0.00001584893192461114,1.3652579388481427
3.1622776601683795e-10,0.000039810717055349695,7.4815159314077215
3.1622776601683795e-10,0.0001,37.706081581086266
5.623413251903491e-10,1.e-6,0.013443582227512654
5.623413251903491e-10,2.5118864315095823e-6,0.07678689349008049
5.623413251903491e-10,6.30957344480193e-6,0.43264240755485595
5.623413251903491e-10,0.00001584893192461114,2.4277931262293064
5.623413251903491e-10,0.000039810717055349695,13.304177863867514
5.623413251903491e-10,0.0001,67.05122352150966
1.e-9,1.e-6,0.02390644840832975
1.e-9,2.5118864315095823e-6,0.1365491018932742
1.e-9,6.30957344480193e-6,0.7693644696035938
1.e-9,0.00001584893192461114,4.317298272697992
1.e-9,0.000039810717055349695,23.65790194837315
1.e-9,0.0001,119.23523446322062
1.7782794100389228e-9,1.e-6,0.04251236692856376
1.7782794100389228e-9,2.5118864315095823e-6,0.24282107062791397
1.7782794100389228e-9,6.30957344480193e-6,1.3681439806565008
1.7782794100389228e-9,0.00001584893192461114,7.677333277312817
1.7782794100389228e-9,0.000039810717055349695,42.07166525656524
1.7782794100389228e-9,0.0001,212.03951178471374
3.1622776601683795e-9,1.e-6,0.07559875332077634
3.1622776601683795e-9,2.5118864315095823e-6,0.43180607229846996
3.1622776601683795e-9,6.30957344480193e-6,2.4329358377368795
3.1622776601683795e-9,0.00001584893192461114,13.652516260140523
3.1622776601683795e-9,0.000039810717055349695,74.81303886212285
3.1622776601683795e-9,0.0001,377.05978067496955
5.623413251903491e-9,1.e-6,0.13443562512157503
5.623413251903491e-9,2.5118864315095823e-6,0.7678739694770501
5.623413251903491e-9,6.30957344480193e-6,4.326461878055872
5.623413251903491e-9,0.00001584893192461114,24.27805362737256
5.623413251903491e-9,0.000039810717055349695,133.0392577015133
5.623413251903491e-9,0.0001,670.5171566225929
1.e-8,1.e-6,0.2390645120534134
1.e-8,2.5118864315095823e-6,1.3654916611606887
1.e-8,6.30957344480193e-6,7.693633114716211
1.e-8,0.00001584893192461114,43.172834097501685
1.e-8,0.000039810717055349695,236.58375972724036
1.e-8,0.0001,1192.3681440252763
1.7782794100389228e-8,1.e-6,0.4251235207483505
1.7782794100389228e-8,2.5118864315095823e-6,2.4282227593023524
1.7782794100389228e-8,6.30957344480193e-6,13.681454217399477
1.7782794100389228e-8,0.00001584893192461114,76.7741265018947
1.7782794100389228e-8,0.000039810717055349695,420.70724939958933
1.7782794100389228e-8,0.0001,2120.4233279047353
3.162277660168379e-8,1.e-6,0.7559882792768496
3.162277660168379e-8,2.5118864315095823e-6,4.318064747795969
3.162277660168379e-8,6.30957344480193e-6,24.329473138351627
3.162277660168379e-8,0.00001584893192461114,136.52393281821043
3.162277660168379e-8,0.000039810717055349695,748.132589584099
3.162277660168379e-8,0.0001,3770.63418070704
5.6234132519034905e-8,1.e-6,1.344349146729775
5.6234132519034905e-8,2.5118864315095823e-6,7.6787350380942
5.6234132519034905e-8,6.30957344480193e-6,43.264428645231554
5.6234132519034905e-8,0.00001584893192461114,242.77853354648497
5.6234132519034905e-8,0.000039810717055349695,1330.3902387852293
5.6234132519034905e-8,0.0001,6705.145997992982
1.e-7,1.e-6,2.390624959752412
1.e-7,2.5118864315095823e-6,13.654875599390117
1.e-7,6.30957344480193e-6,76.9365191634212
1.e-7,0.00001584893192461114,431.7261762550768
1.e-7,0.000039810717055349695,2365.8476281835856
1.e-7,0.0001,11923.76506945268
1.7782794100389227e-7,1.e-6,4.251205919198981
1.7782794100389227e-7,2.5118864315095823e-6,24.282275970028696
1.7782794100389227e-7,6.30957344480193e-6,136.81441620585653
1.7782794100389227e-7,0.00001584893192461114,767.7373664498763
1.7782794100389227e-7,0.000039810717055349695,4207.062484351623
1.7782794100389227e-7,0.0001,21203.239285064697
3.162277660168379e-7,1.e-6,7.559879446695849
3.162277660168379e-7,2.5118864315095823e-6,43.180720364536064
3.162277660168379e-7,6.30957344480193e-6,243.294579148601
3.162277660168379e-7,0.00001584893192461114,1365.2343625005344
3.162277660168379e-7,0.000039810717055349695,7481.268161739598
3.162277660168379e-7,0.0001,37707.65202951844
5.62341325190349e-7,1.e-6,13.443508398281189
5.62341325190349e-7,2.5118864315095823e-6,76.7873500303333
5.62341325190349e-7,6.30957344480193e-6,432.64578196525565
5.62341325190349e-7,0.00001584893192461114,2427.786836373411
5.62341325190349e-7,0.000039810717055349695,13303.882971687928
5.62341325190349e-7,0.0001,67056.53292503949
1.e-6,1.e-6,23.906425939038098
1.e-6,2.5118864315095823e-6,136.54904172552952
1.e-6,6.30957344480193e-6,769.3640447441062
1.e-6,0.00001584893192461114,4317.293979862522
1.e-6,0.000039810717055349695,23657.164198354392
1.e-6,0.0001,119242.72857003457
