1.e-14,1.e-6,1.266301123602767e-6
1.e-14,2.5118864315095823e-6,7.0483075990775815e-6
1.e-14,6.30957344480193e-6,0.000037121590991507955
1.e-14,0.00001584893192461114,0.00017446439860634462
1.e-14,0.000039810717055349695,0.0007464246229230183
1.e-14,0.0001,0.0031846824908250445
1.7782794100389227e-14,1.e-6,2.251840826033446e-6
1.7782794100389227e-14,2.5118864315095823e-6,0.000012534107778590695
1.7782794100389227e-14,6.30957344480193e-6,0.00006601633024129953
1.7782794100389227e-14,0.00001584893192461114,0.0003102357457228284
1.7782794100389227e-14,0.000039810717055349695,0.0013272892390862024
1.7782794100389227e-14,0.0001,0.005663295663082525
3.1622776601683796e-14,1.e-6,4.004375513995804e-6
3.1622776601683796e-14,2.5118864315095823e-6,0.000022288760672619356
3.1622776601683796e-14,6.30957344480193e-6,0.00011739665155728687
3.1622776601683796e-14,0.00001584893192461114,0.0005516830607136578
3.1622776601683796e-14,0.000039810717055349695,0.0023602933789608127
3.1622776601683796e-14,0.0001,0.010071182678239136
5.6234132519034906e-14,1.e-6,7.120894445516999e-6
5.6234132519034906e-14,2.5118864315095823e-6,0.00003963569542290248
5.6234132519034906e-14,6.30957344480193e-6,0.000208758349185653
5.6234132519034906e-14,0.00001584893192461114,0.000981041277394326
5.6234132519034906e-14,0.000039810717055349695,0.004197525272097898
5.6234132519034906e-14,0.0001,0.01790978419786836
1.e-13,1.e-6,0.000012662948556646443
1.e-13,2.5118864315095823e-6,0.00007048303963249514
1.e-13,6.30957344480193e-6,0.00037123402319787306
1.e-13,0.00001584893192461114,0.0017446143423101295
1.e-13,0.000039810717055349695,0.007463741805649121
1.e-13,0.0001,0.03184814736113408
1.7782794100389227e-13,1.e-6,0.000022518320599880177
1.7782794100389227e-13,2.5118864315095823e-6,0.00012534014712661646
1.7782794100389227e-13,6.30957344480193e-6,0.0006601571475043636
1.7782794100389227e-13,0.00001584893192461114,0.0031022664183431507
1.7782794100389227e-13,0.000039810717055349695,0.013273662401595516
1.7782794100389227e-13,0.0001,0.05663187633398448
3.162277660168379e-13,1.e-6,0.0000400436872601886
3.162277660168379e-13,2.5118864315095823e-6,0.0002228893669337492
3.162277660168379e-13,6.30957344480193e-6,0.0011739328924304396
3.162277660168379e-13,0.00001584893192461114,0.005516645355749663
3.162277660168379e-13,0.000039810717055349695,0.023603979057042587
3.162277660168379e-13,0.0001,0.10071011441046464
5.62341325190349e-13,1.e-6,0.00007120955832382496
5.62341325190349e-13,2.5118864315095823e-6,0.0003963525170398873
5.62341325190349e-13,6.30957344480193e-6,0.002087586350695143
5.62341325190349e-13,0.00001584893192461114,0.00981049476666381
5.62341325190349e-13,0.000039810717055349695,0.04197420548176721
5.62341325190349e-13,0.0001,0.17909155231900947
1.e-12,1.e-6,0.00012662866391597276
1.e-12,2.5118864315095823e-6,0.0007048244947520705
1.e-12,6.30957344480193e-6,0.0037123481631491035
1.e-12,0.00001584893192461114,0.01744539857497755
1.e-12,0.000039810717055349695,0.07463915376937696
1.e-12,0.0001,0.31847416235366016
1.7782794100389228e-12,1.e-6,0.0002251829320446397
1.7782794100389228e-12,2.5118864315095823e-6,0.001253388756311957
1.7782794100389228e-12,6.30957344480193e-6,0.0066014084572892035
1.7782794100389228e-12,0.00001584893192461114,0.03102409101792549
1.7782794100389228e-12,0.000039810717055349695,0.13273175412161292
1.7782794100389228e-12,0.0001,0.5663296472731559
3.1622776601683794e-12,1.e-6,0.0004004407150220054
3.1622776601683794e-12,2.5118864315095823e-6,0.002228913550889426
3.1622776601683794e-12,6.30957344480193e-6,0.011738905408830788
3.1622776601683794e-12,0.00001584893192461114,0.05516813430676395
3.1622776601683794e-12,0.000039810717055349695,0.2360364355124631
3.1622776601683794e-12,0.0001,1.007100513073978
5.6234132519034904e-12,1.e-6,0.0007120935143148033
5.6234132519034904e-12,2.5118864315095823e-6,0.003963576529779848
5.6234132519034904e-12,6.30957344480193e-6,0.020875483229651322
5.6234132519034904e-12,0.00001584893192461114,0.09811188493930671
5.6234132519034904e-12,0.000039810717055349695,0.4197413200163784
5.6234132519034904e-12,0.0001,1.7909279967382412
1.e-11,1.e-6,0.0012662946766987026
1.e-11,2.5118864315095823e-6,0.007048370062874151
1.e-11,6.30957344480193e-6,0.03712273575339889
1.e-11,0.00001584893192461114,0.17446425143936958
1.e-11,0.000039810717055349695,0.7463991870383423
1.e-11,0.0001,3.184727918079971
1.7782794100389227e-11,1.e-6,0.0022518290654406905
1.7782794100389227e-11,2.5118864315095823e-6,0.012533859260852095
1.7782794100389227e-11,6.30957344480193e-6,0.06601485538854418
1.7782794100389227e-11,0.00001584893192461114,0.3102392913859026
1.7782794100389227e-11,0.000039810717055349695,1.3273464700890845
1.7782794100389227e-11,0.0001,5.663429360842454
3.1622776601683794e-11,1.e-6,0.004004387643400044
3.1622776601683794e-11,2.5118864315095823e-6,0.022288504860967156
3.1622776601683794e-11,6.30957344480193e-6,0.11739615750236014
3.1622776601683794e-11,0.00001584893192461114,0.5517022011655898
3.1622776601683794e-11,0.000039810717055349695,2.360271197919821
3.1622776601683794e-11,0.0001,10.070678123441642
5.6234132519034906e-11,1.e-6,0.007120951720090488
5.6234132519034906e-11,2.5118864315095823e-6,0.03963653228076401
5.6234132519034906e-11,6.30957344480193e-6,0.2087628584739092
5.6234132519034906e-11,0.00001584893192461114,0.9810992159527956
5.6234132519034906e-11,0.000039810717055349695,4.197279313954099
5.6234132519034906e-11,0.0001,17.908973931604134
1.e-10,1.e-6,0.012662904661199148
1.e-10,2.5118864315095823e-6,0.0704847989981967
1.e-10,6.30957344480193e-6,0.3712324442643771
1.e-10,0.00001584893192461114,1.7446162204326254
1.e-10,0.000039810717055349695,7.464108456639087
1.e-10,0.0001,31.847457579548237
1.778279410038923e-10,1.e-6,0.02251830274895239
1.778279410038923e-10,2.5118864315095823e-6,0.1253386543622514
1.778279410038923e-10,6.30957344480193e-6,0.6601530684080832
1.778279410038923e-10,0.00001584893192461114,3.1024263373376426
1.778279410038923e-10,0.000039810717055349695,13.273319477296694
1.778279410038923e-10,0.0001,56.63524307954704
3.1622776601683795e-10,1.e-6,0.04004405710220485
3.1622776601683795e-10,2.5118864315095823e-6,0.22288779634678277
3.1622776601683795e-10,6.30957344480193e-6,1.1739497930715652
3.1622776601683795e-10,0.00001584893192461114,5.516995479983157
3.1622776601683795e-10,0.000039810717055349695,23.60441788441704
3.1622776601683795e-10,0.0001,100.7125357658565
5.623413251903491e-10,1.e-6,0.0712092035333632
5.623413251903491e-10,2.5118864315095823e-6,0.3963618350438614
5.623413251903491e-10,6.30957344480193e-6,2.0876083638427203
5.623413251903491e-10,0.00001584893192461114,9.810649925331614
5.623413251903491e-10,0.000039810717055349695,41.97369394398302
5.623413251903491e-10,0.0001,179.08929856700598
1.e-9,1.e-6,0.12662990365631122
1.e-9,2.5118864315095823e-6,0.7048243994473358
1.e-9,6.30957344480193e-6,3.71223129185387
1.e-9,0.00001584893192461114,17.44584913788078
1.e-9,0.000039810717055349695,74.64048160905287
1.e-9,0.0001,318.4668921410805
1.7782794100389228e-9,1.e-6,0.22518280044123712
1.7782794100389228e-9,2.5118864315095823e-6,1.2533779160176646
1.7782794100389228e-9,6.30957344480193e-6,6.60146729287519
1.7782794100389228e-9,0.00001584893192461114,31.025155088695318
1.7782794100389228e-9,0.000039810717055349695,132.7326292001133
1.7782794100389228e-9,0.0001,566.3578489586571
3.1622776601683795e-9,1.e-6,0.40043926945494646
3.1622776601683795e-9,2.5118864315095823e-6,2.2288768993850048
3.1622776601683795e-9,6.30957344480193e-6,11.739268551154279
3.1622776601683795e-9,0.00001584893192461114,55.16900611086948
3.1622776601683795e-9,0.000039810717055349695,236.03047841190423
3.1622776601683795e-9,0.0001,1007.0866562033985
5.623413251903491e-9,1.e-6,0.7120901905453104
5.623413251903491e-9,2.5118864315095823e-6,3.963516508004444
5.623413251903491e-9,6.30957344480193e-6,20.87602832038116
5.623413251903491e-9,0.00001584893192461114,98.1024044228184
5.623413251903491e-9,0.000039810717055349695,419.75103558199027
5.623413251903491e-9,0.0001,1790.8822941459134
1.e-8,1.e-6,1.26629949361858
1.e-8,2.5118864315095823e-6,7.04829525162306
1.e-8,6.30957344480193e-6,37.12246658483831
1.e-8,0.00001584893192461114,174.4575142290571
1.e-8,0.000039810717055349695,746.4122560215642
1.e-8,0.0001,3184.5834919561244
1.7782794100389228e-8,1.e-6,2.251833567878027
1.7782794100389228e-8,2.5118864315095823e-6,12.533921892093428
1.7782794100389228e-8,6.30957344480193e-6,66.01371840776152
1.7782794100389228e-8,0.00001584893192461114,310.2398157706309
1.7782794100389228e-8,0.000039810717055349695,1327.313088174626
1.7782794100389228e-8,0.0001,5663.243882775409
3.162277660168379e-8,1.e-6,4.004407681481276
3.162277660168379e-8,2.5118864315095823e-6,22.288734723337008
3.162277660168379e-8,6.30957344480193e-6,117.39184972560638
3.162277660168379e-8,0.00001584893192461114,551.6934119491805
3.162277660168379e-8,0.000039810717055349695,2360.3673528896907
3.162277660168379e-8,0.0001,10071.09928819059
5.6234132519034905e-8,1.e-6,7.120910999414527
5.6234132519034905e-8,2.5118864315095823e-6,39.63567056560233
5.6234132519034905e-8,6.30957344480193e-6,208.7557325421278
5.6234132519034905e-8,0.00001584893192461114,981.0759343187586
5.6234132519034905e-8,0.000039810717055349695,4197.3703699249945
5.6234132519034905e-8,0.0001,17908.967704308623
1.e-7,1.e-6,12.662992767425827
1.e-7,2.5118864315095823e-6,70.48333343921756
1.e-7,6.30957344480193e-6,371.2293624152393
1.e-7,0.00001584893192461114,1744.591616084215
1.e-7,0.000039810717055349695,7464.17844122744
1.e-7,0.0001,31847.41141846229
1.7782794100389227e-7,1.e-6,22.51830273695833
1.7782794100389227e-7,2.5118864315095823e-6,125.34017967744903
1.7782794100389227e-7,6.30957344480193e-6,660.1601583115904
1.7782794100389227e-7,0.00001584893192461114,3102.365581169269
1.7782794100389227e-7,0.000039810717055349695,13273.227296850804
1.7782794100389227e-7,0.0001,56633.50528986267
3.162277660168379e-7,1.e-6,40.043897386358076
3.162277660168379e-7,2.5118864315095823e-6,222.886679243047
3.162277660168379e-7,6.30957344480193e-6,1173.9417234146676
3.162277660168379e-7,0.00001584893192461114,5516.948782015524
3.162277660168379e-7,0.000039810717055349695,23602.828260416278
3.162277660168379e-7,0.0001,100711.60477894903
5.62341325190349e-7,1.e-6,71.20920965254568
5.62341325190349e-7,2.5118864315095823e-6,396.3627459585897
5.62341325190349e-7,6.30957344480193e-6,2087.6262297275257
5.62341325190349e-7,0.00001584893192461114,9810.236119969722
5.62341325190349e-7,0.000039810717055349695,41975.189789191245
5.62341325190349e-7,0.0001,179089.18024288624
1.e-6,1.e-6,126.62993104674324
1.e-6,2.5118864315095823e-6,704.8398137670035
1.e-6,6.30957344480193e-6,3712.286431792894
1.e-6,0.00001584893192461114,17445.964172013653
1.e-6,0.000039810717055349695,74642.70063863818
1.e-6,0.0001,318480.5543616325
