1.e-10,1.e-6,0.007088976973012457
1.e-10,2.5118864315095823e-6,0.03924359568656367
1.e-10,6.30957344480193e-6,0.2029709833243967
1.e-10,0.00001584893192461114,0.9328045289220628
1.e-10,0.000039810717055349695,3.964288595346587
1.e-10,0.0001,17.087814339683405
1.778279410038923e-10,1.e-6,0.01260618412308665
1.778279410038923e-10,2.5118864315095823e-6,0.06978695793777524
1.778279410038923e-10,6.30957344480193e-6,0.3609260156758515
1.778279410038923e-10,0.00001584893192461114,1.6588000543103847
1.778279410038923e-10,0.000039810717055349695,7.049661085728133
1.778279410038923e-10,0.0001,30.386397947385156
3.1622776601683795e-10,1.e-6,0.022417426920078042
3.1622776601683795e-10,2.5118864315095823e-6,0.12409849338906227
3.1622776601683795e-10,6.30957344480193e-6,0.641835848157747
3.1622776601683795e-10,0.00001584893192461114,2.9497515369243934
3.1622776601683795e-10,0.000039810717055349695,12.535417131057173
3.1622776601683795e-10,0.0001,54.03580825342015
5.623413251903491e-10,1.e-6,0.0398643084251471
5.623413251903491e-10,2.5118864315095823e-6,0.22068186485259317
5.623413251903491e-10,6.30957344480193e-6,1.1413281094270695
5.623413251903491e-10,0.00001584893192461114,5.24556029383557
5.623413251903491e-10,0.000039810717055349695,22.29249872485447
5.623413251903491e-10,0.0001,96.08870419918196
1.e-9,1.e-6,0.07088950192662924
1.e-9,2.5118864315095823e-6,0.39243438671003705
1.e-9,6.30957344480193e-6,2.0296104767323544
1.e-9,0.00001584893192461114,9.328115822517098
1.e-9,0.000039810717055349695,39.64327747751039
1.e-9,0.0001,170.87451952043264
1.7782794100389228e-9,1.e-6,0.12606131448950642
1.7782794100389228e-9,2.5118864315095823e-6,0.697854906861291
1.7782794100389228e-9,6.30957344480193e-6,3.6092359225298276
1.7782794100389228e-9,0.00001584893192461114,16.587251381536625
1.7782794100389228e-9,0.000039810717055349695,70.49384787340257
1.7782794100389228e-9,0.0001,303.8672712619796
3.1622776601683795e-9,1.e-6,0.22417375957353927
3.1622776601683795e-9,2.5118864315095823e-6,1.2410039419327832
3.1622776601683795e-9,6.30957344480193e-6,6.418247860102054
3.1622776601683795e-9,0.00001584893192461114,29.497587060998264
3.1622776601683795e-9,0.000039810717055349695,125.35945672745153
3.1622776601683795e-9,0.0001,540.3513865992409
5.623413251903491e-9,1.e-6,0.39864013387296965
5.623413251903491e-9,2.5118864315095823e-6,2.20679728090136
5.623413251903491e-9,6.30957344480193e-6,11.413747233355261
5.623413251903491e-9,0.00001584893192461114,52.452919660294
5.623413251903491e-9,0.000039810717055349695,222.92112394082122
5.623413251903491e-9,0.0001,960.9085176504213
1.e-8,1.e-6,0.7088948726380945
1.e-8,2.5118864315095823e-6,3.924416807666703
1.e-8,6.30957344480193e-6,20.29599567090564
1.e-8,0.00001584893192461114,93.28074432932804
1.e-8,0.000039810717055349695,396.4266860345149
1.e-8,0.0001,1708.755000131657
1.7782794100389228e-8,1.e-6,1.2606159103764212
1.7782794100389228e-8,2.5118864315095823e-6,6.978595239238632
1.7782794100389228e-8,6.30957344480193e-6,36.09323539215427
1.7782794100389228e-8,0.00001584893192461114,165.87967537355178
1.7782794100389228e-8,0.000039810717055349695,704.9487137773042
1.7782794100389228e-8,0.0001,3038.6548656376362
3.162277660168379e-8,1.e-6,2.2417269442388412
3.162277660168379e-8,2.5118864315095823e-6,12.40983396948497
3.162277660168379e-8,6.30957344480193e-6,64.18323069713385
3.162277660168379e-8,0.00001584893192461114,294.9819238296064
3.162277660168379e-8,0.000039810717055349695,1253.687217194833
3.162277660168379e-8,0.0001,5403.56080014639
5.6234132519034905e-8,1.e-6,3.986442029316833
5.6234132519034905e-8,2.5118864315095823e-6,22.068405580266298
5.6234132519034905e-8,6.30957344480193e-6,114.13730932721651
5.6234132519034905e-8,0.00001584893192461114,524.5505309507729
5.6234132519034905e-8,0.000039810717055349695,2229.211384773038
5.6234132519034905e-8,0.0001,9609.021267647639
1.e-7,1.e-6,7.088993664549578
1.e-7,2.5118864315095823e-6,39.243664780607546
1.e-7,6.30957344480193e-6,202.9611098290438
1.e-7,0.00001584893192461114,932.8029615022925
1.e-7,0.000039810717055349695,3964.29004632965
1.e-7,0.0001,17088.134771962483
1.7782794100389227e-7,1.e-6,12.606174075921148
1.7782794100389227e-7,2.5118864315095823e-6,69.78579481973136
1.7782794100389227e-7,6.30957344480193e-6,360.9214117942422
1.7782794100389227e-7,0.00001584893192461114,1658.7450326701871
1.7782794100389227e-7,0.000039810717055349695,7049.344754165696
1.7782794100389227e-7,0.0001,30386.60374701557
3.162277660168379e-7,1.e-6,22.417333487416556
3.162277660168379e-7,2.5118864315095823e-6,124.09894105151334
3.162277660168379e-7,6.30957344480193e-6,641.8205919374079
3.162277660168379e-7,0.00001584893192461114,2949.820585979898
3.162277660168379e-7,0.000039810717055349695,12535.710652305212
3.162277660168379e-7,0.0001,54034.66205694689
5.62341325190349e-7,1.e-6,39.86431752125191
5.62341325190349e-7,2.5118864315095823e-6,220.68117664307593
5.62341325190349e-7,6.30957344480193e-6,1141.3496034980276
5.62341325190349e-7,0.00001584893192461114,5245.479117621474
5.62341325190349e-7,0.000039810717055349695,22292.611085842604
5.62341325190349e-7,0.0001,96091.96392979399
1.e-6,1.e-6,70.88941841908206
1.e-6,2.5118864315095823e-6,392.4331330820337
1.e-6,6.30957344480193e-6,2029.6739064260262
1.e-6,0.00001584893192461114,9327.923936369583
1.e-6,0.000039810717055349695,39640.51183110733
1.e-6,0.0001,170874.2606553374
1.778279410038923e-6,1.e-6,126.06194640528139
1.778279410038923e-6,2.5118864315095823e-6,697.853955888832
1.778279410038923e-6,6.30957344480193e-6,3609.16949230717
1.778279410038923e-6,0.00001584893192461114,16587.46850485811
1.778279410038923e-6,0.000039810717055349695,70497.60466789118
1.778279410038923e-6,0.0001,303866.6664797574
3.162277660168379e-6,1.e-6,224.1735551745191
3.162277660168379e-6,2.5118864315095823e-6,1240.9949682977062
3.162277660168379e-6,6.30957344480193e-6,6418.236099862516
3.162277660168379e-6,0.00001584893192461114,29497.12270899309
3.162277660168379e-6,0.000039810717055349695,125360.63952648606
3.162277660168379e-6,0.0001,540350.7905673904
5.623413251903491e-6,1.e-6,398.6402729850109
5.623413251903491e-6,2.5118864315095823e-6,2206.8207412649886
5.623413251903491e-6,6.30957344480193e-6,11413.531249623842
5.623413251903491e-6,0.00001584893192461114,52456.52025718089
5.623413251903491e-6,0.000039810717055349695,222929.36047349495
5.623413251903491e-6,0.0001,960867.2600150321
0.00001,1.e-6,708.8963540549327
0.00001,2.5118864315095823e-6,3924.350513851711
0.00001,6.30957344480193e-6,20296.65500164599
0.00001,0.00001584893192461114,93281.83779961095
0.00001,0.000039810717055349695,396415.2594962004
0.00001,0.0001,1.7087258562007404e6
0.00001778279410038923,1.e-6,1260.6116456461507
0.00001778279410038923,2.5118864315095823e-6,6978.601082329664
0.00001778279410038923,6.30957344480193e-6,36092.643963048
0.00001778279410038923,0.00001584893192461114,165885.8458738088
0.00001778279410038923,0.000039810717055349695,704919.5843225569
0.00001778279410038923,0.0001,3.0386089053701484e6
0.000031622776601683795,1.e-6,2241.6871237900177
0.000031622776601683795,2.5118864315095823e-6,12409.661268410096
0.000031622776601683795,6.30957344480193e-6,64180.94873783279
0.000031622776601683795,0.00001584893192461114,294965.2387280203
0.000031622776601683795,0.000039810717055349695,1.2535672947231715e6
0.000031622776601683795,0.0001,5.4034720650056405e6
0.00005623413251903491,1.e-6,3986.286297474857
0.00005623413251903491,2.5118864315095823e-6,22067.46403228784
0.00005623413251903491,6.30957344480193e-6,114135.35718228563
0.00005623413251903491,0.00001584893192461114,524539.3453537914
0.00005623413251903491,0.000039810717055349695,2.2291136265010373e6
0.00005623413251903491,0.0001,9.608378636838183e6
0.0001,1.e-6,7088.482071530511
0.0001,2.5118864315095823e-6,39240.67946049926
0.0001,6.30957344480193e-6,202954.6997292272
0.0001,0.00001584893192461114,932737.8229296403
0.0001,0.000039810717055349695,3.9639361398864714e6
0.0001,0.0001,1.708607541671289e7
