1.e-14,1.e-6,1.0271795160440992e-7
1.e-14,2.5118864315095823e-6,5.835067155602363e-7
1.e-14,6.30957344480193e-6,3.2840974567185284e-6
1.e-14,0.00001584893192461114,0.000018380431872861017
1.e-14,0.000039810717055349695,0.00009900740285674764
1.e-14,0.0001,0.00048192484203908245
1.7782794100389227e-14,1.e-6,1.8266125767907391e-7
1.7782794100389227e-14,2.5118864315095823e-6,1.0376435897998776e-6
1.7782794100389227e-14,6.30957344480193e-6,5.840047049957165e-6
1.7782794100389227e-14,0.00001584893192461114,0.00003268583108604698
1.7782794100389227e-14,0.000039810717055349695,0.00017606538274222844
1.7782794100389227e-14,0.0001,0.0008569549719521389
3.1622776601683796e-14,1.e-6,3.24825119051211e-7
3.1622776601683796e-14,2.5118864315095823e-6,1.8452166529185655e-6
3.1622776601683796e-14,6.30957344480193e-6,0.000010385204092481193
3.1622776601683796e-14,0.00001584893192461114,0.00005812442973926029
3.1622776601683796e-14,0.000039810717055349695,0.00031309174654740705
3.1622776601683796e-14,0.0001,0.0015239261180546456
5.6234132519034906e-14,1.e-6,5.77629782494702e-7
5.6234132519034906e-14,2.5118864315095823e-6,3.28130401105032e-6
5.6234132519034906e-14,6.30957344480193e-6,0.000018467802879289495
5.6234132519034906e-14,0.00001584893192461114,0.00010336134290605802
5.6234132519034906e-14,0.000039810717055349695,0.0005567723369743267
5.6234132519034906e-14,0.0001,0.002709873739438377
1.e-13,1.e-6,1.0271862049585264e-6
1.e-13,2.5118864315095823e-6,5.835049110928517e-6
1.e-13,6.30957344480193e-6,0.00003284103376991922
1.e-13,0.00001584893192461114,0.0001838063110734487
1.e-13,0.000039810717055349695,0.0009900977959134067
1.e-13,0.0001,0.004819084613977883
1.7782794100389227e-13,1.e-6,1.8266173717255528e-6
1.7782794100389227e-13,2.5118864315095823e-6,0.000010376430369434784
1.7782794100389227e-13,6.30957344480193e-6,0.000058400285236128726
1.7782794100389227e-13,0.00001584893192461114,0.00032686257741564793
1.7782794100389227e-13,0.000039810717055349695,0.0017607167861381974
1.7782794100389227e-13,0.0001,0.008569234236591821
3.162277660168379e-13,1.e-6,3.248249507473848e-6
3.162277660168379e-13,2.5118864315095823e-6,0.000018452183775861894
3.162277660168379e-13,6.30957344480193e-6,0.00010385163623922459
3.162277660168379e-13,0.00001584893192461114,0.0005812485869321111
3.162277660168379e-13,0.000039810717055349695,0.003130975474505432
3.162277660168379e-13,0.0001,0.015238572694333494
5.62341325190349e-13,1.e-6,5.776296094197057e-6
5.62341325190349e-13,2.5118864315095823e-6,0.000032813116741194185
5.62341325190349e-13,6.30957344480193e-6,0.00018467804424590636
5.62341325190349e-13,0.00001584893192461114,0.0010336170539658183
5.62341325190349e-13,0.000039810717055349695,0.005567614828792136
5.62341325190349e-13,0.0001,0.027099472450015528
1.e-12,1.e-6,0.000010271866660581232
1.e-12,2.5118864315095823e-6,0.00005835072674257852
1.e-12,6.30957344480193e-6,0.0003284102273474173
1.e-12,0.00001584893192461114,0.00183807748684611
1.e-12,0.000039810717055349695,0.009901240784137838
1.e-12,0.0001,0.04819133801529137
1.7782794100389228e-12,1.e-6,0.00001826623732588997
1.7782794100389228e-12,2.5118864315095823e-6,0.00010376425531716497
1.7782794100389228e-12,6.30957344480193e-6,0.0005840043714489738
1.7782794100389228e-12,0.00001584893192461114,0.0032686117313866243
1.7782794100389228e-12,0.000039810717055349695,0.01760662496306388
1.7782794100389228e-12,0.0001,0.08569610513432714
3.1622776601683794e-12,1.e-6,0.00003248245260189579
3.1622776601683794e-12,2.5118864315095823e-6,0.00018452209283265647
3.1622776601683794e-12,6.30957344480193e-6,0.0010385226315834332
3.1622776601683794e-12,0.00001584893192461114,0.0058124408793872205
3.1622776601683794e-12,0.000039810717055349695,0.03131004639311033
3.1622776601683794e-12,0.0001,0.1523908045077135
5.6234132519034904e-12,1.e-6,0.000057762834635559756
5.6234132519034904e-12,2.5118864315095823e-6,0.0003281306472495249
5.6234132519034904e-12,6.30957344480193e-6,0.0018467899578332582
5.6234132519034904e-12,0.00001584893192461114,0.010336080394094893
5.6234132519034904e-12,0.000039810717055349695,0.05567694494584744
5.6234132519034904e-12,0.0001,0.2709920117193048
1.e-11,1.e-6,0.00010271815034634052
1.e-11,2.5118864315095823e-6,0.0005835090147829183
1.e-11,6.30957344480193e-6,0.003284092710661471
1.e-11,0.00001584893192461114,0.018380840894873986
1.e-11,0.000039810717055349695,0.09900924286370376
1.e-11,0.0001,0.48191825061397175
1.7782794100389227e-11,1.e-6,0.00018266240996212457
1.7782794100389227e-11,2.5118864315095823e-6,0.0010376358253961044
1.7782794100389227e-11,6.30957344480193e-6,0.005840033922854886
1.7782794100389227e-11,0.00001584893192461114,0.032686197005286605
1.7782794100389227e-11,0.000039810717055349695,0.17606767810732674
1.7782794100389227e-11,0.0001,0.8569265189258974
3.1622776601683794e-11,1.e-6,0.0003248256211816693
3.1622776601683794e-11,2.5118864315095823e-6,0.0018452177760279445
3.1622776601683794e-11,6.30957344480193e-6,0.010385208065560347
3.1622776601683794e-11,0.00001584893192461114,0.05812532694635124
3.1622776601683794e-11,0.000039810717055349695,0.31308892030078433
3.1622776601683794e-11,0.0001,1.523959041549475
5.6234132519034906e-11,1.e-6,0.0005776285883977565
5.6234132519034906e-11,2.5118864315095823e-6,0.003281293759725823
5.6234132519034906e-11,6.30957344480193e-6,0.0184678454523673
5.6234132519034906e-11,0.00001584893192461114,0.10336154766366971
5.6234132519034906e-11,0.000039810717055349695,0.5567732687244763
5.6234132519034906e-11,0.0001,2.7099315520409037
1.e-10,1.e-6,0.0010271850730256711
1.e-10,2.5118864315095823e-6,0.005835077181582246
1.e-10,6.30957344480193e-6,0.03284099498792231
1.e-10,0.00001584893192461114,0.1838067521577576
1.e-10,0.000039810717055349695,0.9901018620861387
1.e-10,0.0001,4.818837112656944
1.778279410038923e-10,1.e-6,0.0018266137697401546
1.778279410038923e-10,2.5118864315095823e-6,0.010376352807304225
1.778279410038923e-10,6.30957344480193e-6,0.058400454568243554
1.778279410038923e-10,0.00001584893192461114,0.3268606101506072
1.778279410038923e-10,0.000039810717055349695,1.7606479997795552
1.778279410038923e-10,0.0001,8.569607987855816
3.1622776601683795e-10,1.e-6,0.0032482524671337727
3.1622776601683795e-10,2.5118864315095823e-6,0.018452118689611215
3.1622776601683795e-10,6.30957344480193e-6,0.10385199719006503
3.1622776601683795e-10,0.00001584893192461114,0.581242765564223
3.1622776601683795e-10,0.000039810717055349695,3.130933842010778
3.1622776601683795e-10,0.0001,15.239064597211314
5.623413251903491e-10,1.e-6,0.005776308079166497
5.623413251903491e-10,2.5118864315095823e-6,0.03281313324398084
5.623413251903491e-10,6.30957344480193e-6,0.184677485430851
5.623413251903491e-10,0.00001584893192461114,1.0336381320100203
5.623413251903491e-10,0.000039810717055349695,5.567833923540955
5.623413251903491e-10,0.0001,27.099254858666836
1.e-9,1.e-6,0.010271883805470129
1.e-9,2.5118864315095823e-6,0.058350913857900095
1.e-9,6.30957344480193e-6,0.32840952901482584
1.e-9,0.00001584893192461114,1.8380510602964764
1.e-9,0.000039810717055349695,9.901192144639667
1.e-9,0.0001,48.190365154845765
1.7782794100389228e-9,1.e-6,0.0182662370674846
1.7782794100389228e-9,2.5118864315095823e-6,0.10376413661524245
1.7782794100389228e-9,6.30957344480193e-6,0.5840049205556029
1.7782794100389228e-9,0.00001584893192461114,3.268562227945676
1.7782794100389228e-9,0.000039810717055349695,17.60638943099614
1.7782794100389228e-9,0.0001,85.69495969803869
3.1622776601683795e-9,1.e-6,0.03248257050255142
3.1622776601683795e-9,2.5118864315095823e-6,0.18452106293079146
3.1622776601683795e-9,6.30957344480193e-6,1.0385202951602557
3.1622776601683795e-9,0.00001584893192461114,5.812436725643059
3.1622776601683795e-9,0.000039810717055349695,31.30968854815013
3.1622776601683795e-9,0.0001,152.38795222885884
5.623413251903491e-9,1.e-6,0.05776296020008574
5.623413251903491e-9,2.5118864315095823e-6,0.32813077806448226
5.623413251903491e-9,6.30957344480193e-6,1.8467823684639024
5.623413251903491e-9,0.00001584893192461114,10.33621995674225
5.623413251903491e-9,0.000039810717055349695,55.678416980638985
5.623413251903491e-9,0.0001,270.98824263166705
1.e-8,1.e-6,0.10271863519607959
1.e-8,2.5118864315095823e-6,0.5835045358003964
1.e-8,6.30957344480193e-6,3.284110261076306
1.e-8,0.00001584893192461114,18.380394355080313
1.e-8,0.000039810717055349695,99.01111192890428
1.e-8,0.0001,481.8956569983391
1.7782794100389228e-8,1.e-6,0.18266287192990477
1.7782794100389228e-8,2.5118864315095823e-6,1.0376354064061284
1.7782794100389228e-8,6.30957344480193e-6,5.840039007351748
1.7782794100389228e-8,0.00001584893192461114,32.685998085972166
1.7782794100389228e-8,0.000039810717055349695,176.0686071055654
1.7782794100389228e-8,0.0001,856.9572288218507
3.162277660168379e-8,1.e-6,0.3248247724130631
3.162277660168379e-8,2.5118864315095823e-6,1.8452150664741345
3.162277660168379e-8,6.30957344480193e-6,10.385228741871405
3.162277660168379e-8,0.00001584893192461114,58.12490151917923
3.162277660168379e-8,0.000039810717055349695,313.08980205544606
3.162277660168379e-8,0.0001,1523.9116875421385
5.6234132519034905e-8,1.e-6,0.5776301046823764
5.6234132519034905e-8,2.5118864315095823e-6,3.2813115355322906
5.6234132519034905e-8,6.30957344480193e-6,18.467874584335387
5.6234132519034905e-8,0.00001584893192461114,103.36054491516305
5.6234132519034905e-8,0.000039810717055349695,556.7749335983378
5.6234132519034905e-8,0.0001,2709.9463022311525
1.e-7,1.e-6,1.0271863566589141
1.e-7,2.5118864315095823e-6,5.835074454884666
1.e-7,6.30957344480193e-6,32.84090787513073
1.e-7,0.00001584893192461114,183.8074243010537
1.e-7,0.000039810717055349695,990.103078248473
1.e-7,0.0001,4818.995376169468
1.7782794100389227e-7,1.e-6,1.826622607286897
1.7782794100389227e-7,2.5118864315095823e-6,10.376396563491024
1.7782794100389227e-7,6.30957344480193e-6,58.40030150094465
1.7782794100389227e-7,0.00001584893192461114,326.8586234964886
1.7782794100389227e-7,0.000039810717055349695,1760.723564053585
1.7782794100389227e-7,0.0001,8569.990784765841
3.162277660168379e-7,1.e-6,3.2482486556174743
3.162277660168379e-7,2.5118864315095823e-6,18.452107461572094
3.162277660168379e-7,6.30957344480193e-6,103.85227842456565
3.162277660168379e-7,0.00001584893192461114,581.2470005885584
3.162277660168379e-7,0.000039810717055349695,3131.0173195975035
3.162277660168379e-7,0.0001,15239.977933230895
5.62341325190349e-7,1.e-6,5.776315839432969
5.62341325190349e-7,2.5118864315095823e-6,32.81292623442632
5.62341325190349e-7,6.30957344480193e-6,184.67780129422422
5.62341325190349e-7,0.00001584893192461114,1033.6138420609827
5.62341325190349e-7,0.000039810717055349695,5567.781021994581
5.62341325190349e-7,0.0001,27099.542694727425
1.e-6,1.e-6,10.271827180425953
1.e-6,2.5118864315095823e-6,58.35061009425789
1.e-6,6.30957344480193e-6,328.40870464896113
1.e-6,0.00001584893192461114,1838.0741027057434
1.e-6,0.000039810717055349695,9901.299809190521
1.e-6,0.0001,48189.73860738782
