1.e-10,1.e-6,0.002697435311897312
1.e-10,2.5118864315095823e-6,0.015421769246868763
1.e-10,6.30957344480193e-6,0.08691542700168212
1.e-10,0.00001584893192461114,0.48784245246825103
1.e-10,0.000039810717055349695,2.678075240805456
1.e-10,0.0001,13.555653163396917
1.778279410038923e-10,1.e-6,0.004796752061851902
1.778279410038923e-10,2.5118864315095823e-6,0.027424178904776563
1.778279410038923e-10,6.30957344480193e-6,0.1545598942750071
1.778279410038923e-10,0.00001584893192461114,0.8675271083134697
1.778279410038923e-10,0.000039810717055349695,4.762446475852379
1.778279410038923e-10,0.0001,24.10493755486798
3.1622776601683795e-10,1.e-6,0.008530040914107513
3.1622776601683795e-10,2.5118864315095823e-6,0.04876801183772707
3.1622776601683795e-10,6.30957344480193e-6,0.27485161038905587
3.1622776601683795e-10,0.00001584893192461114,1.5426970965239528
3.1622776601683795e-10,0.000039810717055349695,8.46889547938463
3.1622776601683795e-10,0.0001,42.864715553188496
5.623413251903491e-10,1.e-6,0.015168675027919225
5.623413251903491e-10,2.5118864315095823e-6,0.08672296182252556
5.623413251903491e-10,6.30957344480193e-6,0.48876284168019046
5.623413251903491e-10,0.00001584893192461114,2.7433360293836357
5.623413251903491e-10,0.000039810717055349695,15.060033859558999
5.623413251903491e-10,0.0001,76.227391233384
1.e-9,1.e-6,0.026974322929498168
1.e-9,2.5118864315095823e-6,0.15421754822600103
1.e-9,6.30957344480193e-6,0.8691560559185797
1.e-9,0.00001584893192461114,4.878455454684783
1.e-9,0.000039810717055349695,26.780414332405133
1.e-9,0.0001,135.54948617305234
1.7782794100389228e-9,1.e-6,0.04796789831655183
1.7782794100389228e-9,2.5118864315095823e-6,0.2742423973303931
1.7782794100389228e-9,6.30957344480193e-6,1.545600930412945
1.7782794100389228e-9,0.00001584893192461114,8.675289502028589
1.7782794100389228e-9,0.000039810717055349695,47.62414479596846
1.7782794100389228e-9,0.0001,241.0505754183103
3.1622776601683795e-9,1.e-6,0.08530060330389118
3.1622776601683795e-9,2.5118864315095823e-6,0.48767745520822414
3.1622776601683795e-9,6.30957344480193e-6,2.7485042163237723
3.1622776601683795e-9,0.00001584893192461114,15.427070301287298
3.1622776601683795e-9,0.000039810717055349695,84.68703404876818
3.1622776601683795e-9,0.0001,428.6594084528054
5.623413251903491e-9,1.e-6,0.15168780171374022
5.623413251903491e-9,2.5118864315095823e-6,0.8672231514597435
5.623413251903491e-9,6.30957344480193e-6,4.8876225452019035
5.623413251903491e-9,0.00001584893192461114,27.433468720616077
5.623413251903491e-9,0.000039810717055349695,150.59819595289315
5.623413251903491e-9,0.0001,762.2689313434246
1.e-8,1.e-6,0.2697432458066492
1.e-8,2.5118864315095823e-6,1.542175290412801
1.e-8,6.30957344480193e-6,8.691553823595427
1.e-8,0.00001584893192461114,48.78452900234494
1.e-8,0.000039810717055349695,267.8083066515496
1.e-8,0.0001,1355.5306011025784
1.7782794100389228e-8,1.e-6,0.4796794207667626
1.7782794100389228e-8,2.5118864315095823e-6,2.742417416265853
1.7782794100389228e-8,6.30957344480193e-6,15.456003530634332
1.7782794100389228e-8,0.00001584893192461114,86.75248564014316
1.7782794100389228e-8,0.000039810717055349695,476.23710681459687
1.7782794100389228e-8,0.0001,2410.500986493918
3.162277660168379e-8,1.e-6,0.8530042969413267
3.162277660168379e-8,2.5118864315095823e-6,4.876774646042048
3.162277660168379e-8,6.30957344480193e-6,27.485069991491212
3.162277660168379e-8,0.00001584893192461114,154.2704446016489
3.162277660168379e-8,0.000039810717055349695,846.8734312814605
3.162277660168379e-8,0.0001,4286.517296690378
5.6234132519034905e-8,1.e-6,1.5168777720332034
5.6234132519034905e-8,2.5118864315095823e-6,8.672289993963759
5.6234132519034905e-8,6.30957344480193e-6,48.876022085981155
5.6234132519034905e-8,0.00001584893192461114,274.33582731838595
5.6234132519034905e-8,0.000039810717055349695,1505.9888453202432
5.6234132519034905e-8,0.0001,7622.705320330705
1.e-7,1.e-6,2.69743406702147
1.e-7,2.5118864315095823e-6,15.4217244482728
1.e-7,6.30957344480193e-6,86.91556460776272
1.e-7,0.00001584893192461114,487.844874561447
1.e-7,0.000039810717055349695,2678.0614228007
1.e-7,0.0001,13555.54926016668
1.7782794100389227e-7,1.e-6,4.796787903783356
1.7782794100389227e-7,2.5118864315095823e-6,27.424284198814505
1.7782794100389227e-7,6.30957344480193e-6,154.55990523252225
1.7782794100389227e-7,0.00001584893192461114,867.5278568201576
1.7782794100389227e-7,0.000039810717055349695,4762.279739874938
1.7782794100389227e-7,0.0001,24105.59084251996
3.162277660168379e-7,1.e-6,8.529977959422727
3.162277660168379e-7,2.5118864315095823e-6,48.767819039077736
3.162277660168379e-7,6.30957344480193e-6,274.84987158542174
3.162277660168379e-7,0.00001584893192461114,1542.698783395724
3.162277660168379e-7,0.000039810717055349695,8468.806237551742
3.162277660168379e-7,0.0001,42865.361097457404
5.62341325190349e-7,1.e-6,15.168768751652244
5.62341325190349e-7,2.5118864315095823e-6,86.72282137504764
5.62341325190349e-7,6.30957344480193e-6,488.75824543108155
5.62341325190349e-7,0.00001584893192461114,2743.355404475144
5.62341325190349e-7,0.000039810717055349695,15059.859329483976
5.62341325190349e-7,0.0001,76225.6611057739
1.e-6,1.e-6,26.974319698953074
1.e-6,2.5118864315095823e-6,154.21654512340433
1.e-6,6.30957344480193e-6,869.1579870088294
1.e-6,0.00001584893192461114,4878.41105341704
1.e-6,0.000039810717055349695,26780.633486065308
1.e-6,0.0001,135551.40807805234
1.778279410038923e-6,1.e-6,47.96783371834354
1.778279410038923e-6,2.5118864315095823e-6,274.24184131327956
1.778279410038923e-6,6.30957344480193e-6,1545.6016646217747
1.778279410038923e-6,0.00001584893192461114,8675.185011404668
1.778279410038923e-6,0.000039810717055349695,47623.33663621457
1.778279410038923e-6,0.0001,241046.83819207197
3.162277660168379e-6,1.e-6,85.30008840332096
3.162277660168379e-6,2.5118864315095823e-6,487.6777300781927
3.162277660168379e-6,6.30957344480193e-6,2748.481741669146
3.162277660168379e-6,0.00001584893192461114,15427.000947440809
3.162277660168379e-6,0.000039810717055349695,84688.44335428071
3.162277660168379e-6,0.0001,428652.90141316224
5.623413251903491e-6,1.e-6,151.68663853281728
5.623413251903491e-6,2.5118864315095823e-6,867.2223324099249
5.623413251903491e-6,6.30957344480193e-6,4887.601810044185
5.623413251903491e-6,0.00001584893192461114,27433.272649983028
5.623413251903491e-6,0.000039810717055349695,150597.86941959948
5.623413251903491e-6,0.0001,762257.7419092203
0.00001,1.e-6,269.74208488872296
0.00001,2.5118864315095823e-6,1542.1619713458042
0.00001,6.30957344480193e-6,8691.45417756802
0.00001,0.00001584893192461114,48784.15896393435
0.00001,0.000039810717055349695,267807.35859890474
0.00001,0.0001,1.3555587076294906e6
0.00001778279410038923,1.e-6,479.67060413915124
0.00001778279410038923,2.5118864315095823e-6,2742.389656150011
0.00001778279410038923,6.30957344480193e-6,15455.8429126193
0.00001778279410038923,0.00001584893192461114,86751.46982639533
0.00001778279410038923,0.000039810717055349695,476231.3737116913
0.00001778279410038923,0.0001,2.4104611037369194e6
0.000031622776601683795,1.e-6,852.9873393162954
0.000031622776601683795,2.5118864315095823e-6,4876.666498860219
0.000031622776601683795,6.30957344480193e-6,27484.522312145928
0.000031622776601683795,0.00001584893192461114,154266.61175600035
0.000031622776601683795,0.000039810717055349695,846853.2535218528
0.000031622776601683795,0.0001,4.28639487432407e6
0.00005623413251903491,1.e-6,1516.8236750699489
0.00005623413251903491,2.5118864315095823e-6,8671.958803498848
0.00005623413251903491,6.30957344480193e-6,48874.52816204496
0.00005623413251903491,0.00001584893192461114,274324.8551612339
0.00005623413251903491,0.000039810717055349695,1.505933161365344e6
0.00005623413251903491,0.0001,7.622321834745902e6
0.0001,1.e-6,2697.258061377293
0.0001,2.5118864315095823e-6,15420.709266325803
0.0001,6.30957344480193e-6,86909.7516634732
0.0001,0.00001584893192461114,487811.6363523009
0.0001,0.000039810717055349695,2.67786960782304e6
0.0001,0.0001,1.3554578372702379e7
