1.e-14,1.e-6,5.803189056250655e-7
1.e-14,2.5118864315095823e-6,3.2585928553304128e-6
1.e-14,6.30957344480193e-6,0.000017924447354953882
1.e-14,0.00001584893192461114,0.00009115765787104786
1.e-14,0.000039810717055349695,0.00041158415091501773
1.e-14,0.0001,0.0017416118087654191
1.7782794100389227e-14,1.e-6,1.0319766813885048e-6
1.7782794100389227e-14,2.5118864315095823e-6,5.794679251970907e-6
1.7782794100389227e-14,6.30957344480193e-6,0.000031875658275373646
1.7782794100389227e-14,0.00001584893192461114,0.00016210667035117322
1.7782794100389227e-14,0.000039810717055349695,0.0007319253534742041
1.7782794100389227e-14,0.0001,0.00309703850597586
3.1622776601683796e-14,1.e-6,1.835146019986627e-6
3.1622776601683796e-14,2.5118864315095823e-6,0.000010304552741488268
3.1622776601683796e-14,6.30957344480193e-6,0.00005668364122490164
3.1622776601683796e-14,0.00001584893192461114,0.00028827430266353864
3.1622776601683796e-14,0.000039810717055349695,0.001301567810447491
3.1622776601683796e-14,0.0001,0.005507313394810074
5.6234132519034906e-14,1.e-6,3.263384724092311e-6
5.6234132519034906e-14,2.5118864315095823e-6,0.000018324351674646062
5.6234132519034906e-14,6.30957344480193e-6,0.00010079810324439832
5.6234132519034906e-14,0.00001584893192461114,0.0005126210771477168
5.6234132519034906e-14,0.000039810717055349695,0.0023144999962354655
5.6234132519034906e-14,0.0001,0.009793626346482136
1.e-13,1.e-6,5.803240230101801e-6
1.e-13,2.5118864315095823e-6,0.00003258580331109018
1.e-13,6.30957344480193e-6,0.00017924623208399337
1.e-13,0.00001584893192461114,0.0009115808421866747
1.e-13,0.000039810717055349695,0.004116191230677973
1.e-13,0.0001,0.01741550055759041
1.7782794100389227e-13,1.e-6,0.000010319703978923082
1.7782794100389227e-13,2.5118864315095823e-6,0.00005794670102945183
1.7782794100389227e-13,6.30957344480193e-6,0.0003187499348475525
1.7782794100389227e-13,0.00001584893192461114,0.0016210482838549436
1.7782794100389227e-13,0.000039810717055349695,0.00731922823972546
1.7782794100389227e-13,0.0001,0.030971171840715173
3.162277660168379e-13,1.e-6,0.000018351432363780864
3.162277660168379e-13,2.5118864315095823e-6,0.00010304587829780154
3.162277660168379e-13,6.30957344480193e-6,0.0005668305865795694
3.162277660168379e-13,0.00001584893192461114,0.0028826738253000025
3.162277660168379e-13,0.000039810717055349695,0.013016495747782776
3.162277660168379e-13,0.0001,0.05507272474005754
5.62341325190349e-13,1.e-6,0.00003263382146703849
5.62341325190349e-13,2.5118864315095823e-6,0.000183245067715117
5.62341325190349e-13,6.30957344480193e-6,0.0010079712044995983
5.62341325190349e-13,0.00001584893192461114,0.005126181736536875
5.62341325190349e-13,0.000039810717055349695,0.023145286835210013
5.62341325190349e-13,0.0001,0.09793618445977889
1.e-12,1.e-6,0.00005803234012136266
1.e-12,2.5118864315095823e-6,0.00032585905744415237
1.e-12,6.30957344480193e-6,0.001792464077853964
1.e-12,0.00001584893192461114,0.009115832206115915
1.e-12,0.000039810717055349695,0.04115988900115862
1.e-12,0.0001,0.17415993530325144
1.7782794100389228e-12,1.e-6,0.00010319771415511794
1.7782794100389228e-12,2.5118864315095823e-6,0.0005794667709911386
1.7782794100389228e-12,6.30957344480193e-6,0.0031875266164588406
1.7782794100389228e-12,0.00001584893192461114,0.01621054292931966
1.7782794100389228e-12,0.000039810717055349695,0.07319602545780733
1.7782794100389228e-12,0.0001,0.3097014478688437
3.1622776601683794e-12,1.e-6,0.0001835144151731495
3.1622776601683794e-12,2.5118864315095823e-6,0.0010304495929866076
3.1622776601683794e-12,6.30957344480193e-6,0.005668224654265632
3.1622776601683794e-12,0.00001584893192461114,0.028827557994920035
3.1622776601683794e-12,0.000039810717055349695,0.13016146567208892
3.1622776601683794e-12,0.0001,0.5507437099252857
5.6234132519034904e-12,1.e-6,0.000326337486740114
5.6234132519034904e-12,2.5118864315095823e-6,0.0018324474972383725
5.6234132519034904e-12,6.30957344480193e-6,0.010079633739259675
5.6234132519034904e-12,0.00001584893192461114,0.05126195763886528
5.6234132519034904e-12,0.000039810717055349695,0.23145741355587163
5.6234132519034904e-12,0.0001,0.9793766709872064
1.e-11,1.e-6,0.0005803226990191906
1.e-11,2.5118864315095823e-6,0.0032585906662172203
1.e-11,6.30957344480193e-6,0.017924521357985786
1.e-11,0.00001584893192461114,0.09115954050450654
1.e-11,0.000039810717055349695,0.4115921154382669
1.e-11,0.0001,1.741595511076181
1.7782794100389227e-11,1.e-6,0.001031979281092762
1.7782794100389227e-11,2.5118864315095823e-6,0.005794669337580787
1.7782794100389227e-11,6.30957344480193e-6,0.03187489797624814
1.7782794100389227e-11,0.00001584893192461114,0.16210625589177152
1.7782794100389227e-11,0.000039810717055349695,0.7318922419793268
1.7782794100389227e-11,0.0001,3.097050279884355
3.1622776601683794e-11,1.e-6,0.0018351407603174723
3.1622776601683794e-11,2.5118864315095823e-6,0.010304594229790747
3.1622776601683794e-11,6.30957344480193e-6,0.056681316272776304
3.1622776601683794e-11,0.00001584893192461114,0.2882708129071379
3.1622776601683794e-11,0.000039810717055349695,1.3016051808215345
3.1622776601683794e-11,0.0001,5.5074565234042225
5.6234132519034906e-11,1.e-6,0.003263404074795776
5.6234132519034906e-11,2.5118864315095823e-6,0.01832438603639829
5.6234132519034906e-11,6.30957344480193e-6,0.1007970884001786
5.6234132519034906e-11,0.00001584893192461114,0.512646731549126
5.6234132519034906e-11,0.000039810717055349695,2.3145775118462217
5.6234132519034906e-11,0.0001,9.79343427289593
1.e-10,1.e-6,0.00580324608492499
1.e-10,2.5118864315095823e-6,0.03258573524811328
1.e-10,6.30957344480193e-6,0.17924448020143152
1.e-10,0.00001584893192461114,0.9115630684018255
1.e-10,0.000039810717055349695,4.115938787573369
1.e-10,0.0001,17.415767768292383
1.778279410038923e-10,1.e-6,0.010319795100321967
1.778279410038923e-10,2.5118864315095823e-6,0.057946658302798104
1.778279410038923e-10,6.30957344480193e-6,0.3187441268016668
1.778279410038923e-10,0.00001584893192461114,1.6210173827947818
1.778279410038923e-10,0.000039810717055349695,7.3191512201936755
1.778279410038923e-10,0.0001,30.970878353147064
3.1622776601683795e-10,1.e-6,0.018351481572901826
3.1622776601683795e-10,2.5118864315095823e-6,0.10304515324847106
3.1622776601683795e-10,6.30957344480193e-6,0.5668463575377172
3.1622776601683795e-10,0.00001584893192461114,2.8827090271272033
3.1622776601683795e-10,0.000039810717055349695,13.015693499461518
3.1622776601683795e-10,0.0001,55.07668505204962
5.623413251903491e-10,1.e-6,0.032634010581904745
5.623413251903491e-10,2.5118864315095823e-6,0.18324384838587912
5.623413251903491e-10,6.30957344480193e-6,1.0079604704470746
5.623413251903491e-10,0.00001584893192461114,5.12623654301002
5.623413251903491e-10,0.000039810717055349695,23.145673472341716
5.623413251903491e-10,0.0001,97.93575307298501
1.e-9,1.e-6,0.058032110529836645
1.e-9,2.5118864315095823e-6,0.3258612288252894
1.e-9,6.30957344480193e-6,1.7924942322288275
1.e-9,0.00001584893192461114,9.116070761287208
1.e-9,0.000039810717055349695,41.15988786980676
1.e-9,0.0001,174.15551830808877
1.7782794100389228e-9,1.e-6,0.10319773150069915
1.7782794100389228e-9,2.5118864315095823e-6,0.5794693410236917
1.7782794100389228e-9,6.30957344480193e-6,3.1875436610974055
1.7782794100389228e-9,0.00001584893192461114,16.210504467449375
1.7782794100389228e-9,0.000039810717055349695,73.19668773203378
1.7782794100389228e-9,0.0001,309.7112053522176
3.1622776601683795e-9,1.e-6,0.18351452904632132
3.1622776601683795e-9,2.5118864315095823e-6,1.030456579993159
3.1622776601683795e-9,6.30957344480193e-6,5.66821130375702
3.1622776601683795e-9,0.00001584893192461114,28.826567989560072
3.1622776601683795e-9,0.000039810717055349695,130.159335731455
3.1622776601683795e-9,0.0001,550.7580250788958
5.623413251903491e-9,1.e-6,0.32633982779767534
5.623413251903491e-9,2.5118864315095823e-6,1.8324478785975769
5.623413251903491e-9,6.30957344480193e-6,10.079782246724081
5.623413251903491e-9,0.00001584893192461114,51.26392272943305
5.623413251903491e-9,0.000039810717055349695,231.46231656511728
5.623413251903491e-9,0.0001,979.3697455766762
1.e-8,1.e-6,0.5803208871005674
1.e-8,2.5118864315095823e-6,3.2585712858753473
1.e-8,6.30957344480193e-6,17.925094778500252
1.e-8,0.00001584893192461114,91.16090673222527
1.e-8,0.000039810717055349695,411.5957605378435
1.e-8,0.0001,1741.60531691296
1.7782794100389228e-8,1.e-6,1.0319778741920553
1.7782794100389228e-8,2.5118864315095823e-6,5.79467992107895
1.7782794100389228e-8,6.30957344480193e-6,31.87487692338158
1.7782794100389228e-8,0.00001584893192461114,162.10570996795394
1.7782794100389228e-8,0.000039810717055349695,731.9011059023321
1.7782794100389228e-8,0.0001,3096.9814354899677
3.162277660168379e-8,1.e-6,1.8351433066861302
3.162277660168379e-8,2.5118864315095823e-6,10.304571276665477
3.162277660168379e-8,6.30957344480193e-6,56.682712063447326
3.162277660168379e-8,0.00001584893192461114,288.2714273028905
3.162277660168379e-8,0.000039810717055349695,1301.5990464449533
3.162277660168379e-8,0.0001,5507.315378740547
5.6234132519034905e-8,1.e-6,3.2633902105267336
5.6234132519034905e-8,2.5118864315095823e-6,18.324331931152635
5.6234132519034905e-8,6.30957344480193e-6,100.79830580216694
5.6234132519034905e-8,0.00001584893192461114,512.6369460296
5.6234132519034905e-8,0.000039810717055349695,2314.620468236998
5.6234132519034905e-8,0.0001,9793.44103840776
1.e-7,1.e-6,5.803234489072816
1.e-7,2.5118864315095823e-6,32.5856584289066
1.e-7,6.30957344480193e-6,179.2449459233761
1.e-7,0.00001584893192461114,911.6039173200297
1.e-7,0.000039810717055349695,4115.988417839087
1.e-7,0.0001,17416.21778921358
1.7782794100389227e-7,1.e-6,10.319712058539034
1.7782794100389227e-7,2.5118864315095823e-6,57.94687148730399
1.7782794100389227e-7,6.30957344480193e-6,318.74772539736654
1.7782794100389227e-7,0.00001584893192461114,1621.068864200579
1.7782794100389227e-7,0.000039810717055349695,7319.468434770037
1.7782794100389227e-7,0.0001,30971.07056390966
3.162277660168379e-7,1.e-6,18.351428924843336
3.162277660168379e-7,2.5118864315095823e-6,103.04522718107367
3.162277660168379e-7,6.30957344480193e-6,566.8222272185104
3.162277660168379e-7,0.00001584893192461114,2882.6863745378932
3.162277660168379e-7,0.000039810717055349695,13015.849760854155
3.162277660168379e-7,0.0001,55074.52841640009
5.62341325190349e-7,1.e-6,32.63380953540793
5.62341325190349e-7,2.5118864315095823e-6,183.24496753758365
5.62341325190349e-7,6.30957344480193e-6,1007.9850929783038
5.62341325190349e-7,0.00001584893192461114,5126.264032774727
5.62341325190349e-7,0.000039810717055349695,23145.425214147483
5.62341325190349e-7,0.0001,97940.14272979076
1.e-6,1.e-6,58.03178524305224
1.e-6,2.5118864315095823e-6,325.85823285890945
1.e-6,6.30957344480193e-6,1792.4309668069452
1.e-6,0.00001584893192461114,9115.84788445491
1.e-6,0.000039810717055349695,41158.46144836153
1.e-6,0.0001,174156.91189513946
