1.e-10,1.e-6,0.0005321873186873241
1.e-10,2.5118864315095823e-6,0.0030145582676318265
1.e-10,6.30957344480193e-6,0.016966531846440775
1.e-10,0.00001584893192461114,0.09462467052216327
1.e-10,0.000039810717055349695,0.5008563923881825
1.e-10,0.0001,2.371286596802941
1.778279410038923e-10,1.e-6,0.0009463761708492753
1.778279410038923e-10,2.5118864315095823e-6,0.0053607267958996375
1.778279410038923e-10,6.30957344480193e-6,0.030171208950855434
1.778279410038923e-10,0.00001584893192461114,0.16827082014806108
1.778279410038923e-10,0.000039810717055349695,0.8906792321198596
1.778279410038923e-10,0.0001,4.216874321854265
3.1622776601683795e-10,1.e-6,0.0016829221301387016
3.1622776601683795e-10,2.5118864315095823e-6,0.009532922800516527
3.1622776601683795e-10,6.30957344480193e-6,0.05365308317793821
3.1622776601683795e-10,0.00001584893192461114,0.2992335941778088
3.1622776601683795e-10,0.000039810717055349695,1.583851646174421
3.1622776601683795e-10,0.0001,7.498704094979
5.623413251903491e-10,1.e-6,0.0029927102466963088
5.623413251903491e-10,2.5118864315095823e-6,0.016952228404279665
5.623413251903491e-10,6.30957344480193e-6,0.09540991583360854
5.623413251903491e-10,0.00001584893192461114,0.5321138293019237
5.623413251903491e-10,0.000039810717055349695,2.8165454909825756
5.623413251903491e-10,0.0001,13.335165589202129
1.e-9,1.e-6,0.0053218778274992645
1.e-9,2.5118864315095823e-6,0.03014574398227105
1.e-9,6.30957344480193e-6,0.16966623088726063
1.e-9,0.00001584893192461114,0.9462426634395125
1.e-9,0.000039810717055349695,5.008583714810699
1.e-9,0.0001,23.713247249674357
1.7782794100389228e-9,1.e-6,0.009463814845106031
1.7782794100389228e-9,2.5118864315095823e-6,0.05360749264612988
1.7782794100389228e-9,6.30957344480193e-6,0.3017131531120892
1.7782794100389228e-9,0.00001584893192461114,1.6827080831801187
1.7782794100389228e-9,0.000039810717055349695,8.906932643335045
1.7782794100389228e-9,0.0001,42.16822947299175
3.1622776601683795e-9,1.e-6,0.01682924202518153
3.1622776601683795e-9,2.5118864315095823e-6,0.09532921536665868
3.1622776601683795e-9,6.30957344480193e-6,0.5365276284266757
3.1622776601683795e-9,0.00001584893192461114,2.9923161368480056
3.1622776601683795e-9,0.000039810717055349695,15.838763957574475
3.1622776601683795e-9,0.0001,74.98793675652071
5.623413251903491e-9,1.e-6,0.029927106306738126
5.623413251903491e-9,2.5118864315095823e-6,0.16952117937802227
5.623413251903491e-9,6.30957344480193e-6,0.9540915912478904
5.623413251903491e-9,0.00001584893192461114,5.321101536773936
5.623413251903491e-9,0.000039810717055349695,28.16539898063648
5.623413251903491e-9,0.0001,133.35040600539637
1.e-8,1.e-6,0.053218694017815406
1.e-8,2.5118864315095823e-6,0.3014573934246354
1.e-8,6.30957344480193e-6,1.6966595764615433
1.e-8,0.00001584893192461114,9.462527429314783
1.e-8,0.000039810717055349695,50.086212189225265
1.e-8,0.0001,237.1305524784095
1.7782794100389228e-8,1.e-6,0.09463760636853775
1.7782794100389228e-8,2.5118864315095823e-6,0.5360733809477697
1.7782794100389228e-8,6.30957344480193e-6,3.0171339429424915
1.7782794100389228e-8,0.00001584893192461114,16.827253197651185
1.7782794100389228e-8,0.000039810717055349695,89.06856246379088
1.7782794100389228e-8,0.0001,421.6950628820176
3.162277660168379e-8,1.e-6,0.1682922388607762
3.162277660168379e-8,2.5118864315095823e-6,0.9532932194140487
3.162277660168379e-8,6.30957344480193e-6,5.365300240435624
3.162277660168379e-8,0.00001584893192461114,29.923399144682197
3.162277660168379e-8,0.000039810717055349695,158.38636094186245
3.162277660168379e-8,0.0001,749.8768246561543
5.6234132519034905e-8,1.e-6,0.29927183656358775
5.6234132519034905e-8,2.5118864315095823e-6,1.695223376177055
5.6234132519034905e-8,6.30957344480193e-6,9.54094686064237
5.6234132519034905e-8,0.00001584893192461114,53.2122468605094
5.6234132519034905e-8,0.000039810717055349695,281.65573140892167
5.6234132519034905e-8,0.0001,1333.4868813006944
1.e-7,1.e-6,0.5321878450542814
1.e-7,2.5118864315095823e-6,3.0145786238021213
1.e-7,6.30957344480193e-6,16.966537768011047
1.e-7,0.00001584893192461114,94.62596473873653
1.e-7,0.000039810717055349695,500.8596380518995
1.e-7,0.0001,2371.2486888356875
1.7782794100389227e-7,1.e-6,0.9463710133567934
1.7782794100389227e-7,2.5118864315095823e-6,5.360769230083178
1.7782794100389227e-7,6.30957344480193e-6,30.17127426650012
1.7782794100389227e-7,0.00001584893192461114,168.27040227884572
1.7782794100389227e-7,0.000039810717055349695,890.6622254375071
1.7782794100389227e-7,0.0001,4216.857045561748
3.162277660168379e-7,1.e-6,1.6829236347773437
3.162277660168379e-7,2.5118864315095823e-6,9.532899325017347
3.162277660168379e-7,6.30957344480193e-6,53.65303520024065
3.162277660168379e-7,0.00001584893192461114,299.23007811221794
3.162277660168379e-7,0.000039810717055349695,1583.8499235378472
3.162277660168379e-7,0.0001,7498.97711306129
5.62341325190349e-7,1.e-6,2.9927019851140115
5.62341325190349e-7,2.5118864315095823e-6,16.95209576843121
5.62341325190349e-7,6.30957344480193e-6,95.41008226110117
5.62341325190349e-7,0.00001584893192461114,532.1210433579363
5.62341325190349e-7,0.000039810717055349695,2816.5563049705493
5.62341325190349e-7,0.0001,13334.466100774209
1.e-6,1.e-6,5.321858137821517
1.e-6,2.5118864315095823e-6,30.14553986751609
1.e-6,6.30957344480193e-6,169.66520692752226
1.e-6,0.00001584893192461114,946.2526431168646
1.e-6,0.000039810717055349695,5008.497024752386
1.e-6,0.0001,23712.948575961225
1.778279410038923e-6,1.e-6,9.463812321516214
1.778279410038923e-6,2.5118864315095823e-6,53.607548802213486
1.778279410038923e-6,6.30957344480193e-6,301.7119667826929
1.778279410038923e-6,0.00001584893192461114,1682.6944343407733
1.778279410038923e-6,0.000039810717055349695,8906.871825517843
1.778279410038923e-6,0.0001,42168.31527737457
3.162277660168379e-6,1.e-6,16.829079075101113
3.162277660168379e-6,2.5118864315095823e-6,95.32909855155647
3.162277660168379e-6,6.30957344480193e-6,536.528025414109
3.162277660168379e-6,0.00001584893192461114,2992.3105204124313
3.162277660168379e-6,0.000039810717055349695,15838.472911331353
3.162277660168379e-6,0.0001,74985.44437325536
5.623413251903491e-6,1.e-6,29.926920944038834
5.623413251903491e-6,2.5118864315095823e-6,169.52158684689718
5.623413251903491e-6,6.30957344480193e-6,954.0954584837401
5.623413251903491e-6,0.00001584893192461114,5321.201474670873
5.623413251903491e-6,0.000039810717055349695,28165.624797603483
5.623413251903491e-6,0.0001,133349.9324011385
0.00001,1.e-6,53.218502940823285
0.00001,2.5118864315095823e-6,301.4555133439961
0.00001,6.30957344480193e-6,1696.642670462027
0.00001,0.00001584893192461114,9462.484051326615
0.00001,0.000039810717055349695,50085.97386703783
0.00001,0.0001,237129.16548903796
0.00001778279410038923,1.e-6,94.63667379585867
0.00001778279410038923,2.5118864315095823e-6,536.0701690367854
0.00001778279410038923,6.30957344480193e-6,3017.0985467175383
0.00001778279410038923,0.00001584893192461114,16826.925611649094
0.00001778279410038923,0.000039810717055349695,89066.47085524932
0.00001778279410038923,0.0001,421676.08157493704
0.000031622776601683795,1.e-6,168.28912389371843
0.000031622776601683795,2.5118864315095823e-6,953.2726199076386
0.000031622776601683795,6.30957344480193e-6,5365.179772064924
0.000031622776601683795,0.00001584893192461114,29922.24544622257
0.000031622776601683795,0.000039810717055349695,158379.79675247797
0.000031622776601683795,0.0001,749866.0714792897
0.00005623413251903491,1.e-6,299.2578549578334
0.00005623413251903491,2.5118864315095823e-6,1695.157828926421
0.00005623413251903491,6.30957344480193e-6,9540.560953548802
0.00005623413251903491,0.00001584893192461114,53209.16010254682
0.00005623413251903491,0.000039810717055349695,281644.7285883604
0.00005623413251903491,0.0001,1.3334084331297092e6
0.0001,1.e-6,532.1527157375264
0.0001,2.5118864315095823e-6,3014.3672318801537
0.0001,6.30957344480193e-6,16965.300785532963
0.0001,0.00001584893192461114,94619.24849285542
0.0001,0.000039810717055349695,500827.8470265252
0.0001,0.0001,2.371163122775394e6
