1.e-14,1.e-6,2.574742171237219e-7
1.e-14,2.5118864315095823e-6,1.4434899452918544e-6
1.e-14,6.30957344480193e-6,7.830393696292816e-6
1.e-14,0.00001584893192461114,0.00003860288402830675
1.e-14,0.000039810717055349695,0.000169948084586964
1.e-14,0.0001,0.0007204827790970841
1.7782794100389227e-14,1.e-6,4.5786141977036123e-7
1.7782794100389227e-14,2.5118864315095823e-6,2.566917697547967e-6
1.7782794100389227e-14,6.30957344480193e-6,0.000013924832776778503
1.7782794100389227e-14,0.00001584893192461114,0.00006864365540222959
1.7782794100389227e-14,0.000039810717055349695,0.00030220153508750115
1.7782794100389227e-14,0.0001,0.0012812027862642952
3.1622776601683796e-14,1.e-6,8.142063801079849e-7
3.1622776601683796e-14,2.5118864315095823e-6,4.564708823395338e-6
3.1622776601683796e-14,6.30957344480193e-6,0.000024761968125455192
3.1622776601683796e-14,0.00001584893192461114,0.00012206980266014278
3.1622776601683796e-14,0.000039810717055349695,0.0005373983727629038
3.1622776601683796e-14,0.0001,0.0022784479299797415
5.6234132519034906e-14,1.e-6,1.4478847877043652e-6
5.6234132519034906e-14,2.5118864315095823e-6,8.117198362459105e-6
5.6234132519034906e-14,6.30957344480193e-6,0.00004403373151732988
5.6234132519034906e-14,0.00001584893192461114,0.00021707399340934797
5.6234132519034906e-14,0.000039810717055349695,0.0009556749815166308
5.6234132519034906e-14,0.0001,0.004051732111749059
1.e-13,1.e-6,2.5747404266213702e-6
1.e-13,2.5118864315095823e-6,0.000014435031100473601
1.e-13,6.30957344480193e-6,0.00007830430822572877
1.e-13,0.00001584893192461114,0.0003860242024803979
1.e-13,0.000039810717055349695,0.0016994102562502428
1.e-13,0.0001,0.0072049007782321135
1.7782794100389227e-13,1.e-6,4.578606014245606e-6
1.7782794100389227e-13,2.5118864315095823e-6,0.00002566929141961628
1.7782794100389227e-13,6.30957344480193e-6,0.0001392494637552321
1.7782794100389227e-13,0.00001584893192461114,0.0006864425693569161
1.7782794100389227e-13,0.000039810717055349695,0.003022058522542357
1.7782794100389227e-13,0.0001,0.012812401029116858
3.162277660168379e-13,1.e-6,8.142020161130633e-6
3.162277660168379e-13,2.5118864315095823e-6,0.00004564702110441405
3.162277660168379e-13,6.30957344480193e-6,0.0002476150457170245
3.162277660168379e-13,0.00001584893192461114,0.0012206626466599168
3.162277660168379e-13,0.000039810717055349695,0.005374250769412129
3.162277660168379e-13,0.0001,0.02278402923515961
5.62341325190349e-13,1.e-6,0.000014478812362229019
5.62341325190349e-13,2.5118864315095823e-6,0.00008117299621084327
5.62341325190349e-13,6.30957344480193e-6,0.0004403350481715816
5.62341325190349e-13,0.00001584893192461114,0.0021707576482345977
5.62341325190349e-13,0.000039810717055349695,0.009556769911281354
5.62341325190349e-13,0.0001,0.040515738610568716
1.e-12,1.e-6,0.00002574738781545264
1.e-12,2.5118864315095823e-6,0.00014434794395227316
1.e-12,6.30957344480193e-6,0.0007830359048996857
1.e-12,0.00001584893192461114,0.0038601083580230445
1.e-12,0.000039810717055349695,0.016994373024995058
1.e-12,0.0001,0.0720521462951512
1.7782794100389228e-12,1.e-6,0.000045786143623352874
1.7782794100389228e-12,2.5118864315095823e-6,0.00025669216351670066
1.7782794100389228e-12,6.30957344480193e-6,0.001392486518869933
1.7782794100389228e-12,0.00001584893192461114,0.006864286685460167
1.7782794100389228e-12,0.000039810717055349695,0.030221926759596767
1.7782794100389228e-12,0.0001,0.12812149351936752
3.1622776601683794e-12,1.e-6,0.00008142009905119584
3.1622776601683794e-12,2.5118864315095823e-6,0.0004564702402665864
3.1622776601683794e-12,6.30957344480193e-6,0.002476228637195933
3.1622776601683794e-12,0.00001584893192461114,0.012206850527796343
3.1622776601683794e-12,0.000039810717055349695,0.05374333088219002
3.1622776601683794e-12,0.0001,0.22784294105498512
5.6234132519034904e-12,1.e-6,0.00014478843782377034
5.6234132519034904e-12,2.5118864315095823e-6,0.0008117222998086309
5.6234132519034904e-12,6.30957344480193e-6,0.004403368404489977
5.6234132519034904e-12,0.00001584893192461114,0.02170716789558381
5.6234132519034904e-12,0.000039810717055349695,0.09556819508634994
5.6234132519034904e-12,0.0001,0.4051560101550768
1.e-11,1.e-6,0.0002574741619260357
1.e-11,2.5118864315095823e-6,0.001443474884264378
1.e-11,6.30957344480193e-6,0.007830453377479864
1.e-11,0.00001584893192461114,0.03860221326798545
1.e-11,0.000039810717055349695,0.16994244875629438
1.e-11,0.0001,0.720528157403763
1.7782794100389227e-11,1.e-6,0.0004578610020258968
1.7782794100389227e-11,2.5118864315095823e-6,0.00256693274688788
1.7782794100389227e-11,6.30957344480193e-6,0.013925076769844811
1.7782794100389227e-11,0.00001584893192461114,0.0686462208417739
1.7782794100389227e-11,0.000039810717055349695,0.30221937957223544
1.7782794100389227e-11,0.0001,1.2811896198552453
3.1622776601683794e-11,1.e-6,0.0008142024194906438
3.1622776601683794e-11,2.5118864315095823e-6,0.004564672854173321
3.1622776601683794e-11,6.30957344480193e-6,0.024761927139593944
3.1622776601683794e-11,0.00001584893192461114,0.12206989630658112
3.1622776601683794e-11,0.000039810717055349695,0.5374209768128271
3.1622776601683794e-11,0.0001,2.2784067188527892
5.6234132519034906e-11,1.e-6,0.0014478834658114771
5.6234132519034906e-11,2.5118864315095823e-6,0.008117240884121987
5.6234132519034906e-11,6.30957344480193e-6,0.04403313553109393
5.6234132519034906e-11,0.00001584893192461114,0.2170680453684502
5.6234132519034906e-11,0.000039810717055349695,0.9557239548178645
5.6234132519034906e-11,0.0001,4.051829067051866
1.e-10,1.e-6,0.0025747411102935067
1.e-10,2.5118864315095823e-6,0.014434805875172693
1.e-10,6.30957344480193e-6,0.07830497534154855
1.e-10,0.00001584893192461114,0.38603819786628213
1.e-10,0.000039810717055349695,1.6994994664643603
1.e-10,0.0001,7.205039723081945
1.778279410038923e-10,1.e-6,0.004578601618529246
1.778279410038923e-10,2.5118864315095823e-6,0.02566908471356886
1.778279410038923e-10,6.30957344480193e-6,0.13924484997516898
1.778279410038923e-10,0.00001584893192461114,0.6864481411974032
1.778279410038923e-10,0.000039810717055349695,3.0220359162785932
1.778279410038923e-10,0.0001,12.812209506358968
3.1622776601683795e-10,1.e-6,0.008142025253974219
3.1622776601683795e-10,2.5118864315095823e-6,0.0456467316254562
3.1622776601683795e-10,6.30957344480193e-6,0.24761778299913645
3.1622776601683795e-10,0.00001584893192461114,1.2206923966368426
3.1622776601683795e-10,0.000039810717055349695,5.374327498423173
3.1622776601683795e-10,0.0001,22.785051075911202
5.623413251903491e-10,1.e-6,0.014478780945826617
5.623413251903491e-10,2.5118864315095823e-6,0.08117338498496957
5.623413251903491e-10,6.30957344480193e-6,0.4403383993489741
5.623413251903491e-10,0.00001584893192461114,2.1707476645957557
5.623413251903491e-10,0.000039810717055349695,9.556808923096947
5.623413251903491e-10,0.0001,40.517039309573406
1.e-9,1.e-6,0.025747403093596046
1.e-9,2.5118864315095823e-6,0.1443480781125972
1.e-9,6.30957344480193e-6,0.7830455276816283
1.e-9,0.00001584893192461114,3.860264106548937
1.e-9,0.000039810717055349695,16.99522394810278
1.e-9,0.0001,72.04997379329926
1.7782794100389228e-9,1.e-6,0.04578568790641864
1.7782794100389228e-9,2.5118864315095823e-6,0.25669218306768565
1.7782794100389228e-9,6.30957344480193e-6,1.3924869526110257
1.7782794100389228e-9,0.00001584893192461114,6.864625432820236
1.7782794100389228e-9,0.000039810717055349695,30.22105870309931
1.7782794100389228e-9,0.0001,128.1221339639787
3.1622776601683795e-9,1.e-6,0.08142037484990142
3.1622776601683795e-9,2.5118864315095823e-6,0.4564733172730762
3.1622776601683795e-9,6.30957344480193e-6,2.4761384885803386
3.1622776601683795e-9,0.00001584893192461114,12.207162523121353
3.1622776601683795e-9,0.000039810717055349695,53.7405687946799
3.1622776601683795e-9,0.0001,227.84428389026093
5.623413251903491e-9,1.e-6,0.14478768432656272
5.623413251903491e-9,2.5118864315095823e-6,0.8117356384384301
5.623413251903491e-9,6.30957344480193e-6,4.403311026306438
5.623413251903491e-9,0.00001584893192461114,21.70788083692648
5.623413251903491e-9,0.000039810717055349695,95.57275421951049
5.623413251903491e-9,0.0001,405.17207046365695
1.e-8,1.e-6,0.25747526128513715
1.e-8,2.5118864315095823e-6,1.4434862794007912
1.e-8,6.30957344480193e-6,7.830242641580992
1.e-8,0.00001584893192461114,38.601060455546715
1.e-8,0.000039810717055349695,169.94900213455603
1.e-8,0.0001,720.5010436525938
1.7782794100389228e-8,1.e-6,0.457859631623777
1.7782794100389228e-8,2.5118864315095823e-6,2.5669162706687305
1.7782794100389228e-8,6.30957344480193e-6,13.92464435756478
1.7782794100389228e-8,0.00001584893192461114,68.64392702455113
1.7782794100389228e-8,0.000039810717055349695,302.22285176451743
1.7782794100389228e-8,0.0001,1281.2646513950226
3.162277660168379e-8,1.e-6,0.8142032577834394
3.162277660168379e-8,2.5118864315095823e-6,4.564669755133141
3.162277660168379e-8,6.30957344480193e-6,24.76265464746987
3.162277660168379e-8,0.00001584893192461114,122.07210367836491
3.162277660168379e-8,0.000039810717055349695,537.4224723743844
3.162277660168379e-8,0.0001,2278.470935889975
5.6234132519034905e-8,1.e-6,1.447881961584917
5.6234132519034905e-8,2.5118864315095823e-6,8.117284012400942
5.6234132519034905e-8,6.30957344480193e-6,44.03287144892067
5.6234132519034905e-8,0.00001584893192461114,217.0737128318223
5.6234132519034905e-8,0.000039810717055349695,955.7172211078354
5.6234132519034905e-8,0.0001,4051.8027512587064
1.e-7,1.e-6,2.5747437270702567
1.e-7,2.5118864315095823e-6,14.434827277211346
1.e-7,6.30957344480193e-6,78.30420959830575
1.e-7,0.00001584893192461114,386.0138938339495
1.e-7,0.000039810717055349695,1699.4554475384584
1.e-7,0.0001,7204.892847234466
1.7782794100389227e-7,1.e-6,4.578619726182924
1.7782794100389227e-7,2.5118864315095823e-6,25.66882885065531
1.7782794100389227e-7,6.30957344480193e-6,139.24470314108754
1.7782794100389227e-7,0.00001584893192461114,686.4447808048063
1.7782794100389227e-7,0.000039810717055349695,3022.0981762118504
1.7782794100389227e-7,0.0001,12812.412917776857
3.162277660168379e-7,1.e-6,8.14202543268618
3.162277660168379e-7,2.5118864315095823e-6,45.64685705332468
3.162277660168379e-7,6.30957344480193e-6,247.61603659901593
3.162277660168379e-7,0.00001584893192461114,1220.7041309621866
3.162277660168379e-7,0.000039810717055349695,5374.115545678634
3.162277660168379e-7,0.0001,22784.709656841307
5.62341325190349e-7,1.e-6,14.478746513041646
5.62341325190349e-7,2.5118864315095823e-6,81.17280680131053
5.62341325190349e-7,6.30957344480193e-6,440.3313520007085
5.62341325190349e-7,0.00001584893192461114,2170.707753396382
5.62341325190349e-7,0.000039810717055349695,9556.631848710134
5.62341325190349e-7,0.0001,40516.277363396686
1.e-6,1.e-6,25.747415398831357
1.e-6,2.5118864315095823e-6,144.34874385279267
1.e-6,6.30957344480193e-6,783.0457397142416
1.e-6,0.00001584893192461114,3860.1295576909715
1.e-6,0.000039810717055349695,16995.0692891382
1.e-6,0.0001,72052.0755733619
