1.e-14,1.e-6,9.013258515387871e-7
1.e-14,2.5118864315095823e-6,5.002111845725303e-6
1.e-14,6.30957344480193e-6,0.00002607593597171635
1.e-14,0.00001584893192461114,0.00012093966454350895
1.e-14,0.000039810717055349695,0.000515152322238183
1.e-14,0.0001,0.0022100660361006716
1.7782794100389227e-14,1.e-6,1.6028265792541608e-6
1.7782794100389227e-14,2.5118864315095823e-6,8.89514947978451e-6
1.7782794100389227e-14,6.30957344480193e-6,0.000046369123398887126
1.7782794100389227e-14,0.00001584893192461114,0.0002150732509728147
1.7782794100389227e-14,0.000039810717055349695,0.0009160658201994591
1.7782794100389227e-14,0.0001,0.003930170535565395
3.1622776601683796e-14,1.e-6,2.850259554052729e-6
3.1622776601683796e-14,2.5118864315095823e-6,0.000015818084791561803
3.1622776601683796e-14,6.30957344480193e-6,0.00008245737120517464
3.1622776601683796e-14,0.00001584893192461114,0.0003824423664835656
3.1622776601683796e-14,0.000039810717055349695,0.0016290658176372045
3.1622776601683796e-14,0.0001,0.006988708427166003
5.6234132519034906e-14,1.e-6,5.068541384365921e-6
5.6234132519034906e-14,2.5118864315095823e-6,0.000028129375674341612
5.6234132519034906e-14,6.30957344480193e-6,0.00014664018751486387
5.6234132519034906e-14,0.00001584893192461114,0.0006801082426887554
5.6234132519034906e-14,0.000039810717055349695,0.002896777226387825
5.6234132519034906e-14,0.0001,0.012428125292404411
1.e-13,1.e-6,9.013320006508344e-6
1.e-13,2.5118864315095823e-6,0.000050021133263356
1.e-13,6.30957344480193e-6,0.00026075985000422066
1.e-13,0.00001584893192461114,0.0012094396797881055
1.e-13,0.000039810717055349695,0.005151130607192817
1.e-13,0.0001,0.022099706139406882
1.7782794100389227e-13,1.e-6,0.0000160282123343024
1.7782794100389227e-13,2.5118864315095823e-6,0.00008895125225609132
1.7782794100389227e-13,6.30957344480193e-6,0.00046370527692120165
1.7782794100389227e-13,0.00001584893192461114,0.002150726896390994
1.7782794100389227e-13,0.000039810717055349695,0.009160597417108963
1.7782794100389227e-13,0.0001,0.03930141348625476
3.162277660168379e-13,1.e-6,0.000028502491122011548
3.162277660168379e-13,2.5118864315095823e-6,0.000158182223931441
3.162277660168379e-13,6.30957344480193e-6,0.0008245724570131392
3.162277660168379e-13,0.00001584893192461114,0.003824437565332865
3.162277660168379e-13,0.000039810717055349695,0.016290248937703634
3.162277660168379e-13,0.0001,0.06988976024917755
5.62341325190349e-13,1.e-6,0.000050685225257686744
5.62341325190349e-13,2.5118864315095823e-6,0.0002812856456936762
5.62341325190349e-13,6.30957344480193e-6,0.0014663650103547506
5.62341325190349e-13,0.00001584893192461114,0.006801140307651864
5.62341325190349e-13,0.000039810717055349695,0.0289675577295733
5.62341325190349e-13,0.0001,0.12428006214241881
1.e-12,1.e-6,0.00009013357020254342
1.e-12,2.5118864315095823e-6,0.0005002131256110673
1.e-12,6.30957344480193e-6,0.0026075516776851047
1.e-12,0.00001584893192461114,0.012094468467458073
1.e-12,0.000039810717055349695,0.051512234286130984
1.e-12,0.0001,0.22100475093518518
1.7782794100389228e-12,1.e-6,0.00016028289148412858
1.7782794100389228e-12,2.5118864315095823e-6,0.0008895182096965881
1.7782794100389228e-12,6.30957344480193e-6,0.004636920655214801
1.7782794100389228e-12,0.00001584893192461114,0.021506540903437902
1.7782794100389228e-12,0.000039810717055349695,0.0916068833054313
1.7782794100389228e-12,0.0001,0.39301809907478885
3.1622776601683794e-12,1.e-6,0.0002850268910233989
3.1622776601683794e-12,2.5118864315095823e-6,0.001581794240744436
3.1622776601683794e-12,6.30957344480193e-6,0.008245858567517006
3.1622776601683794e-12,0.00001584893192461114,0.03824483522422889
3.1622776601683794e-12,0.000039810717055349695,0.1629002702687523
3.1622776601683794e-12,0.0001,0.6988744644669088
5.6234132519034904e-12,1.e-6,0.000506854242460072
5.6234132519034904e-12,2.5118864315095823e-6,0.0028129107006383764
5.6234132519034904e-12,6.30957344480193e-6,0.01466324892716088
5.6234132519034904e-12,0.00001584893192461114,0.06801229453497566
5.6234132519034904e-12,0.000039810717055349695,0.28968035759130195
5.6234132519034904e-12,0.0001,1.2427850817233332
1.e-11,1.e-6,0.0009013327038165636
1.e-11,2.5118864315095823e-6,0.005002071950316332
1.e-11,6.30957344480193e-6,0.026075951627661964
1.e-11,0.00001584893192461114,0.12094216133701316
1.e-11,0.000039810717055349695,0.5151637332174718
1.e-11,0.0001,2.210067597776303
1.7782794100389227e-11,1.e-6,0.0016028215822837533
1.7782794100389227e-11,2.5118864315095823e-6,0.008895091024598846
1.7782794100389227e-11,6.30957344480193e-6,0.04636851503881883
1.7782794100389227e-11,0.00001584893192461114,0.2150713956013018
1.7782794100389227e-11,0.000039810717055349695,0.916058668136893
1.7782794100389227e-11,0.0001,3.9300776530261663
3.1622776601683794e-11,1.e-6,0.0028502694355966294
3.1622776601683794e-11,2.5118864315095823e-6,0.015817972387314843
3.1622776601683794e-11,6.30957344480193e-6,0.08245848246672721
3.1622776601683794e-11,0.00001584893192461114,0.38245796804101856
3.1622776601683794e-11,0.000039810717055349695,1.6289990143244009
3.1622776601683794e-11,0.0001,6.988988193908107
5.6234132519034906e-11,1.e-6,0.005068567826611373
5.6234132519034906e-11,2.5118864315095823e-6,0.028128941548694747
5.6234132519034906e-11,6.30957344480193e-6,0.14663403431101577
5.6234132519034906e-11,0.00001584893192461114,0.6801062681447728
5.6234132519034906e-11,0.000039810717055349695,2.8967853993629924
5.6234132519034906e-11,0.0001,12.427616061832634
1.e-10,1.e-6,0.009013353366742482
1.e-10,2.5118864315095823e-6,0.050020486702124944
1.e-10,6.30957344480193e-6,0.26075839198608874
1.e-10,0.00001584893192461114,1.2094319943897394
1.e-10,0.000039810717055349695,5.151438953070725
1.e-10,0.0001,22.100327794522546
1.778279410038923e-10,1.e-6,0.016028211670158336
1.778279410038923e-10,2.5118864315095823e-6,0.08895190298050631
1.778279410038923e-10,6.30957344480193e-6,0.4637020320390415
1.778279410038923e-10,0.00001584893192461114,2.150697122462709
1.778279410038923e-10,0.000039810717055349695,9.160676082259812
1.778279410038923e-10,0.0001,39.30040247312361
3.1622776601683795e-10,1.e-6,0.028502626631479126
3.1622776601683795e-10,2.5118864315095823e-6,0.1581817733288889
3.1622776601683795e-10,6.30957344480193e-6,0.8245836202791287
3.1622776601683795e-10,0.00001584893192461114,3.824593512306345
3.1622776601683795e-10,0.000039810717055349695,16.29039860657085
3.1622776601683795e-10,0.0001,69.88819709365146
5.623413251903491e-10,1.e-6,0.05068557401178098
5.623413251903491e-10,2.5118864315095823e-6,0.28128777284312634
5.623413251903491e-10,6.30957344480193e-6,1.466361745640109
5.623413251903491e-10,0.00001584893192461114,6.800993822812417
5.623413251903491e-10,0.000039810717055349695,28.968426716452647
5.623413251903491e-10,0.0001,124.2821434336619
1.e-9,1.e-6,0.0901338763451102
1.e-9,2.5118864315095823e-6,0.5002088718213682
1.e-9,6.30957344480193e-6,2.6076044192360657
1.e-9,0.00001584893192461114,12.094208013232192
1.e-9,0.000039810717055349695,51.51253560135221
1.e-9,0.0001,221.0036341670907
1.7782794100389228e-9,1.e-6,0.16028188822732686
1.7782794100389228e-9,2.5118864315095823e-6,0.8895146682167062
1.7782794100389228e-9,6.30957344480193e-6,4.6370498084907625
1.7782794100389228e-9,0.00001584893192461114,21.50872596943062
1.7782794100389228e-9,0.000039810717055349695,91.60791999848242
1.7782794100389228e-9,0.0001,393.01318972780916
3.1622776601683795e-9,1.e-6,0.28502568269989054
3.1622776601683795e-9,2.5118864315095823e-6,1.581788386842066
3.1622776601683795e-9,6.30957344480193e-6,8.245935654256387
3.1622776601683795e-9,0.00001584893192461114,38.24526481262916
3.1622776601683795e-9,0.000039810717055349695,162.90065021350134
3.1622776601683795e-9,0.0001,698.877338280295
5.623413251903491e-9,1.e-6,0.5068547445692198
5.623413251903491e-9,2.5118864315095823e-6,2.8128888023053706
5.623413251903491e-9,6.30957344480193e-6,14.663460350293352
5.623413251903491e-9,0.00001584893192461114,68.0090837205234
5.623413251903491e-9,0.000039810717055349695,289.6817705538875
5.623413251903491e-9,0.0001,1242.8087573773525
1.e-8,1.e-6,0.9013328132878357
1.e-8,2.5118864315095823e-6,5.002090031735672
1.e-8,6.30957344480193e-6,26.075952456020374
1.e-8,0.00001584893192461114,120.94452656254944
1.e-8,0.000039810717055349695,515.1410700975376
1.e-8,0.0001,2210.127969455793
1.7782794100389228e-8,1.e-6,1.6028212105880832
1.7782794100389228e-8,2.5118864315095823e-6,8.895138572454774
1.7782794100389228e-8,6.30957344480193e-6,46.370701829674445
1.7782794100389228e-8,0.00001584893192461114,215.08178783876807
1.7782794100389228e-8,0.000039810717055349695,916.0398075802368
1.7782794100389228e-8,0.0001,3930.1207411756614
3.162277660168379e-8,1.e-6,2.8502621041391363
3.162277660168379e-8,2.5118864315095823e-6,15.818297645879445
3.162277660168379e-8,6.30957344480193e-6,82.4606381325328
3.162277660168379e-8,0.00001584893192461114,382.45182801324813
3.162277660168379e-8,0.000039810717055349695,1628.9936902961047
3.162277660168379e-8,0.0001,6988.957979501251
5.6234132519034905e-8,1.e-6,5.068600380748922
5.6234132519034905e-8,2.5118864315095823e-6,28.12885107826557
5.6234132519034905e-8,6.30957344480193e-6,146.63513133181527
5.6234132519034905e-8,0.00001584893192461114,680.1262189372496
5.6234132519034905e-8,0.000039810717055349695,2896.7781829782666
5.6234132519034905e-8,0.0001,12427.811483150583
1.e-7,1.e-6,9.013328213272267
1.e-7,2.5118864315095823e-6,50.02157005365268
1.e-7,6.30957344480193e-6,260.7540860527504
1.e-7,0.00001584893192461114,1209.4434821479636
1.e-7,0.000039810717055349695,5151.4340154014535
1.e-7,0.0001,22101.05711121306
1.7782794100389227e-7,1.e-6,16.028207188686526
1.7782794100389227e-7,2.5118864315095823e-6,88.95106036539894
1.7782794100389227e-7,6.30957344480193e-6,463.7082452887229
1.7782794100389227e-7,0.00001584893192461114,2150.7602365743714
1.7782794100389227e-7,0.000039810717055349695,9160.44986818683
1.7782794100389227e-7,0.0001,39300.63063384821
3.162277660168379e-7,1.e-6,28.50267729007003
3.162277660168379e-7,2.5118864315095823e-6,158.1797310710009
3.162277660168379e-7,6.30957344480193e-6,824.5800215503973
3.162277660168379e-7,0.00001584893192461114,3824.715096921498
3.162277660168379e-7,0.000039810717055349695,16290.367178530661
3.162277660168379e-7,0.0001,69889.37909849561
5.62341325190349e-7,1.e-6,50.68556258346967
5.62341325190349e-7,2.5118864315095823e-6,281.2885756139953
5.62341325190349e-7,6.30957344480193e-6,1466.3623126121183
5.62341325190349e-7,0.00001584893192461114,6801.358715902177
5.62341325190349e-7,0.000039810717055349695,28967.885099621177
5.62341325190349e-7,0.0001,124279.18974928602
1.e-6,1.e-6,90.13386020078892
1.e-6,2.5118864315095823e-6,500.2116865064515
1.e-6,6.30957344480193e-6,2607.6299162396926
1.e-6,0.00001584893192461114,12094.152720072074
1.e-6,0.000039810717055349695,51517.16409083734
1.e-6,0.0001,221007.06355839546
