-2.9999999999999996 -10.47641538124406
-2.8999999999999995 -10.176879024370152
-2.8 -9.877583285943356
-2.6999999999999997 -9.578656324093359
-2.5999999999999996 -9.280292189444204
-2.5 -8.982804773904775
-2.4 -8.686665738166754
-2.2999999999999994 -8.392582593166109
-2.1999999999999997 -8.101598052534213
-2.1 -7.8151816112460954
-1.9999999999999996 -7.535272421207977
-1.8999999999999997 -7.264200897807246
-1.7999999999999996 -7.004314806209221
-1.6999999999999997 -6.757434102976679
-1.5999999999999999 -6.524127575152021
-1.4999999999999998 -6.303474590264914
-1.4 -6.09336405788625
-1.2999999999999996 -5.891311474475197
-1.2 -5.6950545458818915
-1.0999999999999999 -5.503024033757126
-0.9999999999999998 -5.314323516581651
-0.8999999999999998 -5.1286830480664785
-0.7999999999999997 -4.946207820660412
-0.6999999999999996 -4.767419095965558
-0.5999999999999995 -4.59326889534147
-0.4999999999999999 -4.425057582256111
-0.3999999999999999 -4.2645751667299105
-0.2999999999999998 -4.114382819921929
-0.19999999999999976 -3.977907731775903
-0.09999999999999963 -3.85958272703284
0. -3.7646991223859803
0.10000000000000009 -3.7000458742521007
0.20000000000000015 -3.672914337953445
0.3000000000000002 -3.691462171490606
0.40000000000000036 -3.7652063208700786
0.5 -3.9051248270421226
0.6000000000000001 -4.125405506333248
0.7000000000000001 -4.445437768934323
0.8000000000000002 -4.889850837174527
0.9000000000000002 -5.491446254586927
1. -6.29134896188048