-2.9999999999999996 -9.686187802518917
-2.8999999999999995 -9.393045666136782
-2.8 -9.103500222780228
-2.6999999999999997 -8.819182304835676
-2.5999999999999996 -8.542099203825545
-2.5 -8.274443721010583
-2.4 -8.018069739109228
-2.2999999999999994 -7.773832288981039
-2.1999999999999997 -7.541222165710916
-2.1 -7.318378039756497
-1.9999999999999996 -7.102779156825737
-1.8999999999999997 -6.891962442778766
-1.7999999999999996 -6.683989035711724
-1.6999999999999997 -6.477555432124358
-1.5999999999999999 -6.271856373896683
-1.4999999999999998 -6.066472756993299
-1.4 -5.861194955882684
-1.2999999999999996 -5.656022773845229
-1.2 -5.450988262859033
-1.0999999999999999 -5.246220999193402
-0.9999999999999998 -5.042048443234082
-0.8999999999999998 -4.83882728617702
-0.7999999999999997 -4.6370282341828535
-0.6999999999999996 -4.437418058914181
-0.5999999999999995 -4.241043321970973
-0.4999999999999999 -4.049159715103644
-0.3999999999999999 -3.8633512885955303
-0.2999999999999998 -3.6859869189800354
-0.19999999999999976 -3.520099708465408
-0.09999999999999963 -3.369715595723986
0. -3.2398222964387706
0.10000000000000009 -3.1370593502717705
0.20000000000000015 -3.0693497536283534
0.3000000000000002 -3.0463220981240977
0.40000000000000036 -3.079470804686151
0.5 -3.18199017779165
0.6000000000000001 -3.369283675247462
0.7000000000000001 -3.659919020538148
0.8000000000000002 -4.077222625764502
0.9000000000000002 -4.650878687389531
1. -5.418438265621306