-2.9999999999999996 -10.48538729986838
-2.8999999999999995 -10.186958237217624
-2.8 -9.889398990549708
-2.6999999999999997 -9.593183617358331
-2.5999999999999996 -9.299028951752668
-2.5 -9.007986464655318
-2.4 -8.721538567346645
-2.2999999999999994 -8.441632790863231
-2.1999999999999997 -8.170589960762017
-2.1 -7.910722879749143
-1.9999999999999996 -7.663770729326858
-1.8999999999999997 -7.43018164327882
-1.7999999999999996 -7.2089162797407145
-1.6999999999999997 -6.997753970885861
-1.5999999999999999 -6.794089319788418
-1.4999999999999998 -6.595602088240061
-1.4 -6.400573388841969
-1.2999999999999996 -6.207962221488805
-1.2 -6.017195510325592
-1.0999999999999999 -5.828096446777026
-0.9999999999999998 -5.640705342201413
-0.8999999999999998 -5.455294062490942
-0.7999999999999997 -5.272345163992846
-0.6999999999999996 -5.092481344097389
-0.5999999999999995 -4.916742978983895
-0.4999999999999999 -4.746518925380611
-0.3999999999999999 -4.583560755775823
-0.2999999999999998 -4.430374253379916
-0.19999999999999976 -4.289962687501526
-0.09999999999999963 -4.1663299799858775
0. -4.064313596508727
0.10000000000000009 -3.9898330825134756
0.20000000000000015 -3.9501043938952645
0.3000000000000002 -3.9536129106883093
0.40000000000000036 -4.010932228142484
0.5 -4.134786490266341
0.6000000000000001 -4.341012120744967
0.7000000000000001 -4.649301552990377
0.8000000000000002 -5.084778464555922
0.9000000000000002 -5.678822856589172
1. -6.470985120388072