-2.9999999999999996 -10.492290423181421
-2.8999999999999995 -10.200188603854887
-2.8 -9.912212660093596
-2.6999999999999997 -9.630186585067372
-2.5999999999999996 -9.35634881316362
-2.5 -9.093049305987536
-2.4 -8.842208992288077
-2.2999999999999994 -8.60463919751878
-2.1999999999999997 -8.379631647207392
-2.1 -8.165173153491354
-1.9999999999999996 -7.958628235566939
-1.8999999999999997 -7.757501635186796
-1.7999999999999996 -7.559855773790262
-1.6999999999999997 -7.364357536522178
-1.5999999999999999 -7.170225218786273
-1.4999999999999998 -6.977031898056404
-1.4 -6.78457891805052
-1.2999999999999996 -6.592815427275202
-1.2 -6.401796990136181
-1.0999999999999999 -6.211697354915087
-0.9999999999999998 -6.022805371086585
-0.8999999999999998 -5.835597513872886
-0.7999999999999997 -5.65062979892009
-0.6999999999999996 -5.468754043416777
-0.5999999999999995 -5.2909716760518934
-0.4999999999999999 -5.118460838711072
-0.3999999999999999 -4.952938983807428
-0.2999999999999998 -4.796330140742796
-0.19999999999999976 -4.651195590536534
-0.09999999999999963 -4.521034296783002
0. -4.410412625444491
0.10000000000000009 -4.325150287067705
0.20000000000000015 -4.273001002905939
0.3000000000000002 -4.263651634390389
0.40000000000000036 -4.308593468501725
0.5 -4.42151704514984
0.6000000000000001 -4.618208810868712
0.7000000000000001 -4.917654487785776
0.8000000000000002 -5.343581645187652
0.9000000000000002 -5.925990509967492
1. -6.702692245562818