-2.9999999999999996 -10.103362054348855
-2.8999999999999995 -9.80721141407122
-2.8 -9.513172502468612
-2.6999999999999997 -9.222305793691104
-2.5999999999999996 -8.936092217717777
-2.5 -8.65646413013052
-2.4 -8.385635418355294
-2.2999999999999994 -8.125721051127417
-2.1999999999999997 -7.878107173269313
-2.1 -7.642868584181593
-1.9999999999999996 -7.4186131505393
-1.8999999999999997 -7.203003669909992
-1.7999999999999996 -6.993418578120369
-1.6999999999999997 -6.787702911640471
-1.5999999999999999 -6.584249076152441
-1.4999999999999998 -6.382086148605593
-1.4 -6.180670982797638
-1.2999999999999996 -5.979744354907277
-1.2 -5.7793202007216875
-1.0999999999999999 -5.579403869763005
-0.9999999999999998 -5.380237091996574
-0.8999999999999998 -5.182171313028444
-0.7999999999999997 -4.985634437418145
-0.6999999999999996 -4.791440640698536
-0.5999999999999995 -4.600486998573766
-0.4999999999999999 -4.414033647433997
-0.3999999999999999 -4.233720566508328
-0.2999999999999998 -4.061804757127012
-0.19999999999999976 -3.9012776953247994
-0.09999999999999963 -3.7558657466894
0. -3.630617971786423
0.10000000000000009 -3.5321243658096204
0.20000000000000015 -3.4682842837067014
0.3000000000000002 -3.4488633490757783
0.40000000000000036 -3.4853073558355683
0.5 -3.5909533021225357
0.6000000000000001 -3.7814383609104603
0.7000000000000001 -4.075715896134665
0.8000000000000002 -4.497485226612107
0.9000000000000002 -5.076889997305582
1. -5.851952339456967