-2.9999999999999996 -10.338667291057465
-2.8999999999999995 -10.040957443526347
-2.8 -9.744509164438387
-2.6999999999999997 -9.450011562638073
-2.5999999999999996 -9.158457335026945
-2.5 -8.871261005598559
-2.4 -8.590276738513792
-2.2999999999999994 -8.317751805324452
-2.1999999999999997 -8.055951701491752
-2.1 -7.806587605548952
-1.9999999999999996 -7.570175421489417
-1.8999999999999997 -7.345703614148376
-1.7999999999999996 -7.131004083407059
-1.6999999999999997 -6.923480429882451
-1.5999999999999999 -6.720765279293966
-1.4999999999999998 -6.521124923487747
-1.4 -6.323423402500508
-1.2999999999999996 -6.127014131268535
-1.2 -5.931647273577609
-1.0999999999999999 -5.737327020765136
-0.9999999999999998 -5.5440962933163584
-0.8999999999999998 -5.352380772831537
-0.7999999999999997 -5.16250701001302
-0.6999999999999996 -4.975284744558291
-0.5999999999999995 -4.7915449459862485
-0.4999999999999999 -4.612638904290078
-0.3999999999999999 -4.44035590858292
-0.2999999999999998 -4.27686038055343
-0.19999999999999976 -4.125153724644594
-0.09999999999999963 -3.988919642646345
0. -3.8731377162244
0.10000000000000009 -3.7839779226127135
0.20000000000000015 -3.7290522844160536
0.3000000000000002 -3.7177632725083005
0.40000000000000036 -3.761342774528452
0.5 -3.8731774614364243
0.6000000000000001 -4.0689429997804085
0.7000000000000001 -4.3682689915232435
0.8000000000000002 -4.795323396654122
0.9000000000000002 -5.3808724018679435
1. -6.163578672077335