-2.9999999999999996 -10.172373263260816
-2.8999999999999995 -9.873500942071697
-2.8 -9.57524748446847
-2.6999999999999997 -9.277951372128157
-2.5999999999999996 -8.982133304424927
-2.5 -8.68857037912602
-2.4 -8.398381978767723
-2.2999999999999994 -8.113132047319597
-2.1999999999999997 -7.83481264954091
-2.1 -7.565682262247283
-1.9999999999999996 -7.307841734197308
-1.8999999999999997 -7.062592293358968
-1.7999999999999996 -6.82984776294955
-1.6999999999999997 -6.608118632694518
-1.5999999999999999 -6.395005495159608
-1.4999999999999998 -6.187988708929655
-1.4 -5.985007881986742
-1.2999999999999996 -5.7846128543146245
-1.2 -5.585991282878684
-1.0999999999999999 -5.388795926645351
-0.9999999999999998 -5.1929810221953305
-0.8999999999999998 -4.998695572153616
-0.7999999999999997 -4.806445927341666
-0.6999999999999996 -4.616755140040872
-0.5999999999999995 -4.430696630062042
-0.4999999999999999 -4.249366834965855
-0.3999999999999999 -4.0746427885500305
-0.2999999999999998 -3.90875845709458
-0.19999999999999976 -3.754776304931043
-0.09999999999999963 -3.6167002938988526
0. -3.499502407314309
0.10000000000000009 -3.409469647339739
0.20000000000000015 -3.354315964553637
0.3000000000000002 -3.343151696561495
0.40000000000000036 -3.3871290612008944
0.5 -3.499205128359489
0.6000000000000001 -3.695129628164238
0.7000000000000001 -3.9944470064194006
0.8000000000000002 -4.421886994341085
0.9000000000000002 -5.008609768198078
1. -5.793841888729968