-2.9999999999999996 -10.483237495354617
-2.8999999999999995 -10.18361839027232
-2.8 -9.884190304450502
-2.6999999999999997 -9.585052587351633
-2.5999999999999996 -9.286362983380426
-2.5 -8.98836596417584
-2.4 -8.691426476774609
-2.2999999999999994 -8.396118380034437
-2.1999999999999997 -8.103284756692906
-2.1 -7.814137952746422
-1.9999999999999996 -7.530360901699524
-1.8999999999999997 -7.254089852964075
-1.7999999999999996 -6.987738221653081
-1.6999999999999997 -6.733514401848318
-1.5999999999999999 -6.4927948493121415
-1.4999999999999998 -6.265537232521405
-1.4 -6.0502376021285365
-1.2999999999999996 -5.844557292304695
-1.2 -5.646064066041034
-1.0999999999999999 -5.45282506365641
-0.9999999999999998 -5.2636004156129665
-0.8999999999999998 -5.077876582387945
-0.7999999999999997 -4.895601692673632
-0.6999999999999996 -4.717255269086586
-0.5999999999999995 -4.543713829374655
-0.4999999999999999 -4.37623361849303
-0.3999999999999999 -4.216781890916529
-0.2999999999999998 -4.067765788269143
-0.19999999999999976 -3.9327260633780416
-0.09999999999999963 -3.816161959323529
0. -3.723580964320095
0.10000000000000009 -3.6617205536093764
0.20000000000000015 -3.638115924976902
0.3000000000000002 -3.6610265498357912
0.40000000000000036 -3.7395712584364276
0.5 -3.8846645222472636
0.6000000000000001 -4.109947937271511
0.7000000000000001 -4.434176103254215
0.8000000000000002 -4.882150129885885
0.9000000000000002 -5.486451765153028
1. -6.288579314755179