-2.9999999999999996 -10.174003835222365
-2.8999999999999995 -9.926576728559562
-2.8 -9.6912990643794
-2.6999999999999997 -9.466679613347646
-2.5999999999999996 -9.2503015522209
-2.5 -9.039562565979962
-2.4 -8.832243822229593
-2.2999999999999994 -8.626760211522063
-2.1999999999999997 -8.42206257802252
-2.1 -8.217590426982005
-1.9999999999999996 -8.012940693578443
-1.8999999999999997 -7.80797868088743
-1.7999999999999996 -7.602526226917005
-1.6999999999999997 -7.396577597884911
-1.5999999999999999 -7.1900591238552405
-1.4999999999999998 -6.9831583599260885
-1.4 -6.775855163784572
-1.2999999999999996 -6.568563778961124
-1.2 -6.361315772356695
-1.0999999999999999 -6.154755821399395
-0.9999999999999998 -5.949052826122898
-0.8999999999999998 -5.7449407105061265
-0.7999999999999997 -5.543199226827709
-0.6999999999999996 -5.344764298235507
-0.5999999999999995 -5.150824619514569
-0.4999999999999999 -4.962750965443101
-0.3999999999999999 -4.782091509154942
-0.2999999999999998 -4.61060498108091
-0.19999999999999976 -4.4505952636568935
-0.09999999999999963 -4.30537570389033
0. -4.178981797657117
0.10000000000000009 -4.077425097788677
0.20000000000000015 -4.008435338015731
0.3000000000000002 -3.981727301319794
0.40000000000000036 -4.008933197087935
0.5 -4.103292193833604
0.6000000000000001 -4.279880558915578
0.7000000000000001 -4.556627652387062
0.8000000000000002 -4.955896115740979
0.9000000000000002 -5.506337788084772
1. -6.244555270271523