-2.9999999999999996 -10.4783022969518
-2.8999999999999995 -10.178751503802856
-2.8 -9.879433037236572
-2.6999999999999997 -9.580468344643759
-2.5999999999999996 -9.282051598555537
-2.5 -8.984473948197936
-2.4 -8.688197294660627
-2.2999999999999994 -8.393903153688187
-2.1999999999999997 -8.102603320584633
-2.1 -7.8157230883394835
-1.9999999999999996 -7.535165379629526
-1.8999999999999997 -7.263231142617245
-1.7999999999999996 -7.0023044659475735
-1.6999999999999997 -6.754268787550413
-1.5999999999999999 -6.519828589998435
-1.4999999999999998 -6.2982020409162836
-1.4 -6.087363605965775
-1.2999999999999996 -5.884821190831586
-1.2 -5.688287195158501
-1.0999999999999999 -5.4961164906201585
-0.9999999999999998 -5.3074007240832275
-0.8999999999999998 -5.1217844816628775
-0.7999999999999997 -4.939378384793406
-0.6999999999999996 -4.760718506610276
-0.5999999999999995 -4.586670495318071
-0.4999999999999999 -4.418651131627574
-0.3999999999999999 -4.258353490055004
-0.2999999999999998 -4.108436098631269
-0.19999999999999976 -3.9722590886036704
-0.09999999999999963 -3.8542304913176046
0. -3.7598658345256593
0.10000000000000009 -3.69568097229079
0.20000000000000015 -3.669163089849537
0.3000000000000002 -3.6885054237359642
0.40000000000000036 -3.7631161875881913
0.5 -3.9039423347871245
0.6000000000000001 -4.125147940476415
0.7000000000000001 -4.445690038562888
0.8000000000000002 -4.890866869361738
0.9000000000000002 -5.492950052997805
1. -6.293308560143003