-2.9999999999999996 -9.218648565275338
-2.8999999999999995 -8.922007945158937
-2.8 -8.627185569699167
-2.6999999999999997 -8.335165725228034
-2.5999999999999996 -8.04724609232431
-2.5 -7.765210030624796
-2.4 -7.491151859688837
-2.2999999999999994 -7.227199355397428
-2.1999999999999997 -6.974887128242702
-2.1 -6.734638475724632
-1.9999999999999996 -6.505389470541625
-1.8999999999999997 -6.284957901182422
-1.7999999999999996 -6.070836722453216
-1.6999999999999997 -5.8607114843453605
-1.5999999999999999 -5.652951518334749
-1.4999999999999998 -5.446474899159759
-1.4 -5.240685678313904
-1.2999999999999996 -5.035350558096137
-1.2 -4.830422636643595
-1.0999999999999999 -4.6259366617053415
-0.9999999999999998 -4.422136695603555
-0.8999999999999998 -4.219412835584241
-0.7999999999999997 -4.018216299951808
-0.6999999999999996 -3.819205226132874
-0.5999999999999995 -3.6233031823294235
-0.4999999999999999 -3.431917243645699
-0.3999999999999999 -3.2465839417551776
-0.2999999999999998 -3.069596662823476
-0.19999999999999976 -2.903859135754747
-0.09999999999999963 -2.753574201227266
0. -2.6236292846416234
0.10000000000000009 -2.5208132220418262
0.20000000000000015 -2.45316781006409
0.3000000000000002 -2.430514153502129
0.40000000000000036 -2.464218263905324
0.5 -2.567636906213406
0.6000000000000001 -2.7562810069910824
0.7000000000000001 -3.0489969647710486
0.8000000000000002 -3.469531926775507
0.9000000000000002 -4.0479549751818205
1. -4.82227898836301