-2.9999999999999996 -10.483345163068956
-2.8999999999999995 -10.183771897553203
-2.8 -9.884417337296266
-2.6999999999999997 -9.585395368092057
-2.5999999999999996 -9.286885382693287
-2.5 -8.989170200068079
-2.4 -8.692677644737596
-2.2999999999999994 -8.398052329331577
-2.1999999999999997 -8.106245587729335
-2.1 -7.818629586165929
-1.9999999999999996 -7.537031204772227
-1.8999999999999997 -7.263712285322043
-1.7999999999999996 -7.0010751504005215
-1.6999999999999997 -6.751135450953479
-1.5999999999999999 -6.514818026889959
-1.4999999999999998 -6.291549626157461
-1.4 -6.079475067540083
-1.2999999999999996 -5.87611212642046
-1.2 -5.6791094218637355
-1.0999999999999999 -5.486758571870534
-0.9999999999999998 -5.298034189475874
-0.8999999999999998 -5.112525745932819
-0.7999999999999997 -4.930324721591327
-0.6999999999999996 -4.751925997378309
-0.5999999999999995 -4.578226033196852
-0.4999999999999999 -4.410537050473527
-0.3999999999999999 -4.250723543137228
-0.2999999999999998 -4.1013136972063595
-0.19999999999999976 -3.965750896188344
-0.09999999999999963 -3.8484323159878087
0. -3.7549678725402202
0.10000000000000009 -3.69191266819549
0.20000000000000015 -3.66672832852064
0.3000000000000002 -3.687643743945174
0.40000000000000036 -3.764023815440741
0.5 -3.9066482561596962
0.6000000000000001 -4.12964426068558
0.7000000000000001 -4.451745040012191
0.8000000000000002 -4.898025812054024
0.9000000000000002 -5.501149413215986
1. -6.302291124104466