-2.9999999999999996 -10.326463750001203
-2.8999999999999995 -10.028840744934902
-2.8 -9.732531389761895
-2.6999999999999997 -9.438246045488288
-2.5999999999999996 -9.147008907528024
-2.5 -8.860275120805179
-2.4 -8.57993530461394
-2.2999999999999994 -8.308252294783218
-2.1999999999999997 -8.047464994790452
-2.1 -7.799197944468422
-1.9999999999999996 -7.563808676500423
-1.8999999999999997 -7.340178095560288
-1.7999999999999996 -7.126052815488372
-1.6999999999999997 -6.918812102435566
-1.5999999999999999 -6.716183992840697
-1.4999999999999998 -6.516446884270007
-1.4 -6.318535769269791
-1.2999999999999996 -6.121856932928764
-1.2 -5.9261460372101755
-1.0999999999999999 -5.731423184515782
-0.9999999999999998 -5.5377949213429005
-0.8999999999999998 -5.345652285753769
-0.7999999999999997 -5.1553133729737475
-0.6999999999999996 -4.967559873512961
-0.5999999999999995 -4.78330776561924
-0.4999999999999999 -4.603834441691722
-0.3999999999999999 -4.430881592999264
-0.2999999999999998 -4.266797689017893
-0.19999999999999976 -4.114344381463023
-0.09999999999999963 -3.9774328102475547
0. -3.860808810310036
0.10000000000000009 -3.7707696598231193
0.20000000000000015 -3.715044060777542
0.3000000000000002 -3.7029930826065045
0.40000000000000036 -3.745848236594051
0.5 -3.8570879414018915
0.6000000000000001 -4.052428516699959
0.7000000000000001 -4.351281894755212
0.8000000000000002 -4.777886311943143
0.9000000000000002 -5.362981172053502
1. -6.145074025659151