-2.9999999999999996 -8.26930035599329
-2.8999999999999995 -7.998904112946844
-2.8 -7.739265549090693
-2.6999999999999997 -7.491475846208336
-2.5999999999999996 -7.255286667084965
-2.5 -7.029109871956157
-2.4 -6.810469568578217
-2.2999999999999994 -6.596831580576745
-2.1999999999999997 -6.386171316728585
-2.1 -6.177009997128167
-1.9999999999999996 -5.968423972989872
-1.8999999999999997 -5.759904560594102
-1.7999999999999996 -5.551162249798411
-1.6999999999999997 -5.342043074940681
-1.5999999999999999 -5.132558271487237
-1.4999999999999998 -4.922577512563888
-1.4 -4.712258364568387
-1.2999999999999996 -4.501718375150065
-1.2 -4.29117963229763
-1.0999999999999999 -4.080902837246309
-0.9999999999999998 -3.8712224761179646
-0.8999999999999998 -3.6628414866273493
-0.7999999999999997 -3.456287013593903
-0.6999999999999996 -3.2524924189417725
-0.5999999999999995 -3.0526492683465998
-0.4999999999999999 -2.8582732572162124
-0.3999999999999999 -2.6713537729657926
-0.2999999999999998 -2.4939958008776104
-0.19999999999999976 -2.3291157518503156
-0.09999999999999963 -2.179913040297874
0. -2.051053938113008
0.10000000000000009 -1.948186186071917
0.20000000000000015 -1.8791240305450612
0.3000000000000002 -1.8532646853632682
0.40000000000000036 -1.8822029919594174
0.5 -1.9790153356679328
0.6000000000000001 -2.1588962955753215
0.7000000000000001 -2.4399765796056183
0.8000000000000002 -2.8448789736001148
0.9000000000000002 -3.4025304545202113
1. -4.149728876996199