-2.9999999999999996 -10.152202442652655
-2.8999999999999995 -9.853360107928747
-2.8 -9.555158319358007
-2.6999999999999997 -9.257944717212322
-2.5999999999999996 -8.96225427922281
-2.5 -8.668879039428113
-2.4 -8.378973769884393
-2.2999999999999994 -8.094128960191679
-2.1999999999999997 -7.816359886655128
-2.1 -7.547935385859766
-1.9999999999999996 -7.2908992182451415
-1.8999999999999997 -7.046452015664001
-1.7999999999999996 -6.8144231159491975
-1.6999999999999997 -6.59322964962364
-1.5999999999999999 -6.38040449882886
-1.4999999999999998 -6.1734819192563135
-1.4 -5.970413293082354
-1.2999999999999996 -5.769860275102502
-1.2 -5.570970361790362
-1.0999999999999999 -5.373445511575173
-0.9999999999999998 -5.1772415098651114
-0.8999999999999998 -4.9826307249750785
-0.7999999999999997 -4.78995048605145
-0.6999999999999996 -4.599815383785094
-0.5999999999999995 -4.413276845260091
-0.4999999999999999 -4.231491740573284
-0.3999999999999999 -4.056221108919605
-0.2999999999999998 -3.889718704694216
-0.19999999999999976 -3.73519852812814
-0.09999999999999963 -3.5964151173057144
0. -3.4785650482709998
0.10000000000000009 -3.387823101560009
0.20000000000000015 -3.331914154729954
0.3000000000000002 -3.3200407614291283
0.40000000000000036 -3.363309988989115
0.5 -3.474849490357651
0.6000000000000001 -3.6703377554728047
0.7000000000000001 -3.969340680012195
0.8000000000000002 -4.396440225388247
0.9000000000000002 -4.982797279283179
1. -5.767671428807543