-2.9999999999999996 -7.614466890616971
-2.9499999999999997 -7.515207480145887
-2.8999999999999995 -7.41547867663212
-2.8499999999999996 -7.315656041956735
-2.8 -7.216193178029629
-2.75 -7.1161363947453005
-2.6999999999999997 -7.015402359106003
-2.6499999999999995 -6.91520326396448
-2.5999999999999996 -6.81559785855409
-2.5499999999999994 -6.71596562470738
-2.5 -6.616267000086729
-2.45 -6.516544233308997
-2.4 -6.416791522711416
-2.3499999999999996 -6.316991014044621
-2.2999999999999994 -6.217191611829293
-2.2499999999999996 -6.117349141294577
-2.1999999999999997 -6.017490959893827
-2.15 -5.917604737051563
-2.1 -5.817392937261159
-2.05 -5.716396464997532
-1.9999999999999996 -5.6148045870471455
-1.9499999999999997 -5.5134368294244425
-1.8999999999999997 -5.41033870061835
-1.8499999999999999 -5.305815844625757
-1.7999999999999996 -5.199731343278978
-1.75 -5.092645268419229
-1.6999999999999997 -4.9850034482390475
-1.6499999999999997 -4.877903584730082
-1.5999999999999999 -4.771867689731391
-1.5499999999999996 -4.6672263890197
-1.4999999999999998 -4.563960814248103
-1.4499999999999997 -4.461727783709579
-1.4 -4.360498426206534
-1.3499999999999996 -4.259498036893253
-1.2999999999999996 -4.1588718060648375
-1.25 -4.0577297747135095
-1.2 -3.955883269252291
-1.1499999999999997 -3.8530746052102702
-1.0999999999999999 -3.748430619138636
-1.0499999999999998 -3.6412067703437447
-0.9999999999999998 -3.5303232415517294
-0.9499999999999996 -3.4125802119668966
-0.8999999999999998 -3.2771508053739193
-0.8500000000000001 -3.149328813675706
-0.7999999999999997 -3.0503372991676643
-0.7499999999999999 -2.9900438460320866
-0.6999999999999996 -2.967505383659272
-0.6499999999999998 -2.9634364227731034
-0.5999999999999995 -3.0325903541833297
-0.5499999999999998 -3.2104850640297635
-0.4999999999999999 -3.4874493053675986
-0.4499999999999996 -3.8570315318325976
-0.3999999999999999 -4.289295641892029
-0.34999999999999964 -4.758910209212006
-0.2999999999999998 -5.252758994548021
-0.25 -5.7540221291429114
-0.19999999999999976 -6.259977446422974
-0.1499999999999999 -6.765384522003235
-0.09999999999999963 -7.273688337391282
-0.049999999999999815 -7.7827822925963845
0. -8.29228147472626