-2.9999999999999996 -7.82705709105698
-2.9499999999999997 -7.727215876070632
-2.8999999999999995 -7.626838130897385
-2.8499999999999996 -7.526438710829071
-2.8 -7.426764852283183
-2.75 -7.326278359435155
-2.6999999999999997 -7.224742347755062
-2.6499999999999995 -7.124147094919262
-2.5999999999999996 -7.024602268984876
-2.5499999999999994 -6.925029483670834
-2.5 -6.825392379990719
-2.45 -6.725728363339827
-2.4 -6.626038129890108
-2.3499999999999996 -6.5262956602847355
-2.2999999999999994 -6.426559628061775
-2.2499999999999996 -6.326774550997274
-2.1999999999999997 -6.226979097129209
-2.15 -6.127151159603979
-2.1 -6.026864776596698
-2.05 -5.925349357897853
-1.9999999999999996 -5.823237766815171
-1.9499999999999997 -5.721393466683369
-1.8999999999999997 -5.617424744521666
-1.8499999999999999 -5.511581256764947
-1.7999999999999996 -5.403662736090647
-1.75 -5.294326526544187
-1.6999999999999997 -5.1840023424444
-1.6499999999999997 -5.0739030660186275
-1.5999999999999999 -4.964649894319258
-1.5499999999999996 -4.856530198198923
-1.4999999999999998 -4.749380519698416
-1.4499999999999997 -4.642999575575233
-1.4 -4.537502271969294
-1.3499999999999996 -4.432106719505285
-1.2999999999999996 -4.327297749272524
-1.25 -4.222056763401924
-1.2 -4.116464499388738
-1.1499999999999997 -4.010142871413323
-1.0999999999999999 -3.9022448030230126
-1.0499999999999998 -3.7917723770454517
-0.9999999999999998 -3.6775085634233258
-0.9499999999999996 -3.555503011647029
-0.8999999999999998 -3.4149576497516856
-0.8500000000000001 -3.2786541543084398
-0.7999999999999997 -3.165785410717782
-0.7499999999999999 -3.083427252575488
-0.6999999999999996 -3.032223794563625
-0.6499999999999998 -2.995020729816093
-0.5999999999999995 -3.0157965159758366
-0.5499999999999998 -3.129903368702917
-0.4999999999999999 -3.340272827369404
-0.4499999999999996 -3.6534771047230628
-0.3999999999999999 -4.046647818517522
-0.34999999999999964 -4.492239351480157
-0.2999999999999998 -4.971946047894127
-0.25 -5.464979356820812
-0.19999999999999976 -5.966095924606727
-0.1499999999999999 -6.46816894912585
-0.09999999999999963 -6.974142649894019
-0.049999999999999815 -7.481567435384996
0. -7.989788043668142