-2.9999999999999996 -7.452184866220687
-2.9499999999999997 -7.353212996349154
-2.8999999999999995 -7.253805594107642
-2.8499999999999996 -7.154269227483542
-2.8 -7.054911225871589
-2.75 -6.95506824016198
-2.6999999999999997 -6.854734068107415
-2.6499999999999995 -6.754732905181634
-2.5999999999999996 -6.65509721491593
-2.5499999999999994 -6.555435267753661
-2.5 -6.455705900417552
-2.45 -6.355953781627815
-2.4 -6.256169863503183
-2.3499999999999996 -6.156340370180287
-2.2999999999999994 -6.05650932768225
-2.2499999999999996 -5.956638206891007
-2.1999999999999997 -5.856748719028939
-2.15 -5.756833412886367
-2.1 -5.65665883002042
-2.05 -5.555921576118185
-1.9999999999999996 -5.454589765824992
-1.9499999999999997 -5.353460884450858
-1.8999999999999997 -5.250800175614368
-1.8499999999999999 -5.146943379233627
-1.7999999999999996 -5.041788940128353
-1.75 -4.935852079581369
-1.6999999999999997 -4.829592064037257
-1.6499999999999997 -4.7240527814816415
-1.5999999999999999 -4.619709239390047
-1.5499999999999996 -4.516919481758001
-1.4999999999999998 -4.415748774291662
-1.4499999999999997 -4.3157856357317606
-1.4 -4.216928465491189
-1.3499999999999996 -4.118411789450946
-1.2999999999999996 -4.020191645046729
-1.25 -3.921454122409941
-1.2 -3.821860170993433
-1.1499999999999997 -3.721239179267293
-1.0999999999999999 -3.618743494143299
-1.0499999999999998 -3.513874791103169
-0.9999999999999998 -3.4058384280609757
-0.9499999999999996 -3.292337483857593
-0.8999999999999998 -3.1635664957210787
-0.8500000000000001 -3.048729180369213
-0.7999999999999997 -2.9755446644340235
-0.7499999999999999 -2.9651460051672314
-0.6999999999999996 -3.0252885774166645
-0.6499999999999998 -3.1412287933966616
-0.5999999999999995 -3.3688785697038033
-0.5499999999999998 -3.715161955315195
-0.4999999999999999 -4.132280669237877
-0.4499999999999996 -4.598852654762528
-0.3999999999999999 -5.089542034175681
-0.34999999999999964 -5.591858467519242
-0.2999999999999998 -6.103682509175492
-0.25 -6.61486554964368
-0.19999999999999976 -7.126398337501762
-0.1499999999999999 -7.635410259404565
-0.09999999999999963 -8.146118623040811
-0.049999999999999815 -8.656877127551232
0. -9.167618128267582