-2.9999999999999996 -7.144902003473538
-2.9499999999999997 -7.046252231044335
-2.8999999999999995 -6.947205392081919
-2.8499999999999996 -6.847990651876666
-2.8 -6.748750577365444
-2.75 -6.649148213780663
-2.6999999999999997 -6.549264751661873
-2.6499999999999995 -6.4494870168105365
-2.5999999999999996 -6.3498171266299765
-2.5499999999999994 -6.2501216299256575
-2.5 -6.150357555911587
-2.45 -6.050572305397383
-2.4 -5.950753166416903
-2.3499999999999996 -5.850890966012673
-2.2999999999999994 -5.751024225417766
-2.2499999999999996 -5.6511207856696775
-2.1999999999999997 -5.551195989146022
-2.15 -5.451247889964648
-2.1 -5.351115292931644
-2.05 -5.250670622489942
-1.9999999999999996 -5.149632753334391
-1.9499999999999997 -5.048774246749034
-1.8999999999999997 -4.946609476236132
-1.8499999999999999 -4.843509993119526
-1.7999999999999996 -4.739417450612924
-1.75 -4.6348000854293305
-1.6999999999999997 -4.5301379283994265
-1.6499999999999997 -4.426419442654396
-1.5999999999999999 -4.324072895356465
-1.5499999999999996 -4.2235003411367025
-1.4999999999999998 -4.124888499411915
-1.4499999999999997 -4.027783034184134
-1.4 -3.932062739727276
-1.3499999999999996 -3.8371045371562316
-1.2999999999999996 -3.7428864626439875
-1.25 -3.6492028180262817
-1.2 -3.5565560723686453
-1.1499999999999997 -3.466955863161259
-1.0999999999999999 -3.3836886214862654
-1.0499999999999998 -3.3145084437832346
-0.9999999999999998 -3.273552894226036
-0.9499999999999996 -3.283800921759405
-0.8999999999999998 -3.3736618369675004
-0.8500000000000001 -3.605455987590356
-0.7999999999999997 -4.008053557062996
-0.7499999999999999 -4.546284067491694
-0.6999999999999996 -5.1268075836779925
-0.6499999999999998 -5.675195864362187
-0.5999999999999995 -6.2292519671079525
-0.5499999999999998 -6.7915305747644545
-0.4999999999999999 -7.335194094944676
-0.4499999999999996 -7.872648329668013
-0.3999999999999999 -8.402052920995573
-0.34999999999999964 -8.926014716438935
-0.2999999999999998 -9.450885029496623
-0.25 -9.9703546152835
-0.19999999999999976 -10.487328719324335
-0.1499999999999999 -11.000788026947035
-0.09999999999999963 -11.515013836371645
-0.049999999999999815 -12.028531679784036
0. -12.541539656816733