-2.9999999999999996 -7.832328259556776
-2.9499999999999997 -7.73246870257151
-2.8999999999999995 -7.632070528710036
-2.8499999999999996 -7.531652977843406
-2.8 -7.431972493048456
-2.75 -7.331472515509346
-2.6999999999999997 -7.229911373841915
-2.6499999999999995 -7.1293037250197315
-2.5999999999999996 -7.029760793894761
-2.5499999999999994 -6.930189868281744
-2.5 -6.8305546894098965
-2.45 -6.730892511140565
-2.4 -6.631204232980453
-2.3499999999999996 -6.531463580035464
-2.2999999999999994 -6.431729531629812
-2.2499999999999996 -6.331946251565921
-2.1999999999999997 -6.232152762026375
-2.15 -6.132326650070647
-2.1 -6.032037931606629
-2.05 -5.930506272732861
-1.9999999999999996 -5.828378438178608
-1.9499999999999997 -5.726519262880372
-1.8999999999999997 -5.622523409228674
-1.8499999999999999 -5.516638874296368
-1.7999999999999996 -5.408663569196848
-1.75 -5.299258045159239
-1.6999999999999997 -5.188851749678879
-1.6499999999999997 -5.078661352298087
-1.5999999999999999 -4.9693113284937755
-1.5499999999999996 -4.861088091441743
-1.4999999999999998 -4.753824478027419
-1.4499999999999997 -4.647324470578003
-1.4 -4.54170896322662
-1.3499999999999996 -4.436199211030878
-1.2999999999999996 -4.331296401051866
-1.25 -4.225991529826047
-1.2 -4.120399984817678
-1.1499999999999997 -4.01419548428269
-1.0999999999999999 -3.9066448390901134
-1.0499999999999998 -3.796976893504648
-0.9999999999999998 -3.684459653764912
-0.9499999999999996 -3.5661647190853714
-0.8999999999999998 -3.4337776927951333
-0.8500000000000001 -3.315435529959816
-0.7999999999999997 -3.242132665247145
-0.7499999999999999 -3.241462804739404
-0.6999999999999996 -3.3337650774379024
-0.6499999999999998 -3.513556290967822
-0.5999999999999995 -3.8123779256728287
-0.5499999999999998 -4.215615829573854
-0.4999999999999999 -4.66926491410211
-0.4499999999999996 -5.153859110434552
-0.3999999999999999 -5.65165014383543
-0.34999999999999964 -6.155184584297172
-0.2999999999999998 -6.6651248006254855
-0.25 -7.173422237930165
-0.19999999999999976 -7.682125280515692
-0.1499999999999999 -8.187921787721114
-0.09999999999999963 -8.695704143168747
-0.049999999999999815 -9.203994634530503
0. -9.712618270409694