-2.9999999999999996 -7.806312225921647
-2.9499999999999997 -7.706541079817591
-2.8999999999999995 -7.606241391752079
-2.8499999999999996 -7.505911263485831
-2.8 -7.40626273244288
-2.75 -7.305827787867131
-2.6999999999999997 -7.204387861831117
-2.6499999999999995 -7.103840015489619
-2.5999999999999996 -7.004287942734301
-2.5499999999999994 -6.904708045023296
-2.5 -6.805063580101848
-2.45 -6.705392532892517
-2.4 -6.605694821957918
-2.3499999999999996 -6.50594540518598
-2.2999999999999994 -6.406201786762349
-2.2499999999999996 -6.306409838126647
-2.1999999999999997 -6.206606873146364
-2.15 -6.10677195558809
-2.1 -6.006494504339844
-2.05 -5.905041194727171
-1.9999999999999996 -5.802991739161437
-1.9499999999999997 -5.701204355927533
-1.8999999999999997 -5.597339473156615
-1.8499999999999999 -5.491653153639929
-1.7999999999999996 -5.38395220322255
-1.75 -5.274881826660543
-1.6999999999999997 -5.164872962513779
-1.6499999999999997 -5.055124260301071
-1.5999999999999999 -4.946244787425369
-1.5499999999999996 -4.838526437873614
-1.4999999999999998 -4.73182169133746
-1.4499999999999997 -4.625912287153082
-1.4 -4.520896579069849
-1.3499999999999996 -4.415993747878125
-1.2999999999999996 -4.31165208773677
-1.25 -4.206870130845842
-1.2 -4.1017046502665675
-1.1499999999999997 -3.995801540418209
-1.0999999999999999 -3.8883322100503053
-1.0499999999999998 -3.7783690263453784
-0.9999999999999998 -3.6647991999889977
-0.9499999999999996 -3.5439431551020126
-0.8999999999999998 -3.405461257591736
-0.8500000000000001 -3.2734292677566486
-0.7999999999999997 -3.169631940356994
-0.7499999999999999 -3.106161765474469
-0.6999999999999996 -3.0901402735079535
-0.6499999999999998 -3.1132169529624507
-0.5999999999999995 -3.227647273225956
-0.5499999999999998 -3.461087306844355
-0.4999999999999999 -3.7902022083335507
-0.4499999999999996 -4.197374251801468
-0.3999999999999999 -4.652089089150693
-0.34999999999999964 -5.133182554803614
-0.2999999999999998 -5.631899327297064
-0.25 -6.134720491398122
-0.19999999999999976 -6.640794543497789
-0.1499999999999999 -7.145397655160558
-0.09999999999999963 -7.652668883927751
-0.049999999999999815 -8.160767145653322
0. -8.669348378760125