-2.9999999999999996 -7.796662383603222
-2.9499999999999997 -7.696922711782913
-2.8999999999999995 -7.596658094903748
-2.8499999999999996 -7.496359107213263
-2.8 -7.396721960454483
-2.75 -7.296310188927953
-2.6999999999999997 -7.194913467948934
-2.6499999999999995 -7.094386943115824
-2.5999999999999996 -6.994831610817341
-2.5499999999999994 -6.89524851410224
-2.5 -6.795600738331661
-2.45 -6.695926529079353
-2.4 -6.59622545517435
-2.3499999999999996 -6.496472914014599
-2.2999999999999994 -6.396725883887392
-2.2499999999999996 -6.296930845004172
-2.1999999999999997 -6.197124502237773
-2.15 -6.097286445778089
-2.1 -5.997013011005817
-2.05 -5.895587634590338
-1.9999999999999996 -5.793566129754248
-1.9499999999999997 -5.691804354494665
-1.8999999999999997 -5.587986203436667
-1.8499999999999999 -5.482370645900741
-1.7999999999999996 -5.374767712116913
-1.75 -5.265817187691165
-1.6999999999999997 -5.155950617016411
-1.6499999999999997 -5.046360275274741
-1.5999999999999999 -4.937649774041751
-1.5499999999999996 -4.830113053283372
-1.4999999999999998 -4.723609788647087
-1.4499999999999997 -4.617913906278892
-1.4 -4.513115907184946
-1.3499999999999996 -4.408434725619876
-1.2999999999999996 -4.304300450357108
-1.25 -4.199716276287656
-1.2 -4.09472163807207
-1.1499999999999997 -3.988960453762018
-1.0999999999999999 -3.8815861587316394
-1.0499999999999998 -3.771648796444731
-0.9999999999999998 -3.6579690987918947
-0.9499999999999996 -3.5367468543441856
-0.8999999999999998 -3.397263000554135
-0.8500000000000001 -3.2628678446677677
-0.7999999999999997 -3.1534934419155545
-0.7499999999999999 -3.0775236884705657
-0.6999999999999996 -3.0367666298061127
-0.6499999999999998 -3.016022531336657
-0.5999999999999995 -3.063375281457759
-0.5499999999999998 -3.214167890648406
-0.4999999999999999 -3.4644438533946134
-0.4499999999999996 -3.8119012280087667
-0.3999999999999999 -4.2288620955543115
-0.34999999999999964 -4.68874048861296
-0.2999999999999998 -5.1763490224753665
-0.25 -5.6735769255565955
-0.19999999999999976 -6.1768912506687785
-0.1499999999999999 -6.68017121283086
-0.09999999999999963 -7.186823577296385
-0.049999999999999815 -7.694644379140079
0. -8.203113481877365