-2.9999999999999996 -4.848753725558852
-2.9499999999999997 -4.750415616371772
-2.8999999999999995 -4.651718200560665
-2.8499999999999996 -4.552815632241354
-2.8 -4.453690132459329
-2.75 -4.354321741109741
-2.6999999999999997 -4.254877221884762
-2.6499999999999995 -4.155317415578473
-2.5999999999999996 -4.055614152907038
-2.5499999999999994 -3.955885923370539
-2.5 -3.8560879927684066
-2.45 -3.7562704269320624
-2.4 -3.6564169401417748
-2.3499999999999996 -3.5565228479200575
-2.2999999999999994 -3.456621303787775
-2.2499999999999996 -3.3566863582183277
-2.1999999999999997 -3.256727144005733
-2.15 -3.1567470779235376
-2.1 -3.0566553712145867
-2.05 -2.956495984029469
-1.9999999999999996 -2.855745057924009
-1.9499999999999997 -2.7551507270354105
-1.8999999999999997 -2.653471339572102
-1.8499999999999999 -2.5511149933921082
-1.7999999999999996 -2.4480683499285565
-1.75 -2.3447565279127813
-1.6999999999999997 -2.2416834524077403
-1.6499999999999997 -2.139784489275028
-1.5999999999999999 -2.0394391988839637
-1.5499999999999996 -1.9410860159436427
-1.4999999999999998 -1.8450163378224416
-1.4499999999999997 -1.7506834789824548
-1.4 -1.657834650536942
-1.3499999999999996 -1.565761558588767
-1.2999999999999996 -1.4739699535463036
-1.25 -1.3819026752539316
-1.2 -1.2889291761854411
-1.1499999999999997 -1.1953437625449104
-1.0999999999999999 -1.1008515777899328
-1.0499999999999998 -1.0066530830800564
-0.9999999999999998 -0.9148294493622886
-0.9499999999999996 -0.82990294223329
-0.8999999999999998 -0.7540253037628986
-0.8500000000000001 -0.7434772851697274
-0.7999999999999997 -0.8639147230906988
-0.7499999999999999 -1.161551214643617
-0.6999999999999996 -1.5933385471536576
-0.6499999999999998 -2.0555252856275423
-0.5999999999999995 -2.5672922350867244
-0.5499999999999998 -3.1141162640930027
-0.4999999999999999 -3.6541761232938113
-0.4499999999999996 -4.196062850448969
-0.3999999999999999 -4.7328632347862385
-0.34999999999999964 -5.2654994878467765
-0.2999999999999998 -5.7999613814715385
-0.25 -6.328553046751276
-0.19999999999999976 -6.853337072798686
-0.1499999999999999 -7.374986992936172
-0.09999999999999963 -7.8966174677131065
-0.049999999999999815 -8.41644942139392
0. -8.934956010584454