-2.9999999999999996 -7.829636674370892
-2.9499999999999997 -7.729786510967831
-2.8999999999999995 -7.629398799127655
-2.8499999999999996 -7.528990533276668
-2.8 -7.429313441822122
-2.75 -7.328820369793167
-2.6999999999999997 -7.227272096912835
-2.6499999999999995 -7.126670795803581
-2.5999999999999996 -7.027126894393795
-2.5499999999999994 -6.927555016471926
-2.5 -6.827918851948952
-2.45 -6.728255732283027
-2.4 -6.628566452856862
-2.3499999999999996 -6.528824869630528
-2.2999999999999994 -6.429089805338588
-2.2499999999999996 -6.32930560504192
-2.1999999999999997 -6.229511109561943
-2.15 -6.129684062680519
-2.1 -6.0293965400100875
-2.05 -5.92787319707917
-1.9999999999999996 -5.8257536796897185
-1.9499999999999997 -5.7239021201265174
-1.8999999999999997 -5.619920156609172
-1.8499999999999999 -5.514056633990442
-1.7999999999999996 -5.406110392445271
-1.75 -5.296740334548306
-1.6999999999999997 -5.186376032252612
-1.6499999999999997 -5.076232193037825
-1.5999999999999999 -4.966931568611152
-1.5499999999999996 -4.858760970162117
-1.4999999999999998 -4.751554942906193
-1.4499999999999997 -4.645114393144452
-1.4 -4.539556376830475
-1.3499999999999996 -4.43409896777368
-1.2999999999999996 -4.329231797076358
-1.25 -4.223934483076969
-1.2 -4.118291553476515
-1.1499999999999997 -4.011923484394509
-1.0999999999999999 -3.903984124358096
-1.0499999999999998 -3.7934734527479965
-0.9999999999999998 -3.679175456270952
-0.9499999999999996 -3.5571360592091463
-0.8999999999999998 -3.4165725119358568
-0.8500000000000001 -3.2802675796564476
-0.7999999999999997 -3.1674672681994083
-0.7499999999999999 -3.0853733333808715
-0.6999999999999996 -3.034889104322417
-0.6499999999999998 -2.999255474888717
-0.5999999999999995 -3.022776162933698
-0.5499999999999998 -3.1408520370338366
-0.4999999999999999 -3.355747985730715
-0.4499999999999996 -3.6729679372917574
-0.3999999999999999 -4.068990056730645
-0.34999999999999964 -4.516299937539208
-0.2999999999999998 -4.996935873086065
-0.25 -5.490440217443924
-0.19999999999999976 -5.991786398524742
-0.1499999999999999 -6.49396284163417
-0.09999999999999963 -6.9999794616337425
-0.049999999999999815 -7.507418963184162
0. -8.015641104549978