1.e-10,1.e-6,0.0011016635714446127
1.e-10,2.5118864315095823e-6,0.005965976147949922
1.e-10,6.30957344480193e-6,0.029256086821367506
1.e-10,0.00001584893192461114,0.1294160973025068
1.e-10,0.000039810717055349695,0.5605811596466957
1.e-10,0.0001,2.562832193150564
1.778279410038923e-10,1.e-6,0.0019590693178648754
1.778279410038923e-10,2.5118864315095823e-6,0.010609043563431422
1.778279410038923e-10,6.30957344480193e-6,0.05202544303021545
1.778279410038923e-10,0.00001584893192461114,0.23014215158810955
1.778279410038923e-10,0.000039810717055349695,0.9968643124375903
1.778279410038923e-10,0.0001,4.557449844838618
3.1622776601683795e-10,1.e-6,0.003483737359181937
3.1622776601683795e-10,2.5118864315095823e-6,0.018865855251079446
3.1622776601683795e-10,6.30957344480193e-6,0.09251820465940033
3.1622776601683795e-10,0.00001584893192461114,0.40927789354246136
3.1622776601683795e-10,0.000039810717055349695,1.772734499758393
3.1622776601683795e-10,0.0001,8.10452393698073
5.623413251903491e-10,1.e-6,0.0061950956532916416
5.623413251903491e-10,2.5118864315095823e-6,0.03354851665784076
5.623413251903491e-10,6.30957344480193e-6,0.16452952115724553
5.623413251903491e-10,0.00001584893192461114,0.7277908157000007
5.623413251903491e-10,0.000039810717055349695,3.1524165439327776
5.623413251903491e-10,0.0001,14.411849264968806
1.e-9,1.e-6,0.011016532143452456
1.e-9,2.5118864315095823e-6,0.05966020771696491
1.e-9,6.30957344480193e-6,0.29257464118105464
1.e-9,0.00001584893192461114,1.2942086654309841
1.e-9,0.000039810717055349695,5.606055152142885
1.e-9,0.0001,25.62815662490891
1.7782794100389228e-9,1.e-6,0.019590638455900932
1.7782794100389228e-9,2.5118864315095823e-6,0.1060900424562102
1.7782794100389228e-9,6.30957344480193e-6,0.5202671106774949
1.7782794100389228e-9,0.00001584893192461114,2.301482671779352
1.7782794100389228e-9,0.000039810717055349695,9.96881080626287
1.7782794100389228e-9,0.0001,45.57610250018378
3.1622776601683795e-9,1.e-6,0.0348376751412516
3.1622776601683795e-9,2.5118864315095823e-6,0.18866177980315088
3.1622776601683795e-9,6.30957344480193e-6,0.9251810106981221
3.1622776601683795e-9,0.00001584893192461114,4.092552180002153
3.1622776601683795e-9,0.000039810717055349695,17.727318870232974
3.1622776601683795e-9,0.0001,81.04496259631476
5.623413251903491e-9,1.e-6,0.06195086554261274
5.623413251903491e-9,2.5118864315095823e-6,0.3354903461811802
5.623413251903491e-9,6.30957344480193e-6,1.6452315499796704
5.623413251903491e-9,0.00001584893192461114,7.27767125417071
5.623413251903491e-9,0.000039810717055349695,31.52430945034564
5.623413251903491e-9,0.0001,144.11969386176
1.e-8,1.e-6,0.11016635142010044
1.e-8,2.5118864315095823e-6,0.5965981617761162
1.e-8,6.30957344480193e-6,2.9256874622699782
1.e-8,0.00001584893192461114,12.942708908234883
1.e-8,0.000039810717055349695,56.057445431566414
1.e-8,0.0001,256.2820029417657
1.7782794100389228e-8,1.e-6,0.19590733226305276
1.7782794100389228e-8,2.5118864315095823e-6,1.0609290148975175
1.7782794100389228e-8,6.30957344480193e-6,5.20272701485177
1.7782794100389228e-8,0.00001584893192461114,23.01415495383469
1.7782794100389228e-8,0.000039810717055349695,99.69099854763678
1.7782794100389228e-8,0.0001,455.7536046127372
3.162277660168379e-8,1.e-6,0.34837534148415905
3.162277660168379e-8,2.5118864315095823e-6,1.8866242987707995
3.162277660168379e-8,6.30957344480193e-6,9.25174798918663
3.162277660168379e-8,0.00001584893192461114,40.92721401408349
3.162277660168379e-8,0.000039810717055349695,177.2791052355399
3.162277660168379e-8,0.0001,810.4316938952243
5.6234132519034905e-8,1.e-6,0.6195116748202539
5.6234132519034905e-8,2.5118864315095823e-6,3.3548959530161797
5.6234132519034905e-8,6.30957344480193e-6,16.452019692391303
5.6234132519034905e-8,0.00001584893192461114,72.77912549327287
5.6234132519034905e-8,0.000039810717055349695,315.2400392996206
5.6234132519034905e-8,0.0001,1441.1909941420336
1.e-7,1.e-6,1.1016710638343727
1.e-7,2.5118864315095823e-6,5.965906018688017
1.e-7,6.30957344480193e-6,29.256855346126404
1.e-7,0.00001584893192461114,129.42673306809624
1.e-7,0.000039810717055349695,560.5720477986632
1.e-7,0.0001,2562.8636570165636
1.7782794100389227e-7,1.e-6,1.9590687029358285
1.7782794100389227e-7,2.5118864315095823e-6,10.609183783466094
1.7782794100389227e-7,6.30957344480193e-6,52.02818747977172
1.7782794100389227e-7,0.00001584893192461114,230.1347018849582
1.7782794100389227e-7,0.000039810717055349695,996.9010847457876
1.7782794100389227e-7,0.0001,4557.38850870859
3.162277660168379e-7,1.e-6,3.4837637847556735
3.162277660168379e-7,2.5118864315095823e-6,18.866112322820236
3.162277660168379e-7,6.30957344480193e-6,92.51893667300807
3.162277660168379e-7,0.00001584893192461114,409.2683969450157
3.162277660168379e-7,0.000039810717055349695,1772.7444670167476
3.162277660168379e-7,0.0001,8104.444625079947
5.62341325190349e-7,1.e-6,6.195079295805704
5.62341325190349e-7,2.5118864315095823e-6,33.54902770244376
5.62341325190349e-7,6.30957344480193e-6,164.5213154125765
5.62341325190349e-7,0.00001584893192461114,727.7804206195283
5.62341325190349e-7,0.000039810717055349695,3152.344761191048
5.62341325190349e-7,0.0001,14412.665333056771
1.e-6,1.e-6,11.016597992108805
1.e-6,2.5118864315095823e-6,59.65912129141304
1.e-6,6.30957344480193e-6,292.5598291548421
1.e-6,0.00001584893192461114,1294.2353927560205
1.e-6,0.000039810717055349695,5605.98338731915
1.e-6,0.0001,25628.6717352062
1.778279410038923e-6,1.e-6,19.590596178229493
1.778279410038923e-6,2.5118864315095823e-6,106.09044782816117
1.778279410038923e-6,6.30957344480193e-6,520.2476210929646
1.778279410038923e-6,0.00001584893192461114,2301.423401173888
1.778279410038923e-6,0.000039810717055349695,9968.636249359919
1.778279410038923e-6,0.0001,45574.676399731215
3.162277660168379e-6,1.e-6,34.83764771169547
3.162277660168379e-6,2.5118864315095823e-6,188.65874048336414
3.162277660168379e-6,6.30957344480193e-6,925.167356413671
3.162277660168379e-6,0.00001584893192461114,4092.5135429039296
3.162277660168379e-6,0.000039810717055349695,17726.9210983223
3.162277660168379e-6,0.0001,81045.06821767175
5.623413251903491e-6,1.e-6,61.94982303030563
5.623413251903491e-6,2.5118864315095823e-6,335.4848847724439
5.623413251903491e-6,6.30957344480193e-6,1645.2455446594636
5.623413251903491e-6,0.00001584893192461114,7277.781509323169
5.623413251903491e-6,0.000039810717055349695,31523.847396196063
5.623413251903491e-6,0.0001,144122.0073337922
0.00001,1.e-6,110.16527207908167
0.00001,2.5118864315095823e-6,596.5915643266529
0.00001,6.30957344480193e-6,2925.7662914552293
0.00001,0.00001584893192461114,12942.048848308816
0.00001,0.000039810717055349695,56058.900450120884
0.00001,0.0001,256282.1426963197
0.00001778279410038923,1.e-6,195.90549179318393
0.00001778279410038923,2.5118864315095823e-6,1060.886041784446
0.00001778279410038923,6.30957344480193e-6,5202.536641919274
0.00001778279410038923,0.00001584893192461114,23014.718426990068
0.00001778279410038923,0.000039810717055349695,99690.51936743496
0.00001778279410038923,0.0001,455740.2637569137
0.000031622776601683795,1.e-6,348.3672109516009
0.000031622776601683795,2.5118864315095823e-6,1886.5342707978932
0.000031622776601683795,6.30957344480193e-6,9251.762338010707
0.000031622776601683795,0.00001584893192461114,40925.119002297775
0.000031622776601683795,0.000039810717055349695,177275.01481755316
0.000031622776601683795,0.0001,810453.1433987732
0.00005623413251903491,1.e-6,619.489908669979
0.00005623413251903491,2.5118864315095823e-6,3354.8008660150053
0.00005623413251903491,6.30957344480193e-6,16451.95773423654
0.00005623413251903491,0.00001584893192461114,72776.74464852529
0.00005623413251903491,0.000039810717055349695,315233.9368233001
0.00005623413251903491,0.0001,1.441171209061948e6
0.0001,1.e-6,1101.5874970983266
0.0001,2.5118864315095823e-6,5965.708950907636
0.0001,6.30957344480193e-6,29253.810586394004
0.0001,0.00001584893192461114,129404.80536050268
0.0001,0.000039810717055349695,560540.0526155859
0.0001,0.0001,2.5626689964101817e6
