1.e-10,1.e-6,0.00005487558226423656
1.e-10,2.5118864315095823e-6,0.0003289749770978804
1.e-10,6.30957344480193e-6,0.0018849446560744983
1.e-10,0.00001584893192461114,0.009975728277893415
1.e-10,0.000039810717055349695,0.050522191334336955
1.e-10,0.0001,0.2620928018133078
1.778279410038923e-10,1.e-6,0.00009758428896659985
1.778279410038923e-10,2.5118864315095823e-6,0.0005850053410104058
1.778279410038923e-10,6.30957344480193e-6,0.003351900586357818
1.778279410038923e-10,0.00001584893192461114,0.017739149749900335
1.778279410038923e-10,0.000039810717055349695,0.08984269962283273
1.778279410038923e-10,0.0001,0.4660763058539929
3.1622776601683795e-10,1.e-6,0.0001735328290371494
3.1622776601683795e-10,2.5118864315095823e-6,0.0010403180701339745
3.1622776601683795e-10,6.30957344480193e-6,0.005960543486286892
3.1622776601683795e-10,0.00001584893192461114,0.031545283337300487
3.1622776601683795e-10,0.000039810717055349695,0.1597602969093886
3.1622776601683795e-10,0.0001,0.8288083646913081
5.623413251903491e-10,1.e-6,0.0003085892253231944
5.623413251903491e-10,2.5118864315095823e-6,0.001849951497819091
5.623413251903491e-10,6.30957344480193e-6,0.010599780099411827
5.623413251903491e-10,0.00001584893192461114,0.056099073248188094
5.623413251903491e-10,0.000039810717055349695,0.2841177925635715
5.623413251903491e-10,0.0001,1.473844274482614
1.e-9,1.e-6,0.0005487586790522812
1.e-9,2.5118864315095823e-6,0.00328975779529967
1.e-9,6.30957344480193e-6,0.018849387578407817
1.e-9,0.00001584893192461114,0.09976029007591111
1.e-9,0.000039810717055349695,0.5052214364762895
1.e-9,0.0001,2.6209128561701918
1.7782794100389228e-9,1.e-6,0.0009758433389702034
1.7782794100389228e-9,2.5118864315095823e-6,0.0058500701281218
1.7782794100389228e-9,6.30957344480193e-6,0.03351957383424251
1.7782794100389228e-9,0.00001584893192461114,0.17739660493403658
1.7782794100389228e-9,0.000039810717055349695,0.8983993863072912
1.7782794100389228e-9,0.0001,4.6607194858925425
3.1622776601683795e-9,1.e-6,0.0017353209723993763
3.1622776601683795e-9,2.5118864315095823e-6,0.010403275986855386
3.1622776601683795e-9,6.30957344480193e-6,0.05960674940235509
3.1622776601683795e-9,0.00001584893192461114,0.31545403356491114
3.1622776601683795e-9,0.000039810717055349695,1.597650045419543
3.1622776601683795e-9,0.0001,8.288060442711387
5.623413251903491e-9,1.e-6,0.003085884479800592
5.623413251903491e-9,2.5118864315095823e-6,0.018499581064433335
5.623413251903491e-9,6.30957344480193e-6,0.10599779680289032
5.623413251903491e-9,0.00001584893192461114,0.5609813332559412
5.623413251903491e-9,0.000039810717055349695,2.841104871359817
5.623413251903491e-9,0.0001,14.738644175969464
1.e-8,1.e-6,0.005487588242285775
1.e-8,2.5118864315095823e-6,0.03289730874086151
1.e-8,6.30957344480193e-6,0.18848888910495012
1.e-8,0.00001584893192461114,0.9975924078193195
1.e-8,0.000039810717055349695,5.05215241664902
1.e-8,0.0001,26.209282781911273
1.7782794100389228e-8,1.e-6,0.009758468600730569
1.7782794100389228e-8,2.5118864315095823e-6,0.05850067499708993
1.7782794100389228e-8,6.30957344480193e-6,0.3351927061867466
1.7782794100389228e-8,0.00001584893192461114,1.7739597197303252
1.7782794100389228e-8,0.000039810717055349695,8.98411921765708
1.7782794100389228e-8,0.0001,46.607395175717784
3.162277660168379e-8,1.e-6,0.017353265298738735
3.162277660168379e-8,2.5118864315095823e-6,0.10403128649656017
3.162277660168379e-8,6.30957344480193e-6,0.5960674443913249
3.162277660168379e-8,0.00001584893192461114,3.154683256846705
3.162277660168379e-8,0.000039810717055349695,15.976818443548593
3.162277660168379e-8,0.0001,82.88189772756203
5.6234132519034905e-8,1.e-6,0.03085876250877163
5.6234132519034905e-8,2.5118864315095823e-6,0.18499525776154835
5.6234132519034905e-8,6.30957344480193e-6,1.0600011196264372
5.6234132519034905e-8,0.00001584893192461114,5.609679617871849
5.6234132519034905e-8,0.000039810717055349695,28.410534786474326
5.6234132519034905e-8,0.0001,147.38429035507707
1.e-7,1.e-6,0.05487576013907183
1.e-7,2.5118864315095823e-6,0.32897165990360216
1.e-7,6.30957344480193e-6,1.8849487904039677
1.e-7,0.00001584893192461114,9.976143071543277
1.e-7,0.000039810717055349695,50.52266410044104
1.e-7,0.0001,262.09924464667876
1.7782794100389227e-7,1.e-6,0.09758506178819207
1.7782794100389227e-7,2.5118864315095823e-6,0.5850069748802048
1.7782794100389227e-7,6.30957344480193e-6,3.3519366707562526
1.7782794100389227e-7,0.00001584893192461114,17.739170489385767
1.7782794100389227e-7,0.000039810717055349695,89.84402571651908
1.7782794100389227e-7,0.0001,466.08536467411494
3.162277660168379e-7,1.e-6,0.17353224504056536
3.162277660168379e-7,2.5118864315095823e-6,1.0403154007529085
3.162277660168379e-7,6.30957344480193e-6,5.960709417966627
3.162277660168379e-7,0.00001584893192461114,31.54554470829021
3.162277660168379e-7,0.000039810717055349695,159.75800552283096
3.162277660168379e-7,0.0001,828.8124702552349
5.62341325190349e-7,1.e-6,0.30858871995308473
5.62341325190349e-7,2.5118864315095823e-6,1.8499761365613159
5.62341325190349e-7,6.30957344480193e-6,10.59972357949369
5.62341325190349e-7,0.00001584893192461114,56.09796025971463
5.62341325190349e-7,0.000039810717055349695,284.1163794246125
5.62341325190349e-7,0.0001,1473.8595584825744
1.e-6,1.e-6,0.5487609094177156
1.e-6,2.5118864315095823e-6,3.2897115466131486
1.e-6,6.30957344480193e-6,18.84924850612791
1.e-6,0.00001584893192461114,99.75692277722743
1.e-6,0.000039810717055349695,505.23349332051623
1.e-6,0.0001,2620.9075758895897
1.778279410038923e-6,1.e-6,0.9758454341243112
1.778279410038923e-6,2.5118864315095823e-6,5.850120422365566
1.778279410038923e-6,6.30957344480193e-6,33.5196929298562
1.778279410038923e-6,0.00001584893192461114,177.39262798422894
1.778279410038923e-6,0.000039810717055349695,898.4211984858184
1.778279410038923e-6,0.0001,4660.635496314128
3.162277660168379e-6,1.e-6,1.7353366225806062
3.162277660168379e-6,2.5118864315095823e-6,10.403044838023954
3.162277660168379e-6,6.30957344480193e-6,59.60644857303486
3.162277660168379e-6,0.00001584893192461114,315.4583216380164
3.162277660168379e-6,0.000039810717055349695,1597.6144913966425
3.162277660168379e-6,0.0001,8288.260957317212
5.623413251903491e-6,1.e-6,3.0858891086422875
5.623413251903491e-6,2.5118864315095823e-6,18.49957066497785
5.623413251903491e-6,6.30957344480193e-6,105.99570345813147
5.623413251903491e-6,0.00001584893192461114,560.9804498052708
5.623413251903491e-6,0.000039810717055349695,2841.094753969764
5.623413251903491e-6,0.0001,14738.430850455721
0.00001,1.e-6,5.487521142308873
0.00001,2.5118864315095823e-6,32.896988303814986
0.00001,6.30957344480193e-6,188.4951520494452
0.00001,0.00001584893192461114,997.5572240077024
0.00001,0.000039810717055349695,5052.32496777825
0.00001,0.0001,26209.16675552296
0.00001778279410038923,1.e-6,9.758329529429432
0.00001778279410038923,2.5118864315095823e-6,58.50044651916132
0.00001778279410038923,6.30957344480193e-6,335.2031637550868
0.00001778279410038923,0.00001584893192461114,1773.906930580889
0.00001778279410038923,0.000039810717055349695,8984.250790186705
0.00001778279410038923,0.0001,46606.714996233415
0.000031622776601683795,1.e-6,17.35303657020706
0.000031622776601683795,2.5118864315095823e-6,104.0297594772023
0.000031622776601683795,6.30957344480193e-6,596.0460710135699
0.000031622776601683795,0.00001584893192461114,3154.4212251444715
0.000031622776601683795,0.000039810717055349695,15976.028350366332
0.000031622776601683795,0.0001,82879.42193722304
0.00005623413251903491,1.e-6,30.857829744678597
0.00005623413251903491,2.5118864315095823e-6,184.98930813498183
0.00005623413251903491,6.30957344480193e-6,1059.9370438107264
0.00005623413251903491,0.00001584893192461114,5609.352185956134
0.00005623413251903491,0.000039810717055349695,28408.98765010588
0.00005623413251903491,0.0001,147378.18435255645
0.0001,1.e-6,54.87249846159791
0.0001,2.5118864315095823e-6,328.9544452866932
0.0001,6.30957344480193e-6,1884.7532659655471
0.0001,0.00001584893192461114,9974.62756728318
0.0001,0.000039810717055349695,50519.23331866098
0.0001,0.0001,262080.16398402903
