-2.9999999999999996 -6.625598928253649
-2.9499999999999997 -6.527045241301904
-2.8999999999999995 -6.428106072455501
-2.8499999999999996 -6.328987473197789
-2.8 -6.229782672772633
-2.75 -6.130252322142246
-2.6999999999999997 -6.030503887266719
-2.6499999999999995 -5.930793156309205
-2.5999999999999996 -5.831113006985849
-2.5499999999999994 -5.731407447238046
-2.5 -5.63163296413347
-2.45 -5.531837777821468
-2.4 -5.432008077493691
-2.3499999999999996 -5.332136070235667
-2.2999999999999994 -5.232258626577394
-2.2499999999999996 -5.132345496730581
-2.1999999999999997 -5.032410112866146
-2.15 -4.932452177135077
-2.1 -4.832332146563599
-2.05 -4.731975174930913
-1.9999999999999996 -4.631025455488533
-1.9499999999999997 -4.530248027309512
-1.8999999999999997 -4.428232124448819
-1.8499999999999999 -4.32536026597224
-1.7999999999999996 -4.221587440843936
-1.75 -4.117367934888873
-1.6999999999999997 -4.01318790923724
-1.6499999999999997 -3.910017707757036
-1.5999999999999999 -3.808267505464406
-1.5499999999999996 -3.708344193698308
-1.4999999999999998 -3.6104537493886233
-1.4499999999999997 -3.5140895419745743
-1.4 -3.4190423922665745
-1.3499999999999996 -3.3245661750491164
-1.2999999999999996 -3.2303021666235705
-1.25 -3.135543713031424
-1.2 -3.039659165170182
-1.1499999999999997 -2.9425473018933537
-1.0999999999999999 -2.8432524259230587
-1.0499999999999998 -2.7414028945874485
-0.9999999999999998 -2.63607831666089
-0.9499999999999996 -2.5252579128065524
-0.8999999999999998 -2.3977329850376683
-0.8500000000000001 -2.282706293826714
-0.7999999999999997 -2.203833751634137
-0.7499999999999999 -2.173613425246463
-0.6999999999999996 -2.1813467514491887
-0.6499999999999998 -2.187356067313026
-0.5999999999999995 -2.258235787647916
-0.5499999999999998 -2.4342102356255078
-0.4999999999999999 -2.706627138828924
-0.4499999999999996 -3.07560602566271
-0.3999999999999999 -3.5105447990391863
-0.34999999999999964 -3.9853792702369413
-0.2999999999999998 -4.4862632186134865
-0.25 -4.994635296444365
-0.19999999999999976 -5.506776305890478
-0.1499999999999999 -6.018724535157903
-0.09999999999999963 -6.532875782266214
-0.049999999999999815 -7.046883124747517
0. -7.560600221744358