-2.9999999999999996 -6.848535778810801
-2.9499999999999997 -6.749836469891399
-2.8999999999999995 -6.650734141753557
-2.8499999999999996 -6.551469871691137
-2.8 -6.452211628854056
-2.75 -6.3525721811047715
-2.6999999999999997 -6.252619209759255
-2.6499999999999995 -6.15280699483593
-2.5999999999999996 -6.053142383450166
-2.5499999999999994 -5.953452064805583
-2.5 -5.853693347073826
-2.45 -5.753913209410017
-2.4 -5.654099505254128
-2.3499999999999996 -5.554242351318712
-2.2999999999999994 -5.454381118099979
-2.2499999999999996 -5.354482663551266
-2.1999999999999997 -5.254563312162898
-2.15 -5.154620267789181
-2.1 -5.054481186358858
-2.05 -4.9539913518466205
-1.9999999999999996 -4.852908068037079
-1.9499999999999997 -4.752007732156286
-1.8999999999999997 -4.649766168533139
-1.8499999999999999 -4.546549219242312
-1.7999999999999996 -4.4422915283188225
-1.75 -4.337468100827569
-1.6999999999999997 -4.232554907032819
-1.6499999999999997 -4.128547645917961
-1.5999999999999999 -4.025879434440196
-1.5499999999999996 -3.9249407006576296
-1.4999999999999998 -3.8258895610466865
-1.4499999999999997 -3.728259636940163
-1.4 -3.631895370473983
-1.3499999999999996 -3.5360755379514868
-1.2999999999999996 -3.44062309526276
-1.25 -3.3449289820101673
-1.2 -3.2487471827024255
-1.1499999999999997 -3.1525137935713694
-1.0999999999999999 -3.0564544577616775
-1.0499999999999998 -2.9624647363861065
-0.9999999999999998 -2.8743525839121262
-0.9499999999999996 -2.7993368300447696
-0.8999999999999998 -2.746443555951478
-0.8500000000000001 -2.7774522113030438
-0.7999999999999997 -2.9583884478389457
-0.7499999999999999 -3.3147577157701527
-0.6999999999999996 -3.7822039929731717
-0.6499999999999998 -4.269336429989732
-0.5999999999999995 -4.791382216068036
-0.5499999999999998 -5.337223219687598
-0.4999999999999999 -5.872531057728576
-0.4499999999999996 -6.40531711956373
-0.3999999999999999 -6.931954951404189
-0.34999999999999964 -7.4541001655497805
-0.2999999999999998 -7.977601132401344
-0.25 -8.49601368571329
-0.19999999999999976 -9.0121846977233
-0.1499999999999999 -9.524880727709231
-0.09999999999999963 -10.038452328043567
-0.049999999999999815 -10.551431490166967
0. -11.06398224450694