-2.9999999999999996 -10.215956922500322
-2.8999999999999995 -9.917921531817683
-2.8 -9.62097627463153
-2.6999999999999997 -9.32570254409032
-2.5999999999999996 -9.032979015511625
-2.5 -8.744053922922092
-2.4 -8.460624267505885
-2.2999999999999994 -8.18479512599531
-2.1999999999999997 -7.918841511403623
-2.1 -7.664691298188622
-1.9999999999999996 -7.423279654870593
-1.8999999999999997 -7.194034159670935
-1.7999999999999996 -6.975137989392238
-1.6999999999999997 -6.764032559825795
-1.5999999999999999 -6.558229338887788
-1.4999999999999998 -6.355843879123777
-1.4 -6.1555538577117055
-1.2999999999999996 -5.956608032597033
-1.2 -5.758714773021651
-1.0999999999999999 -5.5617469206371
-0.9999999999999998 -5.365880434718417
-0.8999999999999998 -5.171371263656665
-0.7999999999999997 -4.978672058078282
-0.6999999999999996 -4.788379927255198
-0.5999999999999995 -4.60147820884385
-0.4999999999999999 -4.419339919932311
-0.3999999999999999 -4.243610736855291
-0.2999999999999998 -4.076447373774145
-0.19999999999999976 -3.9210281052249014
-0.09999999999999963 -3.781046793736275
0. -3.6613968881645906
0.10000000000000009 -3.568582103042815
0.20000000000000015 -3.510309863572322
0.3000000000000002 -3.4960081510346543
0.40000000000000036 -3.5370113548580977
0.5 -3.6465228766825124
0.6000000000000001 -3.840475744621652
0.7000000000000001 -4.138192218969592
0.8000000000000002 -4.563853274478049
0.9000000000000002 -5.148275761355553
1. -5.930165464303642