-2.9999999999999996 -10.482785163792938
-2.8999999999999995 -10.183226654815519
-2.8 -9.883892434068256
-2.6999999999999997 -9.58490117078669
-2.5999999999999996 -9.286438207211441
-2.5 -8.988797415514703
-2.4 -8.69241887010776
-2.2999999999999994 -8.397969156677522
-2.1999999999999997 -8.106436136105076
-2.1 -7.819209686402032
-1.9999999999999996 -7.538168780221343
-1.8999999999999997 -7.265597531449929
-1.7999999999999996 -7.003880357770536
-1.6999999999999997 -6.754972593183557
-1.5999999999999999 -6.519693218394747
-1.4999999999999998 -6.297341360476615
-1.4 -6.0859815396693095
-1.2999999999999996 -5.883106801262669
-1.2 -5.686423620832053
-1.0999999999999999 -5.494238016827253
-0.9999999999999998 -5.30558554946819
-0.8999999999999998 -5.120121138710282
-0.7999999999999997 -4.937895677821437
-0.6999999999999996 -4.7594552359856985
-0.5999999999999995 -4.58566816046169
-0.4999999999999999 -4.4178848295542
-0.3999999999999999 -4.2580077011767505
-0.2999999999999998 -4.108455541940814
-0.19999999999999976 -3.972719377833735
-0.09999999999999963 -3.8552113314070326
0. -3.761402709535758
0.10000000000000009 -3.698045943849267
0.20000000000000015 -3.6724119486606277
0.3000000000000002 -3.6928313894850913
0.40000000000000036 -3.768497420207168
0.5 -3.9103995401037386
0.6000000000000001 -4.13280123424249
0.7000000000000001 -4.454387859432272
0.8000000000000002 -4.900227936934107
0.9000000000000002 -5.502994075036263
1. -6.303950315416308