-2.9999999999999996 -8.726515130542188
-2.8999999999999995 -8.429971141721428
-2.8 -8.135310836622905
-2.6999999999999997 -7.843525831968486
-2.5999999999999996 -7.55595203056133
-2.5 -7.274408976435441
-2.4 -7.001010332412233
-2.2999999999999994 -6.7378624221856285
-2.1999999999999997 -6.486458672976427
-2.1 -6.2470753011346325
-1.9999999999999996 -6.018488526848071
-1.8999999999999997 -5.798487494934816
-1.7999999999999996 -5.58449337113108
-1.6999999999999997 -5.374291580539822
-1.5999999999999999 -5.166295520144498
-1.4999999999999998 -4.959459698746117
-1.4 -4.753257720771996
-1.2999999999999996 -4.547450857249498
-1.2 -4.34201888781317
-1.0999999999999999 -4.137048085140929
-0.9999999999999998 -3.9327461680980718
-0.8999999999999998 -3.729411367008103
-0.7999999999999997 -3.527695545733008
-0.6999999999999996 -3.3280239560625526
-0.5999999999999995 -3.1316855000214106
-0.4999999999999999 -2.9396628389178323
-0.3999999999999999 -2.7537592517065606
-0.2999999999999998 -2.5762059237126387
-0.19999999999999976 -2.409898039925951
-0.09999999999999963 -2.259036041083742
0. -2.1286394511760336
0.10000000000000009 -2.025294354976879
0.20000000000000015 -1.9572679220789289
0.3000000000000002 -1.9341986317671047
0.40000000000000036 -1.9675903577711926
0.5 -2.0707394948671682
0.6000000000000001 -2.259136076483146
0.7000000000000001 -2.5516345919659487
0.8000000000000002 -2.97183595398098
0.9000000000000002 -3.5499238789917853
1. -4.3237941147480194