-2.9999999999999996 -10.482989049104129
-2.8999999999999995 -10.183417398984584
-2.8 -9.884062671182992
-2.6999999999999997 -9.585042245391291
-2.5999999999999996 -9.286530693695813
-2.5 -8.988819199587953
-2.4 -8.692320848032729
-2.2999999999999994 -8.39769511692635
-2.1999999999999997 -8.105893789127121
-2.1 -7.8182736934514026
-1.9999999999999996 -7.536673898713795
-1.8999999999999997 -7.263352747712034
-1.7999999999999996 -7.000716894544503
-1.6999999999999997 -6.750774820601105
-1.5999999999999999 -6.514449583704811
-1.4999999999999998 -6.291175757866817
-1.4 -6.079094748288319
-1.2999999999999996 -5.875721515156618
-1.2 -5.678717067109232
-1.0999999999999999 -5.486348795531055
-0.9999999999999998 -5.29760041222126
-0.8999999999999998 -5.112092884451491
-0.7999999999999997 -4.929861206498088
-0.6999999999999996 -4.751460341391035
-0.5999999999999995 -4.57773903565995
-0.4999999999999999 -4.410033700290071
-0.3999999999999999 -4.25016643462814
-0.2999999999999998 -4.100776675777508
-0.19999999999999976 -3.9652225820751608
-0.09999999999999963 -3.84783760026962
0. -3.7543289103746287
0.10000000000000009 -3.6911454696237107
0.20000000000000015 -3.6660095377285957
0.3000000000000002 -3.686932396347319
0.40000000000000036 -3.763126908457701
0.5 -3.9057570945739664
0.6000000000000001 -4.128709146191806
0.7000000000000001 -4.450812263963942
0.8000000000000002 -4.896990313028839
0.9000000000000002 -5.500074761948031
1. -6.301243357053822