-2.9999999999999996 -10.458870542913829
-2.8999999999999995 -10.173110813294421
-2.8 -9.894183406692514
-2.6999999999999997 -9.624399983626006
-2.5999999999999996 -9.365982764164261
-2.5 -9.120402949736599
-2.4 -8.887802930870349
-2.2999999999999994 -8.666822118966062
-2.1999999999999997 -8.45505090072095
-2.1 -8.249845424185173
-1.9999999999999996 -8.048911969078228
-1.8999999999999997 -7.850564328713358
-1.7999999999999996 -7.653765165652671
-1.6999999999999997 -7.457830301378403
-1.5999999999999999 -7.26245350642056
-1.4999999999999998 -7.067446807898027
-1.4 -6.872740108619806
-1.2999999999999996 -6.6783954759992605
-1.2 -6.4844261877244085
-1.0999999999999999 -6.291262989320561
-0.9999999999999998 -6.099089391671857
-0.8999999999999998 -5.908444762120643
-0.7999999999999997 -5.719939575559634
-0.6999999999999996 -5.534396989189206
-0.5999999999999995 -5.352643098596212
-0.4999999999999999 -5.1758585795682075
-0.3999999999999999 -5.005537542010671
-0.2999999999999998 -4.843752602632573
-0.19999999999999976 -4.693118706089936
-0.09999999999999963 -4.557010734304817
0. -4.440271337125881
0.10000000000000009 -4.348808309803103
0.20000000000000015 -4.290568244476822
0.3000000000000002 -4.2753397477379655
0.40000000000000036 -4.314779255157044
0.5 -4.422440011511681
0.6000000000000001 -4.6136839956579845
0.7000000000000001 -4.907290380464619
0.8000000000000002 -5.326378954561008
0.9000000000000002 -5.900503730840086
1. -6.666991550624005