-2.9999999999999996 -9.689960538578623
-2.8999999999999995 -9.391283284403295
-2.8 -9.09332874804592
-2.6999999999999997 -8.796501635790625
-2.5999999999999996 -8.50140746384754
-2.5 -8.208922948425432
-2.4 -7.920335035021681
-2.2999999999999994 -7.63734133623939
-2.1999999999999997 -7.362022645023029
-2.1 -7.0965657434060425
-1.9999999999999996 -6.842726557588502
-1.8999999999999997 -6.601194422002882
-1.7999999999999996 -6.371190611700227
-1.6999999999999997 -6.1507499258339955
-1.5999999999999999 -5.9373564870249576
-1.4999999999999998 -5.728690734164257
-1.4 -5.522956120050845
-1.2999999999999996 -5.319071405245082
-1.2 -5.1164340004053575
-1.0999999999999999 -4.914816745236828
-0.9999999999999998 -4.714280568862115
-0.8999999999999998 -4.5151512562193545
-0.7999999999999997 -4.317746418709422
-0.6999999999999996 -4.122762169897691
-0.5999999999999995 -3.9311772936352978
-0.4999999999999999 -3.744104681992254
-0.3999999999999999 -3.5634517547814113
-0.2999999999999998 -3.391345897363615
-0.19999999999999976 -3.2308848573907976
-0.09999999999999963 -3.0859821042235684
0. -2.9617185540676267
0.10000000000000009 -2.8644869091297886
0.20000000000000015 -2.8022916607301553
0.3000000000000002 -2.7845213898751977
0.40000000000000036 -2.822568032070154
0.5 -2.929672049015929
0.6000000000000001 -3.1215653784583655
0.7000000000000001 -3.4174809444825995
0.8000000000000002 -3.8419511170365737
0.9000000000000002 -4.425731360968796
1. -5.207763716841478