-2.9999999999999996 -9.830591432942667
-2.8999999999999995 -9.53408334524196
-2.8 -9.23949900174602
-2.6999999999999997 -8.94781316671843
-2.5999999999999996 -8.660409055216713
-2.5 -8.379097630007507
-2.4 -8.106027154767665
-2.2999999999999994 -7.843334271596752
-2.1999999999999997 -7.592557854935493
-2.1 -7.354004556937357
-1.9999999999999996 -7.1265299446872294
-1.8999999999999997 -6.907951549001306
-1.7999999999999996 -6.695654988917628
-1.6999999999999997 -6.487396130482011
-1.5999999999999999 -6.28150892847634
-1.4999999999999998 -6.076943108320432
-1.4 -5.873121173827802
-1.2999999999999996 -5.669786318027784
-1.2 -5.466848215458681
-1.0999999999999999 -5.264438972272605
-0.9999999999999998 -5.062727432205761
-0.8999999999999998 -4.862031759647642
-0.7999999999999997 -4.662889788422469
-0.6999999999999996 -4.466028092840893
-0.5999999999999995 -4.27225668972192
-0.4999999999999999 -4.082988579369254
-0.3999999999999999 -3.899827067713037
-0.2999999999999998 -3.725002433412918
-0.19999999999999976 -3.561433008705174
-0.09999999999999963 -3.413214936696102
0. -3.285325246039912
0.10000000000000009 -3.184302382046558
0.20000000000000015 -3.118227190752202
0.3000000000000002 -3.0969989461059164
0.40000000000000036 -3.1318130677660982
0.5 -3.2361561738473164
0.6000000000000001 -3.425550213749917
0.7000000000000001 -3.7189864048569254
0.8000000000000002 -4.1400769841681555
0.9000000000000002 -4.7189999733601935
1. -5.493746077600408