-2.9999999999999996 -8.54407565083377
-2.8999999999999995 -8.25851264758534
-2.8 -7.979739699508398
-2.6999999999999997 -7.7098907480257415
-2.5999999999999996 -7.450895037948116
-2.5 -7.203804149044306
-2.4 -6.96831668838256
-2.2999999999999994 -6.742732477530692
-2.1999999999999997 -6.524612583715381
-2.1 -6.311467187763398
-1.9999999999999996 -6.101244339585197
-1.8999999999999997 -5.892531346791108
-1.7999999999999996 -5.6844477958522805
-1.6999999999999997 -5.476537100447981
-1.5999999999999999 -5.2684965957941445
-1.4999999999999998 -5.0603169899481895
-1.4 -4.8518594159807495
-1.2999999999999996 -4.6433309565442045
-1.2 -4.434674656615181
-1.0999999999999999 -4.226319555966424
-0.9999999999999998 -4.018413513053883
-0.8999999999999998 -3.811588525658328
-0.7999999999999997 -3.6061377004496733
-0.6999999999999996 -3.403187694382603
-0.5999999999999995 -3.203511076930267
-0.4999999999999999 -3.008646258611629
-0.3999999999999999 -2.8204035432857175
-0.2999999999999998 -2.6411158863119826
-0.19999999999999976 -2.473934075947694
-0.09999999999999963 -2.322604690220499
0. -2.1923000189758746
0.10000000000000009 -2.0887989717548097
0.20000000000000015 -2.0200300763904937
0.3000000000000002 -1.9955240719594767
0.40000000000000036 -2.02666454872805
0.5 -2.126597855049286
0.6000000000000001 -2.310540282282487
0.7000000000000001 -2.596798143985034
0.8000000000000002 -3.008342036116357
0.9000000000000002 -3.5744444604317427
1. -4.332232874401775