-2.9999999999999996 -8.772924865345669
-2.8999999999999995 -8.555343409473522
-2.8 -8.342239463412
-2.6999999999999997 -8.131664423981654
-2.5999999999999996 -7.922260076466001
-2.5 -7.713233532606067
-2.4 -7.504021039268189
-2.2999999999999994 -7.294421357235394
-2.1999999999999997 -7.084228403215378
-2.1 -6.873323764659106
-1.9999999999999996 -6.661705908997882
-1.8999999999999997 -6.449378714132812
-1.7999999999999996 -6.236298467986094
-1.6999999999999997 -6.022577519902398
-1.5999999999999999 -5.808514252922027
-1.4999999999999998 -5.594238616081864
-1.4 -5.379972932148532
-1.2999999999999996 -5.166139111701054
-1.2 -4.953281724348616
-1.0999999999999999 -4.74192548941145
-0.9999999999999998 -4.533054027196922
-0.8999999999999998 -4.327310451728692
-0.7999999999999997 -4.125575977818401
-0.6999999999999996 -3.9285399542417645
-0.5999999999999995 -3.736782693735642
-0.4999999999999999 -3.5510165757905217
-0.3999999999999999 -3.3720984290119627
-0.2999999999999998 -3.2013858984004777
-0.19999999999999976 -3.0408155010133964
-0.09999999999999963 -2.8934773955438065
0. -2.763793066040903
0.10000000000000009 -2.657808245644091
0.20000000000000015 -2.583429110347088
0.3000000000000002 -2.550464404116114
0.40000000000000036 -2.5704302023979677
0.5 -2.6564281157632696
0.6000000000000001 -2.8233212736970326
0.7000000000000001 -3.0887381954586273
0.8000000000000002 -3.4747478292572773
0.9000000000000002 -4.009742065177167
1. -4.7302764010278455