-2.9999999999999996 -8.520899779982381
-2.8999999999999995 -8.235684552138359
-2.8 -7.957370736042457
-2.6999999999999997 -7.688117962197327
-2.5999999999999996 -7.429809628797894
-2.5 -7.183426196699474
-2.4 -6.94856935511178
-2.2999999999999994 -6.723501046231173
-2.1999999999999997 -6.505735752598926
-2.1 -6.292785638886651
-1.9999999999999996 -6.0826580079756445
-1.8999999999999997 -5.8739976953603925
-1.7999999999999996 -5.665926766402568
-1.6999999999999997 -5.457979373967162
-1.5999999999999999 -5.249932584380157
-1.4999999999999998 -5.041639170433967
-1.4 -4.833172620076747
-1.2999999999999996 -4.6245665108967735
-1.2 -4.415911588412033
-1.0999999999999999 -4.207356534898092
-0.9999999999999998 -3.999406280186541
-0.8999999999999998 -3.7924291902721263
-0.7999999999999997 -3.5871287024742164
-0.6999999999999996 -3.384076179627383
-0.5999999999999995 -3.184406672870516
-0.4999999999999999 -2.989448068915331
-0.3999999999999999 -2.8012228872760363
-0.2999999999999998 -2.6220097624938052
-0.19999999999999976 -2.454866807354293
-0.09999999999999963 -2.3036836773256737
0. -2.1732983296981816
0.10000000000000009 -2.069805819377311
0.20000000000000015 -2.001023171266731
0.3000000000000002 -1.97653571108055
0.40000000000000036 -2.007597696500504
0.5 -2.107445112079723
0.6000000000000001 -2.2912760814971422
0.7000000000000001 -2.5773898544539104
0.8000000000000002 -2.988732628308334
0.9000000000000002 -3.5545832077965818
1. -4.312055742302737