-2.9999999999999996 -8.836433818502368
-2.8999999999999995 -8.547109310647354
-2.8 -8.263096325312723
-2.6999999999999997 -7.986408395955132
-2.5999999999999996 -7.719192515610695
-2.5 -7.463225816310825
-2.4 -7.2192364454591225
-2.2999999999999994 -6.98654834365156
-2.1999999999999997 -6.763258900209794
-2.1 -6.546794227009834
-1.9999999999999996 -6.334755862492597
-1.8999999999999997 -6.125275526079793
-1.7999999999999996 -5.91710541423816
-1.6999999999999997 -5.709469350615273
-1.5999999999999999 -5.501959555329212
-1.4999999999999998 -5.29438406822883
-1.4 -5.086750804398986
-1.2999999999999996 -4.879024741153146
-1.2 -4.671241773870136
-1.0999999999999999 -4.463757958814465
-0.9999999999999998 -4.2567109326760555
-0.8999999999999998 -4.050704587996142
-0.7999999999999997 -3.8461662027766392
-0.6999999999999996 -3.6438475767603995
-0.5999999999999995 -3.4448404277401137
-0.4999999999999999 -3.250385260101685
-0.3999999999999999 -3.0622523628683416
-0.2999999999999998 -2.882972109918247
-0.19999999999999976 -2.715429210362401
-0.09999999999999963 -2.5637658239980623
0. -2.432934145693466
0.10000000000000009 -2.329125735924973
0.20000000000000015 -2.2604589193004623
0.3000000000000002 -2.236290544522397
0.40000000000000036 -2.2680403536700773
0.5 -2.3688909050716838
0.6000000000000001 -2.5541282551730538
0.7000000000000001 -2.8421566949088244
0.8000000000000002 -3.2560065968802405
0.9000000000000002 -3.82515009820379
1. -4.586879527274626