-2.9999999999999996 -10.481657340574717
-2.8999999999999995 -10.18214426843069
-2.8 -9.882881242946166
-2.6999999999999997 -9.58400402767508
-2.5999999999999996 -9.285725767106827
-2.5 -8.988367502512244
-2.4 -8.692424018240448
-2.2999999999999994 -8.398644344268224
-2.1999999999999997 -8.108115707627494
-2.1 -7.822362751790184
-1.9999999999999996 -7.543384275679035
-1.8999999999999997 -7.273531606801795
-1.7999999999999996 -7.01514266712616
-1.6999999999999997 -6.769892282634716
-1.5999999999999999 -6.538196162606758
-1.4999999999999998 -6.318955104022581
-1.4 -6.109968560756946
-1.2999999999999996 -5.908725196259124
-1.2 -5.713049330163407
-1.0999999999999999 -5.521431367981714
-0.9999999999999998 -5.33302773034423
-0.8999999999999998 -5.14764268675891
-0.7999999999999997 -4.96538507081052
-0.6999999999999996 -4.786803664560992
-0.5999999999999995 -4.612866557223121
-0.4999999999999999 -4.444820547299029
-0.3999999999999999 -4.284519159990296
-0.2999999999999998 -4.134536878045315
-0.19999999999999976 -3.99824450658584
-0.09999999999999963 -3.8800644323241995
0. -3.7853978046507963
0.10000000000000009 -3.7208922781810285
0.20000000000000015 -3.6938181998961346
0.3000000000000002 -3.712444176418425
0.40000000000000036 -3.7860920647467085
0.5 -3.9258583262903843
0.6000000000000001 -4.146254753290469
0.7000000000000001 -4.466055877440593
0.8000000000000002 -4.910486440512957
0.9000000000000002 -5.512178617075414
1. -6.31229325635681