-2.9999999999999996 -10.329758296701028
-2.8999999999999995 -10.056621820879464
-2.8 -9.79402872657031
-2.6999999999999997 -9.543644679163716
-2.5999999999999996 -9.305965387783921
-2.5 -9.079973930029222
-2.4 -8.86346078541686
-2.2999999999999994 -8.653796633321726
-2.1999999999999997 -8.448528536682765
-2.1 -8.245895533292435
-1.9999999999999996 -8.044620190868113
-1.8999999999999997 -7.843964406809449
-1.7999999999999996 -7.643538388209347
-1.6999999999999997 -7.4430874690407425
-1.5999999999999999 -7.242518836792385
-1.4999999999999998 -7.0417712982904765
-1.4 -6.8408353440568925
-1.2999999999999996 -6.639867890053904
-1.2 -6.439075918835218
-1.0999999999999999 -6.238685581244867
-0.9999999999999998 -6.038971981679094
-0.8999999999999998 -5.840810622332238
-0.7999999999999997 -5.644346082718038
-0.6999999999999996 -5.450579827467875
-0.5999999999999995 -5.260480115759507
-0.4999999999999999 -5.075243107642444
-0.3999999999999999 -4.896736319099095
-0.2999999999999998 -4.7269533370319285
-0.19999999999999976 -4.568621997945979
-0.09999999999999963 -4.425296300031236
0. -4.301498925220358
0.10000000000000009 -4.203356452649264
0.20000000000000015 -4.1385375695226
0.3000000000000002 -4.11671715847767
0.40000000000000036 -4.149536082548396
0.5 -4.250325555578763
0.6000000000000001 -4.434243164918512
0.7000000000000001 -4.719596381750955
0.8000000000000002 -5.129135306836218
0.9000000000000002 -5.691922854445106
1. -6.444831435229271