-2.9999999999999996 -8.887865041943167
-2.8999999999999995 -8.597973529095619
-2.8 -8.313160928012154
-2.6999999999999997 -8.03539534803657
-2.5999999999999996 -7.766830182233649
-2.5 -7.509332311655013
-2.4 -7.263794744415486
-2.2999999999999994 -7.029749437757093
-2.1999999999999997 -6.805388521789508
-2.1 -6.588210256359194
-1.9999999999999996 -6.3757505450235525
-1.8999999999999997 -6.166101028219742
-1.7999999999999996 -5.957861490478857
-1.6999999999999997 -5.750255412990117
-1.5999999999999999 -5.542834882233008
-1.4999999999999998 -5.3353947247617475
-1.4 -5.127880706750527
-1.2999999999999996 -4.920262185421113
-1.2 -4.712690373817911
-1.0999999999999999 -4.505335239329067
-0.9999999999999998 -4.298555857030313
-0.8999999999999998 -4.092690884309424
-0.7999999999999997 -3.888204626448954
-0.6999999999999996 -3.6860392936430197
-0.5999999999999995 -3.4872040446823758
-0.4999999999999999 -3.2928928335894776
-0.3999999999999999 -3.104824461679452
-0.2999999999999998 -2.9255478175129315
-0.19999999999999976 -2.7580496799339116
-0.09999999999999963 -2.606355275643046
0. -2.475503146201272
0.10000000000000009 -2.371700100284955
0.20000000000000015 -2.3028109715225646
0.3000000000000002 -2.278788494478887
0.40000000000000036 -2.3106328860405307
0.5 -2.411721827124025
0.6000000000000001 -2.5971358093023116
0.7000000000000001 -2.885453779797847
0.8000000000000002 -3.299708339943858
0.9000000000000002 -3.8693810164125013
1. -4.631780679578938