-2.9999999999999996 -8.512724343012053
-2.8999999999999995 -8.217030833351659
-2.8 -7.923682291862249
-2.6999999999999997 -7.633832149164386
-2.5999999999999996 -7.349080322694345
-2.5 -7.07141939748907
-2.4 -6.803039754885141
-2.2999999999999994 -6.545805447936024
-2.1999999999999997 -6.300651891928299
-2.1 -6.067052138692666
-1.9999999999999996 -5.843178804612214
-1.8999999999999997 -5.626476240796684
-1.7999999999999996 -5.414532670976965
-1.6999999999999997 -5.20536247466007
-1.5999999999999999 -4.997771664681391
-1.4999999999999998 -4.790913302133094
-1.4 -4.584475762253185
-1.2999999999999996 -4.37830426636347
-1.2 -4.172350731454723
-1.0999999999999999 -3.9668305020057586
-0.9999999999999998 -3.7618675278528584
-0.8999999999999998 -3.55794724245394
-0.7999999999999997 -3.355529468939106
-0.6999999999999996 -3.155224432557812
-0.5999999999999995 -2.958049470004808
-0.4999999999999999 -2.765397932849131
-0.3999999999999999 -2.5787624179494086
-0.2999999999999998 -2.4004922685142995
-0.19999999999999976 -2.2335472631812743
-0.09999999999999963 -2.0820182638156903
0. -1.951135963198972
0.10000000000000009 -1.8472989793883754
0.20000000000000015 -1.7787569208244178
0.3000000000000002 -1.7553252181656895
0.40000000000000036 -1.7883054210132863
0.5 -1.8909358276726829
0.6000000000000001 -2.078851965884074
0.7000000000000001 -2.370619949433979
0.8000000000000002 -2.7897748704008682
0.9000000000000002 -3.366298561049392
1. -4.137999253006082