-2.9999999999999996 -10.339458942941658
-2.8999999999999995 -10.065641961122111
-2.8 -9.802224486580101
-2.6999999999999997 -9.55095824808934
-2.5999999999999996 -9.312419960565267
-2.5 -9.08573099731053
-2.4 -8.868729923541501
-2.2999999999999994 -8.658803069403715
-2.1999999999999997 -8.453473238902959
-2.1 -8.250888106572788
-1.9999999999999996 -8.049770329295663
-1.8999999999999997 -7.849347838326805
-1.7999999999999996 -7.649180395397343
-1.6999999999999997 -7.449027167617776
-1.5999999999999999 -7.24875765750978
-1.4999999999999998 -7.0483482138385485
-1.4 -6.8477836382288695
-1.2999999999999996 -6.647145597957974
-1.2 -6.4466881280746
-1.0999999999999999 -6.246725937152573
-0.9999999999999998 -6.047547384196206
-0.8999999999999998 -5.849680154365345
-0.7999999999999997 -5.653640750472043
-0.6999999999999996 -5.460298173512257
-0.5999999999999995 -5.270517975927882
-0.4999999999999999 -5.085742441808487
-0.3999999999999999 -4.9075420083695
-0.2999999999999998 -4.738070051326236
-0.19999999999999976 -4.58007764082675
-0.09999999999999963 -4.436991970429861
0. -4.3134773309102945
0.10000000000000009 -4.215511691535683
0.20000000000000015 -4.150920796159215
0.3000000000000002 -4.129457059052687
0.40000000000000036 -4.162528921009402
0.5 -4.2635936817229885
0.6000000000000001 -4.447822057465658
0.7000000000000001 -4.733546202895481
0.8000000000000002 -5.143504727303434
0.9000000000000002 -5.706788574151836
1. -6.46028559532488