-2.9999999999999996 -9.081029094226668
-2.8999999999999995 -8.856869962970878
-2.8 -8.639609650902429
-2.6999999999999997 -8.426752378996728
-2.5999999999999996 -8.216425013684113
-2.5 -8.00724341808641
-2.4 -7.798403161860401
-2.2999999999999994 -7.589410213610916
-2.1999999999999997 -7.380012518304642
-2.1 -7.170048646884181
-1.9999999999999996 -6.959464186151209
-1.8999999999999997 -6.7480502754834335
-1.7999999999999996 -6.536057798562787
-1.6999999999999997 -6.323440798151746
-1.5999999999999999 -6.110225444123727
-1.4999999999999998 -5.896688596556192
-1.4 -5.682987455881071
-1.2999999999999996 -5.469618527468856
-1.2 -5.256735394037577
-1.0999999999999999 -5.044964909042676
-0.9999999999999998 -4.835144677730749
-0.8999999999999998 -4.627972772659109
-0.7999999999999997 -4.4244770264263735
-0.6999999999999996 -4.22556052266956
-0.5999999999999995 -4.0320129856230515
-0.4999999999999999 -3.8447700644946092
-0.3999999999999999 -3.664825112792983
-0.2999999999999998 -3.493623539162793
-0.19999999999999976 -3.3330652710537287
-0.09999999999999963 -3.1862101927364397
0. -3.0572912182072223
0.10000000000000009 -2.9523215478485714
0.20000000000000015 -2.879207308957006
0.3000000000000002 -2.8477372237156686
0.40000000000000036 -2.869488946759692
0.5 -2.957596476241879
0.6000000000000001 -3.1269665699913265
0.7000000000000001 -3.3952958208126187
0.8000000000000002 -3.7847132644594996
0.9000000000000002 -4.32364963120041
1. -5.048651019963487