-2.9999999999999996 -10.480265981198594
-2.8999999999999995 -10.180670520695896
-2.8 -9.881276058795203
-2.6999999999999997 -9.582192051595376
-2.5999999999999996 -9.283591232909925
-2.5 -8.985723895611006
-2.4 -8.688998122480541
-2.2999999999999994 -8.394009538264068
-2.1999999999999997 -8.101661358587862
-2.1 -7.81323996097078
-1.9999999999999996 -7.530496728546572
-1.8999999999999997 -7.255637054046602
-1.7999999999999996 -6.991069105771375
-1.6999999999999997 -6.738920646547531
-1.5999999999999999 -6.5003418727113065
-1.4999999999999998 -6.275029230725724
-1.4 -6.06129657241307
-1.2999999999999996 -5.856728721158597
-1.2 -5.658920229029982
-1.0999999999999999 -5.466055503053839
-0.9999999999999998 -5.276973146974174
-0.8999999999999998 -5.091266957920981
-0.7999999999999997 -4.908904836136051
-0.6999999999999996 -4.730403160612699
-0.5999999999999995 -4.5566311722191735
-0.4999999999999999 -4.388919085543845
-0.3999999999999999 -4.229070885473433
-0.2999999999999998 -4.079671320427742
-0.19999999999999976 -3.9441842552745974
-0.09999999999999963 -3.8269564543632426
0. -3.733640179149167
0.10000000000000009 -3.670915782208135
0.20000000000000015 -3.646112591411659
0.3000000000000002 -3.667648726537868
0.40000000000000036 -3.7446708127078696
0.5 -3.8880575262109374
0.6000000000000001 -4.111701326884863
0.7000000000000001 -4.434472365268545
0.8000000000000002 -4.881350851567941
0.9000000000000002 -5.484714669898307
1. -6.286162228118628