-2.9999999999999996 -10.100291537775107
-2.8999999999999995 -9.802694225955348
-2.8 -9.506425304604992
-2.6999999999999997 -9.212196197038413
-2.5999999999999996 -8.921032623853344
-2.5 -8.634394652565245
-2.4 -8.354155585304577
-2.2999999999999994 -8.082536558815647
-2.1999999999999997 -7.821684759575731
-2.1 -7.5730837228544035
-1.9999999999999996 -7.336957250413863
-1.8999999999999997 -7.1120272640856355
-1.7999999999999996 -6.896011455750286
-1.6999999999999997 -6.686353992971646
-1.5999999999999999 -6.480777735909867
-1.4999999999999998 -6.27773330700757
-1.4 -6.076174616221038
-1.2999999999999996 -5.875566273813878
-1.2 -5.675717949022992
-1.0999999999999999 -5.476649187457002
-0.9999999999999998 -5.278464022957379
-0.8999999999999998 -5.08145012154318
-0.7999999999999997 -4.886143856664321
-0.6999999999999996 -4.6931772097624105
-0.5999999999999995 -4.503554181196597
-0.4999999999999999 -4.318460110000289
-0.3999999999999999 -4.139616048644225
-0.2999999999999998 -3.96926233819071
-0.19999999999999976 -3.810342562902948
-0.09999999999999963 -3.666751319416958
0. -3.543412402686362
0.10000000000000009 -3.4468683905908155
0.20000000000000015 -3.384917349259696
0.3000000000000002 -3.3673408258340247
0.40000000000000036 -3.4054212918356597
0.5 -3.512572677032119
0.6000000000000001 -3.704423229304378
0.7000000000000001 -4.0002506282545784
0.8000000000000002 -4.424042799936221
0.9000000000000002 -5.006422944513797
1. -5.785635876480735