-2.9999999999999996 -8.711504734436028
-2.8999999999999995 -8.41500249124525
-2.8 -8.120441594892732
-2.6999999999999997 -7.828760506828445
-2.5999999999999996 -7.541375530431219
-2.5 -7.260083437383646
-2.4 -6.98702544478236
-2.2999999999999994 -6.724276494675465
-2.1999999999999997 -6.47329626073364
-2.1 -6.234315936291051
-1.9999999999999996 -6.006101873520178
-1.8999999999999997 -5.786339269615966
-1.7999999999999996 -5.572514566948757
-1.6999999999999997 -5.36241314387079
-1.5999999999999999 -5.154432418855152
-1.4999999999999998 -4.947595035681529
-1.4 -4.741374826112203
-1.2999999999999996 -4.53553190387728
-1.2 -4.330069419656483
-1.0999999999999999 -4.125084794946986
-0.9999999999999998 -3.9207453490546293
-0.8999999999999998 -3.7173946279203376
-0.7999999999999997 -3.5155781367624748
-0.6999999999999996 -3.3159274710520674
-0.5999999999999995 -3.119411282134787
-0.4999999999999999 -2.927399230587159
-0.3999999999999999 -2.7414184712504097
-0.2999999999999998 -2.563832895262112
-0.19999999999999976 -2.397528271503936
-0.09999999999999963 -2.2465874067966816
0. -2.116124912846217
0.10000000000000009 -2.012698477353313
0.20000000000000015 -1.9446628564917312
0.3000000000000002 -1.9215046380042384
0.40000000000000036 -1.9549637708768712
0.5 -2.0580441460452357
0.6000000000000001 -2.246433402042219
0.7000000000000001 -2.5388060610895544
0.8000000000000002 -2.9590037596956966
0.9000000000000002 -3.5369378133505553
1. -4.310674958470019