-2.9999999999999996 -8.391409452022696
-2.8999999999999995 -8.096295940174086
-2.8 -7.8038238238302675
-2.6999999999999997 -7.515284298942403
-2.5999999999999996 -7.232383752527081
-2.5 -6.957225526522924
-2.4 -6.691969833986436
-2.2999999999999994 -6.438302580304936
-2.1999999999999997 -6.196723751092684
-2.1 -5.9662794444720015
-1.9999999999999996 -5.744816253952356
-1.8999999999999997 -5.529722965455322
-1.7999999999999996 -5.318710498241819
-1.6999999999999997 -5.110019900083172
-1.5999999999999999 -4.9025331644824135
-1.4999999999999998 -4.695622643805008
-1.4 -4.489004706846662
-1.2999999999999996 -4.282591009781197
-1.2 -4.076375814639827
-1.0999999999999999 -3.8705401912031037
-0.9999999999999998 -3.665277422727351
-0.8999999999999998 -3.4609411147296005
-0.7999999999999997 -3.258122871114456
-0.6999999999999996 -3.0574005344821997
-0.5999999999999995 -2.8598653654044823
-0.4999999999999999 -2.6668345051192457
-0.3999999999999999 -2.479862994569789
-0.2999999999999998 -2.3011712016398773
-0.19999999999999976 -2.13402102475636
-0.09999999999999963 -1.9822655320604652
0. -1.8510944294051113
0.10000000000000009 -1.7470985303159772
0.20000000000000015 -1.6784745695791017
0.3000000000000002 -1.65478945821632
0.40000000000000036 -1.687543571583227
0.5 -1.7899790380166882
0.6000000000000001 -1.9775499008632045
0.7000000000000001 -2.268870410716321
0.8000000000000002 -2.687398314202444
0.9000000000000002 -3.262972348553959
1. -4.033347632475497