-2.9999999999999996 -10.333792895041302
-2.8999999999999995 -10.035290758305079
-2.8 -9.73761064912353
-2.6999999999999997 -9.441211282284435
-2.5999999999999996 -9.146773175533355
-2.5 -8.855297228731901
-2.4 -8.568202619472626
-2.2999999999999994 -8.28736559009747
-2.1999999999999997 -8.015011680081848
-2.1 -7.753426377614507
-1.9999999999999996 -7.504320766050114
-1.8999999999999997 -7.268184740561812
-1.7999999999999996 -7.044025994563337
-1.6999999999999997 -6.829693657551345
-1.5999999999999999 -6.622576922798079
-1.4999999999999998 -6.420343965462312
-1.4 -6.221309747714027
-1.2999999999999996 -6.024361362636472
-1.2 -5.828925393752917
-1.0999999999999999 -5.6348138495241615
-0.9999999999999998 -5.442068361242514
-0.8999999999999998 -5.250928614888825
-0.7999999999999997 -5.0618721814900605
-0.6999999999999996 -4.875414651822304
-0.5999999999999995 -4.692688433478393
-0.4999999999999999 -4.5148529112903795
-0.3999999999999999 -4.34370571994496
-0.2999999999999998 -4.181533329322053
-0.19999999999999976 -4.031448219247286
-0.09999999999999963 -3.897151074882586
0. -3.7837723755300856
0.10000000000000009 -3.697296274351231
0.20000000000000015 -3.645461575424487
0.3000000000000002 -3.6373425103270924
0.40000000000000036 -3.683787901984811
0.5 -3.7980716361787255
0.6000000000000001 -3.9959372765161203
0.7000000000000001 -4.296964280069444
0.8000000000000002 -4.725808119113866
0.9000000000000002 -5.313598956186101
1. -6.099417418474374