-2.9999999999999996 -10.484374073834877
-2.8999999999999995 -10.185349228687066
-2.8 -9.88684943348801
-2.6999999999999997 -9.58916808594365
-2.5999999999999996 -9.292756630466833
-2.5 -8.998293770450841
-2.4 -8.706772919250305
-2.2999999999999994 -8.419614497878086
-2.1999999999999997 -8.138689569324644
-2.1 -7.866300197772799
-1.9999999999999996 -7.604801448651764
-1.8999999999999997 -7.356069230935435
-1.7999999999999996 -7.120791177517604
-1.6999999999999997 -6.898161473747774
-1.5999999999999999 -6.686110185041107
-1.4999999999999998 -6.48208484765288
-1.4 -6.283688798672259
-1.2999999999999996 -6.089185699259643
-1.2 -5.897477639809717
-1.0999999999999999 -5.707995593863119
-0.9999999999999998 -5.520606951174194
-0.8999999999999998 -5.335457313344947
-0.7999999999999997 -5.152954003538848
-0.6999999999999996 -4.973723377781857
-0.5999999999999995 -4.798791451319335
-0.4999999999999999 -4.629424835089119
-0.3999999999999999 -4.467542575685634
-0.2999999999999998 -4.315538798985754
-0.19999999999999976 -4.176697240525607
-0.09999999999999963 -4.055230686940856
0. -3.9560665089327043
0.10000000000000009 -3.8854337951310853
0.20000000000000015 -3.8504895424151804
0.3000000000000002 -3.8596287025137697
0.40000000000000036 -3.9227443453364703
0.5 -4.052012610148291
0.6000000000000001 -4.26273673996345
0.7000000000000001 -4.574735263806728
0.8000000000000002 -5.013091976515927
0.9000000000000002 -5.609968627913619
1. -6.405498756372589