-2.9999999999999996 -10.450880887108877
-2.8999999999999995 -10.15175274527702
-2.8 -9.853093383026474
-2.6999999999999997 -9.555170786692637
-2.5999999999999996 -9.258374822636577
-2.5 -8.963322593351997
-2.4 -8.6709070882842
-2.2999999999999994 -8.382426502009107
-2.1999999999999997 -8.099642580825389
-2.1 -7.824726747205728
-1.9999999999999996 -7.560068416771013
-1.8999999999999997 -7.307708159194407
-1.7999999999999996 -7.068691742248573
-1.6999999999999997 -6.842571271173514
-1.5999999999999999 -6.627545914480416
-1.4999999999999998 -6.421103104190988
-1.4 -6.22078997622104
-1.2999999999999996 -6.024685464213633
-1.2 -5.8315575690832775
-1.0999999999999999 -5.640737236814848
-0.9999999999999998 -5.452004813981148
-0.8999999999999998 -5.265481333263536
-0.7999999999999997 -5.0815550018216245
-0.6999999999999996 -4.900813944409065
-0.5999999999999995 -4.7242457800493325
-0.4999999999999999 -4.5531543329216975
-0.3999999999999999 -4.389336732511549
-0.2999999999999998 -4.235326151299046
-0.19999999999999976 -4.094204091454471
-0.09999999999999963 -3.9702118761674523
0. -3.8684128985860546
0.10000000000000009 -3.795075082839906
0.20000000000000015 -3.7573528329244814
0.3000000000000002 -3.763727780590239
0.40000000000000036 -3.824151621562439
0.5 -3.9509658513706265
0.6000000000000001 -4.15951774931585
0.7000000000000001 -4.469562805727676
0.8000000000000002 -4.906034668915754
0.9000000000000002 -5.501178001999023
1. -6.29498398231598