-2.9999999999999996 -10.450227998317903
-2.8999999999999995 -10.150719486836259
-2.8 -9.851465352328098
-2.6999999999999997 -9.552596333801604
-2.5999999999999996 -9.254335111261273
-2.5 -8.95700034344241
-2.4 -8.661099257399563
-2.2999999999999994 -8.367379913925317
-2.1999999999999997 -8.076939936480606
-2.1 -7.791314066021636
-1.9999999999999996 -7.512504426565763
-1.8999999999999997 -7.242845549585294
-1.7999999999999996 -6.984655590619371
-1.6999999999999997 -6.739560755458442
-1.5999999999999999 -6.507897644868011
-1.4999999999999998 -6.288510569406096
-1.4 -6.079168496391337
-1.2999999999999996 -5.877358605003791
-1.2 -5.680947412408127
-1.0999999999999999 -5.4884271853639595
-0.9999999999999998 -5.299014767078703
-0.8999999999999998 -5.112442216512909
-0.7999999999999997 -4.928919942239084
-0.6999999999999996 -4.748940120391706
-0.5999999999999995 -4.5734587512359735
-0.4999999999999999 -4.403742918795931
-0.3999999999999999 -4.241611876765909
-0.2999999999999998 -4.089609714084737
-0.19999999999999976 -3.951059987096581
-0.09999999999999963 -3.8303148117530554
0. -3.73279895927542
0.10000000000000009 -3.6648391123373885
0.20000000000000015 -3.6341252073471586
0.3000000000000002 -3.648647651581562
0.40000000000000036 -3.717954107290442
0.5 -3.8535676055887795
0.6000000000000001 -4.069919965596487
0.7000000000000001 -4.386304849704175
0.8000000000000002 -4.827646907953972
0.9000000000000002 -5.426797596051033
1. -6.22441264758333