-2.9999999999999996 -10.401133627176948
-2.8999999999999995 -10.101702730907073
-2.8 -9.802565233634091
-2.6999999999999997 -9.503884252341805
-2.5999999999999996 -9.20591561210599
-2.5 -8.909040829799347
-2.4 -8.613849327202761
-2.2999999999999994 -8.321205829207221
-2.1999999999999997 -8.03236357635856
-2.1 -7.7490309779024305
-1.9999999999999996 -7.473360386905172
-1.8999999999999997 -7.207706836486413
-1.7999999999999996 -6.954161298994171
-1.6999999999999997 -6.713868497350789
-1.5999999999999999 -6.486505989875148
-1.4999999999999998 -6.270409992352842
-1.4 -6.063101993732251
-1.2999999999999996 -5.862154713930456
-1.2 -5.6656500319138745
-1.0999999999999999 -5.472389435780932
-0.9999999999999998 -5.281761262284173
-0.8999999999999998 -5.093615829078954
-0.7999999999999997 -4.9082269650203205
-0.6999999999999996 -4.726140417412007
-0.5999999999999995 -4.548288514896297
-0.4999999999999999 -4.375963688485695
-0.3999999999999999 -4.210929854471967
-0.2999999999999998 -4.055705878236212
-0.19999999999999976 -3.9135298816333184
-0.09999999999999963 -3.7886304215790996
0. -3.6863323299053685
0.10000000000000009 -3.6129248460940446
0.20000000000000015 -3.5757790350497336
0.3000000000000002 -3.583333416280324
0.40000000000000036 -3.6454537242608662
0.5 -3.7739774596987345
0.6000000000000001 -3.983939890082678
0.7000000000000001 -4.294979496994077
0.8000000000000002 -4.731955684165852
0.9000000000000002 -5.327296798740084
1. -6.121331084630934