-2.9999999999999996 -10.409793813752794
-2.8999999999999995 -10.11034667807682
-2.8 -9.811191064239221
-2.6999999999999997 -9.5124861683005
-2.5999999999999996 -9.214470119688368
-2.5 -8.917526208903569
-2.4 -8.62222742203097
-2.2999999999999994 -8.329421970514247
-2.1999999999999997 -8.040342448630271
-2.1 -7.756670652198958
-1.9999999999999996 -7.480530724654799
-1.8999999999999997 -7.214297613265433
-1.7999999999999996 -6.96009154363385
-1.6999999999999997 -6.719131544040002
-1.5999999999999999 -6.491203866270453
-1.4999999999999998 -6.2746812060301025
-1.4 -6.067153398073908
-1.2999999999999996 -5.866139134438853
-1.2 -5.669698938849037
-1.0999999999999999 -5.476576902310961
-0.9999999999999998 -5.286177285841422
-0.8999999999999998 -5.098309506640858
-0.7999999999999997 -4.913235719476425
-0.6999999999999996 -4.731531425740207
-0.5999999999999995 -4.554073094416981
-0.4999999999999999 -4.382148899179079
-0.3999999999999999 -4.217612322906851
-0.2999999999999998 -4.062898459109483
-0.19999999999999976 -3.921293891438974
-0.09999999999999963 -3.797060613401565
0. -3.6954808672233406
0.10000000000000009 -3.622890394183482
0.20000000000000015 -3.5866868690318294
0.3000000000000002 -3.5952974346134803
0.40000000000000036 -3.658502930613357
0.5 -3.7880522402726595
0.6000000000000001 -3.9989706936081766
0.7000000000000001 -4.310697142668329
0.8000000000000002 -4.748315419285174
0.9000000000000002 -5.3441618439095295
1. -6.138740749161682