-2.9999999999999996 -10.315014775026492
-2.8999999999999995 -10.042868139749794
-2.8 -9.781464510550848
-2.6999999999999997 -9.53236003612173
-2.5999999999999996 -9.29589535867798
-2.5 -9.070885036539016
-2.4 -8.855024981059719
-2.2999999999999994 -8.645685760014961
-2.1999999999999997 -8.440520463436997
-2.1 -8.237758794464623
-1.9999999999999996 -8.03624654636467
-1.8999999999999997 -7.83527642680133
-1.7999999999999996 -7.634456048561823
-1.6999999999999997 -7.433574800736008
-1.5999999999999999 -7.232560347279499
-1.4999999999999998 -7.031306408148198
-1.4 -6.829848384029834
-1.2999999999999996 -6.628295204735009
-1.2 -6.426982092528569
-1.0999999999999999 -6.226019570277158
-0.9999999999999998 -6.0258584022596855
-0.8999999999999998 -5.826975864191518
-0.7999999999999997 -5.629948531535709
-0.6999999999999996 -5.4356184427872485
-0.5999999999999995 -5.2448887005428055
-0.4999999999999999 -5.059222837172043
-0.3999999999999999 -4.880167552615987
-0.2999999999999998 -4.709942154553853
-0.19999999999999976 -4.551265174742749
-0.09999999999999963 -4.407583759992382
0. -4.283483150645018
0.10000000000000009 -4.1849136070308175
0.20000000000000015 -4.119745244095654
0.3000000000000002 -4.097605980245099
0.40000000000000036 -4.130038941573847
0.5 -4.230386966030183
0.6000000000000001 -4.413866339408777
0.7000000000000001 -4.69870029162369
0.8000000000000002 -5.107646121809666
0.9000000000000002 -5.669719823353057
1. -6.421798735400018