-2.9999999999999996 -8.63738538617027
-2.8999999999999995 -8.421933912630768
-2.8 -8.210081619763242
-2.6999999999999997 -8.000099226014683
-2.5999999999999996 -7.790882261563915
-2.5 -7.581782024383816
-2.4 -7.372363325418291
-2.2999999999999994 -7.162446643967229
-2.1999999999999997 -6.951903029938381
-2.1 -6.740531465011985
-1.9999999999999996 -6.5285336490465005
-1.8999999999999997 -6.315718866524043
-1.7999999999999996 -6.102289253092282
-1.6999999999999997 -5.888260575945322
-1.5999999999999999 -5.6738302542105234
-1.4999999999999998 -5.459260251945493
-1.4 -5.24486836539419
-1.2999999999999996 -5.030993708311709
-1.2 -4.8182444537283216
-1.0999999999999999 -4.607346372328216
-0.9999999999999998 -4.399051328397533
-0.8999999999999998 -4.19408776672691
-0.7999999999999997 -3.9932030659742406
-0.6999999999999996 -3.796989307473866
-0.5999999999999995 -3.606011435394363
-0.4999999999999999 -3.4208537493463
-0.3999999999999999 -3.242264036836649
-0.2999999999999998 -3.071594335392827
-0.19999999999999976 -2.910936186316964
-0.09999999999999963 -2.763340062739671
0. -2.6332834958944176
0.10000000000000009 -2.5268445896976353
0.20000000000000015 -2.4519171968913187
0.3000000000000002 -2.4182859559845444
0.40000000000000036 -2.4374817449086645
0.5 -2.5225600818850515
0.6000000000000001 -2.6883757377152055
0.7000000000000001 -2.9525403412824938
0.8000000000000002 -3.337092935447778
0.9000000000000002 -3.870420372105884
1. -4.589080413303279