-2.9999999999999996 -10.486348183000484
-2.8999999999999995 -10.191895599251062
-2.8 -9.900427919081494
-2.6999999999999997 -9.613383595202379
-2.5999999999999996 -9.332668506270933
-2.5 -9.060562049405899
-2.4 -8.799395591381037
-2.2999999999999994 -8.550945196083624
-2.1999999999999997 -8.315762230288726
-2.1 -8.0928726301016
-1.9999999999999996 -7.880115437322499
-1.8999999999999997 -7.674835891666859
-1.7999999999999996 -7.4746205096303715
-1.6999999999999997 -7.277644856780813
-1.5999999999999999 -7.082720965334347
-1.4999999999999998 -6.889147897632769
-1.4 -6.696569743927459
-1.2999999999999996 -6.504837851872828
-1.2 -6.313984244240137
-1.0999999999999999 -6.124121082635569
-0.9999999999999998 -5.935473751128141
-0.8999999999999998 -5.748509761917585
-0.7999999999999997 -5.5637338392243825
-0.6999999999999996 -5.381944819565411
-0.5999999999999995 -5.204286227129537
-0.4999999999999999 -5.031960774353476
-0.3999999999999999 -4.8665969477234166
-0.2999999999999998 -4.710339075577754
-0.19999999999999976 -4.565903723149537
-0.09999999999999963 -4.436778349009879
0. -4.32743378214278
0.10000000000000009 -4.243812073966015
0.20000000000000015 -4.193522847555797
0.3000000000000002 -4.185983363744471
0.40000000000000036 -4.232656550202171
0.5 -4.34716835402104
0.6000000000000001 -4.5453990877383506
0.7000000000000001 -4.846591593840985
0.8000000000000002 -5.274637422716224
0.9000000000000002 -5.859828586244565
1. -6.640298934372651