-2.9999999999999996 -10.484953388783312
-2.8999999999999995 -10.18634809065499
-2.8 -9.888504109694257
-2.6999999999999997 -9.591856817970266
-2.5999999999999996 -9.29703259414429
-2.5 -9.004986661050934
-2.4 -8.717068550402033
-2.2999999999999994 -8.43508758960891
-2.1999999999999997 -8.161295459403506
-2.1 -7.898052941327404
-1.9999999999999996 -7.647342200444191
-1.8999999999999997 -7.41004357125386
-1.7999999999999996 -7.185516711168552
-1.6999999999999997 -6.971828084030602
-1.5999999999999999 -6.766403393852663
-1.4999999999999998 -6.5668016446277395
-1.4 -6.37111778114026
-1.2999999999999996 -6.178152966760408
-1.2 -5.987226410714329
-1.0999999999999999 -5.798054706024563
-0.9999999999999998 -5.610696073106161
-0.8999999999999998 -5.425362157101387
-0.7999999999999997 -5.242510343075883
-0.6999999999999996 -5.062828640490397
-0.5999999999999995 -4.887282567508578
-0.4999999999999999 -4.717232676845328
-0.3999999999999999 -4.554553517979609
-0.2999999999999998 -4.40160421634718
-0.19999999999999976 -4.2615816355552285
-0.09999999999999963 -4.138436649113027
0. -4.037117045583173
0.10000000000000009 -3.963556465081392
0.20000000000000015 -3.924936213829457
0.3000000000000002 -3.92981370597142
0.40000000000000036 -3.988362689741705
0.5 -4.113513028462305
0.6000000000000001 -4.320708185772019
0.7000000000000001 -4.629816281692246
0.8000000000000002 -5.065923311228467
0.9000000000000002 -5.660690040179527
1. -6.453704716150913