-2.9999999999999996 -10.22174472238357
-2.8999999999999995 -9.923688599634776
-2.8 -9.626709456111195
-2.6999999999999997 -9.331382902695196
-2.5999999999999996 -9.03857934714536
-2.5 -8.749537311767952
-2.4 -8.465940563550014
-2.2999999999999994 -8.18988769942914
-2.1999999999999997 -7.923656199170953
-2.1 -7.66919571090854
-1.9999999999999996 -7.4274630889432105
-1.8999999999999997 -7.197966292268573
-1.7999999999999996 -6.978881088950527
-1.6999999999999997 -6.767666502963424
-1.5999999999999999 -6.5618558870966375
-1.4999999999999998 -6.359472071621686
-1.4 -6.159248454621216
-1.2999999999999996 -5.960421081461561
-1.2 -5.762634729975555
-1.0999999999999999 -5.565794202359166
-0.9999999999999998 -5.370076126006265
-0.8999999999999998 -5.175681561129117
-0.7999999999999997 -4.9830911328403875
-0.6999999999999996 -4.79298104120417
-0.5999999999999995 -4.606319981539531
-0.4999999999999999 -4.424374968389289
-0.3999999999999999 -4.248710845871153
-0.2999999999999998 -4.081858740451065
-0.19999999999999976 -3.926578156470784
-0.09999999999999963 -3.7867645881402705
0. -3.6674623312985486
0.10000000000000009 -3.5749030049277115
0.20000000000000015 -3.5168064325847044
0.3000000000000002 -3.502725982747687
0.40000000000000036 -3.543767228155999
0.5 -3.6536123046413365
0.6000000000000001 -3.84764859327401
0.7000000000000001 -4.145428995681705
0.8000000000000002 -4.571270409000547
0.9000000000000002 -5.155859306145412
1. -5.937865064482923