-2.9999999999999996 -10.259623373964496
-2.8999999999999995 -9.99088325145085
-2.8 -9.733466316212857
-2.6999999999999997 -9.488545694236302
-2.5999999999999996 -9.255872182978171
-2.5 -9.033796925412156
-2.4 -8.819811858071919
-2.2999999999999994 -8.61134280672251
-2.1999999999999997 -8.406225137627398
-2.1 -8.202940289936377
-1.9999999999999996 -8.000516467220807
-1.8999999999999997 -7.798401362199347
-1.7999999999999996 -7.596269819609548
-1.6999999999999997 -7.393957270204292
-1.5999999999999999 -7.191366694207908
-1.4999999999999998 -6.988473099727193
-1.4 -6.785284120778005
-1.2999999999999996 -6.581990410262528
-1.2 -6.378833918337728
-1.0999999999999999 -6.176033042117551
-0.9999999999999998 -5.9739615810076385
-0.8999999999999998 -5.773185919405874
-0.7999999999999997 -5.574403656358141
-0.6999999999999996 -5.3782041141221475
-0.5999999999999995 -5.185785508399108
-0.4999999999999999 -4.998483359207855
-0.3999999999999999 -4.8180118476349225
-0.2999999999999998 -4.646558016791817
-0.19999999999999976 -4.486718040670096
-0.09999999999999963 -4.342087118733484
0. -4.21701545813777
0.10000000000000009 -4.117413675001389
0.20000000000000015 -4.051203658464345
0.3000000000000002 -4.027934465429022
0.40000000000000036 -4.05917051485914
0.5 -4.158203624758564
0.6000000000000001 -4.34023483207293
0.7000000000000001 -4.6234246359584095
0.8000000000000002 -5.030450170918422
0.9000000000000002 -5.590255738080276
1. -6.339658030236161