-2.9999999999999996 -10.39439229869333
-2.8999999999999995 -10.116237258812612
-2.8 -9.847406339229043
-2.6999999999999997 -9.590028752831186
-2.5999999999999996 -9.345383543957743
-2.5 -9.11338594985433
-2.4 -8.892484760274568
-2.2999999999999994 -8.680193923204245
-2.1999999999999997 -8.473882144758335
-2.1 -8.271334986099893
-1.9999999999999996 -8.07100244612576
-1.8999999999999997 -7.871832665558712
-1.7999999999999996 -7.673247235559261
-1.6999999999999997 -7.474909741689289
-1.5999999999999999 -7.276654736229961
-1.4999999999999998 -7.0783765619608845
-1.4 -6.88005971352418
-1.2999999999999996 -6.681894167381128
-1.2 -6.483973977932025
-1.0999999999999999 -6.286515330192563
-0.9999999999999998 -6.090007692954844
-0.8999999999999998 -5.894814045781008
-0.7999999999999997 -5.701595636708763
-0.6999999999999996 -5.5110838154570905
-0.5999999999999995 -5.3241490819034505
-0.4999999999999999 -5.142119797568564
-0.3999999999999999 -4.9664897943367
-0.2999999999999998 -4.7994329047408675
-0.19999999999999976 -4.643600185093668
-0.09999999999999963 -4.5025248412514465
0. -4.381006587200179
0.10000000000000009 -4.28490080254971
0.20000000000000015 -4.222122065026803
0.3000000000000002 -4.202527181543468
0.40000000000000036 -4.237640870639286
0.5 -4.340752328010977
0.6000000000000001 -4.527267803646727
0.7000000000000001 -4.81551592263747
0.8000000000000002 -5.228408868189187
0.9000000000000002 -5.7951576810227765
1. -6.552770770010004