-2.9999999999999996 -8.803795451904884
-2.8999999999999995 -8.514847049875007
-2.8 -8.231354876370244
-2.6999999999999997 -7.955369724648014
-2.5999999999999996 -7.689036413743847
-2.5 -7.434030046830189
-2.4 -7.1910317198308515
-2.2999999999999994 -6.959191777038848
-2.1999999999999997 -6.736538455075996
-2.1 -6.520520459424557
-1.9999999999999996 -6.308725003560176
-1.8999999999999997 -6.099373098416096
-1.7999999999999996 -5.891218393837478
-1.6999999999999997 -5.683551787117513
-1.5999999999999999 -5.475988667113909
-1.4999999999999998 -5.268341100809835
-1.4 -5.060565253789938
-1.2999999999999996 -4.85273128267321
-1.2 -4.644889952487391
-1.0999999999999999 -4.43735859293244
-0.9999999999999998 -4.230242090916463
-0.8999999999999998 -4.024053789056621
-0.7999999999999997 -3.8193276198390196
-0.6999999999999996 -3.6170228158950724
-0.5999999999999995 -3.417927826705496
-0.4999999999999999 -3.2234216842458823
-0.3999999999999999 -3.0352472292547756
-0.2999999999999998 -2.8559371297642655
-0.19999999999999976 -2.688478637197637
-0.09999999999999963 -2.5367944026329665
0. -2.406003734931532
0.10000000000000009 -2.302294390499467
0.20000000000000015 -2.2335162153951225
0.3000000000000002 -2.2093033799238038
0.40000000000000036 -2.2410291875991035
0.5 -2.3417752226400115
0.6000000000000001 -2.526865167876956
0.7000000000000001 -2.814703397197743
0.8000000000000002 -3.22830268842485
0.9000000000000002 -3.797116588470622
1. -4.55840721219231