-2.9999999999999996 -10.485029915476057
-2.8999999999999995 -10.186481744908063
-2.8 -9.888737057173731
-2.6999999999999997 -9.59223027338487
-2.5999999999999996 -9.297633323759941
-2.5 -9.005921995256086
-2.4 -8.718495057589196
-2.2999999999999994 -8.437217393342339
-2.1999999999999997 -8.164355687861448
-2.1 -7.902275334523965
-1.9999999999999996 -7.652868994983337
-1.8999999999999997 -7.416870010087301
-1.7999999999999996 -7.1934941742842495
-1.6999999999999997 -6.980713772060393
-1.5999999999999999 -6.775923612440259
-1.4999999999999998 -6.576718039726633
-1.4 -6.3812758047168066
-1.2999999999999996 -6.188429061522656
-1.2 -5.997574617567957
-1.0999999999999999 -5.808424604279819
-0.9999999999999998 -5.621052039740655
-0.8999999999999998 -5.435706055010971
-0.7999999999999997 -5.252770336856148
-0.6999999999999996 -5.073045102214289
-0.5999999999999995 -4.897450744544959
-0.4999999999999999 -4.727315864124958
-0.3999999999999999 -4.564547251732536
-0.2999999999999998 -4.411501770365556
-0.19999999999999976 -4.2713177261915725
-0.09999999999999963 -4.147980991491043
0. -4.046407357531339
0.10000000000000009 -3.9725625888461256
0.20000000000000015 -3.9335658521757284
0.3000000000000002 -3.9378765542206993
0.40000000000000036 -3.996025784393074
0.5 -4.120692633379492
0.6000000000000001 -4.327479470807202
0.7000000000000001 -4.636368277966691
0.8000000000000002 -5.0722175387955515
0.9000000000000002 -5.666724908417969
1. -6.459460217237735