-2.9999999999999996 -8.888305943197452
-2.8999999999999995 -8.668525706782324
-2.8 -8.454109530114854
-2.6999999999999997 -8.242829296208262
-2.5999999999999996 -8.03320804757121
-2.5 -7.824152960092192
-2.4 -7.615128454956528
-2.2999999999999994 -7.405744175569533
-2.1999999999999997 -7.195873547408387
-2.1 -6.985346668964702
-1.9999999999999996 -6.7740549242952
-1.8999999999999997 -6.562039199364603
-1.7999999999999996 -6.349399444269179
-1.6999999999999997 -6.13606613056721
-1.5999999999999999 -5.922257547535196
-1.4999999999999998 -5.70827824053113
-1.4 -5.494177356314822
-1.2999999999999996 -5.2804349805711475
-1.2 -5.067443378717959
-1.0999999999999999 -4.856000897102014
-0.9999999999999998 -4.646631672250151
-0.8999999999999998 -4.440297598336354
-0.7999999999999997 -4.237856859479536
-0.6999999999999996 -4.040109207596136
-0.5999999999999995 -3.847676588482845
-0.4999999999999999 -3.66139190778649
-0.3999999999999999 -3.4821610843732884
-0.2999999999999998 -3.311271250027718
-0.19999999999999976 -3.1507120847208636
-0.09999999999999963 -3.0035978781426045
0. -2.8742100214987247
0.10000000000000009 -2.7686281339568257
0.20000000000000015 -2.694710232949554
0.3000000000000002 -2.6623036931789135
0.40000000000000036 -2.68293606822876
0.5 -2.769720569478846
0.6000000000000001 -2.937536565996715
0.7000000000000001 -3.204036543176052
0.8000000000000002 -3.5913070364982618
0.9000000000000002 -4.127752740376146
1. -4.849919672694344