1.e-10,1.e-6,0.0009746899728973965
1.e-10,2.5118864315095823e-6,0.005535448064638578
1.e-10,6.30957344480193e-6,0.03115464460492678
1.e-10,0.00001584893192461114,0.1743198628956025
1.e-10,0.000039810717055349695,0.9375320306995828
1.e-10,0.0001,4.550545815661671
1.778279410038923e-10,1.e-6,0.0017332737925175729
1.778279410038923e-10,2.5118864315095823e-6,0.00984359836248197
1.778279410038923e-10,6.30957344480193e-6,0.05540176082150267
1.778279410038923e-10,0.00001584893192461114,0.30999022009801497
1.778279410038923e-10,0.000039810717055349695,1.6671866524192096
1.778279410038923e-10,0.0001,8.092176163337355
3.1622776601683795e-10,1.e-6,0.0030822553652812023
3.1622776601683795e-10,2.5118864315095823e-6,0.01750466439126523
3.1622776601683795e-10,6.30957344480193e-6,0.09851931017789008
3.1622776601683795e-10,0.00001584893192461114,0.551256306309942
3.1622776601683795e-10,0.000039810717055349695,2.9647737868456905
3.1622776601683795e-10,0.0001,14.390405549195883
5.623413251903491e-10,1.e-6,0.0054810779321967235
5.623413251903491e-10,2.5118864315095823e-6,0.031127989951649275
5.623413251903491e-10,6.30957344480193e-6,0.1751955123294917
5.623413251903491e-10,0.00001584893192461114,0.9802786359721698
5.623413251903491e-10,0.000039810717055349695,5.272062774610903
5.623413251903491e-10,0.0001,25.590751162111907
1.e-9,1.e-6,0.009746916979963324
1.e-9,2.5118864315095823e-6,0.055354701550115876
1.e-9,6.30957344480193e-6,0.31154554430316067
1.e-9,0.00001584893192461114,1.7432175862802162
1.e-9,0.000039810717055349695,9.375185877413164
1.e-9,0.0001,45.50575248147577
1.7782794100389228e-9,1.e-6,0.017332728266156935
1.7782794100389228e-9,2.5118864315095823e-6,0.0984359988564814
1.7782794100389228e-9,6.30957344480193e-6,0.554013964038564
1.7782794100389228e-9,0.00001584893192461114,3.099924904375514
1.7782794100389228e-9,0.000039810717055349695,16.671506097279995
1.7782794100389228e-9,0.0001,80.92297132112024
3.1622776601683795e-9,1.e-6,0.030822465334687944
3.1622776601683795e-9,2.5118864315095823e-6,0.1750461974438485
3.1622776601683795e-9,6.30957344480193e-6,0.9851978878855393
3.1622776601683795e-9,0.00001584893192461114,5.512503286667053
3.1622776601683795e-9,0.000039810717055349695,29.647541015271774
3.1622776601683795e-9,0.0001,143.90392722824626
5.623413251903491e-9,1.e-6,0.05481084487892998
5.623413251903491e-9,2.5118864315095823e-6,0.3112794432643028
5.623413251903491e-9,6.30957344480193e-6,1.7519574751228486
5.623413251903491e-9,0.00001584893192461114,9.802907897824712
5.623413251903491e-9,0.000039810717055349695,52.72151240488949
5.623413251903491e-9,0.0001,255.9031216122287
1.e-8,1.e-6,0.09746926757502465
1.e-8,2.5118864315095823e-6,0.5535454613449405
1.e-8,6.30957344480193e-6,3.115463526013441
1.e-8,0.00001584893192461114,17.432107531656605
1.e-8,0.000039810717055349695,93.754242690938
1.e-8,0.0001,455.0668321396366
1.7782794100389228e-8,1.e-6,0.17332805915048416
1.7782794100389228e-8,2.5118864315095823e-6,0.9843533113112414
1.7782794100389228e-8,6.30957344480193e-6,5.540146640269616
1.7782794100389228e-8,0.00001584893192461114,30.999034515693072
1.7782794100389228e-8,0.000039810717055349695,166.7158200863077
1.7782794100389228e-8,0.0001,809.2663031345274
3.162277660168379e-8,1.e-6,0.30822552563333144
3.162277660168379e-8,2.5118864315095823e-6,1.7504564581217419
3.162277660168379e-8,6.30957344480193e-6,9.85197417449636
3.162277660168379e-8,0.00001584893192461114,55.125186369392345
3.162277660168379e-8,0.000039810717055349695,296.47009531321237
3.162277660168379e-8,0.0001,1439.007615862594
5.6234132519034905e-8,1.e-6,0.5481091160159094
5.6234132519034905e-8,2.5118864315095823e-6,3.1128084700745235
5.6234132519034905e-8,6.30957344480193e-6,17.519544002556422
5.6234132519034905e-8,0.00001584893192461114,98.02793852359123
5.6234132519034905e-8,0.000039810717055349695,527.206044874057
5.6234132519034905e-8,0.0001,2559.0303174795304
1.e-7,1.e-6,0.9746926378932739
1.e-7,2.5118864315095823e-6,5.535459172522016
1.e-7,6.30957344480193e-6,31.15441040752995
1.e-7,0.00001584893192461114,174.3223337156015
1.e-7,0.000039810717055349695,937.523041166741
1.e-7,0.0001,4550.492073691185
1.7782794100389227e-7,1.e-6,1.7332745197789492
1.7782794100389227e-7,2.5118864315095823e-6,9.843580596075576
1.7782794100389227e-7,6.30957344480193e-6,55.401663932291804
1.7782794100389227e-7,0.00001584893192461114,309.9932350085672
1.7782794100389227e-7,0.000039810717055349695,1667.2087728811057
1.7782794100389227e-7,0.0001,8092.280466316208
3.162277660168379e-7,1.e-6,3.082245359428252
3.162277660168379e-7,2.5118864315095823e-6,17.50453169980428
3.162277660168379e-7,6.30957344480193e-6,98.52002754218228
3.162277660168379e-7,0.00001584893192461114,551.2585792096297
3.162277660168379e-7,0.000039810717055349695,2964.7449367640866
3.162277660168379e-7,0.0001,14390.74080780543
5.62341325190349e-7,1.e-6,5.481090298857344
5.62341325190349e-7,2.5118864315095823e-6,31.128169843814565
5.62341325190349e-7,6.30957344480193e-6,175.19503703081256
5.62341325190349e-7,0.00001584893192461114,980.2719945549255
5.62341325190349e-7,0.000039810717055349695,5272.209045723676
5.62341325190349e-7,0.0001,25589.701466308205
1.e-6,1.e-6,9.746844447758628
1.e-6,2.5118864315095823e-6,55.354597752317844
1.e-6,6.30957344480193e-6,311.54648486133124
1.e-6,0.00001584893192461114,1743.2129999084555
1.e-6,0.000039810717055349695,9375.252134709997
1.e-6,0.0001,45506.39823070647
1.778279410038923e-6,1.e-6,17.332712314454696
1.778279410038923e-6,2.5118864315095823e-6,98.43558304881522
1.778279410038923e-6,6.30957344480193e-6,554.017093132964
1.778279410038923e-6,0.00001584893192461114,3099.913581113257
1.778279410038923e-6,0.000039810717055349695,16671.59377332625
1.778279410038923e-6,0.0001,80920.56988225202
3.162277660168379e-6,1.e-6,30.82234889251604
3.162277660168379e-6,2.5118864315095823e-6,175.04626962198097
3.162277660168379e-6,6.30957344480193e-6,985.1944607599106
3.162277660168379e-6,0.00001584893192461114,5512.515157289523
3.162277660168379e-6,0.000039810717055349695,29648.055976304226
3.162277660168379e-6,0.0001,143903.22861449764
5.623413251903491e-6,1.e-6,54.81041825291371
5.623413251903491e-6,2.5118864315095823e-6,311.2781785841213
5.623413251903491e-6,6.30957344480193e-6,1751.9453094013288
5.623413251903491e-6,0.00001584893192461114,9802.649598638216
5.623413251903491e-6,0.000039810717055349695,52721.17605697334
5.623413251903491e-6,0.0001,255900.38683790967
0.00001,1.e-6,97.4686554728483
0.00001,2.5118864315095823e-6,553.5413414583447
0.00001,6.30957344480193e-6,3115.4312506900783
0.00001,0.00001584893192461114,17431.938246491987
0.00001,0.000039810717055349695,93753.01684027001
0.00001,0.0001,455052.88069973787
0.00001778279410038923,1.e-6,173.3253511459651
0.00001778279410038923,2.5118864315095823e-6,984.3446376908956
0.00001778279410038923,6.30957344480193e-6,5540.099075955991
0.00001778279410038923,0.00001584893192461114,30998.690283249147
0.00001778279410038923,0.000039810717055349695,166719.10333676424
0.00001778279410038923,0.0001,809203.4420780726
0.000031622776601683795,1.e-6,308.21795172871316
0.000031622776601683795,2.5118864315095823e-6,1750.4273358907526
0.000031622776601683795,6.30957344480193e-6,9851.759256812667
0.000031622776601683795,0.00001584893192461114,55123.8380717773
0.000031622776601683795,0.000039810717055349695,296464.560068339
0.000031622776601683795,0.0001,1.4390632028436544e6
0.00005623413251903491,1.e-6,548.0902507829064
0.00005623413251903491,2.5118864315095823e-6,3112.6840836791193
0.00005623413251903491,6.30957344480193e-6,17518.94148125167
0.00005623413251903491,0.00001584893192461114,98023.6843900248
0.00005623413251903491,0.000039810717055349695,527175.9137657495
0.00005623413251903491,0.0001,2.5588557509338213e6
0.0001,1.e-6,974.6276710825109
0.0001,2.5118864315095823e-6,5535.085914716718
0.0001,6.30957344480193e-6,31152.55556362912
0.0001,0.00001584893192461114,174312.1266420816
0.0001,0.000039810717055349695,937465.6744182395
0.0001,0.0001,4.550157871444409e6
