1.e-14,1.e-6,9.645767411471346e-7
1.e-14,2.5118864315095823e-6,5.419606190781464e-6
1.e-14,6.30957344480193e-6,0.000030004154665170715
1.e-14,0.00001584893192461114,0.00015533121164027655
1.e-14,0.000039810717055349695,0.0007145395670747143
1.e-14,0.0001,0.003034195091048693
1.7782794100389227e-14,1.e-6,1.715303269435965e-6
1.7782794100389227e-14,2.5118864315095823e-6,9.637588659091626e-6
1.7782794100389227e-14,6.30957344480193e-6,0.000053355810141660476
1.7782794100389227e-14,0.00001584893192461114,0.0002762190513863515
1.7782794100389227e-14,0.000039810717055349695,0.0012706613485195227
1.7782794100389227e-14,0.0001,0.005395864146645991
3.1622776601683796e-14,1.e-6,3.0502779426853162e-6
3.1622776601683796e-14,2.5118864315095823e-6,0.00001713842229173448
3.1622776601683796e-14,6.30957344480193e-6,0.00009488121005184295
3.1622776601683796e-14,0.00001584893192461114,0.0004911902481832677
3.1622776601683796e-14,0.000039810717055349695,0.002259656342915405
3.1622776601683796e-14,0.0001,0.009594950236893102
5.6234132519034906e-14,1.e-6,5.4242530598415916e-6
5.6234132519034906e-14,2.5118864315095823e-6,0.000030477041534523674
5.6234132519034906e-14,6.30957344480193e-6,0.00016872503473461392
5.6234132519034906e-14,0.00001584893192461114,0.0008734907528646361
5.6234132519034906e-14,0.000039810717055349695,0.004018282867811921
5.6234132519034906e-14,0.0001,0.017061929098485747
1.e-13,1.e-6,9.645848086629854e-6
1.e-13,2.5118864315095823e-6,0.00005419634573138891
1.e-13,6.30957344480193e-6,0.00030004221811407144
1.e-13,0.00001584893192461114,0.0015533037994356037
1.e-13,0.000039810717055349695,0.007145396103655826
1.e-13,0.0001,0.030341167183419254
1.7782794100389227e-13,1.e-6,0.00001715304004796021
1.7782794100389227e-13,2.5118864315095823e-6,0.0000963770131643157
1.7782794100389227e-13,6.30957344480193e-6,0.0005335653148313248
1.7782794100389227e-13,0.00001584893192461114,0.00276217127839115
1.7782794100389227e-13,0.000039810717055349695,0.01270681887124661
1.7782794100389227e-13,0.0001,0.05395587609086442
3.162277660168379e-13,1.e-6,0.000030502835691097632
3.162277660168379e-13,2.5118864315095823e-6,0.00017138436514846207
3.162277660168379e-13,6.30957344480193e-6,0.0009488135475012228
3.162277660168379e-13,0.00001584893192461114,0.004911860023955971
3.162277660168379e-13,0.000039810717055349695,0.022596623661688752
3.162277660168379e-13,0.0001,0.09594642784736938
5.62341325190349e-13,1.e-6,0.00005424259996537049
5.62341325190349e-13,2.5118864315095823e-6,0.0003047679456301881
5.62341325190349e-13,6.30957344480193e-6,0.0016872894105699383
5.62341325190349e-13,0.00001584893192461114,0.008734777624588855
5.62341325190349e-13,0.000039810717055349695,0.04018135120514627
5.62341325190349e-13,0.0001,0.17062357324036495
1.e-12,1.e-6,0.00009645844304179965
1.e-12,2.5118864315095823e-6,0.0005419668974245326
1.e-12,6.30957344480193e-6,0.003000444008320728
1.e-12,0.00001584893192461114,0.015533001710988011
1.e-12,0.000039810717055349695,0.07145441130151209
1.e-12,0.0001,0.3034113372187036
1.7782794100389228e-12,1.e-6,0.0001715298032821884
1.7782794100389228e-12,2.5118864315095823e-6,0.0009637636095197378
1.7782794100389228e-12,6.30957344480193e-6,0.005335659691822469
1.7782794100389228e-12,0.00001584893192461114,0.027621261987783027
1.7782794100389228e-12,0.000039810717055349695,0.12706988700034536
1.7782794100389228e-12,0.0001,0.5395804724717219
3.1622776601683794e-12,1.e-6,0.000305027510537086
3.1622776601683794e-12,2.5118864315095823e-6,0.0017138532490257109
3.1622776601683794e-12,6.30957344480193e-6,0.0094880980050571
3.1622776601683794e-12,0.00001584893192461114,0.04912030269190222
3.1622776601683794e-12,0.000039810717055349695,0.22596346994666816
3.1622776601683794e-12,0.0001,0.9595334911125217
5.6234132519034904e-12,1.e-6,0.0005424249695131961
5.6234132519034904e-12,2.5118864315095823e-6,0.003047684869137786
5.6234132519034904e-12,6.30957344480193e-6,0.01687260042704173
5.6234132519034904e-12,0.00001584893192461114,0.08734907997363454
5.6234132519034904e-12,0.000039810717055349695,0.40184313196233357
5.6234132519034904e-12,0.0001,1.7062739388868076
1.e-11,1.e-6,0.0009645820715611916
1.e-11,2.5118864315095823e-6,0.005419674228384579
1.e-11,6.30957344480193e-6,0.030004015755980346
1.e-11,0.00001584893192461114,0.155330160777167
1.e-11,0.000039810717055349695,0.7145463460030904
1.e-11,0.0001,3.0342251695461844
1.7782794100389227e-11,1.e-6,0.001715296848599919
1.7782794100389227e-11,2.5118864315095823e-6,0.00963769611745232
1.7782794100389227e-11,6.30957344480193e-6,0.05335615570216044
1.7782794100389227e-11,0.00001584893192461114,0.2762311181691752
1.7782794100389227e-11,0.000039810717055349695,1.270667368752079
1.7782794100389227e-11,0.0001,5.395695940127973
3.1622776601683794e-11,1.e-6,0.0030502872195786106
3.1622776601683794e-11,2.5118864315095823e-6,0.017138436347148553
3.1622776601683794e-11,6.30957344480193e-6,0.0948820141858813
3.1622776601683794e-11,0.00001584893192461114,0.49119603717663046
3.1622776601683794e-11,0.000039810717055349695,2.2596514763705993
3.1622776601683794e-11,0.0001,9.59530527277719
5.6234132519034906e-11,1.e-6,0.005424264083540389
5.6234132519034906e-11,2.5118864315095823e-6,0.03047670925123368
5.6234132519034906e-11,6.30957344480193e-6,0.16872628547718677
5.6234132519034906e-11,0.00001584893192461114,0.8735127452910393
5.6234132519034906e-11,0.000039810717055349695,4.018174101753459
5.6234132519034906e-11,0.0001,17.06250400325512
1.e-10,1.e-6,0.009645817353588429
1.e-10,2.5118864315095823e-6,0.05419629039110052
1.e-10,6.30957344480193e-6,0.30004508975110517
1.e-10,0.00001584893192461114,1.553351261477823
1.e-10,0.000039810717055349695,7.145813159177332
1.e-10,0.0001,30.34307791814389
1.778279410038923e-10,1.e-6,0.017152905926716745
1.778279410038923e-10,2.5118864315095823e-6,0.09637668607299311
1.778279410038923e-10,6.30957344480193e-6,0.5335599955842942
1.778279410038923e-10,0.00001584893192461114,2.762175532168578
1.778279410038923e-10,0.000039810717055349695,12.707019649275944
1.778279410038923e-10,0.0001,53.95693455493944
3.1622776601683795e-10,1.e-6,0.03050272762282527
3.1622776601683795e-10,2.5118864315095823e-6,0.17138324924826887
3.1622776601683795e-10,6.30957344480193e-6,0.9488195508949036
3.1622776601683795e-10,0.00001584893192461114,4.912038872071995
3.1622776601683795e-10,0.000039810717055349695,22.597231200718277
3.1622776601683795e-10,0.0001,95.95141107852335
5.623413251903491e-10,1.e-6,0.054242687428289436
5.623413251903491e-10,2.5118864315095823e-6,0.30476938713140306
5.623413251903491e-10,6.30957344480193e-6,1.6872917635650497
5.623413251903491e-10,0.00001584893192461114,8.73497911461069
5.623413251903491e-10,0.000039810717055349695,40.18251293263031
5.623413251903491e-10,0.0001,170.6217324456086
1.e-9,1.e-6,0.0964585205009
1.e-9,2.5118864315095823e-6,0.5419654344060981
1.e-9,6.30957344480193e-6,3.0004245077378697
1.e-9,0.00001584893192461114,15.53326833579576
1.e-9,0.000039810717055349695,71.45760194287082
1.e-9,0.0001,303.42515904361727
