1.e-10,1.e-6,0.001617466810340047
1.e-10,2.5118864315095823e-6,0.008796505612700994
1.e-10,6.30957344480193e-6,0.0435097473955642
1.e-10,0.00001584893192461114,0.19281580094469622
1.e-10,0.000039810717055349695,0.8263051254607084
1.e-10,0.0001,3.7125116191104626
1.778279410038923e-10,1.e-6,0.002876305601910306
1.778279410038923e-10,2.5118864315095823e-6,0.01564240032319905
1.778279410038923e-10,6.30957344480193e-6,0.0773729710484386
1.778279410038923e-10,0.00001584893192461114,0.3428782079359418
1.778279410038923e-10,0.000039810717055349695,1.4694493251845349
1.778279410038923e-10,0.0001,6.601894403806289
3.1622776601683795e-10,1.e-6,0.0051149081507378125
3.1622776601683795e-10,2.5118864315095823e-6,0.027816699536686355
3.1622776601683795e-10,6.30957344480193e-6,0.1375917531610839
3.1622776601683795e-10,0.00001584893192461114,0.6097603026059616
3.1622776601683795e-10,0.000039810717055349695,2.6129966650779046
3.1622776601683795e-10,0.0001,11.739715281351346
5.623413251903491e-10,1.e-6,0.009095711441731375
5.623413251903491e-10,2.5118864315095823e-6,0.049466262790144724
5.623413251903491e-10,6.30957344480193e-6,0.2446683476781341
5.623413251903491e-10,0.00001584893192461114,1.0843398457140996
5.623413251903491e-10,0.000039810717055349695,4.6467409235295065
5.623413251903491e-10,0.0001,20.876958545119905
1.e-9,1.e-6,0.01617478526235292
1.e-9,2.5118864315095823e-6,0.08796372290212065
1.e-9,6.30957344480193e-6,0.4350920304215588
1.e-9,0.00001584893192461114,1.9282516263455869
1.e-9,0.000039810717055349695,8.26330575208683
1.e-9,0.0001,37.12602705199825
1.7782794100389228e-9,1.e-6,0.028763045505703647
1.7782794100389228e-9,2.5118864315095823e-6,0.15642590087959013
1.7782794100389228e-9,6.30957344480193e-6,0.7737112057199773
1.7782794100389228e-9,0.00001584893192461114,3.4288623497526163
1.7782794100389228e-9,0.000039810717055349695,14.694502151286484
1.7782794100389228e-9,0.0001,66.02030856236661
3.1622776601683795e-9,1.e-6,0.05114883231905604
3.1622776601683795e-9,2.5118864315095823e-6,0.2781680638519486
3.1622776601683795e-9,6.30957344480193e-6,1.3759242640676401
3.1622776601683795e-9,0.00001584893192461114,6.097444955568056
3.1622776601683795e-9,0.000039810717055349695,26.13077127641393
3.1622776601683795e-9,0.0001,117.40035526321955
5.623413251903491e-9,1.e-6,0.09095653766486518
5.623413251903491e-9,2.5118864315095823e-6,0.49465905107370156
5.623413251903491e-9,6.30957344480193e-6,2.4466866581950497
5.623413251903491e-9,0.00001584893192461114,10.843315983103171
5.623413251903491e-9,0.000039810717055349695,46.4672829656078
5.623413251903491e-9,0.0001,208.77295132628166
1.e-8,1.e-6,0.1617456426470408
1.e-8,2.5118864315095823e-6,0.8796480008080992
1.e-8,6.30957344480193e-6,4.350927687207372
1.e-8,0.00001584893192461114,19.281601713562832
1.e-8,0.000039810717055349695,82.63190221498162
1.e-8,0.0001,371.2578989899219
1.7782794100389228e-8,1.e-6,0.2876297080117911
1.7782794100389228e-8,2.5118864315095823e-6,1.5642270257712734
1.7782794100389228e-8,6.30957344480193e-6,7.7373521243489
1.7782794100389228e-8,0.00001584893192461114,34.28814383234021
1.7782794100389228e-8,0.000039810717055349695,146.94456074759577
1.7782794100389228e-8,0.0001,660.1864640831845
3.162277660168379e-8,1.e-6,0.5114876755278249
3.162277660168379e-8,2.5118864315095823e-6,2.7816960474371206
3.162277660168379e-8,6.30957344480193e-6,13.758615932326071
3.162277660168379e-8,0.00001584893192461114,60.97427761703418
3.162277660168379e-8,0.000039810717055349695,261.3026460223834
3.162277660168379e-8,0.0001,1173.996026682416
5.6234132519034905e-8,1.e-6,0.9095745161421364
5.6234132519034905e-8,2.5118864315095823e-6,4.946639256726949
5.6234132519034905e-8,6.30957344480193e-6,24.46788547139142
5.6234132519034905e-8,0.00001584893192461114,108.43040326225768
5.6234132519034905e-8,0.000039810717055349695,464.66625117322957
5.6234132519034905e-8,0.0001,2087.6770277706237
1.e-7,1.e-6,1.6174623962304164
1.e-7,2.5118864315095823e-6,8.796410738615288
1.e-7,6.30957344480193e-6,43.510526198213746
1.e-7,0.00001584893192461114,192.82374002451664
1.e-7,0.000039810717055349695,826.3170930508367
1.e-7,0.0001,3712.5428790103315
1.7782794100389227e-7,1.e-6,2.8763097296090163
1.7782794100389227e-7,2.5118864315095823e-6,15.642316219136303
1.7782794100389227e-7,6.30957344480193e-6,77.37316476185727
1.7782794100389227e-7,0.00001584893192461114,342.87975695233337
1.7782794100389227e-7,0.000039810717055349695,1469.4695510963866
1.7782794100389227e-7,0.0001,6601.779292890878
3.162277660168379e-7,1.e-6,5.114902118625216
3.162277660168379e-7,2.5118864315095823e-6,27.816773227556343
3.162277660168379e-7,6.30957344480193e-6,137.58409367676023
3.162277660168379e-7,0.00001584893192461114,609.7618898876276
3.162277660168379e-7,0.000039810717055349695,2613.101051535237
3.162277660168379e-7,0.0001,11739.963543546135
5.62341325190349e-7,1.e-6,9.095688147762997
5.62341325190349e-7,2.5118864315095823e-6,49.46635008098076
5.62341325190349e-7,6.30957344480193e-6,244.6732263880407
5.62341325190349e-7,0.00001584893192461114,1084.270813891663
5.62341325190349e-7,0.000039810717055349695,4646.720701222681
5.62341325190349e-7,0.0001,20877.015106934196
1.e-6,1.e-6,16.174693054263237
1.e-6,2.5118864315095823e-6,87.96458709656842
1.e-6,6.30957344480193e-6,435.1031627230975
1.e-6,0.00001584893192461114,1928.1170779787822
1.e-6,0.000039810717055349695,8262.950033901721
1.e-6,0.0001,37125.92196594345
1.778279410038923e-6,1.e-6,28.76278729160017
1.778279410038923e-6,2.5118864315095823e-6,156.42792965377657
1.778279410038923e-6,6.30957344480193e-6,773.7195522306868
1.778279410038923e-6,0.00001584893192461114,3428.769994351842
1.778279410038923e-6,0.000039810717055349695,14694.333253734001
1.778279410038923e-6,0.0001,66019.97910522197
3.162277660168379e-6,1.e-6,51.14837606419059
3.162277660168379e-6,2.5118864315095823e-6,278.1718312275614
3.162277660168379e-6,6.30957344480193e-6,1375.952248006545
3.162277660168379e-6,0.00001584893192461114,6097.518607762705
3.162277660168379e-6,0.000039810717055349695,26130.173372286892
3.162277660168379e-6,0.0001,117404.60533958663
5.623413251903491e-6,1.e-6,90.9558587272651
5.623413251903491e-6,2.5118864315095823e-6,494.65363270260684
5.623413251903491e-6,6.30957344480193e-6,2446.6838178529074
5.623413251903491e-6,0.00001584893192461114,10842.590347080362
5.623413251903491e-6,0.000039810717055349695,46466.67671370812
5.623413251903491e-6,0.0001,208770.1450963282
0.00001,1.e-6,161.74522652338925
0.00001,2.5118864315095823e-6,879.6202379417182
0.00001,6.30957344480193e-6,4350.9551774005795
0.00001,0.00001584893192461114,19282.05175788125
0.00001,0.000039810717055349695,82629.7876434298
0.00001,0.0001,371243.28279964405
0.00001778279410038923,1.e-6,287.62744883553114
0.00001778279410038923,2.5118864315095823e-6,1564.2218057875752
0.00001778279410038923,6.30957344480193e-6,7737.205294845711
0.00001778279410038923,0.00001584893192461114,34290.18896936894
0.00001778279410038923,0.000039810717055349695,146942.37122015771
0.00001778279410038923,0.0001,660198.062609634
0.000031622776601683795,1.e-6,511.4805061072678
0.000031622776601683795,2.5118864315095823e-6,2781.5732250752335
0.000031622776601683795,6.30957344480193e-6,13758.964383231656
0.000031622776601683795,0.00001584893192461114,60971.69045517799
0.000031622776601683795,0.000039810717055349695,261294.84504637812
0.000031622776601683795,0.0001,1.1740008826021657e6
0.00005623413251903491,1.e-6,909.5364136511839
0.00005623413251903491,2.5118864315095823e-6,4946.419296630528
0.00005623413251903491,6.30957344480193e-6,24466.07131509464
0.00005623413251903491,0.00001584893192461114,108426.11795635543
0.00005623413251903491,0.000039810717055349695,464648.4221873957
0.00005623413251903491,0.0001,2.0876420696766824e6
0.0001,1.e-6,1617.363099677253
0.0001,2.5118864315095823e-6,8795.893365741447
0.0001,6.30957344480193e-6,43508.0162280324
0.0001,0.00001584893192461114,192813.742157048
0.0001,0.000039810717055349695,826252.3369940626
0.0001,0.0001,3.7123284331943966e6
