1.e-14,1.e-6,8.37564534013088e-7
1.e-14,2.5118864315095823e-6,4.705237201579398e-6
1.e-14,6.30957344480193e-6,0.000026005813183631315
1.e-14,0.00001584893192461114,0.00013396739446441803
1.e-14,0.000039810717055349695,0.0006129134861346963
1.e-14,0.0001,0.002598988709035844
1.7782794100389227e-14,1.e-6,1.4894183633559577e-6
1.7782794100389227e-14,2.5118864315095823e-6,8.367243601931007e-6
1.7782794100389227e-14,6.30957344480193e-6,0.000046244916227719115
1.7782794100389227e-14,0.00001584893192461114,0.00023822448871847318
1.7782794100389227e-14,0.000039810717055349695,0.0010898781238021192
1.7782794100389227e-14,0.0001,0.004621650305958098
3.1622776601683796e-14,1.e-6,2.6486001170492887e-6
3.1622776601683796e-14,2.5118864315095823e-6,0.000014879321384847477
3.1622776601683796e-14,6.30957344480193e-6,0.00008223626046105171
3.1622776601683796e-14,0.00001584893192461114,0.0004236340004809486
3.1622776601683796e-14,0.000039810717055349695,0.0019381217015024712
3.1622776601683796e-14,0.0001,0.008218667220958067
5.6234132519034906e-14,1.e-6,4.7099601237539035e-6
5.6234132519034906e-14,2.5118864315095823e-6,0.00002645944755513695
5.6234132519034906e-14,6.30957344480193e-6,0.00014623797694677154
5.6234132519034906e-14,0.00001584893192461114,0.000753320444892061
5.6234132519034906e-14,0.000039810717055349695,0.0034465911490193144
5.6234132519034906e-14,0.0001,0.014614781016335883
1.e-13,1.e-6,8.37562566780689e-6
1.e-13,2.5118864315095823e-6,0.00004705250922981032
1.e-13,6.30957344480193e-6,0.00026005385079450326
1.e-13,0.00001584893192461114,0.0013396651136170336
1.e-13,0.000039810717055349695,0.006128632618134335
1.e-13,0.0001,0.02598983944267793
1.7782794100389227e-13,1.e-6,0.00001489417476361901
1.7782794100389227e-13,2.5118864315095823e-6,0.00008367245448881259
1.7782794100389227e-13,6.30957344480193e-6,0.0004624499423076762
1.7782794100389227e-13,0.00001584893192461114,0.002382292964265979
1.7782794100389227e-13,0.000039810717055349695,0.010898744280449417
1.7782794100389227e-13,0.0001,0.04621759736089168
3.162277660168379e-13,1.e-6,0.00002648604433688815
3.162277660168379e-13,2.5118864315095823e-6,0.00014879310259533393
3.162277660168379e-13,6.30957344480193e-6,0.0008223758370092605
3.162277660168379e-13,0.00001584893192461114,0.004236394722871042
3.162277660168379e-13,0.000039810717055349695,0.01938148439968957
3.162277660168379e-13,0.0001,0.08218677030354637
5.62341325190349e-13,1.e-6,0.00004709956168469206
5.62341325190349e-13,2.5118864315095823e-6,0.00026459531537804503
5.62341325190349e-13,6.30957344480193e-6,0.001462400409197895
5.62341325190349e-13,0.00001584893192461114,0.007533340097821991
5.62341325190349e-13,0.000039810717055349695,0.034463965201957304
5.62341325190349e-13,0.0001,0.146149882862364
1.e-12,1.e-6,0.00008375616130868747
1.e-12,2.5118864315095823e-6,0.00047052416276232597
1.e-12,6.30957344480193e-6,0.0026005461409393843
1.e-12,0.00001584893192461114,0.013396525375434275
1.e-12,0.000039810717055349695,0.06128715374428616
1.e-12,0.0001,0.2598965823578457
1.7782794100389228e-12,1.e-6,0.00014894171975547788
1.7782794100389228e-12,2.5118864315095823e-6,0.0008367203650481064
1.7782794100389228e-12,6.30957344480193e-6,0.004624536941492993
1.7782794100389228e-12,0.00001584893192461114,0.023822503431437596
1.7782794100389228e-12,0.000039810717055349695,0.1089892646140934
1.7782794100389228e-12,0.0001,0.46216715523222945
3.1622776601683794e-12,1.e-6,0.00026485838521537536
3.1622776601683794e-12,2.5118864315095823e-6,0.001487927246029073
3.1622776601683794e-12,6.30957344480193e-6,0.008223598647883117
3.1622776601683794e-12,0.00001584893192461114,0.04236310031896794
3.1622776601683794e-12,0.000039810717055349695,0.1938143432704439
3.1622776601683794e-12,0.0001,0.8218277823999329
5.6234132519034904e-12,1.e-6,0.0004709921432478311
5.6234132519034904e-12,2.5118864315095823e-6,0.0026459442343348015
5.6234132519034904e-12,6.30957344480193e-6,0.014624136493562968
5.6234132519034904e-12,0.00001584893192461114,0.07533363841301215
5.6234132519034904e-12,0.000039810717055349695,0.34466019378284996
5.6234132519034904e-12,0.0001,1.4615653294444824
1.e-11,1.e-6,0.0008375563495623172
1.e-11,2.5118864315095823e-6,0.004705263888547985
1.e-11,6.30957344480193e-6,0.026005799155619954
1.e-11,0.00001584893192461114,0.13396410473571502
1.e-11,0.000039810717055349695,0.6128843563083959
1.e-11,0.0001,2.5989544746996267
1.7782794100389227e-11,1.e-6,0.0014894184086929993
1.7782794100389227e-11,2.5118864315095823e-6,0.008367214284683394
1.7782794100389227e-11,6.30957344480193e-6,0.04624502773005837
1.7782794100389227e-11,0.00001584893192461114,0.23822890643668407
1.7782794100389227e-11,0.000039810717055349695,1.0898873175861743
1.7782794100389227e-11,0.0001,4.621599393318643
3.1622776601683794e-11,1.e-6,0.002648598628700835
3.1622776601683794e-11,2.5118864315095823e-6,0.014879181340179286
3.1622776601683794e-11,6.30957344480193e-6,0.08223586641611273
3.1622776601683794e-11,0.00001584893192461114,0.4236450225205018
3.1622776601683794e-11,0.000039810717055349695,1.9381924203062106
3.1622776601683794e-11,0.0001,8.218502818114183
5.6234132519034906e-11,1.e-6,0.004709940921199464
5.6234132519034906e-11,2.5118864315095823e-6,0.026459544986776835
5.6234132519034906e-11,6.30957344480193e-6,0.1462396934026629
5.6234132519034906e-11,0.00001584893192461114,0.7533418444991146
5.6234132519034906e-11,0.000039810717055349695,3.4465056948534056
5.6234132519034906e-11,0.0001,14.615373208556834
1.e-10,1.e-6,0.00837558714892705
1.e-10,2.5118864315095823e-6,0.04705267983694566
1.e-10,6.30957344480193e-6,0.2600575633110955
1.e-10,0.00001584893192461114,1.3396360049659182
1.e-10,0.000039810717055349695,6.128928161986539
1.e-10,0.0001,25.989237685986964
1.778279410038923e-10,1.e-6,0.014894120338182474
1.778279410038923e-10,2.5118864315095823e-6,0.08367255706531138
1.778279410038923e-10,6.30957344480193e-6,0.4624510283074984
1.778279410038923e-10,0.00001584893192461114,2.3822921508897275
1.778279410038923e-10,0.000039810717055349695,10.898817363753212
1.778279410038923e-10,0.0001,46.21825183651071
3.1622776601683795e-10,1.e-6,0.026485838387130412
3.1622776601683795e-10,2.5118864315095823e-6,0.14879276677056552
3.1622776601683795e-10,6.30957344480193e-6,0.8223767447636979
3.1622776601683795e-10,0.00001584893192461114,4.236391617646241
3.1622776601683795e-10,0.000039810717055349695,19.381761948290475
3.1622776601683795e-10,0.0001,82.18889576902014
5.623413251903491e-10,1.e-6,0.04709940618241068
5.623413251903491e-10,2.5118864315095823e-6,0.2645940282637385
5.623413251903491e-10,6.30957344480193e-6,1.4623791235679655
5.623413251903491e-10,0.00001584893192461114,7.533345106786926
5.623413251903491e-10,0.000039810717055349695,34.46445372285852
5.623413251903491e-10,0.0001,146.15493499809787
1.e-9,1.e-6,0.08375595951012946
1.e-9,2.5118864315095823e-6,0.47052143450847433
1.e-9,6.30957344480193e-6,2.6005718879768294
1.e-9,0.00001584893192461114,13.396480535909156
1.e-9,0.000039810717055349695,61.287731013689566
1.e-9,0.0001,259.8889080873612
