1.e-10,1.e-6,0.0002467815415098106
1.e-10,2.5118864315095823e-6,0.0013501077139364004
1.e-10,6.30957344480193e-6,0.006731898876224164
1.e-10,0.00001584893192461114,0.03187171792207079
1.e-10,0.000039810717055349695,0.1551910297605594
1.e-10,0.0001,0.80554518503141
1.778279410038923e-10,1.e-6,0.0004388420024917459
1.778279410038923e-10,2.5118864315095823e-6,0.002400851427815208
1.778279410038923e-10,6.30957344480193e-6,0.011970989988552953
1.778279410038923e-10,0.00001584893192461114,0.05667652925336842
1.778279410038923e-10,0.000039810717055349695,0.27597560417792016
1.778279410038923e-10,0.0001,1.4324625517358898
3.1622776601683795e-10,1.e-6,0.0007803925432293852
3.1622776601683795e-10,2.5118864315095823e-6,0.004269419922666347
3.1622776601683795e-10,6.30957344480193e-6,0.021287986949321738
3.1622776601683795e-10,0.00001584893192461114,0.100787070352997
3.1622776601683795e-10,0.000039810717055349695,0.49077100991219186
3.1622776601683795e-10,0.0001,2.547334408313038
5.623413251903491e-10,1.e-6,0.0013877505074629413
5.623413251903491e-10,2.5118864315095823e-6,0.0075922849733710265
5.623413251903491e-10,6.30957344480193e-6,0.03785704598790936
5.623413251903491e-10,0.00001584893192461114,0.17923233478974654
5.623413251903491e-10,0.000039810717055349695,0.8727016714111121
5.623413251903491e-10,0.0001,4.529975260488531
1.e-9,1.e-6,0.0024678226550660775
1.e-9,2.5118864315095823e-6,0.013501083916776763
1.e-9,6.30957344480193e-6,0.06731846844492727
1.e-9,0.00001584893192461114,0.3187107533039454
1.e-9,0.000039810717055349695,1.5519508534070547
1.e-9,0.0001,8.055337099914803
1.7782794100389228e-9,1.e-6,0.004388497545180722
1.7782794100389228e-9,2.5118864315095823e-6,0.02400908606286431
1.7782794100389228e-9,6.30957344480193e-6,0.11971968002438503
1.7782794100389228e-9,0.00001584893192461114,0.5667847233229801
1.7782794100389228e-9,0.000039810717055349695,2.759784634154729
1.7782794100389228e-9,0.0001,14.324742027726753
3.1622776601683795e-9,1.e-6,0.007803877482636157
3.1622776601683795e-9,2.5118864315095823e-6,0.04269493188425534
3.1622776601683795e-9,6.30957344480193e-6,0.21288819031307105
3.1622776601683795e-9,0.00001584893192461114,1.0078960351047437
3.1622776601683795e-9,0.000039810717055349695,4.90754862902463
3.1622776601683795e-9,0.0001,25.473541028316884
5.623413251903491e-9,1.e-6,0.013877588823243348
5.623413251903491e-9,2.5118864315095823e-6,0.07592222864463186
5.623413251903491e-9,6.30957344480193e-6,0.3785671093045935
5.623413251903491e-9,0.00001584893192461114,1.7923214140849455
5.623413251903491e-9,0.000039810717055349695,8.727129043072566
5.623413251903491e-9,0.0001,45.29906464324352
1.e-8,1.e-6,0.02467812388841723
1.e-8,2.5118864315095823e-6,0.1350123517694912
1.e-8,6.30957344480193e-6,0.6732281913740806
1.e-8,0.00001584893192461114,3.1871988481424065
1.e-8,0.000039810717055349695,15.519267201658199
1.e-8,0.0001,80.55483736083167
1.7782794100389228e-8,1.e-6,0.04388471441974626
1.7782794100389228e-8,2.5118864315095823e-6,0.24008262257125548
1.7782794100389228e-8,6.30957344480193e-6,1.1971366190134562
1.7782794100389228e-8,0.00001584893192461114,5.667936027017635
1.7782794100389228e-8,0.000039810717055349695,27.597585737226254
1.7782794100389228e-8,0.0001,143.24600947000394
3.162277660168379e-8,1.e-6,0.07803805001874038
3.162277660168379e-8,2.5118864315095823e-6,0.4269418814727154
3.162277660168379e-8,6.30957344480193e-6,2.1287963413572855
3.162277660168379e-8,0.00001584893192461114,10.078970971281192
3.162277660168379e-8,0.000039810717055349695,49.075723124747306
3.162277660168379e-8,0.0001,254.73149315047718
5.6234132519034905e-8,1.e-6,0.13877521017382774
5.6234132519034905e-8,2.5118864315095823e-6,0.7592230852930612
5.6234132519034905e-8,6.30957344480193e-6,3.7856567242107104
5.6234132519034905e-8,0.00001584893192461114,17.92367096553533
5.6234132519034905e-8,0.000039810717055349695,87.27171565568722
5.6234132519034905e-8,0.0001,452.9898534041516
1.e-7,1.e-6,0.246783575225958
1.e-7,2.5118864315095823e-6,1.3500946214641836
1.e-7,6.30957344480193e-6,6.732236119740226
1.e-7,0.00001584893192461114,31.87231383770151
1.e-7,0.000039810717055349695,155.19154140408006
1.e-7,0.0001,805.5272968114699
1.7782794100389227e-7,1.e-6,0.43885312241119157
1.7782794100389227e-7,2.5118864315095823e-6,2.400865949482767
1.7782794100389227e-7,6.30957344480193e-6,11.971812053450623
1.7782794100389227e-7,0.00001584893192461114,56.67773713334428
1.7782794100389227e-7,0.000039810717055349695,275.98230181538406
1.7782794100389227e-7,0.0001,1432.4642430435042
3.162277660168379e-7,1.e-6,0.7804001234943205
3.162277660168379e-7,2.5118864315095823e-6,4.269372969800355
3.162277660168379e-7,6.30957344480193e-6,21.28782303250024
3.162277660168379e-7,0.00001584893192461114,100.78731525650781
3.162277660168379e-7,0.000039810717055349695,490.7685387970007
3.162277660168379e-7,0.0001,2547.3554410551856
5.62341325190349e-7,1.e-6,1.387744328844518
5.62341325190349e-7,2.5118864315095823e-6,7.592386950741999
5.62341325190349e-7,6.30957344480193e-6,37.85716349981437
5.62341325190349e-7,0.00001584893192461114,179.22918548792174
5.62341325190349e-7,0.000039810717055349695,872.7099381792707
5.62341325190349e-7,0.0001,4529.909287256279
1.e-6,1.e-6,2.4678599294599564
1.e-6,2.5118864315095823e-6,13.501220264497688
1.e-6,6.30957344480193e-6,67.32260744771507
1.e-6,0.00001584893192461114,318.7192104425465
1.e-6,0.000039810717055349695,1551.9214578244987
1.e-6,0.0001,8055.343078768455
1.778279410038923e-6,1.e-6,4.388448082650658
1.778279410038923e-6,2.5118864315095823e-6,24.00889449623187
1.778279410038923e-6,6.30957344480193e-6,119.71324851096419
1.778279410038923e-6,0.00001584893192461114,566.7903730155872
1.778279410038923e-6,0.000039810717055349695,2759.7610198413463
1.778279410038923e-6,0.0001,14324.453920226371
3.162277660168379e-6,1.e-6,7.803904556387098
3.162277660168379e-6,2.5118864315095823e-6,42.69327622659371
3.162277660168379e-6,6.30957344480193e-6,212.89350452100558
3.162277660168379e-6,0.00001584893192461114,1007.9005936978297
3.162277660168379e-6,0.000039810717055349695,4907.671607127931
3.162277660168379e-6,0.0001,25472.76429065583
5.623413251903491e-6,1.e-6,13.877439814351977
5.623413251903491e-6,2.5118864315095823e-6,75.92061391213994
5.623413251903491e-6,6.30957344480193e-6,378.5567067025942
5.623413251903491e-6,0.00001584893192461114,1792.25795317371
5.623413251903491e-6,0.000039810717055349695,8727.085413091021
5.623413251903491e-6,0.0001,45297.838904842036
0.00001,1.e-6,24.6777514718094
0.00001,2.5118864315095823e-6,135.0159969087343
0.00001,6.30957344480193e-6,673.2354763336555
0.00001,0.00001584893192461114,3187.261639898801
0.00001,0.000039810717055349695,15519.068805530724
0.00001,0.0001,80552.94049660488
0.00001778279410038923,1.e-6,43.884281274598855
0.00001778279410038923,2.5118864315095823e-6,240.08891184954945
0.00001778279410038923,6.30957344480193e-6,1197.1410401483843
0.00001778279410038923,0.00001584893192461114,5667.749246649087
0.00001778279410038923,0.000039810717055349695,27597.383915686674
0.00001778279410038923,0.0001,143244.77727228604
0.000031622776601683795,1.e-6,78.03785879165959
0.000031622776601683795,2.5118864315095823e-6,426.9373056297529
0.000031622776601683795,6.30957344480193e-6,2128.8418650763
0.000031622776601683795,0.00001584893192461114,10078.588759862363
0.000031622776601683795,0.000039810717055349695,49074.86551946137
0.000031622776601683795,0.0001,254728.45877885097
0.00005623413251903491,1.e-6,138.7704889953487
0.00005623413251903491,2.5118864315095823e-6,759.1907671493547
0.00005623413251903491,6.30957344480193e-6,3785.5028916129563
0.00005623413251903491,0.00001584893192461114,17922.447851628534
0.00005623413251903491,0.000039810717055349695,87267.01790818704
0.00005623413251903491,0.0001,452967.7205449496
0.0001,1.e-6,246.76749894141625
0.0001,2.5118864315095823e-6,1350.0218760826892
0.0001,6.30957344480193e-6,6731.346496868059
0.0001,0.00001584893192461114,31870.195139071267
0.0001,0.000039810717055349695,155181.28331563776
0.0001,0.0001,805478.761015386
