1.e-10,1.e-6,0.0022004674289609442
1.e-10,2.5118864315095823e-6,0.012561318423768023
1.e-10,6.30957344480193e-6,0.07076492387681495
1.e-10,0.00001584893192461114,0.39702311313172006
1.e-10,0.000039810717055349695,2.171981835227804
1.e-10,0.0001,10.904983794715257
1.778279410038923e-10,1.e-6,0.003913066139967007
1.778279410038923e-10,2.5118864315095823e-6,0.022337484745860052
1.778279410038923e-10,6.30957344480193e-6,0.12584019786980769
1.778279410038923e-10,0.00001584893192461114,0.7060148237406032
1.778279410038923e-10,0.000039810717055349695,3.8624126321414822
1.778279410038923e-10,0.0001,19.391194715253043
3.1622776601683795e-10,1.e-6,0.0069585346214462345
3.1622776601683795e-10,2.5118864315095823e-6,0.03972223122464505
3.1622776601683795e-10,6.30957344480193e-6,0.22377817868252461
3.1622776601683795e-10,0.00001584893192461114,1.2554954290897085
3.1622776601683795e-10,0.000039810717055349695,6.8683714637627755
3.1622776601683795e-10,0.0001,34.48287016643832
5.623413251903491e-10,1.e-6,0.012374175303296034
5.623413251903491e-10,2.5118864315095823e-6,0.07063733998240156
5.623413251903491e-10,6.30957344480193e-6,0.39794120795661225
5.623413251903491e-10,0.00001584893192461114,2.2326225459810503
5.623413251903491e-10,0.000039810717055349695,12.214026309167311
5.623413251903491e-10,0.0001,61.32184061968911
1.e-9,1.e-6,0.022004796438768452
1.e-9,2.5118864315095823e-6,0.12561306970885167
1.e-9,6.30957344480193e-6,0.7076504665485714
1.e-9,0.00001584893192461114,3.970209640472237
1.e-9,0.000039810717055349695,21.71986797630301
1.e-9,0.0001,109.04577335498435
1.7782794100389228e-9,1.e-6,0.03913068865001181
1.7782794100389228e-9,2.5118864315095823e-6,0.22337443685475802
1.7782794100389228e-9,6.30957344480193e-6,1.2584018572907658
1.7782794100389228e-9,0.00001584893192461114,7.060203046222684
1.7782794100389228e-9,0.000039810717055349695,38.62397100211604
1.7782794100389228e-9,0.0001,193.91720661599643
3.1622776601683795e-9,1.e-6,0.06958542073989929
3.1622776601683795e-9,2.5118864315095823e-6,0.3972229024684991
3.1622776601683795e-9,6.30957344480193e-6,2.23778127895001
3.1622776601683795e-9,0.00001584893192461114,12.554991502336799
3.1622776601683795e-9,0.000039810717055349695,68.68495374666513
3.1622776601683795e-9,0.0001,344.83419612305477
5.623413251903491e-9,1.e-6,0.12374184986488897
5.623413251903491e-9,2.5118864315095823e-6,0.7063701351183455
5.623413251903491e-9,6.30957344480193e-6,3.97941306155601
5.623413251903491e-9,0.00001584893192461114,22.32614490516456
5.623413251903491e-9,0.000039810717055349695,122.13956838292064
5.623413251903491e-9,0.0001,613.2174936724983
1.e-8,1.e-6,0.2200480268836712
1.e-8,2.5118864315095823e-6,1.2561257634988352
1.e-8,6.30957344480193e-6,7.07649481258927
1.e-8,0.00001584893192461114,39.70220718451126
1.e-8,0.000039810717055349695,217.198022013105
1.e-8,0.0001,1090.4660650893861
1.7782794100389228e-8,1.e-6,0.3913061247371761
1.7782794100389228e-8,2.5118864315095823e-6,2.233739717014509
1.7782794100389228e-8,6.30957344480193e-6,12.583979978934376
1.7782794100389228e-8,0.00001584893192461114,70.60164547036692
1.7782794100389228e-8,0.000039810717055349695,386.24333706773837
1.7782794100389228e-8,0.0001,1939.22128062106
3.162277660168379e-8,1.e-6,0.6958515846896263
3.162277660168379e-8,2.5118864315095823e-6,3.972225295372802
3.162277660168379e-8,6.30957344480193e-6,22.377934889848294
3.162277660168379e-8,0.00001584893192461114,125.54852960756132
3.162277660168379e-8,0.000039810717055349695,686.837828773715
3.162277660168379e-8,0.0001,3448.313862906366
5.6234132519034905e-8,1.e-6,1.2374209942377463
5.6234132519034905e-8,2.5118864315095823e-6,7.063684823006841
5.6234132519034905e-8,6.30957344480193e-6,39.79396261007014
5.6234132519034905e-8,0.00001584893192461114,223.26102608322793
5.6234132519034905e-8,0.000039810717055349695,1221.3911980161565
5.6234132519034905e-8,0.0001,6132.3710804171415
1.e-7,1.e-6,2.200477730527677
1.e-7,2.5118864315095823e-6,12.561201383653474
1.e-7,6.30957344480193e-6,70.76507603651254
1.e-7,0.00001584893192461114,397.02398784303716
1.e-7,0.000039810717055349695,2172.002038338668
1.e-7,0.0001,10904.596111354565
1.7782794100389227e-7,1.e-6,3.9130653900616896
1.7782794100389227e-7,2.5118864315095823e-6,22.337451602751635
1.7782794100389227e-7,6.30957344480193e-6,125.83968908773731
1.7782794100389227e-7,0.00001584893192461114,706.0168787881252
1.7782794100389227e-7,0.000039810717055349695,3862.3519645981864
1.7782794100389227e-7,0.0001,19391.424156493977
3.162277660168379e-7,1.e-6,6.958521948523935
3.162277660168379e-7,2.5118864315095823e-6,39.7222234747987
3.162277660168379e-7,6.30957344480193e-6,223.77784504787905
3.162277660168379e-7,0.00001584893192461114,1255.499920471803
3.162277660168379e-7,0.000039810717055349695,6868.413442728613
3.162277660168379e-7,0.0001,34483.486345311394
5.62341325190349e-7,1.e-6,12.374124019229521
5.62341325190349e-7,2.5118864315095823e-6,70.63719441115107
5.62341325190349e-7,6.30957344480193e-6,397.9421248919877
5.62341325190349e-7,0.00001584893192461114,2232.60713633317
5.62341325190349e-7,0.000039810717055349695,12214.143833082675
5.62341325190349e-7,0.0001,61322.86479344858
1.e-6,1.e-6,22.004751746067488
1.e-6,2.5118864315095823e-6,125.61272619285698
1.e-6,6.30957344480193e-6,707.6484591577575
1.e-6,0.00001584893192461114,3970.2120474004614
1.e-6,0.000039810717055349695,21719.836045403343
1.e-6,0.0001,109046.95722129478
1.778279410038923e-6,1.e-6,39.130628875300125
1.778279410038923e-6,2.5118864315095823e-6,223.3745647550855
1.778279410038923e-6,6.30957344480193e-6,1258.3945317142864
1.778279410038923e-6,0.00001584893192461114,7060.07713281572
1.778279410038923e-6,0.000039810717055349695,38624.70605827198
1.778279410038923e-6,0.0001,193917.00453320975
3.162277660168379e-6,1.e-6,69.58534721216617
3.162277660168379e-6,2.5118864315095823e-6,397.21985809135543
3.162277660168379e-6,6.30957344480193e-6,2237.7883013376554
3.162277660168379e-6,0.00001584893192461114,12554.938175601781
3.162277660168379e-6,0.000039810717055349695,68683.98501714662
3.162277660168379e-6,0.0001,344844.27319488453
5.623413251903491e-6,1.e-6,123.74078598643727
5.623413251903491e-6,2.5118864315095823e-6,706.3669282966231
5.623413251903491e-6,6.30957344480193e-6,3979.3959963308534
5.623413251903491e-6,0.00001584893192461114,22326.16111852655
5.623413251903491e-6,0.000039810717055349695,122138.1307726961
5.623413251903491e-6,0.0001,613204.1587361476
0.00001,1.e-6,220.04662710210752
0.00001,2.5118864315095823e-6,1256.1213107983112
0.00001,6.30957344480193e-6,7076.412153536622
0.00001,0.00001584893192461114,39702.19886123903
0.00001,0.000039810717055349695,217199.78136820887
0.00001,0.0001,1.0904331379203452e6
0.00001778279410038923,1.e-6,391.3021298124468
0.00001778279410038923,2.5118864315095823e-6,2233.7201377352435
0.00001778279410038923,6.30957344480193e-6,12583.85343951688
0.00001778279410038923,0.00001584893192461114,70601.03979867365
0.00001778279410038923,0.000039810717055349695,386235.7549948307
0.00001778279410038923,0.0001,1.939128614534717e6
0.000031622776601683795,1.e-6,695.8350967801199
0.000031622776601683795,2.5118864315095823e-6,3972.1499913278803
0.000031622776601683795,6.30957344480193e-6,22377.425994745663
0.000031622776601683795,0.00001584893192461114,125546.24553277506
0.000031622776601683795,0.000039810717055349695,686826.0953180821
0.000031622776601683795,0.0001,3.4483570023863846e6
0.00005623413251903491,1.e-6,1237.376903891129
0.00005623413251903491,2.5118864315095823e-6,7063.452490675757
0.00005623413251903491,6.30957344480193e-6,39792.655911253365
0.00005623413251903491,0.00001584893192461114,223253.7897644586
0.00005623413251903491,0.000039810717055349695,1.2213579230952458e6
0.00005623413251903491,0.0001,6.1318223716030475e6
0.0001,1.e-6,2200.3319075419645
0.0001,2.5118864315095823e-6,12560.416971601315
0.0001,6.30957344480193e-6,70760.45673809017
0.0001,0.00001584893192461114,396996.0574013488
0.0001,0.000039810717055349695,2.171814058705749e6
0.0001,0.0001,1.0904278588421447e7
