-12.578376828263744 2.
-12.576801161182642 1.9989254820491862
-12.571428571428573 1.9961270721988118
-12.549569850804758 1.9821428571428577
-12.534380933271365 1.971695241917157
-12.52026872254755 1.9642857142857153
-12.492177090973128 1.9484354181946264
-12.48907100063735 1.946428571428573
-12.487521485323672 1.94535284579241
-12.482142857142858 1.9425021882763076
-12.460742768686243 1.9285714285714306
-12.447974047953831 1.921737666733626
-12.44297363263802 1.918548130615255
-12.43195870960108 1.9107142857142883
-12.421349982548172 1.9050157177760827
-12.404610055142113 1.8952077253141395
-12.401321790810929 1.892857142857146
-12.399031197799935 1.8916223318685876
-12.392857142857144 1.8879902764155592
-12.3732014034134 1.8750000000000036
-12.361693935741814 1.868767358576938
-12.355329204164915 1.8646484448813068
-12.344948453449264 1.857142857142862
-12.319732857206104 1.842518000012653
-12.31240659092026 1.8375186818159532
-12.30357142857143 1.8327036843796556
-12.286727101445877 1.8214285714285765
-12.270930119955732 1.8100996902945727
-12.259000634384483 1.8035714285714333
-12.235907982369248 1.7900387393309964
-12.22949044218977 1.78571428571429
-12.226190127525557 1.7833334030663224
-12.214285714285715 1.7767796339010173
-12.201090475044301 1.7678571428571477
-12.184612750777879 1.7559345927015722
-12.173864465285195 1.7500000000000044
-12.153163909083014 1.737775638959464
-12.144875301070146 1.7321428571428612
-12.140585433064595 1.729025770529942
-12.125000000000002 1.7203838154480193
-12.116046026758173 1.7142857142857189
-12.098729893517158 1.7016825927251453
-12.07109885856793 1.6856483431421623
-12.060738302254308 1.6785714285714333
-12.055353249487295 1.6746436358168317
-12.035714285714288 1.6637135670544634
-12.031326684156824 1.66071428571429
-12.02885737192493 1.6593429029564186
-12.011421301612433 1.6477157396775182
-12.00492209064068 1.6428571428571477
-11.989285951765336 1.633571476067357
-11.970226368719867 1.6202404405417452
-11.946684628090965 1.6071428571428612
-11.946428571428573 1.607000197990561
-11.9251594060883 1.5935395473537737
-11.91868042125006 1.5892857142857189
-11.901280910319107 1.5804581036504697
-11.900699161746532 1.5801398323493112
-11.887472558195075 1.5714285714285756
-11.88042499429957 1.566772143997233
-11.85714285714286 1.5545274665328161
-11.834458547498302 1.5402511476432013
-11.825396840595038 1.53571428571429
-11.80668666097658 1.5256230464810336
-11.794104241023634 1.5178571428571468
-11.788033238719414 1.5138219236846933
-11.767857142857146 1.5036662467402522
-11.761927012677697 1.5000000000000036
-11.758126035943722 1.4980537786173187
-11.740792521388608 1.4875557814365683
-11.732679115021664 1.4821428571428612
-11.717503723704452 1.4743563981162575
-11.711059445980366 1.4707833177675056
-11.701348086526712 1.464285714285718
-11.694969189085688 1.4610061621828665
-11.67857142857143 1.4518932476551845
-11.669792952655548 1.4464285714285747
-11.664217453557367 1.443557776425762
-11.64925218583526 1.4344352771186664
-11.640530314723549 1.4285714285714324
-11.618551968864118 1.4165675366299704
-11.604628094572734 1.407645809656887
-11.589285714285717 1.3998209425828483
-11.578169004337896 1.3928571428571468
-11.560268087401482 1.3808035253768507
-11.548908604813645 1.3750000000000036
-11.52577106819381 1.3622970707816222
-11.517573624465667 1.3571428571428612
-11.513558767884454 1.3544311035659709
-11.500000000000004 1.3474802363388472
-11.48698575302343 1.339285714285718
-11.469576213517158 1.3275133287251437
-11.457722491993206 1.3214285714285747
-11.433639741519707 1.308156519732516
-11.426376332968028 1.3035714285714324
-11.422806502093595 1.3011529852955714
-11.410714285714288 1.2949327421172123
-11.396123762165251 1.2857142857142891
-11.379106020229212 1.2741787959541613
-11.341892097131433 1.2540927051405752
-11.335420411139173 1.2500000000000036
-11.33223322082906 1.2478390701199062
-11.321428571428575 1.2422757081098066
-11.305406485355885 1.2321428571428603
-11.295418747805371 1.2269408924182192
-11.286302029036033 1.2213110227642252
-11.276003423971144 1.214285714285717
-11.249359034632795 1.199871806926562
-11.240944144282924 1.1946683140005616
-11.232142857142861 1.1905669357805166
-11.211184899271677 1.1785714285714315
-11.19623591010438 1.171390039163735
-11.191646269540012 1.1688136032348577
-11.178385018672232 1.1607142857142883
-11.167954314973729 1.1556948512909715
-11.143147217021582 1.142915157690033
-11.143052450971998 1.142857142857146
-11.143004901761374 1.1428275910763004
-11.142857142857146 1.142754426856885
-11.097824302795946 1.1161494251551005
-11.078667569399595 1.1071428571428603
-11.05357142857143 1.0943878295970606
-11.047381440965163 1.0905237118069708
-11.044754227986859 1.089285714285717
-11.039053179169342 1.0863820644052993
-11.018281306289255 1.0714285714285747
-11.001413908941005 1.0640029324975169
-10.964285714285717 1.0454691732085601
-10.952028995901971 1.0381656293910373
-10.946859190346574 1.0357142857142883
-10.935696739409169 1.029996490738979
-10.91489024842115 1.017857142857146
-10.905280096926392 1.0118011234718685
-10.88048797082478 1.0000000000000027
-10.875000000000004 0.9971790307057065
-10.856913626845182 0.9857601317738238
-10.833027708739618 0.9737483988907822
-10.816901317246412 0.9642857142857171
-10.809417079677667 0.959545155493041
-10.785714285714288 0.9482006775042704
-10.782699763054259 0.9464285714285738
-10.780627722095993 0.9454112587049144
-10.760237676294848 0.9336667504553189
-10.752138420889786 0.9285714285714306
-10.73097530769864 0.9176236329683016
-10.719258465009789 0.9107142857142883
-10.713797675584384 0.9072404648831265
-10.696428571428575 0.8988890652087065
-10.686214762695728 0.892857142857145
-10.679236411045512 0.8894187107805323
-10.665130203937709 0.8812596734981746
-10.655226844568753 0.8750000000000018
-10.629405853236248 0.8615954563615364
-10.623393890521037 0.8571428571428594
-10.607142857142861 0.8491971974586274
-10.572742471392969 0.8283086485785525
-10.558491918648084 0.8214285714285738
-10.528103553294144 0.8056207106588307
-10.522978891168071 0.8025470789092459
-10.517857142857146 0.8001800708011961
-10.49237274094416 0.7857142857142883
-10.476579879966948 0.7761125954351851
-10.428571428571432 0.7528764516765278
-10.424868285044417 0.7507406287054055
-10.423253340115275 0.7500000000000018
-10.41966638473531 0.7482189912327772
-10.391172442749923 0.7321428571428594
-10.378373107346382 0.7243253785307262
-10.35655354318866 0.7142857142857162
-10.339285714285719 0.705685456358542
-10.327013246677156 0.6988830649502855
-10.322933258942264 0.696428571428573
-10.311078570596564 0.6907871426907422
-10.302373048836865 0.6859539616612009
-10.29012463637782 0.6785714285714306
-10.27826295318123 0.6729188379351854
-10.257078691824786 0.6621300240792438
-10.254734280974622 0.6607142857142874
-10.250000000000004 0.6583453513326987
-10.230986474757707 0.6466598479056032
-10.222777218969915 0.6428571428571441
-10.204698440108913 0.6337968308789259
-10.182269457897082 0.6206889655634438
-10.16071428571429 0.610670983908169
-10.154533695363176 0.6071428571428585
-10.150106000481873 0.6050212000963748
-10.132186478697843 0.5949912756890043
-10.1228090644832 0.5892857142857153
-10.107693144606653 0.5820327996500998
-10.096995666669859 0.5765419904768292
-10.088606708059228 0.571428571428573
-10.08441304030643 0.5688316776530025
-10.071428571428577 0.5627678547032433
-10.055395685113712 0.5535714285714306
-10.037531867157384 0.5424936265685254
-10.023037535277018 0.5357142857142874
-9.99136618643279 0.5197018087151299
-9.988159905596845 0.5178571428571441
-9.98669553959169 0.5169466063673784
-9.962948395314417 0.5000000000000018
-9.94097743501248 0.49037594156893505
-9.892857142857148 0.46652767963914155
-9.890024560370152 0.464852230783114
-9.888820004688505 0.4642857142857153
-9.886198735484623 0.4629540328112105
-9.8445144076803 0.43823997560679917
-9.824002575388006 0.4285714285714297
-9.803571428571434 0.4181725084488921
-9.794532710151191 0.4125220293983345
-9.782380289996068 0.40647605799921305
-9.7588976389623 0.3928571428571441
-9.748095442408038 0.38609519723268004
-9.72461288076216 0.3750000000000009
-9.714285714285719 0.36973445014259276
-9.697895144126147 0.3604209711747721
-9.692598348093993 0.35714285714285765
-9.677408316977901 0.3497673776812942
-9.673365822391656 0.34746969266452776
-9.66014538544247 0.3392857142857153
-9.649892811359335 0.3343071520138494
-9.625211750827159 0.3214709215940035
-9.625143337707492 0.32142857142857206
-9.625000000000004 0.32135547895940775
-9.60347785335006 0.3078758579014176
-9.594372977872943 0.3035714285714288
-9.574595083830015 0.2934904453374312
-9.56380723547907 0.2857142857142865
-9.55502401439354 0.2818523399784363
-9.53571428571429 0.27224957082986734
-9.507697853948875 0.25560328635308416
-9.495818407964684 0.2500000000000009
-9.469925860530564 0.2368423149632548
-9.461802360475566 0.23214285714285765
-9.45806672119091 0.22981522719039127
-9.446428571428577 0.22434373764180116
-9.429010555739989 0.2142857142857153
-9.411519980994369 0.2034102895154133
-9.363979765122536 0.17993881016736424
-9.36159987152488 0.17857142857142883
-9.360510573706849 0.17789788525863148
-9.357142857142861 0.17632766592890015
-9.329879256252003 0.16071428571428648
-9.311606629053982 0.15196438847491933
-9.310458157192578 0.15137734572422978
-9.296395887378045 0.14285714285714324
-9.267857142857148 0.12860024549838833
-9.26343196351823 0.12588503586778366
-9.257251690031756 0.12287890943492208
-9.229400799407806 0.10714285714285765
-9.2168088513922 0.099495372578704
-9.194483096610972 0.08928571428571441
-9.189736129705956 0.08705277405880985
-9.178571428571434 0.08146667929207396
-9.165132438673101 0.0741163694082374
-9.160579146311036 0.07142857142857117
-9.14808229245853 0.0653307442059905
-9.117389870938903 0.04795059724079209
-9.090010420825228 0.03571428571428559
-9.089285714285719 0.03536659445657353
-9.065412665425757 0.022631752629134638
-9.05707700677546 0.01785714285714235
-9.039692519126167 0.009918639031909926
-9.03269581088343 0.006539162176684599
-9.02113508732996 0.