-9.301266948967218 0.
-9.31611390164043 0.008205791100485804
-9.32065939922384 0.0105604512733386
-9.336890140805915 0.01785714285714235
-9.357142857142861 0.028689948622324657
-9.368196373252253 0.033503582492406814
-9.372004408733991 0.03571428571428559
-9.380699856865121 0.04042568565873772
-9.408184128921835 0.053571428571428825
-9.420020076406129 0.058853127575917874
-9.441199805460673 0.07142857142857117
-9.446428571428577 0.0743240149991582
-9.46941666047226 0.08468809647697739
-9.477087045479657 0.08928571428571441
-9.494175374669952 0.09883507493398991
-9.511056203258457 0.10714285714285765
-9.518543456233257 0.11057702303906414
-9.53571428571429 0.12054273699850704
-9.568272666254583 0.1363454667490842
-9.583317805411381 0.14285714285714324
-9.602175846408796 0.1561494549960445
-9.611268862993056 0.16071428571428648
-9.61538369768383 0.16263754617752113
-9.625000000000004 0.16859702420030764
-9.64476840227533 0.17857142857142883
-9.654330630313375 0.18443755463410305
-9.662878799963213 0.1888528114359298
-9.678554892712475 0.19642857142857206
-9.68730787796971 0.20182413869177385
-9.70655770921944 0.21274011327246
-9.709745593171123 0.2142857142857153
-9.71085434407813 0.21497198832723274
-9.714285714285719 0.21692429527382462
-9.744106318306756 0.23214285714285765
-9.761737396798653 0.24050966349741376
-9.776837084918311 0.2500000000000009
-9.803571428571434 0.2656198773797991
-9.806882517185912 0.26719492513424914
-9.810197656066983 0.26918238835625363
-9.84237492403037 0.2857142857142865
-9.854605758936 0.2933645624985157
-9.861446320352787 0.29728926407055667
-9.874279891810984 0.3035714285714288
-9.892857142857148 0.3144750957233562
-9.902444443295431 0.3195111113409155
-9.90635821046468 0.32142857142857206
-9.9126823803508 0.32539361892730323
-9.926362045913903 0.3325847336743646
-9.940031797928805 0.3392857142857153
-9.950211618977551 0.3456719619187769
-9.963770700635918 0.3534684258414691
-9.971264086413749 0.35714285714285765
-9.982142857142861 0.36353682448518665
-9.999037109422474 0.37162114954407777
-10.004371622873004 0.3750000000000009
-10.01583905363405 0.3817392392982386
-10.03740033923573 0.3928571428571441
-10.0474335249182 0.3976561521592199
-10.068058116351757 0.4107142857142865
-10.071428571428577 0.4126932837243995
-10.094846033795127 0.4238879360981196
-10.102247189928457 0.4285714285714297
-10.116396805928918 0.43743492452850496
-10.116744759736488 0.43763466623301284
-10.134706239461675 0.44642857142857295
-10.141005209189789 0.4503703867334732
-10.16071428571429 0.46167401637067496
-10.165791306212883 0.4642857142857153
-10.190677879613462 0.4761501383630238
-10.220677931019155 0.49413558620383213
-10.232102173681895 0.5000000000000018
-10.237401032138424 0.5025197935723176
-10.250000000000004 0.5104535804725225
-10.264440475135906 0.5178571428571441
-10.271279691957512 0.5221130812486452
-10.284219050025888 0.5288704757091098
-10.29826848851405 0.5357142857142874
-10.308257792285618 0.5419198701143078
-10.32298367010986 0.5503110197362595
-10.329685403349053 0.5535714285714306
-10.332026639982875 0.5550232434319993
-10.339285714285719 0.55915314780525
-10.363330231219049 0.571428571428573
-10.382730599509413 0.5805967372409766
-10.396609042852944 0.5892857142857153
-10.426824359172224 0.6067934432630171
-10.427510929004299 0.6071428571428585
-10.427827057537646 0.6072917313496156
-10.428571428571432 0.6077324201475989
-10.479029965023173 0.632765435566796
-10.495228702618949 0.6428571428571441
-10.517857142857146 0.6558976837192567
-10.52505473353928 0.6592747675778607
-10.532439853483066 0.6636308278394711
-10.561996718897156 0.6785714285714306
-10.57552469447529 0.6848950611049451
-10.607142857142861 0.7034757008207624
-10.629909957283289 0.7142857142857162
-10.638899283691371 0.7206369995954178
-10.661781221202123 0.7321428571428594
-10.670363695140315 0.7373558324005112
-10.691072781073943 0.748928841929076
-10.693311232832086 0.7500000000000018
-10.696428571428575 0.7517762461299711
-10.720650103434998 0.7630128364558599
-10.728521860101592 0.767857142857145
-10.74593056960079 0.7777575424915879
-10.761837617641177 0.7857142857142883
-10.767780642183395 0.7893010144204666
-10.785714285714288 0.7994988709158459
-10.793743796971132 0.8035714285714306
-10.816826331100252 0.8152061623513811
-10.826186078671974 0.8214285714285738
-10.845490843241848 0.8333838829340854
-10.861678186702735 0.8419500769451709
-10.875000000000004 0.8508078123516798
-10.886702437385914 0.8571428571428594
-10.908744692883495 0.8682510614233037
-10.91889752419798 0.8750000000000018
-10.939869643520987 0.8879739287041994
-10.94889949994052 0.892857142857145
-10.953276115818227 0.8950590625506436
-10.964285714285717 0.9020218187438287
-11.000752472412147 0.9212780769461446
-11.016612861153735 0.9285714285714306
-11.034539210980695 0.9426221279104263
-11.041600137065991 0.9464285714285738
-11.044378023868166 0.9482672523692264
-11.05357142857143 0.9537980718621366
-11.073050197582921 0.9642857142857171
-11.081504469968579 0.9698723225651467
-11.090429553074157 0.9747712322423148
-11.104921862218568 0.9821428571428594
-11.113750299940996 0.9879642257260892
-11.129300320672042 0.997288635562982
-11.134639257911246 1.0000000000000027
-11.136555139495666 1.0012604006722992
-11.142857142857146 1.0050318040346529
-11.16679616382359 1.017857142857146
-11.185535119303895 1.0271786904249387
-11.198526601199395 1.0357142857142883
-11.225689838957283 1.052280824934316
-11.229269341786228 1.0541461316427583
-11.232142857142861 1.0560260923168254
-11.261059044537328 1.0714285714285747
-11.273859995416213 1.0797719990832446
-11.27543602207579 1.0806270812991317
-11.292630881244172 1.089285714285717
-11.321428571428575 1.1067340283398552
-11.322018257618765 1.1070249199048225
-11.322199081386549 1.1071428571428603
-11.322579699521748 1.1073730827614954
-11.371754108110007 1.1327920355208594
-11.387257867849097 1.142857142857146
-11.410714285714288 1.1569731877751037
-11.416136435966102 1.1596298556639253
-11.417808992557609 1.1607142857142883
-11.421348294547915 1.1628410874810138
-11.451251361509062 1.1785714285714315
-11.465434406627452 1.1854845472459417
-11.482394213188044 1.1964285714285747
-11.500000000000004 1.2079807326490624
-11.508587289950572 1.2125682562956035
-11.51103083069029 1.214285714285717
-11.515687537632727 1.217423221812262
-11.540836407450609 1.2321428571428603
-11.553784687140165 1.2392430625719708
-11.568721411572156 1.2500000000000036
-11.589285714285717 1.263869187687896
-11.594609376339994 1.2667924104462909
-11.598947066384165 1.2697894132768353
-11.626103959740224 1.2857142857142891
-11.637318365504019 1.293964898327772
-11.640276718316438 1.2959124865204341
-11.654222885152901 1.3035714285714324
-11.67857142857143 1.3199887942057442
-11.680371472980978 1.3210685625466656
-11.681026696477069 1.3214285714285747
-11.681943983130513 1.3221030823403908
-11.70260083664463 1.3344798326710778
-11.711357067271555 1.339285714285718
-11.723454713477206 1.3481662001617067
-11.72366514522352 1.3483044576161367
-11.739789912117583 1.3571428571428612
-11.745809338751842 1.3615524179639218
-11.76563702674519 1.3745559767776125
-11.766448362222784 1.3750000000000036
-11.766751059630456 1.3752212166453415
-11.767857142857146 1.3759451195740677
-11.796830429974413 1.3928571428571468
-11.807753507334825 1.400836415752683
-11.81013946140806 1.402257822004108
-11.825624074445159 1.41071428571429
-11.83241421448174 1.415660014246514
-11.85001033276215 1.4271449236952902
-11.852627967719396 1.4285714285714324
-11.853603025832124 1.4292793948335794
-11.85714285714286 1.4315835944568933
-11.882703873224932 1.4464285714285747
-11.899889717697024 1.4557363421748848
-11.911876976452506 1.464285714285718
-11.935425152442013 1.4799421733455498
-11.941184583249653 1.4831916547786452
-11.946428571428573 1.4869096862336457
-11.969105503820089 1.5000000000000036
-11.987162532934045 1.5097103505560527
-12.021343069278826 1.532840042427198
-12.026354130714003 1.53571428571429
-12.028904636713948 1.5370762155143582
-12.035714285714288 1.5416517538038104
-12.091158913867389 1.5714285714285756
-12.108079807128327 1.5859016757113835
-12.114021305174118 1.5892857142857189
-12.116439610451792 1.5909977921953606
-12.125000000000002 1.596716549494614
-12.142703356161826 1.6071428571428612
-12.161017695396271 1.6177964609207507
-12.170451707439774 1.6250000000000044
-12.18805530072097 1.6376110601441987
-12.196530644805145 1.6428571428571477
-12.200127038495157 1.6456888780152594
-12.214285714285715 1.6555600629119942
-12.222594534186296 1.66071428571429
-12.243317513184055 1.6727650687917652
-12.250920570723155 1.6785714285714333
-12.265133953401724 1.6887410763946349
-12.284246584947061 1.7002935401534502
-12.302651456910214 1.7142857142857189
-12.30357142857143 1.714940449770027
-12.324245422951739 1.7280080582668003
-12.331438603679134 1.7321428571428612
-12.340989834100622 1.7396265382486993
-12.344470667521385 1.7418201522100132
-12.358739077517274 1.7500000000000044
-12.36569915804374 1.7554315969626861
-12.379919624274992 1.7652696391407172
-12.384446141644304 1.7678571428571477
-12.392857142857144 1.7738055428321928
-12.408207544832237 1.7826442053192713
-12.412261699335957 1.78571428571429
-12.418984936121142 1.790939844367089
-12.4279518602707 1.7965524850887213
-12.440267403789473 1.8035714285714333
-12.448871886004602 1.8102256227990852
-12.458220825124348 1.8166441650248748
-12.466645648980311 1.8214285714285765
-12.482142857142858 1.8322946987095632
-12.490634891985168 1.8375873073172562
-12.493625659604875 1.8392857142857189
-12.497661792848413 1.8423895014268297
-12.511861632508761 1.851199102069681
-12.522370515592788 1.857142857142862
-12.532543318307049 1.8649199077671659
-12.537341875942936 1.8681826609028764
-12.549445441342476 1.8750000000000036
-12.571428571428573 1.8902523031015095
-12.574834101693448 1.8921760368041713
-12.575749308932641 1.892857142857146
-12.577500819984017 1.8940715925682348
-12.619867328298094 1.9188836771975266
-12.633027798759 1.9285714285714306
-12.658409538315086 1.945967621948733
-12.659186119094912 1.946428571428573
-12.659592205024003 1.9466529875666296
-12.660714285714288 1.947469803601222
-12.68908732904774 1.9642857142857153
-12.70529907425896 1.9732258994339231
-12.74145122913831 1.9982902458276612
-12.744368889574138 2.