-10.621633575232265 2.
-10.607142857142861 1.9925955987338329
-10.573324586025022 1.9710493685092825
-10.560001833399483 1.9642857142857153
-10.53279671073229 1.949416485003602
-10.52569401890708 1.9448611962185858
-10.517857142857146 1.9408561301777842
-10.498286124767455 1.9285714285714306
-10.482358482049582 1.9178140178758012
-10.440427894654178 1.8952284360736948
-10.436674100579307 1.892857142857146
-10.434831122675906 1.8916052040362512
-10.428571428571432 1.8883761482222443
-10.407459678363894 1.8750000000000036
-10.394373707534932 1.8681604557927036
-10.389281532697895 1.8650008363175683
-10.377841379283714 1.857142857142862
-10.367189042266569 1.8515621915466918
-10.349005300934818 1.8412296316155388
-10.346184348119111 1.8392857142857189
-10.344281446740762 1.83828656779471
-10.339285714285719 1.8354405768049604
-10.317355461352134 1.8214285714285765
-10.303907720990187 1.8143529727694707
-10.29941769612607 1.8115450322033633
-10.287914703522405 1.8035714285714333
-10.259367810171996 1.7875878477486884
-10.257110467433296 1.78571428571429
-10.254998970200013 1.784714491674288
-10.250000000000004 1.781968407118578
-10.212785706552756 1.757442858689454
-10.1986056069233 1.7500000000000044
-10.170285582246937 1.7340571164493905
-10.167321446365639 1.7321428571428612
-10.165840691994848 1.7311175758867492
-10.16071428571429 1.7284182445841738
-10.138862217074385 1.7142857142857189
-10.123762069449839 1.703819014681467
-10.081797719421743 1.6806452581700668
-10.078597678399579 1.6785714285714333
-10.07699396037901 1.6774583507813468
-10.071428571428577 1.6745203282260928
-10.050136131562622 1.66071428571429
-10.037301172373365 1.6538888059032484
-10.032252305785317 1.650692395985799
-10.021101686443023 1.6428571428571477
-9.993528478828557 1.6272771243371436
-9.990016366222289 1.6250000000000044
-9.988254139749548 1.6237777434786667
-9.982142857142861 1.6205538673756248
-9.961444714728477 1.6071428571428612
-9.94856169911312 1.6004266255369135
-9.943042715776166 1.5971057425590578
-9.93042416907062 1.5892857142857189
-9.897196559460713 1.5722964547492886
-9.895998077540686 1.5714285714285756
-9.892857142857148 1.5699121920465133
-9.850032391122047 1.5442792360613096
-9.832051659546991 1.53571428571429
-9.803571428571434 1.521058239219668
-9.799433896937309 1.5186846491839718
-9.798112617822982 1.5178571428571468
-9.79435008646851 1.5160128744365622
-9.776066994421335 1.5055008868300233
-9.767306529798669 1.5000000000000036
-9.754602815744798 1.491936579708188
-9.714285714285719 1.471549581788942
-9.705250986179681 1.4660926599069253
-9.701491860504975 1.464285714285718
-9.693468067326663 1.4601221848939065
-9.670324563539069 1.4464285714285747
-9.659514876811189 1.4395255960663382
-9.636824133561085 1.4285714285714324
-9.625000000000004 1.4224119758268294
-9.610024021974679 1.413709481319355
-9.60531232119097 1.41071428571429
-9.591984159463978 1.4041111176070853
-9.586038587416384 1.4006494253738708
-9.573808146301833 1.3928571428571468
-9.562865043359894 1.3874269913280255
-9.541885900902757 1.3762343230376972
-9.539952700344186 1.3750000000000036
-9.53571428571429 1.3727804615199712
-9.51716883400156 1.3608519474854068
-9.50954501785609 1.3571428571428612
-9.493415804276829 1.3486831608553684
-9.470311581073943 1.3345091123566446
-9.446428571428577 1.3228522567338707
-9.4440537931518 1.3214285714285747
-9.442464839604074 1.3206358250636745
-9.421790019377477 1.3084991389816523
-9.414127997681838 1.3035714285714324
-9.397833302114766 1.2954333395770519
-9.393147475578647 1.292915209401447
-9.381965909515474 1.2857142857142891
-9.37610683447288 1.2819214902482852
-9.357142857142861 1.272631506436464
-9.34920807975682 1.267857142857146
-9.33001796483183 1.2554249784622096
-9.31895300813556 1.2500000000000036
-9.295647715915676 1.237700971754566
-9.286423260563891 1.2321428571428603
-9.282046437101188 1.2293049982940518
-9.267857142857148 1.222341963874916
-9.25449072532755 1.214285714285717
-9.245601160733024 1.2098345178608927
-9.23418303650805 1.2031633926983947
-9.223409580432202 1.1964285714285747
-9.210080971366393 1.1901266628695835
-9.192839765629031 1.1814250959829513
-9.18806274937183 1.1785714285714315
-9.185244008204972 1.177236912644724
-9.178571428571434 1.1738641069163194
-9.155235716129692 1.1607142857142883
-9.138206927776857 1.1526413855553725
-9.13593332877494 1.1513847628164449
-9.121710902147049 1.142857142857146
-9.089285714285719 1.126726698026121
-9.087156640266056 1.1254258148039362
-9.084183369185864 1.1239795309800327
-9.054452353111758 1.1071428571428603
-9.041055198617226 1.098931817419416
-9.020168668405148 1.089285714285717
-9.000000000000005 1.0792059882961578
-8.989716455814744 1.0734852802656274
-8.986312009007115 1.0714285714285747
-8.976441343237997 1.0667168400761726
-8.965303413331705 1.0605107459050922
-8.953838502408281 1.0535714285714315
-8.941117571332477 1.0474907714477943
-8.922806796738435 1.0381327879191167
-8.918818522880365 1.0357142857142883
-8.910714285714292 1.0316453405288328
-8.893830892513906 1.0212338214972227
-8.886567809287447 1.017857142857146
-8.870620701728757 1.009838426060039
-8.856696092457973 1.0000000000000027
-8.845602470053214 0.9951652202750756
-8.821428571428577 0.9832613410333888
-8.79733018450741 0.9691053916699497
-8.78701278727372 0.9642857142857171
-8.764446381532013 0.9528892763064034
-8.753203268107583 0.9464285714285738
-8.748073653829351 0.9432424120912763
-8.732142857142863 0.9357782033026485
-8.719619816125668 0.9285714285714306
-8.700941414151313 0.916954574312598
-8.658649525178058 0.8960156193213269
-8.653176133630478 0.892857142857145
-8.650669792900386 0.8912946128484975
-8.64285714285715 0.8876194516676916
-8.621015858583956 0.8750000000000018
-8.605626826485867 0.8675539367257459
-8.601756690760043 0.8653629475622804
-8.588421281635616 0.8571428571428594
-8.553571428571434 0.8394179241174529
-8.553411115272755 0.8393177769454532
-8.553195342313472 0.8392104970341245
-8.522514448870066 0.8214285714285738
-8.508409897584208 0.8126037347688762
-8.489283258106719 0.8035714285714306
-8.481887978453443 0.8000509757378858
-8.46428571428572 0.7911857780435936
-8.457018416485173 0.7871677452743979
-8.454565867533587 0.7857142857142883
-8.447923761386294 0.7824418951344025
-8.410227879442356 0.760811566968675
-8.386527728091007 0.7500000000000018
-8.375000000000007 0.7443049525702605
-8.358774491827951 0.7353879587772703
-8.353326219838326 0.7321428571428594
-8.33741220270141 0.72462529768314
-8.33365139005971 0.722555436273776
-8.319790903652143 0.7142857142857162
-8.311361268447197 0.7091563177391356
-8.285714285714292 0.6967337081997291
-8.262346749761281 0.6832449357620325
-8.252163768222132 0.6785714285714306
-8.22955736768448 0.6673400449654681
-8.217821482632454 0.6607142857142874
-8.212546369532815 0.6574907260934397
-8.196428571428577 0.6500707088707296
-8.18367111998091 0.6428571428571441
-8.17440602583911 0.6384526337392513
-8.162413798484932 0.6318029545887303
-8.151109961103723 0.6250000000000018
-8.13810169311334 0.6188082328059066
-8.120363353223961 0.6097869563590788
-8.11597743395773 0.6071428571428585
-8.11336590217018 0.6058982481373949
-8.107142857142863 0.6027288542019296
-8.083476136104235 0.5892857142857153
-8.066398737390132 0.581136890335169
-8.064338491944795 0.579989444468187
-8.050185882524344 0.571428571428573
-8.01785714285715 0.5552322572286945
-8.015820157498863 0.553978825643088
-8.014941806886226 0.5535714285714306
-8.013008850730406 0.5526017701460821
-7.983407412356393 0.5357142857142874
-7.969982516457178 0.5274320681371387
-7.949396489564921 0.5178571428571441
-7.928571428571434 0.5073842328828704
-7.9188552006752 0.5019432455792483
-7.91566271957033 0.5000000000000018
-7.90715576194204 0.4957168666741225
-7.883456293955797 0.48214285714285854
-7.872670951263178 0.47546580974736674
-7.848724195067846 0.4642857142857153
-7.83928571428572 0.45952349019724537
-7.822099548141194 0.4498658046574784
-7.816474967024543 0.44642857142857295
-7.801518271989658 0.4388750829693606
-7.787028325660683 0.4285714285714297
-7.750000000000005 0.4109407227707713
-7.727098013928819 0.39743754007138143
-7.7173240655322095 0.3928571428571441
-7.695973706991039 0.3820518842553504
-7.678129163943334 0.3715170243541923
-7.660714285714292 0.36334692012107617
-7.649947534574673 0.35714285714285765
-7.63084406553356 0.34525975832186173
-7.5903146166774915 0.32520578047835524
-7.583761976768199 0.32142857142857206
-7.580761194712295 0.31956204677182853
-7.571428571428577 0.31518263595899754
-7.551282975532185 0.3035714285714288
-7.537016654954438 0.2966890452766009
-7.53166024108485 0.29366795178303207
-7.518692683892213 0.2857142857142865
-7.507977248901509 0.28054740736255734
-7.484153436402488 0.26825925870906886
-7.483497293006035 0.2678571428571441
-7.483100005627908 0.26766571316013543
-7.482142857142863 0.26717248214886613
-7.452289465871399 0.2500000000000009
-7.434844447361272 0.2416025390991754
-7.431468808343622 0.23986519024015163
-7.418833731508591 0.23214285714285765
-7.3928571428571495 0.21904739830465925
-7.387044489271399 0.2154482450028654
-7.384554914052682 0.2142857142857153
-7.379077947649558 0.21152987524419675
-7.340662881542524 0.18901028083435367
-7.318206094704174 0.17857142857142883
-7.303571428571435 0.17124492738266817
-7.289670761423663 0.16349441914384055
-7.285072026997845 0.16071428571428648
-7.271694406329409 0.1543388812658817
-7.264937202196912 0.15058398813204832
-7.252102992800124 0.14285714285714324
-7.242772107593589 0.1371598641955698
-7.216334731579014 0.125
-7.214285714285721 0.12398584558473669
-7.193438186865158 0.11131236262697008
-7.184330064049874 0.10714285714285765
-7.163845313023345 0.09705477689038222
-7.149952681548847 0.08928571428571441
-7.143725558163854 0.08554060265294527
-7.125000000000006 0.07706743759206969
-7.114853969396151 0.07142857142857117
-7.107231006784445 0.0678747727854585
-7.092727826709715 0.06002586322948744
-7.081657722471645 0.053571428571428825
-7.067803156807694 0.04715365435274865
-7.05057301312076 0.03868603119557967
-7.045428903823742 0.03571428571428559
-7.042484606602043 0.034360221536735125
-7.035714285714292 0.031061384238999956
-7.011380568063299 0.01785714285714235
-6.9947867666860795 0.008185503805642647
-6.9760715450670725 0.