-12.007716801442408 2.
-11.99209455563898 1.9912760539849383
-11.970682924005837 1.9772919866274048
-11.946428571428573 1.9645639969564357
-11.945996823607397 1.9642857142857153
-11.945736136414666 1.9641472272829343
-11.924592775768653 1.9507957305605563
-11.918391523423391 1.946428571428573
-11.90168540056714 1.937520062743717
-11.901580331619257 1.9374589234667097
-11.889026740055513 1.9285714285714306
-11.881925393221431 1.9236149213557168
-11.85714285714286 1.9097295718750678
-11.837807070430232 1.8967243001996712
-11.830632532147527 1.892857142857146
-11.816598132998603 1.8847481980282952
-11.80187871915939 1.8750000000000036
-11.794399068534904 1.8696916148644522
-11.771306382950845 1.857142857142862
-11.767857142857146 1.8551351365552176
-11.749279006243954 1.8430013416083568
-11.7442016969921 1.8392857142857189
-11.730598933206245 1.831834072355539
-11.727146119505678 1.82957077609887
-11.716066832341673 1.8214285714285765
-11.70605987400184 1.815930882342495
-11.688975503976854 1.805652243652518
-11.686155392506189 1.8035714285714333
-11.67857142857143 1.7991007871174043
-11.66408441963316 1.7886116875019447
-11.658854670593033 1.78571428571429
-11.648807069243773 1.7797614138487585
-11.622265553135176 1.761261175087256
-11.602054078198996 1.7500000000000044
-11.589285714285717 1.7423982775038072
-11.577478642191291 1.7345042715617467
-11.574336445400927 1.7321428571428612
-11.565980393354424 1.7274817929566026
-11.556170233203503 1.720908810502162
-11.547378618675307 1.7142857142857189
-11.537233580056572 1.7068389982744057
-11.518699316986698 1.6964285714285765
-11.500000000000004 1.685219740937959
-11.49289893620414 1.6799916413306057
-11.49037741175788 1.6785714285714333
-11.485575817701747 1.6756865921117816
-11.463929518560148 1.66071428571429
-11.452577445741513 1.6523416537088451
-11.435768012905381 1.6428571428571477
-11.410714285714288 1.6277904457355357
-11.407527564457947 1.625637344251273
-11.406688956836886 1.6250000000000044
-11.404463181088285 1.623749779074804
-11.386924182181586 1.6119008778494015
-11.380661589845424 1.6071428571428612
-11.364895545544037 1.5984494623197687
-11.36363007268074 1.5977260145361516
-11.351065228771446 1.5892857142857189
-11.321428571428575 1.5730893514388908
-11.319381040789231 1.5718380775564444
-11.318774532220026 1.5714285714285756
-11.31725234934144 1.5705933270111485
-11.276901255783333 1.5446197488433384
-11.259557550592655 1.53571428571429
-11.232142857142861 1.520572664455317
-11.2288228319977 1.5185211478861786
-11.2278519704439 1.5178571428571468
-11.225189879006605 1.5164665472298955
-11.20680408412768 1.505067754603039
-11.199423062297287 1.5000000000000036
-11.18660555838608 1.4912503168942166
-11.142857142857146 1.467415430635426
-11.139188654361787 1.4650194119847901
-11.137779814134442 1.464285714285718
-11.134954901979732 1.4627052661102349
-11.109576655431848 1.4464285714285747
-11.09697416568119 1.4377480240066225
-11.079457069179412 1.4285714285714324
-11.05357142857143 1.4140130796432224
-11.049595824008872 1.4115094066268021
-11.048458530429418 1.41071428571429
-11.045363731764734 1.409072746352951
-11.027832936082365 1.3980048413549602
-11.020491241954916 1.3928571428571468
-11.005123286819707 1.3846896283503485
-11.001094229239932 1.3823617029908464
-10.990622798333357 1.3750000000000036
-10.964285714285717 1.3600868540020654
-10.960998111213858 1.3578003777572327
-10.959755619054642 1.3571428571428612
-10.957289088631713 1.3557435320120605
-10.93201206775612 1.339285714285718
-10.919311219467687 1.330423470392181
-10.902372789518123 1.3214285714285747
-10.875000000000004 1.3058566972726995
-10.87227100055431 1.304117228460571
-10.871500902635418 1.3035714285714324
-10.869413336365868 1.3024540958446051
-10.850771815156438 1.290559922683002
-10.843942152968703 1.2857142857142891
-10.83100011822863 1.2766571192114204
-10.814479519298644 1.267857142857146
-10.785714285714288 1.251461684040514
-10.784090318024193 1.2503247935380228
-10.78348077551285 1.2500000000000036
-10.782273282259112 1.2493117993089689
-10.756035496710187 1.2321428571428603
-10.742784263749781 1.2228717186786184
-10.726659918994027 1.214285714285717
-10.696428571428575 1.1974514899260083
-10.695193688949898 1.1966755479243103
-10.694825995027445 1.1964285714285747
-10.693713494008783 1.1958855559446162
-10.671992867013826 1.1834585694543813
-10.6641650317292 1.1785714285714315
-10.647614741235186 1.1704770517529663
-10.642477737332362 1.1677812617521877
-10.631189473989174 1.1607142857142883
-10.607142857142861 1.148316623406095
-10.600096480069553 1.1442664182718074
-10.59785143100482 1.142857142857146
-10.591983625237871 1.1398252964761477
-10.555101999153482 1.1175510287407358
-10.533448167764561 1.1071428571428603
-10.517857142857146 1.0990515704010564
-10.505317372721452 1.0917936683128557
-10.501354213622077 1.089285714285717
-10.490122734467683 1.0837388326078248
-10.481452941326495 1.078709411734705
-10.469977869018143 1.0714285714285747
-10.460121017847946 1.065118653573272
-10.428571428571432 1.0490281905129315
-10.412123763693605 1.0390038186898538
-10.405342191237393 1.0357142857142883
-10.390971736939722 1.028194347387946
-10.3736591798894 1.017857142857146
-10.365513778888758 1.012611529936538
-10.339624713791705 1.0000000000000027
-10.339285714285719 0.999821929404435
-10.316799536059513 0.9866400927881003
-10.309797065483352 0.9821428571428594
-10.292689735318863 0.9736049100790884
-10.29037192787999 0.9723600998617146
-10.277826461932857 0.9642857142857171
-10.269874077567335 0.9603108987722511
-10.250000000000004 0.9496192938995849
-10.24469727924704 0.9464285714285738
-10.224898297738257 0.9335917690237796
-10.214667217143562 0.9285714285714306
-10.193161913430126 0.9172038112574556
-10.177305897027805 0.9073959634515845
-10.16071428571429 0.8992316196427241
-10.150167322621577 0.892857142857145
-10.143186991023624 0.8893516839190116
-10.129484826327056 0.8812458918774482
-10.119859167318888 0.8750000000000018
-10.10607293832139 0.8680711266214391
-10.094353069753144 0.861727756807773
-10.087294157284546 0.8571428571428594
-10.083568487683664 0.854714873891842
-10.071428571428577 0.8487248773749201
-10.055853194952368 0.8392857142857171
-10.03854900078555 0.8280044855571793
-10.025227058678151 0.8214285714285738
-9.997297864675108 0.8066024300778798
-9.992299219980664 0.8035714285714306
-9.989815450810607 0.8020369098378817
-9.966725225560912 0.7857142857142883
-9.943332032021278 0.7756193078814615
-9.892857142857148 0.7510779812235597
-9.89147427335418 0.750276573900595
-9.890874132750938 0.7500000000000018
-9.889546882054333 0.7493379478394386
-9.845542408061757 0.7237486612447945
-9.825080017544451 0.7142857142857162
-9.803571428571434 0.7035221043402213
-9.794863992365629 0.6981700586697341
-9.782828194064711 0.6922799245272291
-9.758778383020875 0.6785714285714306
-9.747882050449387 0.6718521613386965
-9.723924289153707 0.6607142857142874
-9.714285714285719 0.6558672847745894
-9.697165671136219 0.6462811514870443
-9.691540867206841 0.6428571428571441
-9.675295625327403 0.6350591250654816
-9.672323950680077 0.6333923527211294
-9.65856443985205 0.6250000000000018
-9.648702740657775 0.6202594518684474
-9.625000000000004 0.6080672372508529
-9.623389530406717 0.6071428571428585
-9.602020970333903 0.593881520218936
-9.592203197863467 0.5892857142857153
-9.570771002993435 0.5784399148844015
-9.560940402578877 0.571428571428573
-9.55303233792171 0.5679649609870889
-9.53571428571429 0.5593818859924484
-9.505810356259172 0.5416950716053117
-9.49309549978924 0.5357142857142874
-9.465443299768928 0.5216600885252145
-9.45887069209418 0.5178571428571441
-9.455854710151705 0.5159719151125186
-9.446428571428577 0.5115250955164345
-9.426538177808814 0.5000000000000018
-9.409732508031901 0.489482069822194
-9.360512256894646 0.46495959423607225
-9.359352245269353 0.4642857142857153
-9.358818080349966 0.4639506696442943
-9.357142857142861 0.4631574465634749
-9.32837809201227 0.44642857142857295
-9.310744786654332 0.437851042669136
-9.308559601226818 0.4367119202453651
-9.29544833362491 0.4285714285714297
-9.267857142857148 0.41445732019525305
-9.263338252227841 0.4116180638401481
-9.257313481944378 0.4086055535317321
-9.2303037389146 0.3928571428571441
-9.217823298326197 0.3850067689061918
-9.196754478318601 0.3750000000000009
-9.191464583774588 0.37242136895936984
-9.178571428571434 0.36568533897754296
-9.16749248147568 0.35935864656200867
-9.163932738002844 0.35714285714285765
-9.15455860572847 0.35234029257426513
-9.121841079827059 0.3327746411774468
-9.097958581583635 0.32142857142857206
-9.089285714285719 0.31698772762809124
-9.071880563057158 0.3070524588171404
-9.06628380994069 0.3035714285714288
-9.050259525606734 0.29576619083563216
-9.047343400114634 0.2941027485485028
-9.033843977475533 0.2857142857142865
-9.025667748631031 0.28058073598808164
-9.000000000000005 0.2677726642327096
-8.977682788767986 0.25446344224640516
-8.968252849314458 0.2500000000000009
-8.947745590072216 0.2395491180144429
-8.934982523675085 0.23214285714285765
-8.929096521882146 0.22846640990928702
-8.910714285714292 0.21980158073393063
-8.90118704538158 0.2142857142857153
-8.894466118434424 0.211036080829742
-8.879625047715727 0.2026464190282855
-8.869504231142232 0.19642857142857206
-8.855410774108268 0.1896321308926332
-8.841890058703392 0.1826637260263917
-8.835202824536658 0.17857142857142883
-8.831156023355996 0.17662593818594452
-8.821428571428577 0.171631310892975
-8.8023827458131 0.16071428571428648
-8.788730376098998 0.15417464664837155
-8.782435014919544 0.15065585415895022
-8.769563798722036 0.14285714285714324
-8.734907140411476 0.12555285665372296
-8.733491035262977 0.12473036437597695
-8.732142857142863 0.12411104576939103
-8.70206914555365 0.10714285714285765
-8.687376758572093 0.09823893399986883
-8.667752821373718 0.08928571428571441
-8.64285714285715 0.07708979910715286
-8.635260305991075 0.07294793880178574
-8.632675834823935 0.07142857142857117
-8.625554302774571 0.06796800341205511
-8.599435317279712 0.053571428571428825
-8.587845229328476 0.046716668420020646
-8.563085256805717 0.03571428571428559
-8.553571428571434 0.031179641497326216
-8.535317286096257 0.021507971352177968
-8.5288900491734 0.01785714285714235
-8.509419972281686 0.009026851599192476
-8.509148310317938 0.008884623650698309
-8.493281932971623 0.