-12.275557044797036 2.
-12.262203320986186 1.9904164786599061
-12.217566840886 1.9649419396057723
-12.216593533882946 1.9642857142857153
-12.21609407484854 1.9639240421731508
-12.214285714285715 1.9629310028040265
-12.189818708910222 1.946428571428573
-12.175847150356686 1.9387408586427677
-12.172964408174403 1.9368356897936927
-12.161781872134005 1.9285714285714306
-12.134842042864603 1.9126826942872084
-12.131949614219637 1.9107142857142883
-12.130455198704809 1.9096232459733269
-12.125000000000002 1.9065991608498063
-12.104817200403533 1.892857142857146
-12.093427877397367 1.886542718336619
-12.087395663885365 1.8825208672229312
-12.077327035652957 1.8750000000000036
-12.053170879711397 1.860634175942283
-12.04935147753667 1.857142857142862
-12.035714285714288 1.849507221004199
-12.004632718160451 1.8276448849393434
-11.993522246445156 1.8214285714285765
-11.972372023419378 1.8087601189695945
-11.960944713573815 1.8006682001423853
-11.946428571428573 1.7924946045168646
-11.936624588570796 1.78571428571429
-11.91971019345494 1.7732008184518744
-11.892224291425865 1.7570162868566062
-11.882134137617177 1.7500000000000044
-11.876835221699139 1.7460615270887487
-11.85714285714286 1.7349157617192672
-11.85315410288016 1.7321428571428612
-11.850958320408722 1.7309059497960337
-11.833457872683958 1.719022711177499
-11.827253030004437 1.7142857142857189
-11.811706360394584 1.7055158707782319
-11.810947945505076 1.705046731958162
-11.79967973234487 1.6964285714285765
-11.791357172177444 1.6917285655645173
-11.771187974929829 1.6792375949859704
-11.770318183650042 1.6785714285714333
-11.767857142857146 1.6770811622189656
-11.749260679476212 1.6644335783904767
-11.744397041816933 1.66071428571429
-11.732802304939566 1.6537033181307743
-11.721226308665818 1.6428571428571477
-11.709066953418931 1.6367580378876472
-11.67857142857143 1.6187174255032497
-11.665886198708339 1.60967990311548
-11.661403991951678 1.6071428571428612
-11.652048103644221 1.6018381921574196
-11.632788768489656 1.5892857142857189
-11.622822325661204 1.5825783920106211
-11.600914868783534 1.5714285714285756
-11.589285714285717 1.5650554098242067
-11.576132900708018 1.5562019912869722
-11.560455767927618 1.5478054392998128
-11.541227000752212 1.53571428571429
-11.531822120254272 1.5293498616634364
-11.509394866311762 1.5178571428571468
-11.500000000000004 1.5126771519785525
-11.484474861760873 1.5031050276478295
-11.47991566267349 1.5000000000000036
-11.468503307389819 1.4937006614779662
-11.450242613188193 1.4821428571428612
-11.441265028578695 1.4760327085699796
-11.418498085852715 1.464285714285718
-11.410714285714288 1.4599681535890845
-11.394213115763653 1.4497288054187019
-11.389404720585404 1.4464285714285747
-11.377411946421176 1.4397681035699526
-11.363766933777171 1.4285714285714324
-11.321428571428575 1.4064326786202548
-11.305521216498363 1.3960386138431895
-11.299403013755324 1.3928571428571468
-11.287110309941509 1.3859934905597333
-11.261425982887323 1.3691433748511113
-11.238437829322676 1.3571428571428612
-11.232142857142861 1.3536167214011066
-11.216004404509324 1.3425134048124256
-11.197451529470731 1.3323474487512916
-11.180473350763744 1.3214285714285747
-11.172016378452696 1.315596724309465
-11.149064896123468 1.3035714285714324
-11.142857142857146 1.3000849863525747
-11.125519252173605 1.289181863850998
-11.120545247780148 1.2857142857142891
-11.106979982030692 1.2785388535489979
-11.102751497876024 1.2758782718533697
-11.091251917448536 1.267857142857146
-11.080915468709579 1.2623883348295166
-11.062424569167334 1.2517706281191838
-11.05988640853291 1.2500000000000036
-11.05357142857143 1.2464526103513602
-11.036311453583455 1.2355948521404558
-11.031360177294113 1.2321428571428603
-11.019066110655407 1.2252417935596558
-11.005919020292762 1.214285714285717
-10.993415701560258 1.2084597168308093
-10.964285714285717 1.1936262630310859
-10.946086641352485 1.1822112431580782
-10.93835635123524 1.1785714285714315
-10.921576491226618 1.1700295839596118
-10.9055038045703 1.1607142857142883
-10.898122340820352 1.1560898175502183
-10.875000000000004 1.1451542226287401
-10.871045609655713 1.142857142857146
-10.850429747950201 1.1299140504099636
-10.817683448221164 1.113536689644235
-10.806725189816675 1.1071428571428603
-10.801664710943712 1.1039527720969753
-10.785714285714288 1.096358627869992
-10.773619287055563 1.089285714285717
-10.765249236711902 1.08519270448524
-10.752743496654753 1.0780227292404811
-10.742207093582717 1.0714285714285747
-10.714613714456638 1.057208457177044
-10.708420999431207 1.0535714285714315
-10.705545749194963 1.0517479930181537
-10.696428571428575 1.0473791272586537
-10.676609441429203 1.0357142857142883
-10.66301538048447 1.0290316475254677
-10.657233587461823 1.0256961396504964
-10.644797682419327 1.017857142857146
-10.61235682461664 1.0010427934947588
-10.610945546796948 1.0000000000000027
-10.607142857142861 0.9981409874043807
-10.565190232832492 0.9726762391477903
-10.547817412319745 0.9642857142857171
-10.517857142857146 0.9486772845272995
-10.514978538384243 0.9470042923231548
-10.51407293985767 0.9464285714285738
-10.511510569281379 0.9451592567134206
-10.49192447712607 0.9337579617176459
-10.483781013837012 0.9285714285714306
-10.470663059859243 0.9201531023138685
-10.428571428571432 0.8986428520356755
-10.421437063978514 0.894284015775729
-10.418501098666411 0.892857142857145
-10.412279867185227 0.8895988305799039
-10.387851879727622 0.8750000000000018
-10.376341614633565 0.8675888199304325
-10.354894994102967 0.8571428571428594
-10.339285714285719 0.8489538544249475
-10.326977758590365 0.8417473054247875
-10.323137755350643 0.8392857142857171
-10.312305102231152 0.8338895918748035
-10.303315120545856 0.8286226901765472
-10.292099189557225 0.8214285714285738
-10.280041515242175 0.815420268380139
-10.262649691450866 0.8061013668616033
-10.258706595837666 0.8035714285714306
-10.250000000000004 0.7992101378405234
-10.23344578093144 0.7890251295280004
-10.22630667217338 0.7857142857142883
-10.21029298263494 0.7777728822412753
-10.184798626238436 0.7630402747523162
-10.16071428571429 0.7519732131274575
-10.157218131718126 0.7500000000000018
-10.154672745207781 0.7487916918986999
-10.134182944654004 0.7374491253549165
-10.125349480442015 0.7321428571428594
-10.109381660832206 0.7245522392621337
-10.100689488987665 0.7201378977975343
-10.090965895482958 0.7142857142857162
-10.086159140535285 0.711339600464374
-10.071428571428577 0.7045362392467807
-10.057136132457243 0.696428571428573
-10.03870767688877 0.6851156074793918
-10.024562530472894 0.6785714285714306
-9.993380872072006 0.6629618887001163
-9.989432226194548 0.6607142857142874
-9.987645235822491 0.659613809978361
-9.96382877655845 0.6428571428571441
-9.941471058857454 0.6331343596570829
-9.892857142857148 0.60926092411027
-9.89016136877941 0.6076820119584063
-9.889003871666675 0.6071428571428585
-9.886466580629236 0.6058647446972758
-9.84436782645953 0.5811264347080964
-9.823615952083244 0.571428571428573
-9.803571428571434 0.5613013971679193
-9.794150953532293 0.5554555235792584
-9.78133635552603 0.5491244139623497
-9.758046348948445 0.5357142857142874
-9.747402823067564 0.5290908639579186
-9.72347524928559 0.5178571428571441
-9.714285714285719 0.5131950760058253
-9.69704121011466 0.5034489008342131
-9.691435731283535 0.5000000000000018
-9.67532696892396 0.49220825092764997
-9.672358470093366 0.49052830598132946
-9.6587501729519 0.48214285714285854
-9.648884730168957 0.4773659111090671
-9.625000000000004 0.46497928651452636
-9.623802052735954 0.4642857142857153
-9.602454850798889 0.45093760126879534
-9.592900265566445 0.44642857142857295
-9.572162710859493 0.4358611136004704
-9.562046018504587 0.4285714285714297
-9.553819083284427 0.42495046905740175
-9.53571428571429 0.4159247750470394
-9.506709578319464 0.39865808433610894
-9.494450841441541 0.3928571428571441
-9.467885543377745 0.37929139438983484
-9.460506467013133 0.3750000000000009
-9.457103747453184 0.37286496479507925
-9.446428571428577 0.3678082972144896
-9.428097196354015 0.35714285714285765
-9.410949788815378 0.346381470808355
-9.363520131269432 0.32270402625388606
-9.361328309679243 0.32142857142857206
-9.360316597857368 0.32079382328567085
-9.357142857142861 0.31929060378424
-9.330122780805118 0.3035714285714288
-9.311972072897234 0.2947484425634119
-9.311313415741353 0.29440554029112764
-9.297288898636532 0.2857142857142865
-9.267857142857148 0.27070019656643485
-9.264417530989334 0.26854506523070665
-9.259800936359438 0.2662459015576024
-9.231800577262115 0.2500000000000009
-9.218895375754832 0.24193521056332123
-9.198132479941403 0.23214285714285765
-9.19241255475807 0.22937463190553053
-9.178571428571434 0.22220888319576648
-9.168227575613649 0.2163544848772725
-9.164865978002709 0.2142857142857153
-9.155927989531316 0.2097570264776918
-9.122206426772765 0.1898444289311625
-9.098124996657294 0.17857142857142883
-9.089285714285719 0.17411958763324975
-9.071673400153779 0.1642367485406746
-9.065888535061433 0.16071428571428648
-9.049113977491553 0.1526799383554538
-9.046757396688772 0.15136280637653332
-9.032720890634737 0.14285714285714324
-9.024676668373784 0.13792180918238728
-9.000000000000005 0.12592249149343449
-8.975959341588432 0.11195098882517218
-8.965502770225582 0.10714285714285765
-8.942044043630156 0.09555166586888753
-8.930879558897272 0.08928571428571441
-8.925856451941307 0.08625728104031083
-8.910714285714292 0.07938733563895983
-8.896432076168031 0.07142857142857117
-8.877644068874881 0.06018547193931045
-8.86294773901041 0.053571428571428825
-8.829206536277393 0.037269878684049296
-8.826366617317923 0.03571428571428559
-8.825113037597545 0.03497739248049214
-8.821428571428577 0.03335096947804406
-8.792851680814229 0.01785714285714235
-8.777318023390816 0.008822109607551809
-8.757101821587053 0.