-7.997637145631849 0.
-8.01785714285715 0.010611668819068498
-8.02864166092661 0.015700239243250813
-8.033457220964827 0.01785714285714235
-8.042139894808798 0.0227136932474723
-8.054140075476724 0.02845769919037
-8.07014560757816 0.03571428571428559
-8.079779251669375 0.04118700680898346
-8.100718645599892 0.052286586262834334
-8.103521919394835 0.053571428571428825
-8.107142857142863 0.05555032335349086
-8.131761939677423 0.06650475492165953
-8.140076865836212 0.07142857142857117
-8.154465995244719 0.07982108666534238
-8.157602265216045 0.08152045304320765
-8.174236208584597 0.08928571428571441
-8.179856213541589 0.09260018586311158
-8.196428571428577 0.1016628685012213
-8.20758369037639 0.10714285714285765
-8.213223187455084 0.11050178034815872
-8.229042110113484 0.11847729226301862
-8.242812631790404 0.125
-8.253526852848607 0.13143748657313647
-8.267547186069317 0.13922372292814789
-8.275171948869419 0.14285714285714324
-8.277789586828469 0.14444208263430802
-8.285714285714292 0.1488711125396991
-8.309324155794128 0.16071428571428648
-8.329013009291511 0.1699116838559851
-8.342993499286868 0.17857142857142883
-8.373408853725488 0.19611034217366807
-8.374323783009839 0.19656381482660557
-8.375000000000007 0.19698631110672693
-8.409008628973421 0.2142857142857153
-8.422506364310884 0.2226415842806828
-8.425609893371968 0.22440769296010732
-8.441517532673009 0.23214285714285765
-8.46428571428572 0.24541857234489672
-8.471075904386757 0.2486419619797937
-8.473235935608049 0.2500000000000009
-8.477890597286079 0.25272097660007287
-8.521033999937826 0.27436462858386523
-8.539008038615464 0.2857142857142865
-8.553571428571434 0.2942596468573555
-8.567311131927962 0.30082348790012325
-8.571656279763742 0.3035714285714288
-8.5809902862317 0.3090552001034821
-8.60499320568725 0.32142857142857206
-8.616150098778181 0.3267699802443653
-8.63590106656142 0.3392857142857153
-8.64285714285715 0.3433783607696599
-8.663128133080901 0.35308865909810727
-8.66952267245627 0.35714285714285765
-8.683249747514825 0.36522137807439314
-8.702189091184897 0.3750000000000009
-8.71101021710258 0.3792265280080578
-8.732142857142863 0.3926277536586671
-8.732587146492955 0.3928571428571441
-8.758755014696954 0.4053918542034687
-8.78519247792029 0.4213242098697725
-8.799239030543305 0.4285714285714297
-8.804601859275477 0.4319367710020501
-8.821428571428577 0.4416110996175169
-8.828064548825768 0.4451013759491351
-8.830771746309606 0.44642857142857295
-8.835148540342312 0.4491725652113203
-8.85219686864998 0.4581320548414354
-8.864758515571404 0.4642857142857153
-8.875882698384162 0.4712520317517406
-8.886380063078247 0.47727601261564967
-8.89632368595651 0.48214285714285854
-8.899810547618458 0.4843236047620252
-8.910714285714292 0.4905735351977709
-8.92904852289891 0.5000000000000018
-8.950028937032455 0.5099942125935115
-8.962495208721137 0.5178571428571441
-8.989446073103311 0.533603500334948
-8.993561838307352 0.5357142857142874
-8.995469524820987 0.5366203807500911
-9.000000000000005 0.5393257883492897
-9.045851913383013 0.5622581887519713
-9.0604519335349 0.571428571428573
-9.089285714285719 0.5881951220402604
-9.090905177691148 0.5889618216046291
-9.092544377906083 0.5899374470097882
-9.126295089735292 0.6071428571428585
-9.141858730836091 0.6144853966899273
-9.178571428571434 0.6362593025905205
-9.18803812398907 0.6409638037736167
-9.19235252673764 0.6428571428571441
-9.197697706098849 0.6466823983626266
-9.225362167403928 0.6607142857142874
-9.238062936099091 0.6666731270658985
-9.257194787624774 0.6785714285714306
-9.267857142857148 0.6847041317521159
-9.285401107417526 0.6929197785164973
-9.30345409360124 0.7035479615773914
-9.324735149204376 0.7142857142857162
-9.332737387206944 0.7191668082728997
-9.355168828543198 0.7317480514229269
-9.355991349590358 0.7321428571428594
-9.357142857142861 0.7328014135923535
-9.382981165473266 0.7448323383339206
-9.39134912939399 0.7500000000000018
-9.409798205437589 0.7605310696589473
-9.42439466839885 0.767857142857145
-9.4310327491863 0.7709363073056004
-9.446428571428577 0.7804107680941881
-9.457013973904893 0.7857142857142883
-9.480467754700175 0.7967635919171112
-9.491372741216301 0.8035714285714306
-9.51267991822567 0.8168216979308491
-9.521156688947736 0.8214285714285738
-9.525278073245353 0.8235158139223611
-9.53571428571429 0.8301630786469723
-9.572600533997095 0.8497656074862983
-9.588560441779364 0.8571428571428594
-9.60638307176751 0.8712766143535031
-9.613235609055586 0.8750000000000018
-9.616569096104124 0.8766861807791777
-9.625000000000004 0.8823091332581958
-9.644425257960338 0.892857142857145
-9.65272368824483 0.8984018805061105
-9.661698444267921 0.9033745968607052
-9.676010373576958 0.9107142857142883
-9.684837029565925 0.9166040226582473
-9.699816523149941 0.9256775903442751
-9.705465331272705 0.9285714285714306
-9.707501918438805 0.9299281877408134
-9.714285714285719 0.9340314366901135
-9.737194504552074 0.9464285714285738
-9.756074390801892 0.9559279789824826
-9.768668082280081 0.9642857142857171
-9.794759614036753 0.9803804942359235
-9.799608316301462 0.9829354795968541
-9.803571428571434 0.9855561883131037
-9.830399548218976 1.0000000000000027
-9.848240945858926 1.008923239399647
-9.889972340423771 1.0351373252276126
-9.891048413453044 1.0357142857142883
-9.891566809525342 1.0359723523806492
-9.892857142857148 1.036779049845613
-9.94081460115055 1.0618370797698944
-9.961857189166167 1.0714285714285747
-9.984466994324803 1.0888208868493283
-9.98517776995816 1.089285714285717
-9.986670134852089 1.0901911698275626
-10.018585207303246 1.1071428571428603
-10.03384336006867 1.1146598994148418
-10.049733213793223 1.1250000000000036
-10.071428571428577 1.1380917291869164
-10.078322070234282 1.1414784430960045
-10.080446258274096 1.142857142857146
-10.084497997827995 1.1454710281370293
-10.101610009578502 1.1546779980843036
-10.113689384423914 1.1607142857142883
-10.124845135620989 1.1678881157329482
-10.133921454405373 1.1732128623096472
-10.144669565747492 1.1785714285714315
-10.16071428571429 1.188171765348705
-10.172730297213235 1.1940253691287852
-10.18338442147335 1.2009625985803867
-10.206739776358463 1.214285714285717
-10.21832261306212 1.2206211916732936
-10.23438133173974 1.2321428571428603
-10.250000000000004 1.2426427154468946
-10.259220561573072 1.2481558876853898
-10.262587336092238 1.2500000000000036
-10.267311096707829 1.2534622193415688
-10.281010171865768 1.2616551084839935
-10.292332163199815 1.267857142857146
-10.302398877220828 1.2752345102701232
-10.30920619683245 1.2796983822236347
-10.32019112849266 1.2857142857142891
-10.339285714285719 1.2985435498055269
-10.346016294069672 1.3022253126146417
-10.347892249385673 1.3035714285714324
-10.351544728413453 1.3060232313969795
-10.377938407841848 1.3214285714285747
-10.391516567691847 1.3288395436044924
-10.428571428571432 1.3542289555579385
-10.43235527149394 1.3563860885583594
-10.433413576790365 1.3571428571428612
-10.435482138335303 1.3585249990956356
-10.478378394307223 1.3828957497099887
-10.492360741528168 1.3928571428571468
-10.517857142857146 1.4098169629216262
-10.519067169939559 1.4104722802978076
-10.520076468788515 1.4111581509005635
-10.550236071123212 1.4285714285714324
-10.56564361975569 1.4368712760488664
-10.605815669777913 1.4640202768127288
-10.60627786794218 1.464285714285718
-10.606513100764403 1.4644116655614097
-10.607142857142861 1.4648346472864686
-10.6534366451253 1.4907412424035158
-10.672729407989904 1.5000000000000036
-10.692868028690377 1.5171450343095074
-10.694119098201533 1.5178571428571468
-10.694751707262283 1.518192515690405
-10.696428571428575 1.5193613276354174
-10.725244572389899 1.53571428571429
-10.741848315166683 1.544487479823811
-10.781100050770924 1.5705057244399026
-10.782737237836951 1.5714285714285756
-10.783400131656988 1.5718914022400359
-10.785714285714288 1.5733470976975088
-10.814078746458291 1.5892857142857189
-10.830515132799992 1.5981826877257213
-10.843120938225287 1.6071428571428612
-10.866023428125677 1.6232046856251392
-10.870539294012515 1.625892141197502
-10.875000000000004 1.6292223579495815
-10.897431774849618 1.6428571428571477
-10.914794556985166 1.652755374317258
-10.92546404029996 1.66071428571429
-10.945677295802161 1.674849744874722
-10.95181368168757 1.6785714285714333
-10.955060101899624 1.6804165510486513
-10.964285714285717 1.6869939093971666
-10.998731319474844 1.7073965932478936
-11.012489611697989 1.7142857142857189
-11.02567315581649 1.7265632025918736
-11.034924728480242 1.7321428571428612
-11.038808111419963 1.7350955205731546
-11.05357142857143 1.7450707945560984
-11.061764423197953 1.7500000000000044
-11.064701922648275 1.752226098815374
-11.081163549479868 1.7623387186754602
-11.09101786276141 1.7678571428571477
-11.101872988957961 1.7760539736369845
-11.104975665544249 1.778137990251711
-11.118539708801537 1.78571428571429
-11.123647209827585 1.789556272320202
-11.142857142857146 1.8024170843038574
-11.144792761927956 1.8035714285714333
-11.167862759082265 1.8164274481835525
-11.17471412454591 1.8214285714285765
-11.187938526943109 1.8304448482457687
-11.210639671625511 1.843586351389189
-11.229345119090109 1.857142857142862
-11.232142857142861 1.859035297984354
-11.253408747027901 1.870746822022996
-11.27077676918929 1.8827267824092893
-11.288077675991804 1.892857142857146
-11.297017681038811 1.8977393209350986
-11.321428571428575 1.9144338381192165
-11.339800459466096 1.924897050963926
-11.34736666506095 1.9285714285714306
-11.355095915642849 1.9353048974142855
-11.374337830543286 1.946428571428573
-11.384188265761614 1.9517337754191075
-11.401954107061934 1.9642857142857153
-11.410714285714288 1.970049616994686
-11.427152118919343 1.9788552905018468
-11.441127334478754 1.9882254668957504
-11.461777715541572 2.