-8.844879618891266 0.
-8.85880919103538 0.007476123921360767
-8.880703792895469 0.01785714285714235
-8.890054156269821 0.02198916874603629
-8.910714285714292 0.03414619770548377
-8.913987418064217 0.03571428571428559
-8.915717364035439 0.03671490137851485
-8.938629809016184 0.04798832391105101
-8.95066658655436 0.053571428571428825
-8.963244889980794 0.060922450575271014
-8.972458121187158 0.06592019566600182
-8.98424891164464 0.07142857142857117
-8.988237469288533 0.0737810775708656
-9.000000000000005 0.08021042474106377
-9.018479850413105 0.08928571428571441
-9.04003082092773 0.09913669295731253
-9.053218866224293 0.10714285714285765
-9.082389449833784 0.12362074710961313
-9.086408643055716 0.1255754142460006
-9.089285714285719 0.12734067627672996
-9.120346849816412 0.14285714285714324
-9.134795483947535 0.1516123317819238
-9.135761718246771 0.15215234364935437
-9.153638977360346 0.16071428571428648
-9.178571428571434 0.17499697168207096
-9.183583368788625 0.17756904052799083
-9.185669666072664 0.17857142857142883
-9.18912139048123 0.18068142095338757
-9.208197500937414 0.190503356955376
-9.220496362209927 0.19642857142857206
-9.232141782921651 0.20357164341567202
-9.241940111136726 0.20910230794163098
-9.25267470391434 0.2142857142857153
-9.267857142857148 0.22305907740917075
-9.281405305248441 0.22943322466459914
-9.285751027348168 0.23214285714285765
-9.29519387763756 0.23761020409894051
-9.319556202504035 0.2500000000000009
-9.330740659465205 0.25528043953553237
-9.350846176684424 0.2678571428571441
-9.357142857142861 0.2715127601485561
-9.378254883813062 0.28149188038024686
-9.384997661316973 0.2857142857142865
-9.398285523176906 0.29394281892109486
-9.400229316345492 0.29495413673090365
-9.417966620140207 0.3035714285714288
-9.42491133011245 0.30787487683465375
-9.446428571428577 0.32011775626572625
-9.448996383111487 0.32142857142857206
-9.474750472111667 0.3336213341490968
-9.503365995090595 0.3506731990181189
-9.516036828626726 0.35714285714285765
-9.521881736626472 0.3599093669604212
-9.53571428571429 0.3685824040289605
-9.548285876634088 0.3750000000000009
-9.554279120100166 0.3787129668771767
-9.568759285716382 0.3862481428567257
-9.5823650864355 0.3928571428571441
-9.592774987372904 0.39930214538256426
-9.60626009371272 0.40696630445683013
-9.613980180264958 0.4107142857142865
-9.61667253190842 0.4123797793326034
-9.625000000000004 0.4171089720572887
-9.647492056234496 0.4285714285714297
-9.667370509574642 0.43795446951364525
-9.680920262330911 0.44642857142857295
-9.710418084468252 0.4635121883222215
-9.711938704825068 0.4642857142857153
-9.712638285051904 0.4646152001324779
-9.714285714285719 0.4655910082406516
-9.763705911832828 0.4901159604905798
-9.77956103558088 0.5000000000000018
-9.803571428571434 0.5138532573919559
-9.809549588722213 0.5166615108269887
-9.815669527168353 0.5202767625765281
-9.846163350743057 0.5357142857142874
-9.860135412702116 0.5422586317452938
-9.892857142857148 0.5615313300604221
-9.913660300895096 0.571428571428573
-9.921831734686085 0.5772234897943607
-9.945760105954768 0.5892857142857153
-9.954750054698707 0.5947642747745459
-9.97389055216882 0.6054923961480503
-9.977330893446371 0.6071428571428585
-9.982142857142861 0.6098935629467341
-10.00484524811785 0.620459521805004
-10.012200719873315 0.6250000000000018
-10.028417930384823 0.6342550146483932
-10.045560341044027 0.6428571428571441
-10.051979396861185 0.6467469777706221
-10.071428571428577 0.6575951259029287
-10.077654107469447 0.6607142857142874
-10.102707052195152 0.6723157324181157
-10.112888415105237 0.6785714285714306
-10.135432304300387 0.6913721751457924
-10.14555599794094 0.696428571428573
-10.150138904983901 0.6985436475746507
-10.16071428571429 0.7050211353975717
-10.179292330357962 0.7142857142857162
-10.200694880399281 0.7241467382058611
-10.21376988831594 0.7321428571428594
-10.242844623274133 0.7485689246548279
-10.245723255199096 0.7500000000000018
-10.247020797705039 0.7505958404589945
-10.250000000000004 0.7523163801573469
-10.298784056706555 0.7759574743729782
-10.32145043983135 0.7857142857142883
-10.345215007671388 0.8023855698942963
-10.34714445383751 0.8035714285714306
-10.351101613434363 0.8059346084011594
-10.380705128876771 0.8214285714285738
-10.39465978687805 0.8282108997672504
-10.428571428571432 0.8489413117998348
-10.440103679024848 0.8548364070521766
-10.44369506659001 0.8571428571428594
-10.45060349743503 0.861549270915579
-10.462940076696155 0.8681262703750576
-10.476797821183274 0.8750000000000018
-10.486607658516093 0.8812498968682121
-10.50061883272733 0.8894094808311817
-10.507575725243207 0.892857142857145
-10.517857142857146 0.8989716848189175
-10.535019648292911 0.907281784627135
-10.551816104903986 0.9175060781236564
-10.573066999452077 0.9285714285714306
-10.581236721066675 0.9337526557866678
-10.6009595185448 0.9451919037089613
-10.6034636602031 0.9464285714285738
-10.607142857142861 0.948606767807572
-10.630132083985417 0.9596878689172055
-10.637342664782823 0.9642857142857171
-10.6527907410009 0.9734152910573242
-10.677507255145363 0.9859271203995021
-10.696428571428575 0.9979524971030695
-10.700385540705787 1.0000000000000027
-10.725505517375838 1.0120417536676936
-10.734672371461887 1.017857142857146
-10.75440625994935 1.0294526805613007
-10.766550945986028 1.0357142857142883
-10.772208371963032 1.0384154684645397
-10.785714285714288 1.0469517584269168
-10.798578305615877 1.0535714285714315
-10.82117344203584 1.064336740164264
-10.832416348724783 1.0714285714285747
-10.856745660360035 1.0856348463577232
-10.863867987695976 1.089285714285717
-10.867169169372847 1.0908518804111482
-10.875000000000004 1.0957719890925643
-10.897228611210107 1.1071428571428603
-10.917145532530341 1.116570893493936
-10.959839645567188 1.1419679291134397
-10.96158493861369 1.142857142857146
-10.962245999856071 1.1432650857430753
-10.964285714285717 1.144420442619949
-10.986962891177264 1.1561788503359791
-10.996334075956128 1.1607142857142883
-11.01037151075999 1.1693542692765764
-11.011952146550083 1.1702475721671615
-11.029182073811164 1.1785714285714315
-11.05357142857143 1.1926256834553586
-11.058880439506181 1.195366769241625
-11.061082550773836 1.1964285714285747
-11.064361643763736 1.198586614467036
-11.0822983215868 1.2085403356826436
-11.093210874326095 1.214285714285717
-11.10432729738307 1.2219916833805318
-11.110063911289522 1.2255842108293349
-11.122510997001838 1.2321428571428603
-11.142857142857146 1.2451985473769343
-11.149503351392266 1.2486707582929792
-11.151435603987881 1.2500000000000036
-11.155314306160777 1.2524914326607295
-11.19642885784565 1.2749999427165886
-11.211998097857261 1.2857142857142891
-11.232142857142861 1.298649141325722
-11.238953127872676 1.3022093744254688
-11.244903622719045 1.306123581686669
-11.272244803300032 1.3214285714285747
-11.285870589904626 1.3285401677333653
-11.321428571428575 1.351887864946221
-11.328460185416112 1.355736534345354
-11.331433243361761 1.3571428571428612
-11.334616270348693 1.359780396926885
-11.361857445796918 1.3750000000000036
-11.375420915100493 1.3820586741227627
-11.391151604511357 1.3928571428571468
-11.410714285714288 1.4053629942458787
-11.418141739019086 1.4092287950533304
-11.424666582935467 1.4135047451585256
-11.451713389701975 1.4285714285714324
-11.462570382272828 1.4360573521168671
-11.469382158543635 1.4403050031373015
-11.48105838450413 1.4464285714285747
-11.500000000000004 1.4584956523151709
-11.50805651801306 1.4626744106831069
-11.510406609500793 1.464285714285718
-11.515160223416014 1.4673177589689201
-11.555101296008278 1.4889797407983494
-11.571237354708636 1.5000000000000036
-11.589285714285717 1.5114600636015973
-11.598208115428225 1.5160726626286456
-11.600814633263347 1.5178571428571468
-11.606098039296825 1.5212196078593685
-11.632277968727662 1.53571428571429
-11.645237172016424 1.5423811370252913
-11.67857142857143 1.5640267186652412
-11.688546653712702 1.5694335264003216
-11.692781655348773 1.5714285714285756
-11.697375936577286 1.5751894730297469
-11.722883605382787 1.5892857142857189
-11.73515093325041 1.5958269562070662
-11.75120014457012 1.6071428571428612
-11.767857142857146 1.6187525243834493
-11.775482373009076 1.6234749539696178
-11.778181550807716 1.6250000000000044
-11.781833130783578 1.6277951975852911
-11.796811947775595 1.6370661818734584
-11.807069360031692 1.6428571428571477
-11.817453163010285 1.650795081683663
-11.821581336117589 1.6536019815092358
-11.8341936321979 1.66071428571429
-11.85714285714286 1.6766916770760378
-11.859594186545968 1.6780811626908116
-11.8602529115916 1.6785714285714333
-11.86150647164831 1.6794441514725236
-11.904524064958489 1.7048094727225935
-11.917325403828452 1.7142857142857189
-11.941794812306014 1.7312161053183495
-11.943339625813572 1.7321428571428612
-11.944151745532958 1.7325982223219842
-11.946428571428573 1.734272495068339
-11.972697901843693 1.7500000000000044
-11.989299383475846 1.7592829804476935
-12.02352555134914 1.7832765388412604
-12.027628679890965 1.78571428571429
-12.029339944423363 1.786989153972475
-12.035714285714288 1.791220972795034
-12.051043961998833 1.8005054933145246
-12.056588514169722 1.8035714285714333
-12.074789283092738 1.813613571952886
-12.08560015260344 1.8214285714285765
-12.106669809529844 1.8356196761916879
-12.116163524859429 1.8410530093138329
-12.125000000000002 1.8473703543504651
-12.141789428731135 1.857142857142862
-12.161331185238051 1.867733762952394
-12.171578157064493 1.8750000000000036
-12.19184468375793 1.888368936751589
-12.199645314560177 1.892857142857146
-12.203627032708528 1.8949888791725833
-12.214285714285715 1.9024499589461596
-12.228786614674213 1.9107142857142883
-12.249279828503433 1.9215726057278877
-12.259395120164307 1.9285714285714306
-12.279777037797286 1.9416696932737443
-12.288237903162726 1.946428571428573
-12.292481829904625 1.9486464911619343
-12.30357142857143 1.9562083981502507
-12.318120567290292 1.9642857142857153
-12.339015075126785 1.975054127831787
-12.371359277034069 1.995700426835385
-12.379217650585238 2.