-11.680527918631949 2.
-11.67857142857143 1.9990452720327463
-11.63542753488536 1.9729144930229294
-11.617530567417667 1.9642857142857153
-11.589285714285717 1.9495828498356804
-11.585527776822525 1.9471801589212117
-11.583972914668129 1.946428571428573
-11.580670875427026 1.9447056036568346
-11.553565438675205 1.9285714285714306
-11.540848103179679 1.9204018079354954
-11.520909053212716 1.9107142857142883
-11.500000000000004 1.899752851582467
-11.491828765278242 1.8944913898014981
-11.48847357666968 1.892857142857146
-11.481390213915306 1.8891351856402068
-11.457820974423676 1.8750000000000036
-11.446695502596882 1.867803756623485
-11.424914904437923 1.857142857142862
-11.410714285714288 1.8496479931781584
-11.398498211824569 1.8417289290636631
-11.383062188730635 1.833755294888988
-11.362652912447336 1.8214285714285765
-11.352963810504784 1.8151215236133345
-11.329527295406344 1.8035714285714333
-11.327223601184217 1.8024124226203044
-11.321428571428575 1.7992708783090645
-11.30433211023982 1.7891335779520414
-11.299079124933794 1.78571428571429
-11.285615560228585 1.7785516834742925
-11.259622339028631 1.7623612464799931
-11.234687612509859 1.7500000000000044
-11.232142857142861 1.748641764045022
-11.211419895259214 1.7362874495195904
-11.205091924102582 1.7321428571428612
-11.187464112679839 1.723221463178323
-11.187422591685985 1.7231988040514867
-11.173836908596908 1.7142857142857189
-11.16660951228933 1.7095352403992825
-11.142857142857146 1.6971018118501826
-11.120441735312323 1.6830545100803977
-11.111449666512414 1.6785714285714333
-11.092763380098551 1.668552676019714
-11.079973739178046 1.66071428571429
-11.07382568850501 1.6566634337275739
-11.05357142857143 1.6465505325724399
-11.047548883410494 1.6428571428571477
-11.04363832738497 1.6408705226198554
-11.02627519009478 1.6304592476953346
-11.017991767414182 1.6250000000000044
-11.002821667738557 1.6172928093094354
-10.995799981189512 1.61344571052362
-10.986235684514497 1.6071428571428612
-10.979973371909995 1.6040053256180054
-10.964285714285717 1.5958898640328725
-10.952978007974389 1.5892857142857189
-10.944774548698625 1.5853834811683
-10.931458225253467 1.577994069235026
-10.920559861820266 1.5714285714285756
-10.891355299273258 1.5568424884260832
-10.882992560801721 1.5519729164110894
-10.875000000000004 1.548271370657738
-10.85292473203892 1.53571428571429
-10.836441627028186 1.5255688174515107
-10.819821064109197 1.5178571428571468
-10.785714285714288 1.5007358157049309
-10.784744704115736 1.5001939163197138
-10.784425478489942 1.5000000000000036
-10.783574374860121 1.4995720178291698
-10.753102263294489 1.4821428571428612
-10.739256720622732 1.4735772273040295
-10.71934103815886 1.464285714285718
-10.696428571428575 1.4527252298626676
-10.688164193570532 1.4480814470001828
-10.685460082680933 1.4464285714285747
-10.67827706394046 1.442798269930952
-10.658291509332695 1.4285714285714324
-10.607142857142861 1.4041704211136237
-10.59283612275988 1.395718489733743
-10.586746760356293 1.3928571428571468
-10.573496352203685 1.3861278418693113
-10.545422913283321 1.3694868459147687
-10.519241056727285 1.3571428571428612
-10.517857142857146 1.356437908972901
-10.497083057811558 1.3434405312948359
-10.469212885859452 1.3295568628861787
-10.45522013652659 1.3214285714285747
-10.448778426947005 1.3173871717534604
-10.428571428571432 1.3078164304283826
-10.42127436089758 1.3035714285714324
-10.416183228725382 1.3010937886022225
-10.399427918783184 1.2915429876719395
-10.390048004242459 1.2857142857142891
-10.375273723958378 1.278516683779757
-10.364530524280813 1.2729061048561645
-10.35641666593619 1.267857142857146
-10.351434110763698 1.26542746356155
-10.339285714285719 1.2590763199271926
-10.323741831391677 1.2500000000000036
-10.312949467150133 1.2447327505728865
-10.30346311933582 1.2393073761328406
-10.291976326280036 1.2321428571428603
-10.261789031737866 1.2166435206332897
-10.258553166300429 1.214285714285717
-10.255879435806968 1.213109827124324
-10.250000000000004 1.2102450221620744
-10.209835160679503 1.1866043964355315
-10.1922425397099 1.1785714285714315
-10.16071428571429 1.1629810672305707
-10.157692315245118 1.1613186798081223
-10.156678752597278 1.1607142857142883
-10.1537201435121 1.1593154572738502
-10.133666174189756 1.1482667651620524
-10.124610521758157 1.142857142857146
-10.111465211453817 1.1348498148520978
-10.089995516557304 1.1250000000000036
-10.071428571428577 1.1157781389693202
-10.060768361943078 1.10927489903996
-10.056128615357133 1.1071428571428603
-10.045840397635176 1.1020252223841798
-10.02330507274623 1.089285714285717
-10.013165102874726 1.0830812651393442
-9.987888586367614 1.0714285714285747
-9.982142857142861 1.068561884740765
-9.962296001637377 1.0575407996725286
-9.955711849554932 1.0535714285714315
-9.937132557667882 1.0447163456092836
-9.936657449784262 1.0444743470997109
-9.922153469522295 1.0357142857142883
-9.913501909592313 1.0315853323672552
-9.892857142857148 1.0210537100997774
-9.887239226546345 1.017857142857146
-9.883195897052008 1.015924893696118
-9.864734483034345 1.0056245319645631
-9.85545583522331 1.0000000000000027
-9.830678749358285 0.9875643213002299
-9.816871985513899 0.9794827457543667
-9.803571428571434 0.9732918656874494
-9.787818164348572 0.9642857142857171
-9.77655552723025 0.9588825340174809
-9.767284178392106 0.9536860214644394
-9.755374614824223 0.9464285714285738
-9.743295630821455 0.9406265881214262
-9.723374178516577 0.9303891214176021
-9.720396293209925 0.9285714285714306
-9.718905709773884 0.9276474294737982
-9.714285714285719 0.925367596577221
-9.673069907320968 0.9011003042500949
-9.655462745361671 0.892857142857145
-9.625000000000004 0.8774446485672964
-9.622023900853918 0.8755952198292194
-9.620754179317284 0.8750000000000018
-9.61798380981363 0.8735967619627276
-9.594945219221492 0.8571428571428594
-9.576381636548772 0.849009386975963
-9.53571428571429 0.8288515909550851
-9.526337603712395 0.8233039078289526
-9.522350500280226 0.8214285714285738
-9.51367087725469 0.8170198897366534
-9.490412494751876 0.8035714285714306
-9.479540028376267 0.7969491371818922
-9.455049035880517 0.7857142857142883
-9.446428571428577 0.781459735745428
-9.429555810847326 0.7712316949733955
-9.422161532409552 0.767857142857145
-9.405665918779816 0.7597046123273925
-9.388378823633987 0.7500000000000018
-9.380645978471327 0.7452993757343087
-9.357142857142861 0.7345408177725234
-9.352877759021997 0.7321428571428594
-9.34975485533828 0.7306652567819434
-9.329923219769588 0.7197296417603711
-9.320818999200625 0.7142857142857162
-9.296302058720693 0.7021175546012817
-9.2816842425932 0.6936631514813625
-9.267857142857148 0.6873046880003049
-9.2523950378778 0.6785714285714306
-9.234196903766858 0.6674463335323457
-9.219579857362017 0.6607142857142874
-9.187225734206315 0.6445880039841203
-9.184744170481917 0.6428571428571441
-9.18279329768128 0.6420127690351753
-9.178571428571434 0.6399524141303665
-9.136608353892418 0.6155354720786619
-9.11846824070853 0.6071428571428585
-9.089285714285719 0.5925369050041231
-9.084991833529427 0.5901444904369733
-9.08357277592572 0.5892857142857153
-9.079461366990909 0.5873208448267535
-9.06108639806162 0.5770684346733921
-9.051782113769628 0.571428571428573
-9.039096081429784 0.5636093551426171
-9.000000000000005 0.5444274895774983
-8.988903204610027 0.5379336447922833
-8.984133332241047 0.5357142857142874
-8.973662336741745 0.5304467530626349
-8.95166143691342 0.5178571428571441
-8.941657110740543 0.5116685778518937
-8.916642452339909 0.5000000000000018
-8.910714285714292 0.49701115357580594
-8.891189229147761 0.4860478684561649
-8.884793411861898 0.48214285714285854
-8.866340079140997 0.4732680158281992
-8.866199072059981 0.4731887570165769
-8.851634569239087 0.4642857142857153
-8.842767812796428 0.4600178660121452
-8.821428571428577 0.4490277398472742
-8.816906507371208 0.44642857142857295
-8.813695757249304 0.4448820085927183
-8.79434844567422 0.43398745372230163
-8.785506133497003 0.4285714285714297
-8.762017380470333 0.41668919037978025
-8.746893138093007 0.4077642295242576
-8.732142857142863 0.4008467416542185
-8.7182724241858 0.3928571428571441
-8.699921029327513 0.3814443655630715
-8.686185266172897 0.3750000000000009
-8.656190661727718 0.3598095609169718
-8.651564043333103 0.35714285714285765
-8.64944568807041 0.35582514810020527
-8.64285714285715 0.35273326361981727
-8.619526659439938 0.3392857142857153
-8.603477644703052 0.329304471059392
-8.586691235036428 0.32142857142857206
-8.553571428571434 0.30466557930861526
-8.552239785540424 0.3038377571776305
-8.55167187850475 0.3035714285714288
-8.550429459301508 0.3029430347174431
-8.526254263916506 0.2857142857142865
-8.46428571428572 0.2562455468635738
-8.456370380677951 0.2515830667215546
-8.452983917465017 0.2500000000000009
-8.445543813457704 0.24625161983439714
-8.409692191491244 0.2252044188446103
-8.386242496100818 0.2142857142857153
-8.375000000000007 0.20864691581483719
-8.360027280388046 0.19942311535096469
-8.339303410355898 0.18928925349975056
-8.320454051831264 0.17857142857142883
-8.31189916972631 0.1733344517690254
-8.285714285714292 0.16125699447737762
-8.284756307514334 0.16071428571428648
-8.284058201835297 0.1603830689384873
-8.261214520584925 0.14775709588301655
-8.25302243582913 0.14285714285714324
-8.23619355517103 0.13490414610865198
-8.229760664955558 0.13166641870539575
-8.218550666600303 0.125
-8.211951416170551 0.12189543105160539
-8.196428571428577 0.1141249391749053
-8.183919217903314 0.10714285714285765
-8.174584442930977 0.10277403144333785
-8.162322452536165 0.09610693806419679
-8.150689093265738 0.08928571428571441
-8.13759788466239 0.08319470878180812
-8.118296695924395 0.07365933918487766
-8.114459740526208 0.07142857142857117
-8.112611221133827 0.070334898630378
-8.107142857142863 0.06790402650780525
-8.080892535123278 0.053571428571428825
-8.061754443269844 0.04479196848889
-8.060710980642302 0.0442850532713166
-8.045666276522336 0.03571428571428559
-8.01785714285715 0.022560199427472227
-8.011375031832532 0.01915356506206578
-8.009071779278123 0.01785714285714235
-8.002060826770224 0.014697879639757438
-7.986027388931909 0.006365950785047758
-7.974564171411688 0.