-2.9999999999999996 -10.022848248662946
-2.8999999999999995 -9.723540963509572
-2.8 -9.424603566877082
-2.6999999999999997 -9.126238113634372
-2.5999999999999996 -8.828758340057151
-2.5 -8.532647044168725
-2.4 -8.238618105741985
-2.2999999999999994 -7.9477351393285325
-2.1999999999999997 -7.66147547967549
-2.1 -7.381785433450119
-1.9999999999999996 -7.110957316144294
-1.8999999999999997 -6.851272980995097
-1.7999999999999996 -6.604381778458839
-1.6999999999999997 -6.37067908308939
-1.5999999999999999 -6.149047734593892
-1.4999999999999998 -5.93728000650616
-1.4 -5.7328337851800395
-1.2999999999999996 -5.533488499936129
-1.2 -5.337682131649679
-1.0999999999999999 -5.144469247342896
-0.9999999999999998 -4.953487162426384
-0.8999999999999998 -4.764716544820622
-0.7999999999999997 -4.578531513002453
-0.6999999999999996 -4.3954323677595735
-0.5999999999999995 -4.216467663859117
-0.4999999999999999 -4.042791695449856
-0.3999999999999999 -3.876291246894741
-0.2999999999999998 -3.7193405269532605
-0.19999999999999976 -3.5751119099545314
-0.09999999999999963 -3.447922422187569
0. -3.342882281839706
0.10000000000000009 -3.2661278636005475
0.20000000000000015 -3.2251972166600167
0.3000000000000002 -3.2285064748652887
0.40000000000000036 -3.2862350359039056
0.5 -3.410581181037737
0.6000000000000001 -3.6169300639610884
0.7000000000000001 -3.924848026830655
0.8000000000000002 -4.359458421693108
0.9000000000000002 -4.952761491472779
1. -5.7448493262039575