-2.9999999999999996 -7.989393386250636
-2.8999999999999995 -7.6988943654278215
-2.8 -7.413201226139494
-2.6999999999999997 -7.134240013696865
-2.5999999999999996 -6.864159266066058
-2.5 -6.604905762653831
-2.4 -6.35753708505059
-2.2999999999999994 -6.12182482063121
-2.1999999999999997 -5.896088188859073
-2.1 -5.677928637638546
-1.9999999999999996 -5.464803462930329
-1.8999999999999997 -5.254676202587528
-1.7999999999999996 -5.04616267024222
-1.6999999999999997 -4.838360903572671
-1.5999999999999999 -4.630799960536418
-1.4999999999999998 -4.423249414247708
-1.4 -4.215628116924319
-1.2999999999999996 -4.007965333447587
-1.2 -3.8002882101957534
-1.0999999999999999 -3.5929213790521204
-0.9999999999999998 -3.3860515505645337
-0.8999999999999998 -3.1800643148046315
-0.7999999999999997 -2.9756841473484688
-0.6999999999999996 -2.773358110716598
-0.5999999999999995 -2.5744090724165347
-0.4999999999999999 -2.3799982140074376
-0.3999999999999999 -2.1918188454966927
-0.2999999999999998 -2.012360360898294
-0.19999999999999976 -1.8446572098578684
-0.09999999999999963 -1.6926935676994466
0. -1.5616236095410287
0.10000000000000009 -1.4576087737301924
0.20000000000000015 -1.3888315246358722
0.3000000000000002 -1.3646246591377482
0.40000000000000036 -1.3965370843391323
0.5 -1.497624650646485
0.6000000000000001 -1.6832568404496393
0.7000000000000001 -1.9718344018217948
0.8000000000000002 -2.38644810144277
0.9000000000000002 -2.956615239290597
1. -3.719702658935998