-2.9999999999999996 -10.12388848210096
-2.8999999999999995 -9.825310460977619
-2.8 -9.527520485069632
-2.6999999999999997 -9.230948592998825
-2.5999999999999996 -8.936244562830069
-2.5 -8.644372636971699
-2.4 -8.356715312759171
-2.2999999999999994 -8.075101934445634
-2.1999999999999997 -7.80179753330546
-2.1 -7.539169366201301
-1.9999999999999996 -7.289143146214375
-1.8999999999999997 -7.052527667349298
-1.7999999999999996 -6.828604554909279
-1.6999999999999997 -6.615388385935495
-1.5999999999999999 -6.410282881379129
-1.4999999999999998 -6.210863872580629
-1.4 -6.015292432791541
-1.2999999999999996 -5.822342538373607
-1.2 -5.631423784776463
-1.0999999999999999 -5.442237335433059
-0.9999999999999998 -5.254820623991802
-0.8999999999999998 -5.069422477475111
-0.7999999999999997 -4.886530194236613
-0.6999999999999996 -4.706729129324175
-0.5999999999999995 -4.5310955042264505
-0.4999999999999999 -4.3609336182331395
-0.3999999999999999 -4.198162504012027
-0.2999999999999998 -4.0449814121266545
-0.19999999999999976 -3.9048619478242608
-0.09999999999999963 -3.7815159906480744
0. -3.6799084841826106
0.10000000000000009 -3.606063469580545
0.20000000000000015 -3.567181101974416
0.3000000000000002 -3.571641694214803
0.40000000000000036 -3.6298802137423674
0.5 -3.754587439145231
0.6000000000000001 -3.961467981355549
0.7000000000000001 -4.270390269695647
0.8000000000000002 -4.706263456961847
0.9000000000000002 -5.300778077405491
1. -6.093595114693764