-2.9999999999999996 -9.885817839979557
-2.8999999999999995 -9.603502518761825
-2.8 -9.329184205453265
-2.6999999999999997 -9.065102759078968
-2.5999999999999996 -8.81301435466683
-2.5 -8.573554578229201
-2.4 -8.345847934928544
-2.2999999999999994 -8.127787868985987
-2.1999999999999997 -7.916783611842815
-2.1 -7.710355909787683
-1.9999999999999996 -7.506628547985506
-1.8999999999999997 -7.30438585989989
-1.7999999999999996 -7.10279720509572
-1.6999999999999997 -6.901468027504753
-1.5999999999999999 -6.700141401462933
-1.4999999999999998 -6.498783986902235
-1.4 -6.297274298225599
-1.2999999999999996 -6.095725343577289
-1.2 -5.894285598889935
-1.0999999999999999 -5.693149928161952
-0.9999999999999998 -5.492739254987082
-0.8999999999999998 -5.293376644799046
-0.7999999999999997 -5.0957707088685416
-0.6999999999999996 -4.900649983136074
-0.5999999999999995 -4.708986729253014
-0.4999999999999999 -4.522007696770777
-0.3999999999999999 -4.3415708419479415
-0.2999999999999998 -4.1697653862295185
-0.19999999999999976 -4.009479451876515
-0.09999999999999963 -3.864466562143261
0. -3.7394764998192196
0.10000000000000009 -3.64053133867132
0.20000000000000015 -3.5755133905280214
0.3000000000000002 -3.5541137837068066
0.40000000000000036 -3.5877492233808868
0.5 -3.689769472590169
0.6000000000000001 -3.8754629253527852
0.7000000000000001 -4.163150189581199
0.8000000000000002 -4.5758378490926
0.9000000000000002 -5.142766212699806
1. -5.901043365378121