-2.9999999999999996 -8.201630340936308
-2.8999999999999995 -7.975595654976598
-2.8 -7.756955304637481
-2.6999999999999997 -7.543241965688715
-2.5999999999999996 -7.332340732279217
-2.5 -7.1228593697801665
-2.4 -6.913858187722748
-2.2999999999999994 -6.704768879686874
-2.1999999999999997 -6.495329583582044
-2.1 -6.285361694860572
-1.9999999999999996 -6.074747033785593
-1.8999999999999997 -5.863421710792613
-1.7999999999999996 -5.651425602527522
-1.6999999999999997 -5.4387853845156195
-1.5999999999999999 -5.2255388844202155
-1.4999999999999998 -5.01206596295167
-1.4 -4.7983365813891625
-1.2999999999999996 -4.584785796860444
-1.2 -4.371783809652797
-1.0999999999999999 -4.1597920279743335
-0.9999999999999998 -3.949675143664667
-0.8999999999999998 -3.742126309870652
-0.7999999999999997 -3.538129553119724
-0.6999999999999996 -3.3385763323327464
-0.5999999999999995 -3.1445771696075884
-0.4999999999999999 -2.956900842901869
-0.3999999999999999 -2.7765721350527777
-0.2999999999999998 -2.6051125631147984
-0.19999999999999976 -2.444457446250758
-0.09999999999999963 -2.297552463421891
0. -2.1687487726794523
0.10000000000000009 -2.063963678066002
0.20000000000000015 -1.9910557725516915
0.3000000000000002 -1.9598800773316978
0.40000000000000036 -1.9819765313816615
0.5 -2.0705018154890675
0.6000000000000001 -2.240377921924235
0.7000000000000001 -2.5093111565473474
0.8000000000000002 -2.8994476960789304
0.9000000000000002 -3.4392356251161953
1. -4.165214926199206