-2.9999999999999996 -8.378814451675824
-2.8999999999999995 -8.080605067516188
-2.8 -7.783380477559592
-2.6999999999999997 -7.487689303400719
-2.5999999999999996 -7.194311284892572
-2.5 -6.904407633508676
-2.4 -6.619561516628289
-2.2999999999999994 -6.341737353187653
-2.1999999999999997 -6.073129733276398
-2.1 -5.815649237381385
-1.9999999999999996 -5.570246390699563
-1.8999999999999997 -5.336528299963795
-1.7999999999999996 -5.112726590951793
-1.6999999999999997 -4.896384404291208
-1.5999999999999999 -4.685032622973861
-1.4999999999999998 -4.476781358824831
-1.4 -4.270348887241764
-1.2999999999999996 -4.065040331496919
-1.2 -3.860517435779223
-1.0999999999999999 -3.65677559744717
-0.9999999999999998 -3.4538936468448362
-0.8999999999999998 -3.252262499443499
-0.7999999999999997 -3.0522314372940715
-0.6999999999999996 -2.854534976762419
-0.5999999999999995 -2.660101110613156
-0.4999999999999999 -2.470098064105991
-0.3999999999999999 -2.2863893367487056
-0.2999999999999998 -2.111082827592557
-0.19999999999999976 -1.9472419899092195
-0.09999999999999963 -1.7987858243313708
0. -1.670827792579929
0.10000000000000009 -1.569850387431374
0.20000000000000015 -1.5040718871561918
0.3000000000000002 -1.4830640779886917
0.40000000000000036 -1.5182268878193905
0.5 -1.6228640284740001
0.6000000000000001 -1.8128301290295166
0.7000000000000001 -2.107147316398862
0.8000000000000002 -2.529833954388281
0.9000000000000002 -3.1116116460217427
1. -3.890899454627154