-2.9999999999999996 -8.170675871251532
-2.8999999999999995 -7.945447512659387
-2.8 -7.727381098694488
-2.6999999999999997 -7.513997656808294
-2.5999999999999996 -7.3032850047581865
-2.5 -7.093856656805039
-2.4 -6.884846643061312
-2.2999999999999994 -6.675719517486551
-2.1999999999999997 -6.46622803921461
-2.1 -6.256138858630001
-1.9999999999999996 -6.045432351190614
-1.8999999999999997 -5.83405971841313
-1.7999999999999996 -5.621914157096776
-1.6999999999999997 -5.409240472304915
-1.5999999999999999 -5.195960303693253
-1.4999999999999998 -4.982337751211671
-1.4 -4.768572664830277
-1.2999999999999996 -4.55496204140773
-1.2 -4.341941766066536
-1.0999999999999999 -4.130011482946571
-0.9999999999999998 -3.9198761561792996
-0.8999999999999998 -3.712410858057228
-0.7999999999999997 -3.5086075394624183
-0.6999999999999996 -3.3092775765323945
-0.5999999999999995 -3.1153978867901393
-0.4999999999999999 -2.9278893870598686
-0.3999999999999999 -2.7476967539880492
-0.2999999999999998 -2.5763006879956727
-0.19999999999999976 -2.415695519188004
-0.09999999999999963 -2.268805193655651
0. -2.139924752349959
0.10000000000000009 -2.0350598741411576
0.20000000000000015 -1.9620474796401706
0.3000000000000002 -1.9307091366953817
0.40000000000000036 -1.952633383460299
0.5 -2.0409600229548097
0.6000000000000001 -2.210589912713537
0.7000000000000001 -2.4792396711677447
0.8000000000000002 -2.8690355904469143
0.9000000000000002 -3.4084252324919952
1. -4.133947401045908