-2.9999999999999996 -9.482615307075939
-2.8999999999999995 -9.214146033708897
-2.8 -8.956855874471572
-2.6999999999999997 -8.711700875215893
-2.5999999999999996 -8.478238831112908
-2.5 -8.254705631258398
-2.4 -8.038560878802532
-2.2999999999999994 -7.827291874330296
-2.1999999999999997 -7.618897992330082
-2.1 -7.411931278397316
-1.9999999999999996 -7.2055650637244275
-1.8999999999999997 -6.999253936854619
-1.7999999999999996 -6.792756260506329
-1.6999999999999997 -6.585898952048332
-1.5999999999999999 -6.378632242569638
-1.4999999999999998 -6.170929549411832
-1.4 -5.962872622059553
-1.2999999999999996 -5.7546426798657935
-1.2 -5.546338748165692
-1.0999999999999999 -5.338412565142865
-0.9999999999999998 -5.131159332911944
-0.8999999999999998 -4.925031044113976
-0.7999999999999997 -4.720721365345317
-0.6999999999999996 -4.519283194636146
-0.5999999999999995 -4.321755797507914
-0.4999999999999999 -4.12964910176856
-0.3999999999999999 -3.9447627890095984
-0.2999999999999998 -3.7693541507240855
-0.19999999999999976 -3.6061426145260698
-0.09999999999999963 -3.458306189271458
0. -3.330687104360956
0.10000000000000009 -3.2287451121006536
0.20000000000000015 -3.160419673748194
0.3000000000000002 -3.1351609354653998
0.40000000000000036 -3.1645663990217585
0.5 -3.2617452632605963
0.6000000000000001 -3.4419200608385436
0.7000000000000001 -3.7232030822210365
0.8000000000000002 -4.128215325633897
0.9000000000000002 -4.685868258476876
1. -5.432936767707951