-2.9999999999999996 -10.1184360088644
-2.8999999999999995 -9.818694869979852
-2.8 -9.519070858651205
-2.6999999999999997 -9.219625902900495
-2.5999999999999996 -8.920448425617614
-2.5 -8.621686374381893
-2.4 -8.323553082040934
-2.2999999999999994 -8.026391475712968
-2.1999999999999997 -7.730708285260593
-2.1 -7.437273028254301
-1.9999999999999996 -7.147203248721954
-1.8999999999999997 -6.8620566980179385
-1.7999999999999996 -6.58387311174
-1.6999999999999997 -6.3150357931612975
-1.5999999999999999 -6.057897986773649
-1.4999999999999998 -5.814146650716916
-1.4 -5.584173198994157
-1.2999999999999996 -5.3668975049212655
-1.2 -5.16017606942891
-1.0999999999999999 -4.961619885817449
-0.9999999999999998 -4.769225981614714
-0.8999999999999998 -4.581725989274419
-0.7999999999999997 -4.398605970587971
-0.6999999999999996 -4.220019280677969
-0.5999999999999995 -4.0466467347273944
-0.4999999999999999 -3.8797205231019087
-0.3999999999999999 -3.7211339745588714
-0.2999999999999998 -3.57345101787244
-0.19999999999999976 -3.4401405235069062
-0.09999999999999963 -3.325947436545814
0. -3.2365236830378192
0.10000000000000009 -3.1789183043880676
0.20000000000000015 -3.1609000259598696
0.3000000000000002 -3.190782487779895
0.40000000000000036 -3.277744311630077
0.5 -3.4321101743176596
0.6000000000000001 -3.666915493532804
0.7000000000000001 -3.999569525098213
0.8000000000000002 -4.4544179090993214
0.9000000000000002 -5.06364771798361
1. -5.869293349300276