-2.9999999999999996 -8.392209672539265
-2.8999999999999995 -8.160779240010749
-2.8 -7.938240691836076
-2.6999999999999997 -7.722021823851996
-2.5999999999999996 -7.509787715195
-2.5 -7.299728532071963
-2.4 -7.090602206727478
-2.2999999999999994 -6.881717460129008
-2.1999999999999997 -6.672634354358373
-2.1 -6.463109300124476
-1.9999999999999996 -6.253026431437653
-1.8999999999999997 -6.042277170844425
-1.7999999999999996 -5.830826708177873
-1.6999999999999997 -5.618740525936371
-1.5999999999999999 -5.406180003047068
-1.4999999999999998 -5.193093167223304
-1.4 -4.979903736467904
-1.2999999999999996 -4.76656961985824
-1.2 -4.553818596703188
-1.0999999999999999 -4.341860745776194
-0.9999999999999998 -4.131409038992359
-0.8999999999999998 -3.9233341629879384
-0.7999999999999997 -3.718436977970337
-0.6999999999999996 -3.5178996532740316
-0.5999999999999995 -3.322706785867041
-0.4999999999999999 -3.133993945073782
-0.3999999999999999 -2.9528347952953213
-0.2999999999999998 -2.7807602091256336
-0.19999999999999976 -2.619898979496817
-0.09999999999999963 -2.4730639907626584
0. -2.344616466917048
0.10000000000000009 -2.2403835743687823
0.20000000000000015 -2.168215332447382
0.3000000000000002 -2.1379198711281147
0.40000000000000036 -2.1610705674769037
0.5 -2.250854384365438
0.6000000000000001 -2.422219169558553
0.7000000000000001 -2.692924854743168
0.8000000000000002 -3.085161889535893
0.9000000000000002 -3.627418363521674
1. -4.356250663613656