-2.9999999999999996 -10.086096784967753
-2.8999999999999995 -9.793774695269027
-2.8 -9.505479887577541
-2.6999999999999997 -9.222996028569494
-2.5999999999999996 -8.948518167458305
-2.5 -8.684385448136442
-2.4 -8.43253085859294
-2.2999999999999994 -8.193808998995385
-2.1999999999999997 -7.967563276054738
-2.1 -7.75181950151964
-1.9999999999999996 -7.543956623493297
-1.8999999999999997 -7.341473810443613
-1.7999999999999996 -7.142398497343263
-1.6999999999999997 -6.945391020531275
-1.5999999999999999 -6.749668643442107
-1.4999999999999998 -6.5547548896080725
-1.4 -6.360472832295116
-1.2999999999999996 -6.166709870342991
-1.2 -5.973591263093546
-1.0999999999999999 -5.781221065835362
-0.9999999999999998 -5.589893654960547
-0.8999999999999998 -5.400042017270319
-0.7999999999999997 -5.212188046136183
-0.6999999999999996 -5.027135512881744
-0.5999999999999995 -4.846015828272497
-0.4999999999999999 -4.669811738621266
-0.3999999999999999 -4.500303724284705
-0.2999999999999998 -4.339503826231025
-0.19999999999999976 -4.190029137545875
-0.09999999999999963 -4.055494957000469
0. -3.940516718450722
0.10000000000000009 -3.851278574293012
0.20000000000000015 -3.795423261919922
0.3000000000000002 -3.7827408928062534
0.40000000000000036 -3.8247478623832873
0.5 -3.9350104283832636
0.6000000000000001 -4.129250675012004
0.7000000000000001 -4.42638623172213
0.8000000000000002 -4.8499506245817745
0.9000000000000002 -5.429927857761065
1. -6.2040404056936