-2.9999999999999996 -8.93052290819566
-2.8999999999999995 -8.681129334157653
-2.8 -8.443499001449666
-2.6999999999999997 -8.216210395350018
-2.5999999999999996 -7.9968863034986
-2.5 -7.782923873861485
-2.4 -7.572213021764361
-2.2999999999999994 -7.363147670544494
-2.1999999999999997 -7.154733499403786
-2.1 -6.94640559474039
-1.9999999999999996 -6.737790208590061
-1.8999999999999997 -6.52875784631038
-1.7999999999999996 -6.319171456809348
-1.6999999999999997 -6.109106836546925
-1.5999999999999999 -5.898390650102342
-1.4999999999999998 -5.687164507090972
-1.4 -5.475710919628837
-1.2999999999999996 -5.263928916086922
-1.2 -5.052452115660304
-1.0999999999999999 -4.841419585718824
-0.9999999999999998 -4.631297249031797
-0.8999999999999998 -4.42279853297994
-0.7999999999999997 -4.21685585241691
-0.6999999999999996 -4.014368815841136
-0.5999999999999995 -3.8167149490564105
-0.4999999999999999 -3.6252306045536007
-0.3999999999999999 -3.4415692558124498
-0.2999999999999998 -3.267562442707193
-0.19999999999999976 -3.105314252137136
-0.09999999999999963 -2.9581833780647027
0. -2.8302023585732456
0.10000000000000009 -2.7272247979776347
0.20000000000000015 -2.656950194973148
0.3000000000000002 -2.6290554815151257
0.40000000000000036 -2.655172562225542
0.5 -2.7484555072725314
0.6000000000000001 -2.9239938778809123
0.7000000000000001 -3.1997078356165254
0.8000000000000002 -3.59794531794899
0.9000000000000002 -4.14737434028454
1. -4.884610786400192