-2.9999999999999996 -10.122947092671996
-2.8999999999999995 -9.823187246054196
-2.8 -9.523530582628554
-2.6999999999999997 -9.224035824164742
-2.5999999999999996 -8.924779831661091
-2.5 -8.62589124207667
-2.4 -8.32756385376516
-2.2999999999999994 -8.030089643941324
-2.1999999999999997 -7.733928068581845
-2.1 -7.439759139398402
-1.9999999999999996 -7.148588556757747
-1.8999999999999997 -6.861837619954659
-1.7999999999999996 -6.581403210132475
-1.6999999999999997 -6.309608905065144
-1.5999999999999999 -6.04887818390112
-1.4999999999999998 -5.801188682850629
-1.4 -5.567382078808569
-1.2999999999999996 -5.346816427509089
-1.2 -5.137615186062745
-1.0999999999999999 -4.937393854278628
-0.9999999999999998 -4.744031626256848
-0.8999999999999998 -4.556061435984099
-0.7999999999999997 -4.372810584384622
-0.6999999999999996 -4.194281782714425
-0.5999999999999995 -4.0211232121116645
-0.4999999999999999 -3.8545483492602326
-0.3999999999999999 -3.696423359589866
-0.2999999999999998 -3.549366951175394
-0.19999999999999976 -3.416850610916375
-0.09999999999999963 -3.3036196642963875
0. -3.2154637595029754
0.10000000000000009 -3.15934718461339
0.20000000000000015 -3.1432992685005163
0.3000000000000002 -3.1756086289361733
0.40000000000000036 -3.2655305450729397
0.5 -3.423151050119144
0.6000000000000001 -3.661262176027825
0.7000000000000001 -3.9970333642248392
0.8000000000000002 -4.4546140610070974
0.9000000000000002 -5.065955198223425
1. -5.8731566905832135