-2.9999999999999996 -10.08338754810319
-2.8999999999999995 -9.78369346027962
-2.8 -9.484145638964051
-2.6999999999999997 -9.184812586981035
-2.5999999999999996 -8.885818504541234
-2.5 -8.587340569591744
-2.4 -8.28965613662243
-2.2999999999999994 -7.99319177624651
-2.1999999999999997 -7.6985800976760705
-2.1 -7.406778962312151
-1.9999999999999996 -7.119129368649482
-1.8999999999999997 -6.837453881584249
-1.7999999999999996 -6.563994919536467
-1.6999999999999997 -6.301160378529989
-1.5999999999999999 -6.050963851683567
-1.4999999999999998 -5.8143749915784495
-1.4 -5.590889869485345
-1.2999999999999996 -5.378704844553814
-1.2 -5.175385141447101
-1.0999999999999999 -4.978663605294539
-0.9999999999999998 -4.78688681861534
-0.8999999999999998 -4.599170366877334
-0.7999999999999997 -4.415212370298103
-0.6999999999999996 -4.23535049086955
-0.5999999999999995 -4.0603499110533035
-0.4999999999999999 -3.891509938418797
-0.3999999999999999 -3.7306038823676375
-0.2999999999999998 -3.580236656616581
-0.19999999999999976 -3.443881475656872
-0.09999999999999963 -3.325969582822448
0. -3.2320817866677523
0.10000000000000009 -3.169157898691766
0.20000000000000015 -3.1446191815296083
0.3000000000000002 -3.167003135773877
0.40000000000000036 -3.2453269609168376
0.5 -3.3903823903618324
0.6000000000000001 -3.6159333398343767
0.7000000000000001 -3.940088429523754
0.8000000000000002 -4.387670670453693
0.9000000000000002 -4.991259008676546
1. -5.792216740786439