-2.9999999999999996 -10.116891674847148
-2.8999999999999995 -9.817157584486123
-2.8 -9.517538138767424
-2.6999999999999997 -9.218103995742437
-2.5999999999999996 -8.918939907755323
-2.5 -8.62019912467572
-2.4 -8.322103304929609
-2.2999999999999994 -8.024995879075796
-2.1999999999999997 -7.729398539724883
-2.1 -7.4360951214950965
-1.9999999999999996 -7.146221951662717
-1.8999999999999997 -6.861365132888064
-1.7999999999999996 -6.583570987922833
-1.6999999999999997 -6.315251483338595
-1.5999999999999999 -6.0587211767592475
-1.4999999999999998 -5.81562449231301
-1.4 -5.586277163281004
-1.2999999999999996 -5.369512034547392
-1.2 -5.163161213383161
-1.0999999999999999 -4.9648435609882
-0.9999999999999998 -4.7725744867840625
-0.8999999999999998 -4.585116622017666
-0.7999999999999997 -4.402013690805438
-0.6999999999999996 -4.2233617775540155
-0.5999999999999995 -4.049892635093511
-0.4999999999999999 -3.8828895644596946
-0.3999999999999999 -3.724170843776183
-0.2999999999999998 -3.5763388805276723
-0.19999999999999976 -3.4428795132067735
-0.09999999999999963 -3.3284292880433926
0. -3.2387846748252858
0.10000000000000009 -3.180746422096768
0.20000000000000015 -3.162247848123938
0.3000000000000002 -3.191721235848408
0.40000000000000036 -3.2780840788340764
0.5 -3.4318462372988003
0.6000000000000001 -3.6659682202807744
0.7000000000000001 -3.9978543782065263
0.8000000000000002 -4.452248327731599
0.9000000000000002 -5.061128079060628
1. -5.866413916089822