-2.9999999999999996 -8.402200246314548
-2.8999999999999995 -8.108302072244069
-2.8 -7.817669035460478
-2.6999999999999997 -7.531762598367658
-2.5999999999999996 -7.252516223271396
-2.5 -6.982081265885307
-2.4 -6.722399733229538
-2.2999999999999994 -6.474628173092816
-2.1999999999999997 -6.238568911976325
-2.1 -6.012645460806979
-1.9999999999999996 -5.794418569024237
-1.8999999999999997 -5.581438666072825
-1.7999999999999996 -5.371592998870294
-1.6999999999999997 -5.1634683742091285
-1.5999999999999999 -4.956179454615381
-1.4999999999999998 -4.749262985924291
-1.4 -4.542481988651093
-1.2999999999999996 -4.335840287081941
-1.2 -4.129274741941527
-1.0999999999999999 -3.923139449256072
-0.9999999999999998 -3.717483149284379
-0.8999999999999998 -3.512807394121406
-0.7999999999999997 -3.3095404986616472
-0.6999999999999996 -3.108490143306309
-0.5999999999999995 -2.9106106012670145
-0.4999999999999999 -2.717161704410907
-0.3999999999999999 -2.529858557953656
-0.2999999999999998 -2.350977520422297
-0.19999999999999976 -2.183620749268365
-0.09999999999999963 -2.031717086290783
0. -1.9005099667135248
0.10000000000000009 -1.7965682271392325
0.20000000000000015 -1.7279110971753253
0.3000000000000002 -1.7040989042951649
0.40000000000000036 -1.7366706457973762
0.5 -1.8387236165294953
0.6000000000000001 -2.025807469773466
0.7000000000000001 -2.316329733915023
0.8000000000000002 -2.7337534539524655
0.9000000000000002 -3.3077620774631433
1. -4.075941169113104