-2.9999999999999996 -10.122563226324084
-2.8999999999999995 -9.822828622542813
-2.8 -9.523218192358094
-2.6999999999999997 -9.223793974263462
-2.5999999999999996 -8.92465337341351
-2.5 -8.625939813828008
-2.4 -8.327891887219385
-2.2999999999999994 -8.030857000383799
-2.1999999999999997 -7.735370433356326
-2.1 -7.4422373571071105
-1.9999999999999996 -7.1526196477638235
-1.8999999999999997 -6.8681299815916725
-1.7999999999999996 -6.590855292091914
-1.6999999999999997 -6.3232010582871245
-1.5999999999999999 -6.067484831888389
-1.4999999999999998 -5.825265953991309
-1.4 -5.596773248236787
-1.2999999999999996 -5.380756648414228
-1.2 -5.175009707628196
-1.0999999999999999 -4.977162024423118
-0.9999999999999998 -4.785259381249383
-0.8999999999999998 -4.598106245506278
-0.7999999999999997 -4.4152366568969965
-0.6999999999999996 -4.236834060723367
-0.5999999999999995 -4.0636044259215565
-0.4999999999999999 -3.8968103867051385
-0.3999999999999999 -3.73832630959704
-0.2999999999999998 -3.5908008491921684
-0.19999999999999976 -3.4575932376789473
-0.09999999999999963 -3.343397437939335
0. -3.2540634841748606
0.10000000000000009 -3.1964144224942337
0.20000000000000015 -3.178267119757653
0.3000000000000002 -3.2080531334008944
0.40000000000000036 -3.29480372516316
0.5 -3.448864020841017
0.6000000000000001 -3.6833739237021974
0.7000000000000001 -4.015792738480819
0.8000000000000002 -4.470314825625771
0.9000000000000002 -5.0795539511627155
1. -5.8852120716578