-2.9999999999999996 -10.1239119173194
-2.8999999999999995 -9.82509166115783
-2.8 -9.526922447343619
-2.6999999999999997 -9.229761011576214
-2.5999999999999996 -8.934146670009367
-2.5 -8.640904428045419
-2.4 -8.35120621744581
-2.2999999999999994 -8.066698591707992
-2.1999999999999997 -7.789464906380204
-2.1 -7.52188654260249
-1.9999999999999996 -7.266173937976408
-1.8999999999999997 -7.023710516955419
-1.7999999999999996 -6.794474362895381
-1.6999999999999997 -6.57697662163597
-1.5999999999999999 -6.368797490063789
-1.4999999999999998 -6.167389076229049
-1.4 -5.970624323695129
-1.2999999999999996 -5.77704815810274
-1.2 -5.585794967323202
-1.0999999999999999 -5.396509176259929
-0.9999999999999998 -5.209112993131835
-0.8999999999999998 -5.023880299147374
-0.7999999999999997 -4.841128890237874
-0.6999999999999996 -4.661678047431658
-0.5999999999999995 -4.486342223908365
-0.4999999999999999 -4.316558212460776
-0.3999999999999999 -4.154167360578202
-0.2999999999999998 -4.001536016300947
-0.19999999999999976 -3.8620907284765726
-0.09999999999999963 -3.7395313340430985
0. -3.639085447136615
0.10000000000000009 -3.566865120660057
0.20000000000000015 -3.5298101805929742
0.3000000000000002 -3.5364751868502355
0.40000000000000036 -3.5969081255674586
0.5 -3.7237189491368263
0.6000000000000001 -3.9323361619272768
0.7000000000000001 -4.24264667914548
0.8000000000000002 -4.679730856866049
0.9000000000000002 -5.275369261763242
1. -6.069480165571741