-2.9999999999999996 -8.518041319314795
-2.8999999999999995 -8.28268005158345
-2.8 -8.057113872627053
-2.6999999999999997 -7.838893208066867
-2.5999999999999996 -7.625457731499568
-2.5 -7.414821732919635
-2.4 -7.205530543400164
-2.2999999999999994 -6.9966891450666715
-2.1999999999999997 -6.787807882455676
-2.1 -6.578556537633513
-1.9999999999999996 -6.368825692338221
-1.8999999999999997 -6.158453752689139
-1.7999999999999996 -5.947449717925653
-1.6999999999999997 -5.735791130038075
-1.5999999999999999 -5.523598390377345
-1.4999999999999998 -5.310931369926673
-1.4 -5.097867092418401
-1.2999999999999996 -4.885016943560563
-1.2 -4.6723853099511
-1.0999999999999999 -4.460509573019395
-0.9999999999999998 -4.250032287367215
-0.8999999999999998 -4.041588618004122
-0.7999999999999997 -3.8363046969406476
-0.6999999999999996 -3.6351652112812123
-0.5999999999999995 -3.4392869839322615
-0.4999999999999999 -3.249869718790516
-0.3999999999999999 -3.0680967499551737
-0.2999999999999998 -2.8956802472090746
-0.19999999999999976 -2.734545475056635
-0.09999999999999963 -2.5877455882459923
0. -2.4593993336023763
0.10000000000000009 -2.3555274481623596
0.20000000000000015 -2.2838164626488813
0.3000000000000002 -2.25408541728103
0.40000000000000036 -2.2779333207688794
0.5 -2.368534115063466
0.6000000000000001 -2.540886563645889
0.7000000000000001 -2.8127525028417617
0.8000000000000002 -3.2063844818204283
0.9000000000000002 -3.7502888224155453
1. -4.481032876703309