-2.9999999999999996 -9.754121787984502
-2.8999999999999995 -9.454604378567108
-2.8 -9.15533827058904
-2.6999999999999997 -8.856457762516934
-2.5999999999999996 -8.558163446871033
-2.5 -8.26078940166678
-2.4 -7.9648187487453175
-2.2999999999999994 -7.670991231773185
-2.1999999999999997 -7.380380276396303
-2.1 -7.094468037170597
-1.9999999999999996 -6.8152053131037515
-1.8999999999999997 -6.544832802334225
-1.7999999999999996 -6.285526914222933
-1.6999999999999997 -6.0387412929350335
-1.5999999999999999 -5.804661820172027
-1.4999999999999998 -5.582017534510071
-1.4 -5.36855162543692
-1.2999999999999996 -5.161787513532817
-1.2 -4.959701435010064
-1.0999999999999999 -4.760849097387511
-0.9999999999999998 -4.564541926568226
-0.8999999999999998 -4.370520178613635
-0.7999999999999997 -4.179022593527893
-0.6999999999999996 -3.990585782617366
-0.5999999999999995 -3.8060741387884875
-0.4999999999999999 -3.626760870090187
-0.3999999999999999 -3.454357363879474
-0.2999999999999998 -3.291373261827101
-0.19999999999999976 -3.1409867808595924
-0.09999999999999963 -3.0072878928865543
0. -2.8957544676944775
0.10000000000000009 -2.812439136711789
0.20000000000000015 -2.7651352438956693
0.3000000000000002 -2.7624478828332686
0.40000000000000036 -2.8147762623350783
0.5 -2.9343201915804475
0.6000000000000001 -3.136522099334588
0.7000000000000001 -3.4407196170270455
0.8000000000000002 -3.872003880263241
0.9000000000000002 -4.462324571097046
1. -5.25183796974825