-2.9999999999999996 -8.90867833006354
-2.8999999999999995 -8.660060082709677
-2.8 -8.423153754881774
-2.6999999999999997 -8.196440300439988
-2.5999999999999996 -7.977487382361584
-2.5 -7.763775948128536
-2.4 -7.553181979744457
-2.2999999999999994 -7.344134006168862
-2.1999999999999997 -7.135718266983191
-2.1 -6.927345221336446
-1.9999999999999996 -6.718660531804892
-1.8999999999999997 -6.509552007480856
-1.7999999999999996 -6.299917187078059
-1.6999999999999997 -6.089646217768304
-1.5999999999999999 -5.878940476632117
-1.4999999999999998 -5.667646361059736
-1.4 -5.456017597987445
-1.2999999999999996 -5.244295292980329
-1.2 -5.032631596888965
-1.0999999999999999 -4.8214955674965125
-0.9999999999999998 -4.6113345235800525
-0.8999999999999998 -4.402867826022127
-0.7999999999999997 -4.196919434263863
-0.6999999999999996 -3.9944645228184563
-0.5999999999999995 -3.796841188189614
-0.4999999999999999 -3.6054607529195546
-0.3999999999999999 -3.4217709173907926
-0.2999999999999998 -3.2479789760080675
-0.19999999999999976 -3.085830697974534
-0.09999999999999963 -2.9387002043531547
0. -2.8107347423665234
0.10000000000000009 -2.707656865247331
0.20000000000000015 -2.637314641120598
0.3000000000000002 -2.6093409662513984
0.40000000000000036 -2.635346043684954
0.5 -2.7284868846312715
0.6000000000000001 -2.903853582057542
0.7000000000000001 -3.1793530258095206
0.8000000000000002 -3.5773507110837333
0.9000000000000002 -4.126478202120736
1. -4.863359225395581