-2.9999999999999996 -10.122634208141452
-2.8999999999999995 -9.82287814364846
-2.8 -9.523226795502572
-2.6999999999999997 -9.223740238695472
-2.5999999999999996 -8.924498445155798
-2.5 -8.625632492960262
-2.4 -8.32733775367482
-2.2999999999999994 -8.029921979439791
-2.1999999999999997 -7.733851956608102
-2.1 -7.439818228910109
-1.9999999999999996 -7.148847660118449
-1.8999999999999997 -6.862392217604258
-1.7999999999999996 -6.5823769550480025
-1.6999999999999997 -6.311143200244646
-1.5999999999999999 -6.051090416525741
-1.4999999999999998 -5.804160455141173
-1.4 -5.57110551328751
-1.2999999999999996 -5.351196777439886
-1.2 -5.142502720498401
-1.0999999999999999 -4.942646880856465
-0.9999999999999998 -4.749504483850323
-0.8999999999999998 -4.56163613676889
-0.7999999999999997 -4.378439535473091
-0.6999999999999996 -4.199929128499195
-0.5999999999999995 -4.026752540072825
-0.4999999999999999 -3.860141940818042
-0.3999999999999999 -3.7019609497915686
-0.2999999999999998 -3.554810582607447
-0.19999999999999976 -3.4222137583531236
-0.09999999999999963 -3.3087955245813636
0. -3.22048332972585
0.10000000000000009 -3.1641368112888446
0.20000000000000015 -3.1476426013117536
0.3000000000000002 -3.1797632348864875
0.40000000000000036 -3.269112855820264
0.5 -3.42618857002489
0.6000000000000001 -3.66377079470905
0.7000000000000001 -3.999054500545873
0.8000000000000002 -4.4560335078983115
0.9000000000000002 -5.067047884410554
1. -5.874021116213101