-2.9999999999999996 -8.155725613597841
-2.8999999999999995 -7.93086203356209
-2.8 -7.713063348003922
-2.6999999999999997 -7.4998157151762
-2.5999999999999996 -7.289204906844373
-2.5 -7.079804968942211
-2.4 -6.870794064659237
-2.2999999999999994 -6.661649632848352
-2.1999999999999997 -6.452099498454331
-2.1 -6.241999930991873
-1.9999999999999996 -6.03129285776978
-1.8999999999999997 -5.819833864393568
-1.7999999999999996 -5.607673338089646
-1.6999999999999997 -5.394930878582802
-1.5999999999999999 -5.181611634603751
-1.4999999999999998 -4.9679430272602945
-1.4 -4.754148910738353
-1.2999999999999996 -4.540517438795074
-1.2 -4.327427113000697
-1.0999999999999999 -4.115584620337557
-0.9999999999999998 -3.9055052792789335
-0.8999999999999998 -3.6981205591305932
-0.7999999999999997 -3.494282310235309
-0.6999999999999996 -3.295113829969686
-0.5999999999999995 -3.1013669454371415
-0.4999999999999999 -2.9138919506935017
-0.3999999999999999 -2.7337868008920436
-0.2999999999999998 -2.56239993334704
-0.19999999999999976 -2.401846921871878
-0.09999999999999963 -2.2549115583220853
0. -2.1259887892045715
0.10000000000000009 -2.0210604421013603
0.20000000000000015 -1.947991037760286
0.3000000000000002 -1.916585996762156
0.40000000000000036 -1.9384367012198724
0.5 -2.026658897203033
0.6000000000000001 -2.196171819578163
0.7000000000000001 -2.4646769597614075
0.8000000000000002 -2.8543098792901405
0.9000000000000002 -3.39350863842568
1. -4.118814768857092