-2.9999999999999996 -9.331289483317093
-2.8999999999999995 -9.033462417577015
-2.8 -8.73683241375066
-2.6999999999999997 -8.442048414997798
-2.5999999999999996 -8.150054667596622
-2.5 -7.862190362947333
-2.4 -7.58021508761828
-2.2999999999999994 -7.3062574696963445
-2.1999999999999997 -7.042474126589855
-2.1 -6.790448900896814
-1.9999999999999996 -6.5506521618218025
-1.8999999999999997 -6.322071636206781
-1.7999999999999996 -6.102573957757605
-1.6999999999999997 -5.88962592089079
-1.5999999999999999 -5.680888876593815
-1.4999999999999998 -5.474754742048375
-1.4 -5.270132938545929
-1.2999999999999996 -5.066413257208544
-1.2 -4.863398949411895
-1.0999999999999999 -4.661064866766729
-0.9999999999999998 -4.459618528985237
-0.8999999999999998 -4.25932639325434
-0.7999999999999997 -4.060645364521459
-0.6999999999999996 -3.8642338055266015
-0.5999999999999995 -3.6710668168918708
-0.4999999999999999 -3.4823929212015607
-0.3999999999999999 -3.2998758513183777
-0.2999999999999998 -3.1258050677342912
-0.19999999999999976 -2.9630818040200784
-0.09999999999999963 -2.815745408464694
0. -2.688870542242819
0.10000000000000009 -2.5888466693766845
0.20000000000000015 -2.5237788673901815
0.3000000000000002 -2.5033910031965645
0.40000000000000036 -2.5391719994601853
0.5 -2.6443118885191583
0.6000000000000001 -2.834632542720035
0.7000000000000001 -3.129141162201171
0.8000000000000002 -3.5518505252521524
0.9000000000000002 -4.133235814861229
1. -4.911767073985111