-2.9999999999999996 -9.875006985176885
-2.8999999999999995 -9.593103901190718
-2.8 -9.31931962413742
-2.6999999999999997 -9.05589192003785
-2.5999999999999996 -8.804522148396291
-2.5 -8.565741229616878
-2.4 -8.338598925704755
-2.2999999999999994 -8.120933166777615
-2.1999999999999997 -7.910134375962642
-2.1 -7.7037477239487275
-1.9999999999999996 -7.499984974586938
-1.8999999999999997 -7.297593403556508
-1.7999999999999996 -7.095820874835213
-1.6999999999999997 -6.89427282415545
-1.5999999999999999 -6.692742568706109
-1.4999999999999998 -6.491042473706339
-1.4 -6.289284963902441
-1.2999999999999996 -6.087449760161297
-1.2 -5.885664123396128
-1.0999999999999999 -5.684236037433316
-0.9999999999999998 -5.483453208021027
-0.8999999999999998 -5.283835044271186
-0.7999999999999997 -5.085967326514458
-0.6999999999999996 -4.890457601445127
-0.5999999999999995 -4.698378507121784
-0.4999999999999999 -4.5111983259224955
-0.3999999999999999 -4.330458898587755
-0.2999999999999998 -4.158355611425577
-0.19999999999999976 -3.9978638204629724
-0.09999999999999963 -3.852666758357569
0. -3.7274523357489544
0.10000000000000009 -3.6283223922361336
0.20000000000000015 -3.563122551650748
0.3000000000000002 -3.541547136115026
0.40000000000000036 -3.5749672167629027
0.5 -3.6767910720800443
0.6000000000000001 -3.8622064570667733
0.7000000000000001 -4.1496692115082645
0.8000000000000002 -4.562038053478631
0.9000000000000002 -5.128595658380814
1. -5.886415706545186