-2.9999999999999996 -10.119345099139128
-2.8999999999999995 -9.819667937008772
-2.8 -9.520141470585706
-2.6999999999999997 -9.220850352044867
-2.5999999999999996 -8.921921718036009
-2.5 -8.623546249168296
-2.4 -8.326021093671688
-2.2999999999999994 -8.029802001024343
-2.1999999999999997 -7.735575178066763
-2.1 -7.444348189913615
-1.9999999999999996 -7.157547928059041
-1.8999999999999997 -6.877083881689493
-1.7999999999999996 -6.605249268616397
-1.6999999999999997 -6.344459216909098
-1.5999999999999999 -6.096625970325676
-1.4999999999999998 -5.862519184414413
-1.4 -5.641394629449945
-1.2999999999999996 -5.4312965628989325
-1.2 -5.229778897277379
-1.0999999999999999 -5.034626740799106
-0.9999999999999998 -4.844260603904549
-0.8999999999999998 -4.657887741642463
-0.7999999999999997 -4.475310155976715
-0.6999999999999996 -4.296839826570952
-0.5999999999999995 -4.123314489035171
-0.4999999999999999 -3.956035690809813
-0.3999999999999999 -3.7968385486500824
-0.2999999999999998 -3.648289970404518
-0.19999999999999976 -3.513869488652243
-0.09999999999999963 -3.398120799065332
0. -3.3067167323756155
0.10000000000000009 -3.2464070451739655
0.20000000000000015 -3.2249879420501975
0.3000000000000002 -3.250600477405698
0.40000000000000036 -3.3323938179179655
0.5 -3.4810059027449505
0.6000000000000001 -3.7097781703618975
0.7000000000000001 -4.037239973607942
0.8000000000000002 -4.487577107085294
0.9000000000000002 -5.0936284796969105
1. -5.897007837011523