-2.9999999999999996 -10.122437863240926
-2.8999999999999995 -9.82271086423064
-2.8 -9.523106223762243
-2.6999999999999997 -9.223689222290087
-2.5999999999999996 -8.92456093435523
-2.5 -8.625873004092089
-2.4 -8.327858373883823
-2.2999999999999994 -8.03087808490291
-2.1999999999999997 -7.7354840324087455
-2.1 -7.442479649277688
-1.9999999999999996 -7.153060082602152
-1.8999999999999997 -6.868859841506298
-1.7999999999999996 -6.5919727001396105
-1.6999999999999997 -6.324826513305347
-1.5999999999999999 -6.06970599382472
-1.4999999999999998 -5.8281215514380955
-1.4 -5.600229805402187
-1.2999999999999996 -5.384724509476087
-1.2 -5.179346403670059
-1.0999999999999999 -4.98173372462513
-0.9999999999999998 -4.789983139813402
-0.8999999999999998 -4.6028929600490605
-0.7999999999999997 -4.420069411974985
-0.6999999999999996 -4.2416678683191575
-0.5999999999999995 -4.068439656144253
-0.4999999999999999 -3.9016106738774203
-0.3999999999999999 -3.743129458369595
-0.2999999999999998 -3.5954753261951375
-0.19999999999999976 -3.4621526571409373
-0.09999999999999963 -3.3478968722272477
0. -3.258366216998484
0.10000000000000009 -3.200539591413677
0.20000000000000015 -3.1821446608318147
0.3000000000000002 -3.2116319302380236
0.40000000000000036 -3.29806548415552
0.5 -3.4517121891882616
0.6000000000000001 -3.685623483876693
0.7000000000000001 -4.017731979257627
0.8000000000000002 -4.471971414648564
0.9000000000000002 -5.0809393651896695
1. -5.886404868443676