-2.9999999999999996 -10.003409514214745
-2.8999999999999995 -9.704149747511742
-2.8 -9.405283542553837
-2.6999999999999997 -9.107031703304852
-2.5999999999999996 -8.809734120678185
-2.5 -8.513898790801507
-2.4 -8.220297449869761
-2.2999999999999994 -7.9300490138201125
-2.1999999999999997 -7.6447140368933395
-2.1 -7.366294819083641
-1.9999999999999996 -7.097107322519847
-1.8999999999999997 -6.83937130184224
-1.7999999999999996 -6.594547157128259
-1.6999999999999997 -6.36275795073316
-1.5999999999999999 -6.142642529979234
-1.4999999999999998 -5.931898388422545
-1.4 -5.727967942284026
-1.2999999999999996 -5.52872680681405
-1.2 -5.332749426394349
-1.0999999999999999 -5.1391659022917935
-0.9999999999999998 -4.947643140659642
-0.8999999999999998 -4.758258339736633
-0.7999999999999997 -4.571336111212951
-0.6999999999999996 -4.38750087154076
-0.5999999999999995 -4.207609592696083
-0.4999999999999999 -4.033021670339468
-0.3999999999999999 -3.8655032687617807
-0.2999999999999998 -3.707360205055862
-0.19999999999999976 -3.561987764669786
-0.09999999999999963 -3.433236074629964
0. -3.3265571359758916
0.10000000000000009 -3.2479640744346847
0.20000000000000015 -3.204904170922053
0.3000000000000002 -3.2060131459525887
0.40000000000000036 -3.2616244158823626
0.5 -3.383936007205297
0.6000000000000001 -3.588542390710276
0.7000000000000001 -3.895063315403008
0.8000000000000002 -4.328470388264013
0.9000000000000002 -4.92066883568686
1. -5.711797995054406