-2.9999999999999996 -7.502660626887553
-2.9499999999999997 -7.403610516114005
-2.8999999999999995 -7.3041156147154656
-2.8499999999999996 -7.204501274012096
-2.8 -7.105114700501463
-2.75 -7.005213445686996
-2.6999999999999997 -6.904770237455618
-2.6499999999999995 -6.804715074672071
-2.5999999999999996 -6.7050876478787655
-2.5499999999999994 -6.605433807832277
-2.5 -6.5057128280534275
-2.45 -6.405968716991148
-2.4 -6.306193312377829
-2.3499999999999996 -6.206371725760434
-2.2999999999999994 -6.106549313954484
-2.2499999999999996 -6.006686007850346
-2.1999999999999997 -5.90680505874924
-2.15 -5.806897684586168
-2.1 -5.706712951248633
-2.05 -5.605904981431268
-1.9999999999999996 -5.504502192544612
-1.9499999999999997 -5.403308088680611
-1.8999999999999997 -5.300527879503058
-1.8499999999999999 -5.196488951293667
-1.7999999999999996 -5.091079848651938
-1.75 -4.9848277670096595
-1.6999999999999997 -4.87818792319094
-1.6499999999999997 -4.772218599866071
-1.5999999999999999 -4.667407404291422
-1.5499999999999996 -4.564104421429353
-1.4999999999999998 -4.462350995987408
-1.4499999999999997 -4.361753866458721
-1.4 -4.262230955689557
-1.3499999999999996 -4.163013171507486
-1.2999999999999996 -4.064108320854384
-1.25 -3.9646783925463214
-1.2 -3.864421627019206
-1.1499999999999997 -3.763131627759239
-1.0999999999999999 -3.659930436586237
-1.0499999999999998 -3.5542012110508843
-0.9999999999999998 -3.4449667143126645
-0.9499999999999996 -3.3294546684492343
-0.8999999999999998 -3.197052361151704
-0.8500000000000001 -3.074705382517567
-0.7999999999999997 -2.98576178220732
-0.7499999999999999 -2.9436731676023307
-0.6999999999999996 -2.949365328127647
-0.6499999999999998 -2.9847407769332515
-0.5999999999999995 -3.1101842663291928
-0.5499999999999998 -3.3547920373011944
-0.4999999999999999 -3.6930041450712063
-0.4499999999999996 -4.108327190389134
-0.3999999999999999 -4.569541096708434
-0.34999999999999964 -5.055920642890318
-0.2999999999999998 -5.55927227456588
-0.25 -6.0659388224623045
-0.19999999999999976 -6.575024655350211
-0.1499999999999999 -7.0825547840702106
-0.09999999999999963 -7.592329975549183
-0.049999999999999815 -8.102473463650506
0. -8.612774846550938