-8.803098336527723 0.
-8.80621227672309 0.0015272892062077048
-8.811557788944816 0.004142813366025955
-8.81270699626195 0.004696780680387924
-8.813389725213561 0.005025125628140614
-8.815910704946587 0.0062688159143613476
-8.819204381070408 0.00786551064896912
-8.820351758794061 0.008435745447258114
-8.823666762022626 0.010050251256281229
-8.825704130943116 0.011033564884907143
-8.829145728643308 0.012736461710644242
-8.832170863615616 0.014211052606619923
-8.833948679126415 0.015075376884421843
-8.83860435099395 0.017398038983807318
-8.840398014643716 0.018290315741681162
-8.844102075574298 0.020100502512562457
-8.845057108956402 0.020579519479818842
-8.8467336683418 0.02141789936524585
-8.851497397290785 0.023764562726706906
-8.854268413931903 0.02512562814070307
-8.857904700732055 0.02695903022877122
-8.864167434292337 0.030106704126571238
-8.864256013066713 0.030150753768843686
-8.864280086910432 0.030162616948803844
-8.864321608040292 0.030183588614850265
-8.870695370206079 0.03335480449247452
-8.874367204730552 0.0351758793969843
-8.877077910494032 0.03655634718119938
-8.881909547738784 0.03900846612332565
-8.883427467603994 0.039767313635064916
-8.884297867805916 0.040201005025124914
-8.887317214962348 0.04174605280328603
-8.889772955118532 0.04297944283048061
-8.89070351758803 0.04345840897072328
-8.89420817623878 0.04522613065326553
-8.89613205935612 0.046187681533596425
-8.899497487437277 0.047911436474842084
-8.902458401530813 0.049405280826110065
-8.904141212045392 0.05025125628140614
-8.908751734050522 0.052632311448619795
-8.909901566650232 0.05322385034224997
-8.913967135371198 0.05527638190954676
-8.915074681557304 0.05585088064625143
-8.917085427135769 0.05688974453989726
-8.9213790342434 0.059074762649792945
-8.923798872283678 0.06030150753768737
-8.92765057957013 0.06230801818458165
-8.931992591022983 0.06456069721974877
-8.93349740213195 0.06532663316582799
-8.93391280965564 0.06554393521686297
-8.93467336683426 0.06594011213016149
-8.940196320316302 0.06877377208481406
-8.94328444186693 0.0703517587939686
-8.94644721195522 0.07201292867326359
-8.952261306532753 0.07505342681578853
-8.952665226899201 0.07526147860312449
-8.952890219947278 0.07537688442210921
-8.953634029941112 0.07576909111021202
-8.958916758326794 0.07850045239480963
-8.961055276381998 0.0796332107024762
-8.962536365766852 0.08040201005024983
-8.96514805925548 0.08174520632903981
-8.969849246231245 0.08422222573591842
-8.97134665624717 0.0849993042452688
-8.972174714373665 0.08542713567839044
-8.974880504296753 0.08686463798282062
-8.977546426256103 0.08825306701371449
-8.981788177095213 0.09045226130653106
-8.983759134601549 0.09150313311458547
-8.987437185929737 0.09345483557213452
-8.989939300273596 0.09476249712214013
-8.991313258200618 0.09547738693467167
-8.995755486727694 0.09785404430551647
-8.996091013753112 0.09802999032756166
-8.996231155778982 0.09810526613824422
-9.000784808163884 0.10050251256281229
-9.002285534277393 0.10128525294876578
-9.00502512562823 0.10274892094121757
-9.008447440420026 0.10454983396472528
-9.010314615034034 0.1055276381909529
-9.014576501918127 0.1078237991648372
-9.01630567467579 0.10875065220454161
-9.019736306900578 0.11055276381909351
-9.020731134418728 0.11109045836423448
-9.022613065326722 0.11210232038868106
-9.02687637089691 0.11435980214146646
-9.029188368484556 0.11557788944723413
-9.032989113359532 0.11763842992314277
-9.036554641803844 0.11956119701212664
-9.038509176490605 0.12060301507537474
-9.039103167263304 0.1209166830073487
-9.040201005025214 0.1215104378251004
-9.045232770823386 0.12419049333260901
-9.047946034328929 0.12562814070351536
-9.05133001637632 0.12747354880276784
-9.0565293000429 0.13029336785142576
-9.057206679143063 0.13065326633165597
-9.0574064897928 0.13076253916905767
-9.057788944723706 0.1309705325339685
-9.063521239007656 0.13404059359295317
-9.066507374048811 0.13567839195979658
-9.066582914572951 0.13571943666596376
-9.0696037555264 0.13732785735859565
-9.075376884422198 0.14047573100473532
-9.075653764937819 0.14062440886918814
-9.075801893485481 0.1407035175879372
-9.076261716229002 0.140956326675596
-9.081746070564918 0.14390887574672906
-9.085145036301006 0.1457286432160778
-9.087814577440765 0.14720014226748468
-9.09296482412069 0.1500225762533285
-9.093850690662974 0.15050066411785146
-9.094322313608851 0.15075376884421843
-9.095775699696873 0.151556876151699
-9.099911283929275 0.15379419166990616
-9.101758793969935 0.15481761779835157
-9.103529643126038 0.15577889447235904
-9.105966457028362 0.1570892678411644
-9.110552763819182 0.1596145941260554
-9.111989341867094 0.16039356922966785
-9.112750654366845 0.16080402010049966
-9.115080878166747 0.16209776705694612
-9.118020644592542 0.1636954655076801
-9.121969524697223 0.16582914572864027
-9.12406312053133 0.16699416943902445
-9.128140703517674 0.16924940413135126
-9.13007340644507 0.17030207052038193
-9.131093232437216 0.17085427135678088
-9.13419499734598 0.17258406959343997
-9.136077686032971 0.17361168769483637
-9.13693467336692 0.17409060403293886
-9.140201118298714 0.1758793969849215
-9.142108065872899 0.17691384765442653
-9.145728643216167 0.17892471652697317
-9.148106347539667 0.1802251785206339
-9.149355915527785 0.1809045226130621
-9.15313404608739 0.18302035200483946
-9.15408572822375 0.18354190966760786
-9.158469151523615 0.18592964824120273
-9.16010458067076 0.18684736316803097
-9.163316582914659 0.18863832914882828
-9.16609142107874 0.19016196296531973
-9.167544163747626 0.19095477386934334
-9.171912478552859 0.19341074405168612
-9.17204789405048 0.19348523917296312
-9.172110552763904 0.19352052747263926
-9.17656684234853 0.19597989949748396
-9.178055758231125 0.1967938321780629
-9.180904522613151 0.19838812453154908
-9.184031691361671 0.20011154834033373
-9.185663065941295 0.20100502512562457
-9.189975404103444 0.2034384703279679
-9.190551000257589 0.2037611615954633
-9.194686821752555 0.20603015075376518
-9.195964511790903 0.20675242233111923
-9.198492462311643 0.20817206728181503
-9.201930044951473 0.2100731099133828
-9.203717371698673 0.2110552763819058
-9.207863432794827 0.2134029818719938
-9.209054664824993 0.21407304852857756
-9.212667209727075 0.2160804020100464
-9.213833587235591 0.21672234908848775
-9.216080402010135 0.21798820167012067
-9.219789203091159 0.2200458701864667
-9.2217115196391 0.22110552763818703
-9.225712744582188 0.22337855538859852
-9.22743262559431 0.22434902009080826
-9.230659847774728 0.22613065326632764
-9.23166557448706 0.2267028724724902
-9.233668341708627 0.2278346494108714
-9.237611732831049 0.23002909571663377
-9.239649771399208 0.23115577889446826
-9.243525909794288 0.2333644564981343
-9.245695109057147 0.2345919981369029
-9.248537669247998 0.23618090452260887
-9.24946308781354 0.236693245549346
-9.25125628140712 0.2377094243040112
-9.255400927559384 0.24002184553581696
-9.257537405443772 0.24120603015074948
-9.26130706767075 0.24335950256071026
-9.263857119859107 0.24480626970846053
-9.266424517898413 0.2462311557788901
-9.267230516666881 0.2466922141899559
-9.268844221105612 0.2476089394657368
-9.273159816354287 0.2500232541931231
-9.275378613470515 0.2512562814070307
-9.279057190746663 0.2533634157091562
-9.281921207412237 0.2549925632089236
-9.284215218278705 0.2562814070351713
-9.284967348587061 0.2566999248114694
-9.286432160804104 0.2575341706405414
-9.290888243207393 0.2600333662623724
-9.293173702752561 0.26130653266331194
-9.296777272442448 0.2633759121090682
-9.299892741414212 0.2651524128376286
-9.302007209255201 0.26633165829145256
-9.302675443410351 0.26671584603209464
-9.304020100502596 0.26748346244775867
-9.308588338287777 0.2700515731238271
-9.310926023757148 0.27135678391959317
-9.314469425430431 0.27339638813978073
-9.317779177676664 0.27528794882647034
-9.319717325291046 0.2763819095477338
-9.320356832995822 0.2767393973206671
-9.321608040201088 0.2774552277777893
-9.326262116378812 0.2800772991250966
-9.32863872549712 0.2814070351758744
-9.332135647409158 0.28342427303028117
-9.33558740234732 0.2854011386462263
-9.337428326208748 0.286432160804015
-9.338013438228968 0.2867700298527618
-9.33919597989958 0.2874479475834848
-9.343911481694303 0.29011000020509226
-9.346314766692704 0.2914572864321556
-9.349777825912337 0.29345902748522246
-9.353323780786575 0.29549380097129685
-9.355068310823349 0.29648241206029624
-9.355647073651982 0.2968072251877505
-9.356783919598072 0.297460170458117
-9.36153823249728 0.3001491625743773
-9.363956926176881 0.30150753768843686
-9.367397742914333 0.3035001423690744
-9.370994201193351 0.30556761814423083
-9.372711098835195 0.30653266331657747
-9.373259451894556 0.306850494002866
-9.374371859296565 0.30749051203147015
-9.379144065514476 0.31019430145388593
-9.381567812581183 0.3115577889447181
-9.384997079226974 0.31354713744988416
-9.38860411356792 0.31562414730796284
-9.390290212873163 0.3165829145728587
-9.3908521879012 0.31689937488538966
-9.391959798995057 0.31753765421200253
-9.396730580143943 0.3202449598727455
-9.399149873341393 0.3216080402009993
-9.402577418686477 0.3235995602030197
-9.406158564533317 0.3256648303547882
-9.407876006865662 0.3266331658291399
-9.408426802954784 0.326953433183073
-9.409547738693549 0.32760034429978724
-9.414299282456629 0.3303007075249722
-9.416705403063775 0.33165829145728054
-9.42014025213232 0.33365698467434335
-9.423662228478065 0.33569100282428543
-9.425402440182044 0.33668341708542115
-9.425984728498728 0.3370122599120826
-9.427135678392041 0.33767739399215113
-9.431851588995196 0.34036113968408976
-9.43423655129253 0.34170854271356177
-9.437686981182198 0.3437190104016583
-9.44111943542998 0.3457039018672585
-9.442941063353777 0.3467336683417024
-9.443527309762263 0.34707547072120803
-9.444723618090533 0.3477676783013752
-9.449388830375192 0.35042587617422605
-9.45174532971842 0.351758793969843
-9.45521892180872 0.35378526139278677
-9.45853419602405 0.35570467337942
-9.460422038314025 0.3567839195979836
-9.461055809194676 0.3571427049106548
-9.462311557789025 0.3578701344016322
-9.466912254694948 0.3604945603958605
-9.469233618867232 0.3618090452261242
-9.472737307724751 0.3638553851583435
-9.475910223885597 0.36569437839657315
-9.47792205942224 0.36683417085426484
-9.478571409715327 0.36721362450346184
-9.479899497487517 0.36798376042034864
-9.484423030761386 0.3705668584041568
-9.486703174305122 0.37185929648240545
-9.490243293584843 0.37392905179702396
-9.49325095571321 0.3756739988326032
-9.495363918970513 0.37688442211054607
-9.496075217786943 0.3772879133674225
-9.49748743718601 0.3781076141874449
-9.501922124307542 0.3806424942753912
-9.504155312599211 0.3819095477386867
-9.507737645838631 0.38400604232322166
-9.510558340994649 0.3856440916840116
-9.512832032419157 0.3869346733668273
-9.513567747101137 0.38736542473350344
-9.515075376884502 0.38824131147668695
-9.5194102149212 0.3907212738416259
-9.521591353599186 0.3919597989949679
-9.525221392294048 0.39408606307752336
-9.527836097648718 0.39560571921331533
-9.530239500137345 0.3969849246231085
-9.531050458714557 0.39744574115694764
-9.532663316582994 0.39838348551703895
-9.536888814464525 0.4008027651422408
-9.539013354976785 0.40201005025124914
-9.542695906688627 0.4041687215634955
-9.545087802511809 0.4055599033737671
-9.547683028477273 0.40703517587938975
-9.548524408157485 0.407528561057676
-9.550251256281486 0.4085332836131439
-9.554358844931262 0.4108867047504514
-9.556422709197385 0.41206030150753037
-9.560162042279634 0.41425377399334273
-9.562315906038714 0.41550734429530944
-9.565062086096074 0.417085427135671
-9.565990410057436 0.41761365168496845
-9.567839195979978 0.41869000096489906
-9.571821107584952 0.4209728637338186
-9.573820605054868 0.4221105527638116
-9.577620586912314 0.4243409952684285
-9.579522656664356 0.42544868438791905
-9.582486710424396 0.4271356783919522
-9.583449215720123 0.4277007983800516
-9.58542713567847 0.42885298593495946
-9.589276340501229 0.43106103121358963
-9.59120813564719 0.4321608040200928
-9.595072265370913 0.4344301783075357
-9.596710111577433 0.4353845114197963
-9.599841415916927 0.43718592964823344
-9.600901515381125 0.4377898039327581
-9.603015075376963 0.4390216386692041
-9.606725220795042 0.4411510137283514
-9.608586302154293 0.44221105527637405
-9.612517741581696 0.4445211334174477
-9.613880146420716 0.44531536128887517
-9.6172516800427 0.44723618090451467
-9.618347940316141 0.4478804879786047
-9.620603015075455 0.4491954097517423
-9.624168366707936 0.45124263463766034
-9.625956017333559 0.4522613065326553
-9.629957620677398 0.4546136877030973
-9.631034464034924 0.4552417205210748
-9.6345854288876 0.4572864321607959
-9.635789064818843 0.45797268643368216
-9.638190954773947 0.4593737988974791
-9.641606339564204 0.46133573356314894
-9.643318108755635 0.4623115577889365
-9.647392450931813 0.46470768451483035
-9.648174602349304 0.4651640285247529
-9.651985102298228 0.4673366834170771
-9.65322540805446 0.46806625096507126
-9.655778894472439 0.46955635368501536
-9.659039645603889 0.47143016586480346
-9.660673321801237 0.47236180904521774
-9.664822725572323 0.4748029829305338
-9.665301941510307 0.47508267962746586
-9.66930068794237 0.47738693467335835
-9.670657435796434 0.478161048494643
-9.673366834170931 0.47974266833243195
-9.67646873769985 0.48152580215037943
-9.678022322437387 0.48241206030149897
-9.682248884477428 0.4848994572706413
-9.682417710329062 0.4849980249181076
-9.6866928287383 0.4874371859296396
-9.688085562052791 0.4882569607343914
-9.690954773869423 0.48993238251835525
-9.693894016965338 0.49162252781608995
-9.695365699789638 0.4924623115577802
-9.699525283806743 0.4949110286827292
-9.699673619819977 0.49499633834290524
-9.699748743718668 0.49504054023987454
-9.703992474952244 0.4974874371859208
-9.705510150588127 0.49835388375157486
-9.708542713567915 0.5001251802505466
-9.711315834257885 0.5017202426169272
-9.712703968525124 0.5025125628140614
-9.716626023919371 0.504822080057334
-9.717097687090828 0.5050934102927984
-9.721379484856122 0.507537688442202
-9.72293151634647 0.5084517275621838
-9.726130653266408 0.5103207887841927
-9.728734491584614 0.5118188602651408
-9.730037571059635 0.5125628140703427
-9.73371812301846 0.5147306625709289
-9.734518745490993 0.5151913419200298
-9.734924623115653 0.515430273425892
-9.738664872491379 0.5175879396984833
-9.740349926779702 0.5185504157513972
-9.7437185929649 0.5205189775919532
-9.746150234408542 0.5219183106284406
-9.747366844056094 0.5226130653266239
-9.750802196071126 0.5246369519284029
-9.751937008330993 0.5252900722787386
-9.756048470036559 0.5276381909547645
-9.757765555065498 0.5286498988398769
-9.761306532663392 0.5307195973040946
-9.763563254379205 0.5320185389498153
-9.764692143829066 0.5326633165829051
-9.767878897484136 0.534541135103118
-9.76935271758833 0.5353895322324913
-9.770100502512637 0.5358299177233725
-9.77332087504279 0.5376884422110457
-9.775178766091198 0.538750072574099
-9.778894472361884 0.5409222958500708
-9.780973942078168 0.5421194336345341
-9.782013973960373 0.5427135678391863
-9.784949189803987 0.5444434871083583
-9.78676620052024 0.545489628279225
-9.790702821783116 0.547738693467327
-9.792589738248342 0.5488508859850505
-9.796482412060376 0.5511269786619364
-9.798382372249913 0.552220973327028
-9.799332451863885 0.5527638190954676
-9.80201315843612 0.5543440323456803
-9.804177471517361 0.5555903563073263
-9.805276381909621 0.5562377598109904
-9.807963233295284 0.5577889447236082
-9.809998474247292 0.5589523382983446
-9.814070351758868 0.5613336489689997
-9.815788538842753 0.5623231597563532
-9.816647566653106 0.5628140703517488
-9.819070775031978 0.5642427627154945
-9.821586515937726 0.5656917205002161
-9.825343971543775 0.5678391959798894
-9.827404950395017 0.569054436283416
-9.83165829145736 0.5715423340336514
-9.833192408935876 0.572426002328454
-9.833959267922765 0.57286432160803
-9.836121938805803 0.5741396494218707
-9.838993292565306 0.5757937326339002
-9.840452261306606 0.5766535767751879
-9.84259215127083 0.5778894472361706
-9.844809115965683 0.5791571944333622
-9.849246231155853 0.5817530857680131
-9.850593922105855 0.5825295183071679
-9.85126746485541 0.5829145728643113
-9.853166475151342 0.5840346425773077
-9.85639773299416 0.5858964122529349
-9.859971544181342 0.5879396984924519
-9.862210892580629 0.589260635142085
-9.866834170854345 0.5919659813444902
-9.867992989803103 0.5926337329923763
-9.868572025345028 0.5929648241205925
-9.870204134301963 0.5939276708199115
-9.87379974102214 0.5959997868436488
-9.87562814070359 0.5970777852766682
-9.877206908627533 0.5979899497487331
-9.87961017359816 0.5993647888786411
-9.884422110552837 0.6021811238015049
-9.885389494738225 0.6027386798953343
-9.885872775138633 0.6030150753768737
-9.887234590040999 0.6038186409449198
-9.891199192053584 0.6061038920048007
-9.894584502399663 0.6080402010050143
-9.897006823512159 0.6094696943590634
-9.902010050251329 0.6123986426470465
-9.902783290276863 0.6128444009115741
-9.903169496994838 0.6130653266331549
-9.904257438466557 0.6137074375517919
-9.90859593250926 0.6162087716161722
-9.910804020100574 0.6175112091003676
-9.911806123871738 0.6180904522612956
-9.914400677357392 0.6195753987162753
-9.919597989949821 0.6226186944638208
-9.920174199840497 0.6229509464921001
-9.920461929856994 0.6231155778894362
-9.921272196812758 0.6235939227074185
-9.925989779240725 0.6263144780058898
-9.929181141095475 0.6281407035175768
-9.931791540118333 0.6296819576689998
-9.937185929648313 0.632841463520827
-9.937562016309752 0.6330583758138779
-9.937749768037099 0.6331658291457174
-9.938278302327639 0.6334779356255247
-9.943380518945398 0.6364210721175478
-9.945979899497559 0.6379550984926379
-9.946387727758731 0.638190954773858
-9.949179186137506 0.6397894356908003
-9.954773869346806 0.6430671623970259
-9.954946501425898 0.643166756950829
-9.955032660405623 0.6432160804019986
-9.955275111206381 0.6433592923618772
-9.960767907577916 0.6465286236783934
-9.96375906149067 0.6482412060301392
-9.966563358518655 0.6498979061806089
-9.972262913341991 0.6532380757430492
-9.972312257334039 0.6532663316582799
-9.97232840836657 0.6532758747093448
-9.972361809045298 0.653295451868253
-9.978151669752611 0.6566372113700449
-9.981040056778955 0.6582914572864205
-9.983943768519318 0.66000745163627
-9.989245088398123 0.6631152513872278
-9.989592955100099 0.6633165829145611
-9.989711657606936 0.6633846089536624
-9.98994974874379 0.663524208892385
-9.99553149813146 0.6667469230033678
-9.998314784302343 0.6683417085427017
-10.001319944844255 0.6701182067135667
-10.006214277864181 0.6729887168628137
-10.006874064872536 0.6733668341708423
-10.0070902713552 0.6734946676242943
-10.007537688442282 0.6737571260983835
-10.012906119357877 0.6768581223945267
-10.015582183193635 0.6783919597989829
-10.018690611090337 0.6802305360991081
-10.023168704986972 0.6828579645260371
-10.02413395941694 0.6834170854271235
-10.024463689802232 0.6836062106667065
-10.025125628140774 0.6839946692626633
-10.030275789687465 0.6869707363276385
-10.032842069179251 0.6884422110552642
-10.036056456488948 0.6903442428696414
-10.040109724530026 0.6927233814521934
-10.041406926875169 0.6934673366834048
-10.041832334621692 0.6937191176027113
-10.042713567839266 0.6942364886358172
-10.047640528058956 0.6970847593916343
-10.05009457848133 0.6984924623115454
-10.053417198207217 0.7004594078345567
-10.057036416585571 0.7025847048104898
-10.058645567740575 0.703517587939686
-10.059195848249349 0.7038334905935173
-10.060301507537758 0.7044829187098927
-10.064999950306845 0.7072003013480881
-10.06733913859165 0.7085427135678266
-10.07077243054226 0.7105761469089673
-10.07394768394452 0.7124416211126157
-10.075909668635168 0.7135678391959672
-10.076553815317894 0.713949448315498
-10.07788944723625 0.7147343430892033
-10.082353619693965 0.717317486979046
-10.084575101330252 0.7185929648241078
-10.088121695151875 0.720694591047784
-10.090842299574788 0.722293779777976
-10.093124380532785 0.7236180904522485
-10.093905769250973 0.724067124076182
-10.095477386934743 0.72499119356661
-10.099701048156595 0.7274364557312891
-10.101801744836958 0.7286432160803891
-10.105464482231882 0.7308148859093473
-10.10771891116981 0.7321407944332652
-10.11037725992106 0.7336683417085297
-10.111251193327611 0.734186665510137
-10.113065326633235 0.735253949464596
-10.117041697301422 0.7375573614314739
-10.11901827523086 0.7386934673366703
-10.122800231444197 0.7409371915902501
-10.124576045259763 0.7419822440871071
-10.127564683651423 0.7437185929648109
-10.12858952150319 0.744308234344393
-10.130653266331727 0.7455231372424622
-10.134374979157755 0.7476803720712297
-10.136223827945592 0.7487437185929515
-10.140128332598772 0.7510616824305085
-10.141412110911633 0.75181767418721
-10.144803478887011 0.7537688442210921
-10.14592013898964 0.7544320062326868
-10.14824120603022 0.7557993303720671
-10.151700256687253 0.7578056696615088
-10.153417468746802 0.7587939698492328
-10.157448126091374 0.7611885468884712
-10.158225403041335 0.7616465975666946
-10.161959631506406 0.7638190954773734
-10.163242382596238 0.7645581706580797
-10.165829145728711 0.7660831494858735
-10.169016844052393 0.7679334501558905
-10.170598194436664 0.768844221105514
-10.174758903098095 0.7713179874852596
-10.175014105358416 0.7714684952854292
-10.179181002321258 0.7738693467336546
-10.18055554083145 0.7746869309038695
-10.183417085427203 0.7763752628025351
-10.18632400664362 0.7780639234428186
-10.187764933248769 0.7788944723617952
-10.19178069545283 0.7812840752262593
-10.19206438135903 0.7814489420094137
-10.192211055276449 0.7815361602061168
-10.196301279222265 0.7839195979899358
-10.197858853764833 0.7848185040930398
-10.201005025125696 0.7866763868370112
-10.203620960863917 0.7881973134071556
-10.204916544935152 0.7889447236180764
-10.208522977108974 0.7910927098990124
-10.20936360482587 0.7915816836175962
-10.213501427578493 0.793969849246217
-10.21515151264681 0.7949531212968965
-10.218592964824188 0.7969872874040735
-10.220906873668145 0.798333858061798
-10.222051820545667 0.7989949748743577
-10.22523487261909 0.800892662815758
-10.226651716982023 0.8017175998859738
-10.227386934673433 0.8021556096799403
-10.23058059505313 0.8040201005024983
-10.232432659282729 0.805091027713912
-10.23618090452268 0.8073087809262907
-10.238180861853083 0.8084738097505237
-10.23916960666156 0.8090452261306389
-10.241914165079622 0.8106833005754792
-10.243927834647065 0.8118569431518123
-10.247755768191046 0.8140703517587795
-10.249701657526868 0.8152324051000095
-10.253768844221172 0.8176412785397167
-10.255442725828352 0.8186172254991542
-10.256269400247449 0.8190954773869201
-10.258561817581384 0.8204648983469811
-10.261192481152456 0.8219995638918371
-10.262562814070417 0.8228175601048289
-10.264790305191765 0.8241206030150607
-10.266958885687805 0.8253771453670211
-10.271356783919664 0.8279847198408099
-10.272692117358826 0.8287642048034414
-10.273350817471677 0.8291457286432014
-10.275174445734791 0.830236489161809
-10.278443675448369 0.8321460281202837
-10.281937415874328 0.834170854271342
-10.284201635908683 0.8355260221883345
-10.288944723618156 0.8383419139609556
-10.289926187907461 0.8389155615311097
-10.29040971991952 0.8391959798994826
-10.291746056894073 0.8399963608354586
-10.295679494402973 0.842296885303389
-10.297738693467402 0.8435292662001626
-10.29891831604373 0.8442211055276232
-10.301428501706472 0.8456794374162451
-10.306532663316649 0.8487138911278311
-10.307143852619381 0.8490716056406971
-10.307444558718577 0.8492462311557638
-10.308274077717291 0.849743778127376
-10.312898857258944 0.8524524442289634
-10.316028863779872 0.8542713567839044
-10.318638375755485 0.8558377074295205
-10.32412060301514 0.8591017363836952
-10.324343976864405 0.8592326613122552
-10.324453719684678 0.859296482412045
-10.32475585606079 0.8594779832822308
-10.330100633065726 0.8626130280257325
-10.332914572864386 0.8643020566854878
-10.33294781133117 0.8643216080401857
-10.335830098876585 0.8660011634221991
-10.341193867933274 0.8691996837310807
-10.341443666768308 0.8693467336683263
-10.341530764409228 0.8693975274695847
-10.341708542713633 0.8695036259308511
-10.347283636898755 0.8727789752435751
-10.350016329789456 0.8743718592964669
-10.353002456166946 0.876170152509375
-10.35758696147258 0.8789085503704515
-10.35842422054491 0.8793969849246075
-10.358704727648718 0.8795660577141522
-10.359296482412125 0.8799198267034747
-10.364446625884156 0.8829506409893106
-10.366966804843656 0.8844221105527481
-10.370154172923016 0.8863450388920624
-10.373925886198462 0.8886019402059873
-10.375356914731666 0.8894472361808887
-10.37585801445285 0.8897404955116794
-10.376884422110617 0.8903552353296602
-10.381588294993552 0.8931283981281908
-10.383886011732246 0.8944723618090293
-10.387283910320253 0.8965262050915594
-10.390207669074863 0.8982790037988133
-10.392288944396674 0.89949748743717
-10.392989288098029 0.8999212227831928
-10.39447236180911 0.9008111930023173
-10.398707272571071 0.9033126385618928
-10.40077202255652 0.9045226130653106
-10.404390260810612 0.9067140532644498
-10.406429241724249 0.9079388644696369
-10.409142488250748 0.9095477386934512
-10.410097142629198 0.9101086412301376
-10.412060301507601 0.911289123388654
-10.41580211555187 0.9135037745946581
-10.417622818283325 0.9145728643215918
-10.421471743195838 0.9169090066102363
-10.422587437133561 0.9175806173575802
-10.426019551715532 0.9195979899497324
-10.427180097881916 0.9203031737566398
-10.429648241206094 0.9217905397361914
-10.43287130432814 0.9237022404001456
-10.434436282904597 0.924623115577873
-10.438526797331054 0.927111510884596
-10.438678986345426 0.9272033284748256
-10.442784379407257 0.9296482412060136
-10.444236594122245 0.9305052660009681
-10.447236180904586 0.9323170526651356
-10.449913237214783 0.9339084936026696
-10.451210197203794 0.9346733668341543
-10.454713809931796 0.9368098322704999
-10.455567716613112 0.93731805368843
-10.459599434769304 0.9396984924622949
-10.461264986253958 0.9407153879906147
-10.464824120603078 0.9428703787426302
-10.466926224462403 0.9441230169877706
-10.467942232077599 0.9447236180904355
-10.470678223951412 0.9463962190471022
-10.472582139386473 0.9475321669233203
-10.473618090452323 0.9481647807164144
-10.476264992180804 0.9497487437185761
-10.478263537537664 0.950934035936835
-10.48241206030157 0.9534523499469563
-10.483908481760144 0.9543463203585532
-10.484629941357184 0.9547738693467167
-10.48656630098124 0.9559607952551934
-10.489565802229603 0.9577550687097052
-10.493010312204351 0.9597989949748573
-10.495230412760707 0.9611617341861018
-10.500000000000062 0.9640649241444148
-10.500857929086886 0.9645789980067629
-10.501270360892942 0.9648241206029979
-10.502372854755425 0.9655020791045308
-10.506515343548188 0.9679877195031024
-10.508793969849307 0.9693871930374751
-10.509561712468534 0.9698492462311386
-10.512160986382161 0.9713998043215364
-10.517587939698554 0.9747135811969097
-10.517769304787995 0.974822553262296
-10.51785625629877 0.9748743718592792
-10.518087867628807 0.9750172084107795
-10.52342845912809 0.9782307776504098
-10.526224513297672 0.9798994974874198
-10.529055591417555 0.9816481511958459
-10.533732131691934 0.9845121237712426
-10.534422274019548 0.9849246231155604
-10.534660360065839 0.985071914353048
-10.535175879397046 0.9853881215879916
-10.540305695657496 0.9884840869550011
-10.542754261253336 0.989949748743701
-10.545913206867196 0.9919070665232272
-10.549292549719356 0.9939830831215035
-10.550928236915212 0.9949748743718416
-10.551519616116046 0.9953303609374107
-10.552763819095539 0.9960959761367221
-10.557144700086093 0.9987483197169666
-10.559229241475686 0.9999999999999822
-10.562731415105572 1.0021772410538272
-10.564759704158167 1.003427395732161
-10.56741614142974 1.0050251256281229
-10.568339363442925 1.0056000957284388
-10.57035175879403 1.0068426289804595
-10.573942984211602 1.009024186851243
-10.57564612513675 1.0100502512562635
-10.579507658879946 1.0124594054312857
-10.580129093726418 1.0128437755226605
-10.583784673658755 1.015075376884404
-10.585117039582817 1.0158818508586052
-10.587939698492523 1.0176309538540291
-10.590697913674354 1.019312441032021
-10.592001412957085 1.0201005025125447
-10.59540948947475 1.0222347285074669
-10.596253534109335 1.0227502465358818
-10.600175294166837 1.0251256281406853
-10.601849928911642 1.0261764022205062
-10.605527638191015 1.0284640423497482
-10.607406695710106 1.0296138801919428
-10.608291422618418 1.030150753768826
-10.610593628174492 1.031598179478391
-10.61296363527461 1.033051308801653
-10.61432160804026 1.0339037159820865
-10.616389788946607 1.0351758793969665
-10.618535149563645 1.0364845732043557
-10.623115577889507 1.039345226956411
-10.624066365525739 1.0399293514147558
-10.624512274867465 1.0402010050251072
-10.62566681933116 1.0409299311512932
-10.629624496874888 1.0433664395145676
-10.632670831433225 1.0452261306532478
-10.635169638877379 1.0468072388562826
-10.640624888767206 1.0502287909040184
-10.640661611235057 1.0502512562813884
-10.640674627161662 1.050259510688913
-10.640703517588 1.050277671358919
-10.646232952714817 1.053696543301867
-10.648809846896787 1.055276381909529
-10.651750137197443 1.0571453305064002
-10.655488614687787 1.0595006953666113
-10.656776571595415 1.0603015075376696
-10.657256165748937 1.0605973051198285
-10.658291457286492 1.0612511115198124
-10.662785629088564 1.0640425840795045
-10.664870635173575 1.0653266331658102
-10.66827316983408 1.0674998409232117
-10.670227285335423 1.068736869751219
-10.672843330549457 1.0703517587939508
-10.673780070568418 1.0709515663415408
-10.675879396984984 1.0722838276108995
-10.679278925477856 1.0744055905669851
-10.680848591370614 1.0753768844220915
-10.684735026951888 1.0778718300596877
-10.684835548857428 1.0779357849570754
-10.68876357426025 1.080402010050232
-10.69024260754882 1.0813233612315623
-10.693467336683476 1.0833804179657829
-10.695708993014435 1.0847866624409557
-10.696738836702517 1.0854271356783727
-10.699337344416296 1.0871042807448932
-10.701163974862782 1.0882532218267116
-10.704690631522459 1.0904522613065133
-10.706639780078529 1.0917138316789252
-10.711055276381968 1.0945458996800435
-10.712071710415495 1.0951869772107896
-10.71253619509334 1.095477386934654
-10.713700550987358 1.096233179679051
-10.717527098476689 1.0986534205357312
-10.720476369912552 1.1005025125627945
-10.722967303184232 1.1021242019617166
-10.727924993884072 1.1053224318491095
-10.72824735527603 1.1055276381909351
-10.728370627505646 1.1056055206408821
-10.72864321608046 1.1057818986422792
-10.733818174739476 1.109074204202214
-10.736162868182797 1.1105527638190758
-10.739220574597537 1.1125557870137666
-10.742025346820613 1.1143762297448339
-10.743925206273275 1.1155778894472164
-10.74462394501698 1.116037092522066
-10.746231155778952 1.1170835771922523
-10.750032847062501 1.1195168175657715
-10.751745363407291 1.120603015075357
-10.755395716981564 1.1230096946456083
-10.755972140460036 1.1233861535556668
-10.759451214513078 1.1256281407034976
-10.760799666439217 1.1264908347144198
-10.763819095477444 1.128469466381138
-10.766167411225219 1.1299823189751317
-10.767218239002577 1.1306532663316382
-10.769786867990408 1.1323583441924852
-10.771519389256005 1.1334783080230473
-10.774953529572626 1.1356783919597788
-10.776890503301905 1.1369688296380733
-10.781407035175937 1.1399496566482732
-10.78221375171867 1.140473027147138
-10.782572256857064 1.1407035175879194
-10.783441415657244 1.141284769154007
-10.78756448720056 1.1439693712090246
-10.790201005025182 1.1457278468308756
-10.790202223452662 1.14572864321606
-10.792889596156174 1.147473037135561
-10.79694068885262 1.1501668299808268
-10.797835309101904 1.1507537688442007
-10.79818879872987 1.1509841048855032
-10.798994974874429 1.15152225860413
-10.803514617227616 1.1544875680857158
-10.805501051916696 1.1557788944723413
-10.808790807424847 1.1580052108003622
-10.81027961466669 1.15900307727013
-10.81303925315837 1.160804020100482
-10.81408814241886 1.161516812144499
-10.81658291457292 1.163195802275876
-10.819363321852252 1.165034743648813
-10.820575701854962 1.1658291457286225
-10.82345061336902 1.1677913453846518
-10.824609428228111 1.1685609817409945
-10.825376884422166 1.169083197494749
-10.82803288342795 1.1708542713567631
-10.829882311285994 1.1720795693525972
-10.834170854271413 1.1749907610704309
-10.83510355292998 1.175612911653885
-10.835506857779661 1.1758793969849037
-10.836454082099795 1.176531747793013
-10.840346899991145 1.1791399381216925
-10.843005846569676 1.1809045226130443
-10.845563874299405 1.1826744996617586
-10.849282955087164 1.185222265703259
-10.850344092323718 1.185929648241185
-10.850756124755518 1.1862161251595813
-10.851758793969905 1.186906279116382
-10.855967384148737 1.1897523195325164
-10.857762812185571 1.1909547738693256
-10.861124696131581 1.1933039274512733
-10.861929677164845 1.1938607404964516
-10.865035188232849 1.1959798994974662
-10.866312956392294 1.1968466930049244
-10.869346733668397 1.1988815222265918
-10.871561642149526 1.200372194130999
-10.872543653781968 1.2010050251256068
-10.875250752636909 1.2026918876880384
-10.877099204935893 1.2038151589630344
-10.880776879082125 1.2060301507537474
-10.88271289920513 1.2072363719428214
-10.88693467336689 1.2098424308407063
-10.888292353172424 1.2106673678660211
-10.888936494381626 1.211055276381888
-10.890632386868658 1.2121117659538223
-10.893892554331783 1.2140924360200591
-10.895728643216135 1.2152335593920744
-10.897119096177986 1.2160804020100286
-10.899498510752307 1.2175158598137639
-10.904522613065382 1.2206165237440283
-10.905070093678509 1.2209491046058467
-10.905329895492038 1.2211055276381693
-10.906014062373579 1.2215316560119396
-10.910686235033744 1.2243696184182067
-10.913611380150988 1.2261306532663099
-10.916284274748449 1.2277953041278602
-10.92140233711381 1.2309534315658608
-10.921738468801284 1.2311557788944505
-10.921855490807559 1.2312286537391115
-10.922110552763874 1.2313860307544413
-10.927479687414218 1.2346468660510643
-10.930028124130462 1.236180904522591
-10.933069610030506 1.238074870931694
-10.936804301760318 1.2403791185215756
-10.938162535344205 1.2412060301507317
-10.938656291112176 1.241503801965072
-10.939698492462366 1.2421467998989755
-10.944272302507498 1.2449243529088347
-10.946443418900339 1.2462311557788723
-10.949853885587688 1.2483547405140643
-10.95220254651988 1.249803742652448
-10.95461583825405 1.251256281407013
-10.95545583177066 1.2517793100899262
-10.957286432160858 1.2529086860842922
-10.961063421837933 1.2552022671274177
-10.962856346322987 1.2562814070351536
-10.966636420342216 1.2586351074686206
-10.967595636471637 1.259226893981091
-10.971011695826647 1.2613065326632942
-10.972253427283645 1.2620553739706386
-10.97487437185935 1.263672396901125
-10.977852337093465 1.2654808110816882
-10.979265920209661 1.2663316582914348
-10.982989394141693 1.2686502360863896
-10.983423850953454 1.2689140756069746
-10.987481964949284 1.2713567839195754
-10.9890483424704 1.272332203658844
-10.992462311557842 1.2744386921831312
-10.9946383095853 1.275760195825585
-10.995671248233881 1.276381909547716
-10.998391277010741 1.2780758996771162
-11.00022445457643 1.2791892800276887
-11.001256281407088 1.2798304039187727
-11.003845814824313 1.2814070351758566
-11.005840158711473 1.2826099187601026
-11.010050251256335 1.2852078046741182
-11.011421195484273 1.2860404624531583
-11.012071830156072 1.2864321608039972
-11.013785200098313 1.287499289044562
-11.017021961464295 1.2894653692298634
-11.020330307167525 1.2914572864321379
-11.022628277998075 1.2928886901340668
-11.027638190954827 1.2959808968636635
-11.028199658934314 1.2963219926375675
-11.0284660593237 1.2964824120602785
-11.029167344059836 1.2969193129474244
-11.033814494233674 1.2997428796087487
-11.036744555446331 1.301507537688419
-11.03941100477465 1.3031690022251814
-11.044542645792239 1.3063373819276798
-11.044863169104806 1.3065326633165597
-11.044979781357114 1.3066030488297615
-11.045226130653319 1.3067551777357007
-11.050601062666802 1.3100220940837053
-11.053150035635843 1.3115577889447003
-11.056187390973538 1.3134511259099213
-11.059918149992699 1.3157555087559514
-11.061291218040315 1.316582914572841
-11.06176977001058 1.3168812860989068
-11.062814070351811 1.3175264649318033
-11.067380697985232 1.3203032894485753
-11.069545401815255 1.3216080402009815
-11.07295644398634 1.323735344790685
-11.075275474074775 1.3251684412646858
-11.077677434665661 1.3266331658291222
-11.07855222470545 1.327161675927651
-11.080402010050303 1.3283050968552992
-11.08415238511549 1.3305867557243527
-11.085929245836773 1.3316582914572628
-11.089717123433143 1.3340219561188773
-11.090612452040121 1.3345755605972105
-11.094106790916502 1.3366834170854034
-11.095326106941126 1.3374445150304517
-11.097989949748795 1.3390921489862935
-11.100915059424759 1.3408727970918397
-11.102300093407111 1.341708542713544
-11.105935919238997 1.3439788197107445
-11.106477546904756 1.3443086405828382
-11.10678391959804 1.3444995227437166
-11.110443128711733 1.3467336683416846
-11.112090326851865 1.3477301147975194
-11.115577889447287 1.3498887547033167
-11.117667603343499 1.3511617328566219
-11.118656400064314 1.3517587939698252
-11.121249691444843 1.3533793088262698
-11.123242861471752 1.354593927590976
-11.126868371286958 1.3567839195979658
-11.128843739765859 1.3580188022779431
-11.13316582914578 1.3606961099465584
-11.134408842847398 1.361453898454215
-11.134996547022151 1.3618090452261065
-11.136536313896757 1.3627720408692428
-11.13999668061467 1.3648824990059927
-11.141959798995025 1.3661075502217521
-11.143148006035698 1.366834170854247
-11.145585142604535 1.3683109212084572
-11.150753768844272 1.3715154781787025
-11.151137543769456 1.3717496465037637
-11.151318836852514 1.3718592964823877
-11.151793272854121 1.3721562976280586
-11.156737771119861 1.3751747071746454
-11.159563252881284 1.3768844221105283
-11.162313270091794 1.3786068330965202
-11.167031938561061 1.3815353277438973
-11.1676500699054 1.381909547738669
-11.167866659042112 1.3820452761674265
-11.168341708542764 1.3823402583097995
-11.173464835456542 1.3854709228200157
-11.175881367584218 1.3869346733668095
-11.179026790740652 1.388906918366982
-11.18224691968607 1.390907590836326
-11.183963170906162 1.3919597989949501
-11.184592166672731 1.3923419365859573
-11.185929648241256 1.3931734063796783
-11.190176507624827 1.3957715362277856
-11.192177459280467 1.3969849246230908
-11.19572430258233 1.3992115775823537
-11.197424427484432 1.400269147263998
-11.200293552817037 1.4020100502512314
-11.201301480830487 1.4026432237110207
-11.203517587939748 1.4040226544909888
-11.206871348722359 1.4060769585129114
-11.20844955803206 1.407035175879372
-11.212404328599929 1.4095212327474602
-11.212561557277315 1.4096191671186773
-11.216533227693304 1.4120603015075126
-11.217993124298498 1.4129495596045816
-11.22110552763824 1.4148895804188113
-11.22354784218993 1.4163876229780277
-11.224695594957545 1.4170854271356532
-11.22767890973753 1.4189635363068787
-11.229089544741921 1.4198294050198852
-11.232838890892136 1.4221105527637938
-11.234665539472452 1.4232613892964459
-11.238693467336732 1.4257758607366018
-11.240204388692804 1.4267039865759141
-11.240913349961179 1.4271356783919344
-11.242752805392223 1.428295489264932
-11.245757329221199 1.43014255776737
-11.247487437185978 1.4312309629813962
-11.248995669948668 1.432160804020075
-11.25131698047004 1.4335792116101276
-11.256281407035225 1.4366834808696094
-11.256839060038203 1.4370266002187932
-11.257100318423785 1.4371859296482157
-11.257776683707561 1.4376131515545971
-11.262402912989431 1.440462053575155
-11.265268396830423 1.4422110552763563
-11.267945520291844 1.4439035771168918
-11.272759569736882 1.4469191017625436
-11.273278601920653 1.447236180904497
-11.27346235727275 1.44735246360763
-11.273869346733717 1.447607640588382
-11.279025042235558 1.450788250674968
-11.281434164957997 1.4522613065326375
-11.28454987634162 1.4542348522728057
-11.28770323633662 1.4562138464191818
-11.289435269645583 1.4572864321607781
-11.290077493074309 1.4576806588344642
-11.291457286432209 1.4585474669736271
-11.29562194955667 1.461121654039073
-11.297564267584555 1.4623115577889187
-11.301128102873896 1.4645735930051487
-11.302588271750325 1.4654918393083802
-11.305596597417143 1.4673366834170594
-11.306666287147653 1.4680163802693587
-11.309045226130701 1.4695140321080569
-11.312191577549553 1.4714628514969563
-11.313655946533022 1.4723618090452
-11.317415361661917 1.4747532763398334
-11.317682742405964 1.4749190728804082
-11.317839195979946 1.475018358944511
-11.321647915221535 1.4773869346733406
-11.32322662439821 1.4783602322250502
-11.326633165829193 1.4805096998940686
-11.32873175360056 1.481812463795377
-11.329706304104725 1.4824120603014812
-11.3322012106073 1.4840029302380833
-11.334233084992436 1.4852657804544096
-11.337758210866724 1.4874371859296218
-11.339756270187529 1.488712853169666
-11.344221105527685 1.491536995692753
-11.345240181975777 1.4921711468583077
-11.34571229488505 1.4924623115577624
-11.34691730244284 1.4932326535335205
-11.350751464916616 1.4956216202176371
-11.35301507537693 1.4970651472906784
-11.353690817466168 1.497487437185903
-11.35625286188112 1.4990749181416332
-11.361562092763219 1.5024420049674845
-11.361674847842124 1.5025125628140437
-11.361717159722277 1.502538815815158
-11.361809045226178 1.5025971699042193
-11.367235449610195 1.5059872871896083
-11.369739547862919 1.5075376884421843
-11.372713899446502 1.5094471414359463
-11.376157598134952 1.5116372749875486
-11.377650378086319 1.512562814070325
-11.378187750960473 1.512908309488667
-11.37939698492467 1.5136785010546774
-11.383682463235761 1.5163635173238674
-11.385654459308148 1.5175879396984655
-11.38913673500344 1.5198302795898142
-11.390671278856669 1.5208091665361803
-11.393537325177217 1.5226130653266061
-11.394619913868208 1.5232887826851638
-11.396984924623162 1.524799811569519
-11.400089775534958 1.5267510906942334
-11.401514170673456 1.5276381909547467
-11.405105692269618 1.5299584102823056
-11.405526029204857 1.5302230009881175
-11.40943815698631 1.5326633165828873
-11.411010831638409 1.5336810402066723
-11.414572864321654 1.5359644301391127
-11.416454489438363 1.5371508350348249
-11.417314922647337 1.537688442211028
-11.41947580115702 1.5390892813068469
-11.421899658793576 1.540620197990048
-11.4233668341709 1.5415687876081536
-11.425173668221085 1.5427135678391686
-11.427357512772085 1.5440859367671855
-11.432160804020146 1.5471759437646915
-11.432773527297126 1.5475636296738866
-11.433052749349972 1.5477386934673092
-11.433751017704168 1.5481930402341728
-11.438227361288734 1.5510305170187104
-11.440986944598698 1.5527638190954498
-11.44365677637568 1.5545043811934383
-11.4479453296474 1.5572736835603793
-11.448764148430207 1.5577889447235904
-11.449063750856721 1.557984656969852
-11.449748743718638 1.5584278595617835
-11.454505846862885 1.5614548980248033
-11.456661589212013 1.562814070351731
-11.459905235805865 1.5649373410978074
-11.462052294964513 1.5663293707076953
-11.464412644694654 1.5678391959798716
-11.465320423558932 1.5684152702250707
-11.46733668341713 1.5697252431053297
-11.470731609358943 1.5718943427674947
-11.472263868037532 1.5728643216080123
-11.476051052270764 1.5753541412804788
-11.476100173381392 1.5753855929606502
-11.480047141817352 1.5778894472361529
-11.481522385780686 1.5788615150461354
-11.484924623115623 1.581081727098967
-11.48690090680746 1.5823499203809117
-11.487789013869952 1.5829145728642935
-11.489972930634096 1.5843569464410008
-11.492277193983838 1.5858389639586576
-11.493718592964868 1.5867881290268713
-11.495503069980114 1.587939698492434
-11.497665665937447 1.589324526171482
-11.502512562814115 1.592502455442074
-11.503009486171683 1.5928228460184126
-11.503231769639193 1.5929648241205747
-11.503775270654822 1.593325597789348
-11.508392734301891 1.5963099007522086
-11.511016785273185 1.5979899497487153
-11.513776091241118 1.5997969243977126
-11.517999690213893 1.602414843291509
-11.519007661109937 1.603015075376856
-11.519354125874635 1.6032283258448476
-11.520100502512607 1.6036835078896772
-11.525017049613286 1.606635473261945
-11.52737748276567 1.6080402010049966
-11.530647844083369 1.6100518004700621
-11.533742573167393 1.6119379354777932
-11.535617130643711 1.6130653266331372
-11.536288702223452 1.613465252343894
-11.537688442211099 1.6143178282167598
-11.541949435354693 1.6168730256488226
-11.543997601751732 1.6180904522612778
-11.547578017676779 1.620289984899224
-11.549516260556834 1.6214698289314873
-11.55228663663969 1.6231155778894184
-11.553236117027105 1.6236985107129858
-11.555276381909591 1.6249397214719616
-11.558894682872856 1.6271069032423409
-11.56063595947417 1.628140703517559
-11.56452107306424 1.6305244888157997
-11.56532024456097 1.631010378560811
-11.568912793138875 1.6331658291456996
-11.570196058797015 1.633928189948862
-11.572864321608083 1.6355495384762753
-11.57585246896148 1.6373371983871552
-11.577292125141229 1.6381909547738402
-11.581159423350677 1.6405609838431525
-11.581482033829504 1.6407538769101464
-11.58563622943532 1.6432160804019809
-11.587168189630402 1.644154386595173
-11.590452261306575 1.6461476535267092
-11.592822443788823 1.6475640110351932
-11.593965628845215 1.6482412060301215
-11.59704088332205 1.650123669463114
-11.59846812382142 1.6509760852254498
-11.59924623115582 1.6514514154280846
-11.602278017788626 1.653266331658262
-11.604152145334785 1.6543772047069139
-11.608040201005068 1.6567344641211852
-11.609804231014907 1.6577874487121624
-11.610655961597514 1.6582914572864027
-11.61295032089775 1.6596943486843116
-11.615465669266614 1.6611950205541017
-11.619052758732733 1.6633165829145433
-11.62114753553029 1.6645967558211927
-11.62562814070356 1.667310390728825
-11.626797427885618 1.6680076264906667
-11.62736257534635 1.668341708542684
-11.628886956638597 1.6692727988098373
-11.632474266111169 1.6714107983400792
-11.634422110552805 1.6725982087008537
-11.63570877500396 1.6733668341708245
-11.638153943727058 1.674813158935108
-11.643216080402052 1.6778758766084643
-11.643801605300943 1.6782246669707108
-11.644084882973843 1.6783919597989652
-11.644849939878812 1.6788587767923255
-11.649493484480585 1.6816235414046679
-11.652531930423502 1.6834170854271058
-11.655170927375014 1.6850265404915428
-11.660804020100544 1.6884313876783494
-11.660816307854498 1.688438700268403
-11.660822258268809 1.6884422110552464
-11.660838348194272 1.6884520190820256
-11.666522868709926 1.691833379937849
-11.669293497562936 1.693467336683387
-11.672198017883048 1.695237034373669
-11.676867738537814 1.6980569705226074
-11.67759847080058 1.6984924623115276
-11.677857325979415 1.6986452148314193
-11.678391959799036 1.6989679253484322
-11.683561937341569 1.7020404514989451
-11.686068836993295 1.7035175879396682
-11.689234720604691 1.7054447819090504
-11.692920548587216 1.7076686133077192
-11.69440463031917 1.7085427135678088
-11.694907965032067 1.7088489805579412
-11.695979899497528 1.7094954586365185
-11.700610183087488 1.7122449010273897
-11.70285723915 1.7135678391959495
-11.706280514787133 1.7156499318842027
-11.708995282344926 1.717286520009492
-11.711191124940866 1.71859296482409
-11.711967342476527 1.7190502496010884
-11.71356783919602 1.720014725009234
-11.717667072752938 1.7224468808645401
-11.719657955802534 1.7236180904522307
-11.723334853480354 1.7258526405705616
-11.725090740429216 1.7269103479474293
-11.728037439453667 1.7286432160803713
-11.729034912940387 1.7292491777815497
-11.731155778894513 1.7305262724121055
-11.734732047118174 1.7326465507874662
-11.736470199875479 1.733668341708512
-11.740397163402907 1.736053071762825
-11.741205650226327 1.7365397335176018
-11.74483096307791 1.7386934673366525
-11.746110105177275 1.7394459283125752
-11.748743718593005 1.7410306712504537
-11.751804548767973 1.742844070057659
-11.753293205815941 1.7437185929647931
-11.757341000366353 1.7461749591857494
-11.757469014509834 1.7462507769024116
-11.76171395701593 1.7487437185929338
-11.763192446678492 1.7496406361966494
-11.766331658291497 1.7515283818155698
-11.768884049820713 1.7530395894984414
-11.770126183550587 1.7537688442210744
-11.773506322876912 1.7558187483883358
-11.774560679445244 1.756442820948144
-11.775125628140742 1.7567848776291237
-11.778511768979632 1.758793969849215
-11.780281167326342 1.7598335214673995
-11.78391959798999 1.7620202029738552
-11.785969744448913 1.7632333393462343
-11.786968015438081 1.7638190954773556
-11.78968647167007 1.7654667736716645
-11.791658198008827 1.766633192528686
-11.79542730188277 1.7688442211054962
-11.797375584765469 1.7700247790835002
-11.801507537688481 1.7725067721193346
-11.803060973069188 1.7734255080534354
-11.803817761882472 1.7738693467336368
-11.805879928366743 1.7751186012131406
-11.808760922454015 1.776822076714482
-11.810301507537726 1.777753892474152
-11.812225820045962 1.7788944723617774
-11.814475035462081 1.7802145986260323
-11.819095477386973 1.7829887399772604
-11.820157055994462 1.78361628981635
-11.820674455728637 1.783919597989918
-11.822085097023946 1.7847737750290529
-11.8258681761318 1.7870096668338222
-11.829169758905621 1.7889447236180587
-11.831578826501879 1.7904031780705125
-11.836683417085466 1.7934667838109846
-11.837257283774768 1.7938058873349698
-11.837537086090352 1.7939698492461993
-11.83830030317044 1.7944318166990492
-11.842979253106439 1.7971961645826333
-11.84547738693471 1.7987059694930672
-11.84596535909981 1.79899497487434
-11.848686235283045 1.8005907238746008
-11.854271356783958 1.8039416079079027
-11.854360916858944 1.803994511909627
-11.854404597984026 1.8040201005024805
-11.854523793728799 1.8040922253438634
-11.860093417788717 1.807381780129262
-11.862933396304433 1.8090452261306211
-11.865796509117091 1.8107774510921528
-11.870765370775135 1.8137578015566715
-11.871299047076436 1.8140703517587617
-11.871478769504012 1.8141790737526007
-11.87185929648245 1.8144072912924951
-11.877209904474974 1.8175667322461813
-11.87982049090913 1.8190954773869024
-11.882908864733158 1.82096358351484
-11.887014054905665 1.8234254083649644
-11.888188573773519 1.824120603015043
-11.888601044603424 1.8243623720371902
-11.889447236180942 1.824869784304287
-11.894327916787192 1.8277512484699692
-11.896709592122015 1.8291457286431836
-11.900022487680989 1.831149353842739
-11.903265217243 1.8330937232323432
-11.90510497598722 1.8341708542713242
-11.905724286531292 1.8345453940850796
-11.907035175879434 1.8353313862313607
-11.911446627008955 1.8379355652910307
-11.913599510488156 1.8391959798994648
-11.917136531627044 1.8413350038854315
-11.919516811395132 1.8427621614753784
-11.921982097446616 1.8442211055276054
-11.922847654308049 1.844728380176142
-11.924623115577926 1.8457929042319243
-11.928565175311425 1.8481199283747465
-11.930489010363994 1.849246231155746
-11.934250117537774 1.8515207847953592
-11.935766712286512 1.8524301159296277
-11.938911663094267 1.8542713567838867
-11.939970274565365 1.8549115798441873
-11.942211055276418 1.8562551766034945
-11.945682668862903 1.8583045928158883
-11.947376808913116 1.8592964824120273
-11.95136233274327 1.861706957335353
-11.952012715845937 1.8620969568604613
-11.955771400208592 1.8643216080401679
-11.957091240579945 1.865095252153015
-11.95979899497491 1.8667190741532487
-11.96279818081475 1.8684898234283542
-11.964261574962007 1.8693467336683085
-11.968256087093128 1.8717630457020844
-11.968475792709889 1.8718927742293126
-11.972709047974906 1.8743718592964491
-11.974209611179392 1.8752796660090238
-11.977386934673403 1.877185501747121
-11.979910749155705 1.8786758950725035
-11.98114192770689 1.8793969849245897
-11.984501478913591 1.881429711850358
-11.985596587320243 1.8820764955107752
-11.986180904522648 1.8824295661996215
-11.989545935513748 1.8844221105527303
-11.991324409511643 1.8854651005128016
-11.994974874371895 1.8876554000508046
-11.997019383529619 1.8888630907072361
-11.998016462959999 1.889447236180871
-12.000736018829569 1.891093277454492
-12.002713208536498 1.8922614091905539
-12.006486406449117 1.8944723618090116
-12.008434696497709 1.895651823972634
-12.012562814070387 1.8981296492943551
-12.014123146700845 1.899051678114164
-12.014883802840071 1.8994974874371522
-12.016957419801425 1.900753089074592
-12.019824697516503 1.9024477892235447
-12.021356783919632 1.9033742587403157
-12.023294638812601 1.9045226130652928
-12.025539397927727 1.905840143305622
-12.03015075376888 1.9086093562107047
-12.03122085762961 1.9092419947332244
-12.031742282864455 1.9095477386934334
-12.03316278438304 1.9104083188689076
-12.036929854655433 1.912635978353987
-12.04023219366111 1.914572864321574
-12.042637333519584 1.916030395735227
-12.047738693467371 1.9190956224074807
-12.048311363721371 1.919434369877143
-12.048590249863489 1.9195979899497146
-12.04934941208367 1.9200581952686573
-12.054027567320874 1.9228262944768542
-12.056532663316617 1.9243428940239307
-12.057004996419412 1.9246231155778553
-12.059727372062504 1.9262229044645292
-12.065326633165864 1.929589549987094
-12.065393508471358 1.9296291339758547
-12.065426054971441 1.9296482412059959
-12.065514569975926 1.929701937437442
-12.071116685866842 1.9330190660624282
-12.073933537954234 1.9346733668341365
-12.076808338067648 1.9364180053474813
-12.081668429497038 1.9393424515001865
-12.082274442618369 1.939698492462277
-12.08247928783188 1.939822859614413
-12.082914572864356 1.9400848921435134
-12.088196015234503 1.9432146345560897
-12.090763381100139 1.9447236180904177
-12.093879009448113 1.9466160475517702
-12.097797282349674 1.9489758208005084
-12.099097527930917 1.9497487437185583
-12.099556524568534 1.9500190260026482
-12.100502512562848 1.9505890144489415
-12.105264312501669 1.9534133550784647
-12.107576998516706 1.954773869346699
-12.110938114976292 1.9568173942852845
-12.113896232266827 1.958600646404979
-12.115932267903897 1.9597989949748396
-12.11662198520834 1.9602185569899824
-12.11809045226134 1.9611042632504816
-12.12232028419808 1.963615597192483
-12.124372552323905 1.9648241206029802
-12.127984331498789 1.9670224235918496
-12.129962238312604 1.96821605947477
-12.132704045411442 1.9698492462311208
-12.133674353230353 1.9704218287252582
-12.135678391959832 1.9716319375116242
-12.139362583365465 1.9738217457433667
-12.141148134256435 1.9748743718592614
-12.145016280886999 1.9772315292224976
-12.145992172219135 1.9778211662190621
-12.149515512609364 1.979899497487402
-12.150712256964026 1.9806292331143442
-12.153266331658324 1.982173399464883
-12.156389806339021 1.9840322017782004
-12.157901762051784 1.9849246231155426
-12.161983611037046 1.9874152743666063
-12.162033341589973 1.9874448887632123
-12.16206030150757 1.9874613170539872
-12.166227514185298 1.9899497487436832
-12.167734266192458 1.990841178790646
-12.170854271356816 1.9927300795501068
-12.173400489224619 1.9942473835524668
-12.174631375512545 1.9949748743718416
-12.177948444789308 1.997001781066846
-12.17904964924404 1.9976584634607848
-12.179648241206063 1.9980237401742968
-12.182953053068688 2.