-7.488289429524532 0.
-7.489794848493883 0.0007621323040023498
-7.492462311557891 0.0021557734262325212
-7.493159184464389 0.002512562814070307
-7.496079745634067 0.003991573034947571
-7.4980573963143 0.005025125628140614
-7.501256281407137 0.006678713167949546
-7.502340468258478 0.00722792077039891
-7.505003672931006 0.008608371734744935
-7.507840049328897 0.010050251256281229
-7.508622347182759 0.010458223848745618
-7.510050251256384 0.011198790506180778
-7.514913882014832 0.013685768096293849
-7.51764590626889 0.015075376884421843
-7.5211813710388435 0.016920182574716947
-7.526907969033954 0.01989186767801332
-7.527314659449314 0.020100502512562457
-7.527431207463744 0.02015964065288589
-7.527638190954876 0.020267106923144595
-7.5337295385811105 0.02338524310463619
-7.537147617845118 0.02512562814070307
-7.540003960256595 0.026617676825495096
-7.545226130653369 0.029330430998526502
-7.546254268255485 0.029857000168239445
-7.546830908288835 0.030150753768843686
-7.548766229723472 0.03116221064601632
-7.552527817619653 0.033089683120903324
-7.5540201005026155 0.03387207540976167
-7.556557755216809 0.0351758793969843
-7.558809348808688 0.036320085552176806
-7.562814070351862 0.03840242131119176
-7.565066901000193 0.039557339125601665
-7.566329244232882 0.040201005025124914
-7.570559505815224 0.04241398658608553
-7.571309773575219 0.042798786875163586
-7.576068142591228 0.04522613065326553
-7.57759858008939 0.046027110642112845
-7.580402010050355 0.0474861091971599
-7.583863540130715 0.04926224768701726
-7.585801494831557 0.05025125628140614
-7.59010444855238 0.052504256623254086
-7.592314079227545 0.05365470461774624
-7.595464897711665 0.05527638190954676
-7.596372631768224 0.055738472761153623
-7.597989949748847 0.05658086983580812
-7.602645152800597 0.05897144952290123
-7.6052493277655255 0.06030150753768737
-7.608893753198662 0.062211260751595
-7.614016479620705 0.06488051607250434
-7.614889626131078 0.06532663316582799
-7.615132419367128 0.06545391033160275
-7.615577889447339 0.06568611322056839
-7.6214126444652655 0.06868468593170363
-7.624674298229422 0.0703517587939686
-7.6276690778813645 0.07192225915524553
-7.633165829145832 0.07478847523016618
-7.6339015135924635 0.07516668886592903
-7.634312623954498 0.07537688442210921
-7.635684242702523 0.07609643115259246
-7.640166862246149 0.07840171487873082
-7.644077855671269 0.08040201005024983
-7.646431260136724 0.0816370125381356
-7.650753768844325 0.0838924278074451
-7.652671787865639 0.0848791302437295
-7.6537429173137115 0.08542713567839044
-7.657312924805726 0.08730118023879108
-7.658908598113245 0.08812231008683913
-7.659547738693571 0.08845881535047972
-7.6634114353053375 0.09045226130653106
-7.665181082753392 0.09135529724636715
-7.668341708542817 0.0930054609177624
-7.671429822848379 0.09459506856165412
-7.673153390309101 0.09547738693467167
-7.677654611528113 0.09784168313844255
-7.67890827265093 0.09849640525127512
-7.682826038001198 0.10050251256281229
-7.683919276762474 0.10107690441390815
-7.685929648241309 0.1021271009690663
-7.690176340820669 0.10431429745399345
-7.692545279432132 0.1055276381909529
-7.696409577782928 0.10755849823577446
-7.700477847311424 0.10968426649669993
-7.702159336628237 0.11055276381909351
-7.7026465242650275 0.11080163915474373
-7.703517587939802 0.11125690282470924
-7.708912015493732 0.11403662443182583
-7.711919734082824 0.11557788944723413
-7.715153802110006 0.11727838245531697
-7.721105527638295 0.12038979529383997
-7.721371676417802 0.12052697256694422
-7.721520036905228 0.12060301507537474
-7.722013061703743 0.12086231052264562
-7.7276374746652365 0.12376187012438944
-7.7298994974875415 0.12495493922783485
-7.731201975962393 0.12562814070351536
-7.733887904299989 0.1270011587140294
-7.7386934673367875 0.12951448061555926
-7.740114542905758 0.13024724474052185
-7.740906345859495 0.13065326633165597
-7.743535953181616 0.13203683371589214
-7.746353302729881 0.13348986756176995
-7.750620420839039 0.13567839195979658
-7.752612398852759 0.13672668001194577
-7.75628140703528 0.13864637315975425
-7.758847800439311 0.13997026232964238
-7.7602772268002616 0.1407035175879372
-7.765021158220131 0.143200589355037
-7.765059805430616 0.1432205293888389
-7.765075376884527 0.14322874886720882
-7.769908215534522 0.1457286432160778
-7.771327688878432 0.14645483117474623
-7.773869346733773 0.14778514638010165
-7.777572025025677 0.14969586076081765
-7.779633645120412 0.15075376884421843
-7.7837926061798965 0.15294367748775262
-7.786506583177441 0.15436440782812344
-7.789262657694125 0.15577889447235904
-7.7900345367985695 0.15618539436770096
-7.791457286432266 0.15693030005116437
-7.796287893381906 0.15942384668631693
-7.798976723446038 0.16080402010049966
-7.802517611003181 0.16266905299409284
-7.807960711586302 0.165519284430224
-7.808564292682557 0.16582914572864027
-7.808733411387784 0.16591823565520425
-7.809045226130758 0.1660815372988873
-7.814995847467647 0.16915409383195534
-7.818307210005045 0.17085427135678088
-7.8212347587927 0.1723966733672233
-7.82663316582925 0.17522424743588605
-7.827449936613725 0.17564603390364297
-7.827904392476239 0.1758793969849215
-7.829410175480067 0.176672828313726
-7.833696294523276 0.178886485843341
-7.835427135678497 0.1798010225729385
-7.837558330926409 0.1809045226130621
-7.839944450168255 0.18212642414434477
-7.844221105527743 0.18436697390483747
-7.846168985324234 0.18537311115649135
-7.8472525503226365 0.18592964824120273
-7.8508415253817025 0.1878211967709058
-7.852389609587003 0.18862091556669736
-7.856933100126386 0.19095477386934334
-7.858647053963125 0.1918581999445177
-7.861809045226236 0.19351511923369902
-7.864880989226747 0.1951022012116237
-7.866589503745956 0.19597989949748396
-7.871091205693919 0.19835297927771567
-7.872261630799584 0.19896635251844064
-7.876197317150226 0.20100502512562457
-7.877342909426401 0.20159190383943226
-7.879396984924728 0.2026684601271791
-7.883586281787999 0.20483320879283085
-7.8859158178953574 0.20603015075376518
-7.889806045726411 0.20808125900999652
-7.893676721220335 0.21011007540965299
-7.895516159565478 0.2110552763819058
-7.896032328208098 0.2113274467862265
-7.89698492462322 0.21182678995897852
-7.902285169181108 0.21456604642207822
-7.905149349983042 0.2160804020100464
-7.905778894472467 0.21640958899811924
-7.908514510582662 0.21781136022120418
-7.9145728643217135 0.22098732727590775
-7.914720141867015 0.22106344833952907
-7.914802019830581 0.22110552763818703
-7.915072959253212 0.22124841190432942
-7.920977932045497 0.2243006339166751
-7.924538552180297 0.22613065326632764
-7.927216875732185 0.22754320420576235
-7.9321608040202065 0.23013529553003043
-7.933432217264568 0.2307925179675081
-7.934138961624434 0.23115577889446826
-7.936477164257024 0.23238902467641598
-7.939664827088798 0.234036897931583
-7.940954773869453 0.23471909638777877
-7.943775399821134 0.23618090452260887
-7.945913392942815 0.23727671903000402
-7.949748743718699 0.23928781207582261
-7.952138463153869 0.2405232531692718
-7.953466699190116 0.24120603015074948
-7.957860311333996 0.2435236208979772
-7.9583460885508615 0.2437747715411298
-7.963124369861609 0.2462311557788901
-7.964604291719442 0.2470118391211038
-7.967336683417191 0.2484447258527931
-7.970839104327924 0.25025558971825035
-7.972785612790399 0.2512562814070307
-7.977050315607066 0.2535060835523497
-7.9792517690979565 0.2546605916015352
-7.982378614822321 0.2562814070351713
-7.983289780625889 0.2567485048893987
-7.984924623115684 0.2576058984845897
-7.989534344817133 0.25998946932004063
-7.992096079090121 0.26130653266331194
-7.995755424069996 0.26323714373307805
-8.000630410135987 0.26579390038339845
-8.00167633208557 0.26633165829145256
-8.001970096221113 0.2664866487466133
-8.002512562814177 0.2667711624184337
-8.008224523885824 0.2697247950419799
-8.011398616479978 0.27135678391959317
-8.01445555426622 0.27296962627572086
-8.020100502512669 0.27593034514835946
-8.020662967519058 0.2762212052601942
-8.020975513323807 0.2763819095477338
-8.022008981610098 0.2769271892898564
-8.02690975875556 0.27946153339219215
-8.030693370710697 0.2814070351758744
-8.033150607877635 0.28270355927116775
-8.037688442211161 0.28508375196620506
-8.03936794404186 0.28595230313810127
-8.040301142837134 0.286432160804015
-8.043386593819418 0.2880602041206597
-8.045589977234325 0.2891997049969657
-8.046482412060406 0.2896718582211344
-8.049926138271582 0.2914572864321556
-8.051840648367008 0.2924389245871968
-8.055276381909653 0.2942411293674647
-8.058067909183976 0.29568483283906133
-8.059618923889445 0.29648241206029624
-8.06427154761025 0.2989374903454092
-8.064752901348028 0.2991899890426888
-8.069259655056943 0.30150753768843686
-8.07052582912092 0.302175678399073
-8.072864321608145 0.30340237560529015
-8.076763011549424 0.3054187519047833
-8.078929105539109 0.30653266331657747
-8.082976673268078 0.30866854561330914
-8.086130622544442 0.31032303501266156
-8.088512033389861 0.3115577889447181
-8.089206285123556 0.3119137821398841
-8.090452261306638 0.3125674002120329
-8.09545338143811 0.31515402310672425
-8.098231904797434 0.3165829145728587
-8.101677057145428 0.31840095567563065
-8.107491970009178 0.32145140277358486
-8.107796553428505 0.3216080402009993
-8.107882133830367 0.3216532022509311
-8.10804020100513 0.3217361234738121
-8.114139131727876 0.3248906141940697
-8.116834170854375 0.32631661669968803
-8.117444662098551 0.3266331658291399
-8.120372807534004 0.32813468959188796
-8.125628140703622 0.3308916380391018
-8.126582948853548 0.33138548912873045
-8.127113405890588 0.33165829145728054
-8.128866882821145 0.3325836463480014
-8.132820358749624 0.33462849764370617
-8.136816073340958 0.33668341708542115
-8.139064016293045 0.33786972111658375
-8.143216080402114 0.3400479234522962
-8.145284236797554 0.34111764088629304
-8.146433216385669 0.34170854271356177
-8.150231208026396 0.34371286489192876
-8.151497143148035 0.34436765041429673
-8.15201005025136 0.34463904755321106
-8.156049597176311 0.3467336683417024
-8.157750759712455 0.3476060284526028
-8.160804020100606 0.34920780529838424
-8.163981035070625 0.3508510754069807
-8.165746034955019 0.351758793969843
-8.170187755824875 0.35410285224819305
-8.171598428212667 0.35484291057328843
-8.175372583736866 0.3567839195979836
-8.176433099353813 0.3573435940109224
-8.178391959799098 0.3583712420867986
-8.182673400994034 0.36058577631328514
-8.18505195505273 0.3618090452261242
-8.188890242734763 0.3638346614440744
-8.192966776789575 0.3659732786519747
-8.194640713051827 0.36683417085426484
-8.19511108286507 0.3670824041778422
-8.19597989949759 0.36753820074322086
-8.2013613780925 0.37032173116957434
-8.204351045897663 0.37185929648240545
-8.207588306487697 0.37356773439908775
-8.213567839196083 0.37670470861465866
-8.213791653559 0.37682047514971284
-8.213915992923544 0.37688442211054607
-8.214326987912962 0.3771013217439405
-8.220044996877002 0.38005893125842416
-8.222361809045328 0.3812848602414265
-8.223566518701627 0.3819095477386867
-8.226281973583868 0.3833020635417457
-8.231155778894575 0.3858589626927209
-8.232495460850975 0.3865519070935699
-8.233239714278538 0.3869346733668273
-8.235699774463683 0.388232957815144
-8.23872427559501 0.38979737136627257
-8.242928903744547 0.3919597989949679
-8.244971258371011 0.393037644772698
-8.248743718593067 0.3950167654037813
-8.251194791404775 0.39628461810547755
-8.252556423755836 0.3969849246231085
-8.257056908039939 0.39936012160792966
-8.257399048134323 0.399537098953747
-8.257537688442312 0.39961046271907286
-8.262165104582486 0.40201005025124914
-8.26365586718058 0.4027745619972434
-8.26633165829156 0.4041783959102032
-8.269889388694688 0.4060186814784954
-8.271865810713747 0.40703517587938975
-8.276099397481977 0.4092695188816968
-8.27842833154208 0.41049136823668153
-8.281478874989432 0.41206030150753037
-8.282336114244705 0.41251272543477224
-8.283919597990051 0.41334348704089674
-8.288579678322122 0.4157539756122217
-8.291168485198915 0.417085427135671
-8.29479981424211 0.41900191954893806
-8.299789397993074 0.4216196557079632
-8.300736055032623 0.4221105527638116
-8.301012085644537 0.42225211049067113
-8.301507537688543 0.42251204656614405
-8.307265627128645 0.4254905099804951
-8.310464386747718 0.4271356783919522
-8.313495823632707 0.42873557946461816
-8.319095477387036 0.4316734099541266
-8.319702458153218 0.4319873809440402
-8.320039649784563 0.4321608040200928
-8.321154112202958 0.43274898539607065
-8.325947173682943 0.43522830213511643
-8.32788944723628 0.4362561033887715
-8.329682520551811 0.43718592964823344
-8.332187362014853 0.43847051681128324
-8.336683417085528 0.44082938873895294
-8.338404070527325 0.44171944000728924
-8.339359915552588 0.44221105527637405
-8.342519012239402 0.44387836817748116
-8.344624252123362 0.4449673708937052
-8.349035427133048 0.44723618090451467
-8.350874361309902 0.44820675103997765
-8.35427135678402 0.4499890408053089
-8.357101071397349 0.4514528166431324
-8.358672974185678 0.4522613065326553
-8.363304164026292 0.45470563009157505
-8.363875300976451 0.4550052905876356
-8.368274024097161 0.4572864321607959
-8.369556749166362 0.45794430282255316
-8.371859296482512 0.45915241200021306
-8.37579338616059 0.4611875321666288
-8.377978694774848 0.4623115577889365
-8.382006485321586 0.4644374866059131
-8.385242198253215 0.46613524400913686
-8.387577964235861 0.4673366834170771
-8.3882344491093 0.46768319400899294
-8.389447236181004 0.4683195503341473
-8.394480936075826 0.4709236090752684
-8.397276938741259 0.47236180904521774
-8.400703963328706 0.47417072691687245
-8.406592111104336 0.4772603447375978
-8.406838208250555 0.47738693467335835
-8.406907380675264 0.477423447588853
-8.407035175879496 0.47749050591342623
-8.413163638397066 0.48066107101076483
-8.416567560089208 0.48241206030149897
-8.419396512994386 0.4839053753253859
-8.424623115577988 0.48664802407059415
-8.425605785020029 0.4871564232319132
-8.426151571684544 0.4874371859296396
-8.427954852811556 0.48838911085351633
-8.431841406495606 0.4903999427241752
-8.433417085427234 0.49123393583998975
-8.435785351276422 0.4924623115577802
-8.438084045364945 0.49364145724679
-8.44221105527648 0.4958072422929014
-8.444303157014408 0.4968896938322276
-8.44546505909544 0.4974874371859208
-8.449303551852813 0.49951386477915793
-8.45051414997216 0.5001402500438683
-8.455125315230832 0.5025125628140614
-8.456766467697944 0.5033789991789268
-8.459798994974973 0.5049705422363724
-8.462995331954097 0.5066244493053098
-8.464770363240556 0.507537688442202
-8.469200521741127 0.509876663565727
-8.4706523337739 0.5106386423847535
-8.474361492586773 0.5125628140703427
-8.475443683565308 0.5131180286726726
-8.477386934673465 0.5141379845418133
-8.48168221102221 0.516360717884556
-8.484067310624255 0.5175879396984833
-8.48789713640863 0.519610150545148
-8.491997369223535 0.521762349569932
-8.49365065223585 0.5226130653266239
-8.494115592948829 0.5228585743046601
-8.494974874371957 0.5233096317286989
-8.500363704968352 0.52609852507008
-8.503271753395527 0.5276381909547645
-8.503768844221202 0.527898477552486
-8.506588290673932 0.5293451976394836
-8.51256281407045 0.5324815290815481
-8.512789122066104 0.5325986571555754
-8.51291476808976 0.5326633165829051
-8.513329632057697 0.5328824074364045
-8.519039724294526 0.5358378964327386
-8.52263549229106 0.5376884422110457
-8.525273837201462 0.5390818469446117
-8.530150753768941 0.5416423132186408
-8.531484257308577 0.542332566827862
-8.532224527070829 0.5427135678391863
-8.534668272389839 0.5440042874451576
-8.53771006138862 0.5455788912902761
-8.538944723618187 0.5462327444998163
-8.54184655294124 0.547738693467327
-8.54395360239426 0.5488201480596615
-8.547738693467434 0.5508076602222145
-8.550173520900966 0.5520681541144583
-8.551524990644632 0.5527638190954676
-8.555985388490242 0.5551200176734126
-8.55637462347316 0.5553215361505437
-8.561167727786065 0.5577889447236082
-8.562627500231317 0.5585601255620682
-8.565326633165926 0.5599776238744676
-8.568856822577287 0.5618054448056453
-8.57081599829246 0.5628140703517488
-8.57506236704864 0.5650575577276857
-8.577309385022044 0.5662377137392118
-8.58039438547395 0.5678391959798894
-8.581295435782478 0.5683018065747296
-8.582914572864418 0.5691522632369344
-8.587534063310375 0.571544467194899
-8.590097374096082 0.57286432160803
-8.593748978904419 0.5747939026533135
-8.598615598509989 0.5773503289353359
-8.599662541570304 0.5778894472361706
-8.599957305881702 0.5780452205736584
-8.60050251256291 0.5783316422506113
-8.606205135969638 0.5812852518909599
-8.609368927895684 0.5829145728643113
-8.612429317826901 0.5845320398455964
-8.618090452261402 0.5875063647637919
-8.618629625815704 0.5877856489055091
-8.61892873013923 0.5879396984924519
-8.61991495489581 0.5884609849594256
-8.624869925918865 0.5910278316470317
-8.628630456343592 0.5929648241205925
-8.63110326532778 0.5942720031583395
-8.635678391959894 0.5966762195495887
-8.637312792337013 0.5975229782124138
-8.638219295599841 0.5979899497487331
-8.641207306560494 0.5995696396346188
-8.64352831155672 0.6007722412063519
-8.64447236180914 0.60127266370377
-8.647826671481598 0.6030150753768737
-8.649770696053181 0.6040138284069316
-8.653266331658386 0.6058511655132106
-8.655989327341484 0.6072622022384158
-8.657499296383511 0.6080402010050143
-8.662183977450196 0.6105174278354948
-8.662478501434638 0.6106722495125148
-8.66712256348349 0.6130653266331549
-8.668431478255586 0.6137575532335244
-8.670854271356879 0.6150312861465732
-8.674659095402111 0.6170033596769429
-8.676768495159845 0.6180904522612956
-8.680862788217253 0.6202560016436145
-8.683753629100083 0.6217759830450689
-8.686331306470839 0.6231155778894362
-8.687085474214351 0.6235032169868706
-8.68844221105537 0.6242166684397219
-8.693321955187594 0.6267464909083706
-8.69602664418894 0.6281407035175768
-8.699534566343532 0.6299965847776718
-8.705002088844145 0.6328720971715125
-8.705571838894326 0.6331658291457174
-8.70573254060755 0.6332508606160925
-8.706030150753863 0.6334074026733196
-8.711977759821282 0.6364916378974517
-8.714824120603108 0.6380017041336448
-8.715188140613819 0.638190954773858
-8.718199161377457 0.639739220223829
-8.723618090452355 0.6425899536747712
-8.724396514681995 0.6429936734792445
-8.724827801972836 0.6432160804019986
-8.726246880131262 0.6439671631674004
-8.730626357194554 0.646238844103797
-8.734508753803768 0.6482412060301392
-8.736856417675723 0.649483952451603
-8.741206030150847 0.6517728185945666
-8.743062479535705 0.6527359175483198
-8.744090812625666 0.6532663316582799
-8.747472518777595 0.6550567569802084
-8.749267590237004 0.6559881544046613
-8.750000000000092 0.6563769412799756
-8.753680553283756 0.6582914572864205
-8.755506319309816 0.6592307860119986
-8.75879396984934 0.6609612863835084
-8.761721117641695 0.6624802549738877
-8.763342005630859 0.6633165829145611
-8.767911728142282 0.6657366347447189
-8.768680285702146 0.6661412445867914
-8.77294433008203 0.6683417085427017
-8.774148868216946 0.6689797203515262
-8.776381909547831 0.6701555103773433
-8.780372070223613 0.672226788263476
-8.78258086727912 0.6733668341708423
-8.786571127805333 0.6754807545825541
-8.789880421493965 0.677223551869738
-8.792125115831773 0.6783919597989829
-8.792783493792626 0.6787309185000394
-8.793969849246324 0.6793558091285723
-8.799014954090925 0.6819756269000949
-8.801806750666124 0.6834170854271235
-8.805222311044052 0.6852272219701989
-8.811048721541137 0.688296763225642
-8.811330372284363 0.6884422110552642
-8.811410021137824 0.6884844304286899
-8.811557788944816 0.6885622940528835
-8.817649591429245 0.6917268216878538
-8.821019346809068 0.6934673366834048
-8.823865097076522 0.6949760885596286
-8.829145728643308 0.6977591874366702
-8.830056300669993 0.6982322988753502
-8.83055989584287 0.6984924623115454
-8.832211941723093 0.6993685231914837
-8.836275801912658 0.7014804241484436
-8.840218342349553 0.703517587939686
-8.84249930252991 0.7047274067430829
-8.8467336683418 0.7069600086731196
-8.848698537096702 0.7079813224949971
-8.849784776768066 0.7085427135678266
-8.85334579764982 0.7104318933701181
-8.854893402559087 0.7112364865624565
-8.855527638191045 0.7115738369851909
-8.859353128662121 0.7135678391959672
-8.861124741292778 0.7144812296952567
-8.864321608040292 0.7161675405381827
-8.867331847450506 0.7177328964211895
-8.868995291797395 0.7185929648241078
-8.873514480560566 0.7209915554464565
-8.87445680378668 0.7214887350373607
-8.878574255013994 0.7236180904522485
-8.879741224361194 0.7242376114172746
-8.881909547738784 0.7253819053709076
-8.885956039453662 0.7274870755904237
-8.888191108983424 0.7286432160803891
-8.89214641202288 0.730743523341645
-8.89555142785864 0.7325408961146342
-8.897712452802324 0.7336683417085297
-8.898348559678023 0.7339966067826023
-8.899497487437277 0.7346032275325323
-8.904570917683841 0.7372439158376523
-8.907371891094954 0.7386934673366703
-8.910768860998653 0.7404982005187035
-8.916608822830034 0.7435824203060291
-8.916871885889153 0.7437185929648109
-8.916946551964918 0.7437582715850546
-8.917085427135769 0.7438316335467547
-8.923176283402038 0.7470034739454459
-8.925879396985014 0.7484436634823695
-8.926454093430321 0.7487437185929515
-8.92938162522395 0.7502556447673259
-8.93467336683426 0.7530517992551218
-8.935562333169306 0.7535148538396506
-8.936052748742412 0.7537688442210921
-8.937654879049674 0.7546207048540676
-8.941771934372168 0.7567658076955457
-8.945686973223925 0.7587939698492328
-8.947984498835519 0.7600159149055861
-8.952261306532753 0.7622770197088249
-8.954172451159321 0.7632730541554968
-8.955226208769902 0.7638190954773734
-8.958665676674402 0.7656489155178443
-8.960357664671658 0.7665309759229695
-8.961055276381998 0.766903060772953
-8.964769143356923 0.768844221105514
-8.966577272176453 0.7697790708354546
-8.969849246231245 0.7715099261336027
-8.97277228633765 0.7730341924175388
-8.974383076607914 0.7738693467336546
-8.978942459175988 0.7762964115204403
-8.979644878716625 0.7766680988723342
-8.983937724753623 0.7788944723617952
-8.985159731591766 0.7795451736012158
-8.987437185929737 0.7807506600498506
-8.991361621129103 0.7827983307901167
-8.99352289954177 0.7839195979899358
-8.997538661869775 0.7860585876352078
-9.000603501644138 0.7876814024797643
-9.003017561578563 0.7889447236180764
-9.00373152644367 0.7893143233850939
-9.00502512562823 0.7899994941945261
-9.00993993488724 0.7925656180293572
-9.012644980793748 0.793969849246217
-9.016123514600547 0.7958240065965532
-9.021517441152694 0.7986819393960642
-9.022120267506237 0.7989949748743577
-9.02229220014066 0.7990866506418035
-9.022613065326722 0.7992567152679815
-9.028507113027642 0.8023360868736642
-9.031749065368553 0.8040201005024983
-9.03469722555165 0.8055926089235168
-9.040201005025214 0.8085106866140261
-9.040862285802213 0.8088562887657824
-9.041225897624104 0.8090452261306389
-9.042407339085335 0.8096756072906732
-9.047063219726374 0.8121097189870197
-9.050835203064121 0.8140703517587795
-9.053259661490062 0.8153644326826779
-9.057788944723706 0.8177675070423405
-9.059431055998497 0.8186263027369796
-9.060333376303952 0.8190954773869201
-9.063261936139956 0.8206591892201347
-9.065608012815849 0.821886583560163
-9.066582914572951 0.8224084323217253
-9.069846983639636 0.8241206030150607
-9.071810575676345 0.8251395483710189
-9.075376884422198 0.8270330774880224
-9.077988092792616 0.8283996691087969
-9.079421906389223 0.8291457286432014
-9.084070104294737 0.8316295057496408
-9.084141244690365 0.8316667513375808
-9.088951982828206 0.834170854271342
-9.09034971574315 0.8349180280934965
-9.09296482412069 0.8363075706257499
-9.096533138948738 0.8381764613771834
-9.098491054486619 0.8391959798994826
-9.102691256724295 0.841442124783736
-9.104858632910851 0.8425942109823854
-9.107955474735933 0.8442211055276232
-9.10887682329755 0.8446999456766608
-9.110552763819182 0.8455911638369251
-9.115065931006113 0.8479567548166411
-9.117540377473622 0.8492462311557638
-9.12122972636717 0.851220796055908
-9.125598844879022 0.8535451114585753
-9.12699192015153 0.8542713567839044
-9.127391633515238 0.8544853767846012
-9.128140703517674 0.8548840395512896
-9.13358619886594 0.8577406265982548
-9.136484930697058 0.859296482412045
-9.13693467336692 0.8595352981848583
-9.139755441040892 0.8610031116049806
-9.145728643216167 0.8641834533365715
-9.145899097223985 0.8642729068950947
-9.145992439191449 0.8643216080401857
-9.146293702313718 0.8644830534966292
-9.152093665365918 0.8675281559112547
-9.155577723296298 0.8693467336683263
-9.158268117971572 0.8707891522234936
-9.163316582914659 0.8734794878630865
-9.164416968457239 0.8740574634271585
-9.165019034645882 0.8743718592964669
-9.166959529121502 0.8754127010698509
-9.170588045839443 0.877319424088955
-9.172110552763904 0.8781380299827175
-9.174499957193651 0.8793969849246075
-9.1767674666511 0.8805790009137651
-9.180904522613151 0.8827856573309187
-9.182921264976628 0.8838458984488975
-9.184023728410107 0.8844221105527481
-9.187571926623306 0.8863270831270782
-9.189069047656604 0.8871145147399027
-9.19353018067027 0.8894472361808887
-9.195253188366944 0.8903727430222315
-9.198492462311643 0.8921021743517557
-9.201411681851196 0.8936382990834426
-9.203006015702131 0.8944723618090293
-9.207544258131227 0.8969112600601461
-9.208137274132186 0.8972280223291849
-9.212436452011927 0.89949748743717
-9.213724975709663 0.9001704663801613
-9.216080402010135 0.9014292587249164
-9.219887905193312 0.9034347550129747
-9.221965378139735 0.9045226130653106
-9.226024886668608 0.9067064573624588
-9.228665421594044 0.9081183329464277
-9.231393789778897 0.9095477386934512
-9.23218251205521 0.9099722614515704
-9.233668341708627 0.9107671379110434
-9.238349611626944 0.9132353586306436
-9.240901312152573 0.9145728643215918
-9.244490738320701 0.9165058766319971
-9.249135790927237 0.9189921355269091
-9.250291046919243 0.9195979899497324
-9.250625514308247 0.9197782091208389
-9.25125628140712 0.9201160091254676
-9.256796706215018 0.9230401370613306
-9.259813678614982 0.924623115577873
-9.26294188659395 0.926309496866919
-9.268844221105612 0.929472029399113
-9.269060754450734 0.9295863745359787
-9.269178600907399 0.9296482412060136
-9.269555196239814 0.9298513769586432
-9.275228922131024 0.9328491665411791
-9.277638190954857 0.9341517116324001
-9.278622807573258 0.9346733668341543
-9.281377624717676 0.9361175200017051
-9.286432160804104 0.9388288917279466
-9.287499968089381 0.9393934046665011
-9.288080468226594 0.9396984924622949
-9.289932233412495 0.9406985132075487
-9.293645436257544 0.9426626822465956
-9.297564619576889 0.9447236180904355
-9.299797373209481 0.9459301116027543
-9.304020100502596 0.9481979695689962
-9.30592289885642 0.9492050870460549
-9.306956140460398 0.9497487437185761
-9.310246046739447 0.9515275855005338
-9.31204590010953 0.9524807837447353
-9.312814070351841 0.9528970642487371
-9.316348198535334 0.9547738693467167
-9.318200775001767 0.9557473736893796
-9.321608040201088 0.9575795317463482
-9.32432918091828 0.9590215261985167
-9.325805027206124 0.9597989949748573
-9.330430829843884 0.9623033235621996
-9.330496090651183 0.9623384379605984
-9.335211704806294 0.9648241206029979
-9.336587458571655 0.9655694124109768
-9.33919597989958 0.96697385948681
-9.342718433640831 0.9688428308764951
-9.344626516005878 0.9698492462311386
-9.348822586073398 0.9721239129524744
-9.350702834788914 0.973136919056663
-9.353966294975752 0.9748743718592792
-9.354957037295883 0.9753963382313335
-9.356783919598072 0.9763812470998454
-9.361090260917717 0.9786691142532362
-9.363419971468637 0.9798994974874198
-9.367196590155283 0.9819495743849291
-9.370841461717239 0.9839159380928963
-9.372750132730747 0.9849246231155604
-9.373309108744452 0.9852282661304494
-9.374371859296565 0.9858020027202414
-9.37944425043586 0.9885004941324738
-9.382184734307378 0.989949748743701
-9.385552419670221 0.991780428550797
-9.390910451407201 0.994675060775311
-9.39147206280525 0.9949748743718416
-9.391643253909546 0.9950653158248448
-9.391959798995057 0.9952364491181349
-9.39777997287452 0.9983370931772786
-9.400920120287266 0.9999999999999822
-9.40388963474806 1.0016166011272647
-9.409547738693549 1.0046777745017028
-9.409971938250557 1.0049039257546921
-9.410200643038191 1.0050251256281229
-9.410920624079523 1.0054173785955438
-9.416096981033872 1.0081790391590282
-9.418341708542794 1.009404546781207
-9.4195486167989 1.0100502512562635
-9.422207777163774 1.0114582230357678
-9.427135678392041 1.014128345044095
-9.428291120688126 1.0147452505140944
-9.428913162174268 1.015075376884404
-9.43086689542956 1.016141438895124
-9.434394808888738 1.0180264652277744
-9.438299893023077 1.0201005025125447
-9.440506369356374 1.021305430722304
-9.444723618090533 1.023594054936349
-9.446590375756822 1.02459226880746
-9.447593839408691 1.0251256281406853
-9.450738063733871 1.026844041181639
-9.452672970562508 1.0278795102054046
-9.453517587939778 1.0283420542065267
-9.456887871584284 1.030150753768826
-9.458784913365696 1.0311583664612058
-9.462311557789025 1.033075304342054
-9.464869193123539 1.0344451264442487
-9.466241877385324 1.0351758793969665
-9.47053243035082 1.037524700128908
-9.470930959215858 1.0377383189031555
-9.475553270827199 1.0402010050251072
-9.477042889681384 1.0410171786840028
-9.479899497487517 1.0425725136384552
-9.483127040299646 1.044303975564068
-9.484856447225697 1.0452261306532478
-9.489183093653175 1.0475988002340575
-9.490262417858611 1.048186965044989
-9.494096219990201 1.0502512562813884
-9.495279755997847 1.0508820223351485
-9.49748743718601 1.052086124774985
-9.501363392186866 1.0541689661949984
-9.503436772117098 1.055276381909529
-9.507418832381683 1.0574639660531915
-9.509916971936919 1.058827677552646
-9.51267399289903 1.0603015075376696
-9.513495112611205 1.0607530116157546
-9.515075376884502 1.0616164448424037
-9.519577823251703 1.0640402199180379
-9.52198212066986 1.0653266331658102
-9.525632176299304 1.0673355303897214
-9.529489061918715 1.0694448288898712
-9.531167446312558 1.0703517587939508
-9.531688276150883 1.070630341774554
-9.532663316582994 1.0711640844152628
-9.537769568537135 1.0739179552923366
-9.540491352320455 1.0753768844220915
-9.543822354746792 1.0772137134320037
-9.548976338704684 1.0800377478854317
-9.5496552751961 1.080402010050232
-9.549858548181614 1.0805142123644806
-9.550251256281486 1.080729599659441
-9.55593795478125 1.0838023646784398
-9.55896342954796 1.0854271356783727
-9.561988697372355 1.0870987067091225
-9.567839195979978 1.090310714946881
-9.568010437730274 1.0904033350921427
-9.568101454507707 1.0904522613065133
-9.568381684119998 1.0906072579179478
-9.574082300559164 1.0936936427691721
-9.57739731222837 1.095477386934654
-9.580130506503286 1.0969907095561355
-9.58542713567847 1.099904594993311
-9.58614953832773 1.1002961118058634
-9.58653273905247 1.1005025125627945
-9.587708960682608 1.1011544625639766
-9.592201895936295 1.1035919924029853
-9.594221105527716 1.1047131320402954
-9.59571805947775 1.1055276381909351
-9.598247054958977 1.106889929738931
-9.603015075376963 1.1095185848008766
-9.604262857607532 1.1101962546103419
-9.604923381449332 1.1105527638190758
-9.606944428137014 1.1116754360362329
-9.610296000211873 1.1134976252086703
-9.61414613796332 1.1155778894472164
-9.616337583731182 1.1167965841170089
-9.620603015075455 1.119153346126061
-9.62234961775321 1.1201039857388553
-9.623272216457666 1.120603015075357
-9.626085924889665 1.1221695607365598
-9.628363839521008 1.123410762290482
-9.6293969849247 1.1239869164227132
-9.632400178705387 1.1256281407034976
-9.63440129951678 1.126710899348402
-9.638190954773947 1.128809577074195
-9.640409005490449 1.1300195375554951
-9.641578031666452 1.1306532663316382
-9.645131241622249 1.1326362054311527
-9.64640460427977 1.1333316349581155
-9.650728684096936 1.1356783919597788
-9.652437372086938 1.1366331126413511
-9.655778894472439 1.1384880151411352
-9.658440169377602 1.139943153329301
-9.65983956405351 1.1407035175879194
-9.664078118071947 1.1430747243306367
-9.664417446456238 1.1432604855064028
-9.664572864321684 1.1433475663994814
-9.668909415360202 1.14572864321606
-9.670444931474998 1.1465634725577551
-9.673366834170931 1.148189440517208
-9.676442216907436 1.149875088062342
-9.678055496339224 1.1507537688442007
-9.682408929305204 1.1531954387196919
-9.682931221894828 1.1534864510510277
-9.68713503797302 1.1557788944723413
-9.688423064963716 1.156502239873972
-9.690954773869423 1.157914679683823
-9.694414211399968 1.1598156093774694
-9.69622445311327 1.160804020100482
-9.700374536393246 1.16313778500753
-9.701684790913493 1.1638697392559303
-9.705235325362976 1.1658291457286225
-9.706370813850462 1.166449688505037
-9.708542713567915 1.1676646093368728
-9.712355168664244 1.1697649984720986
-9.714344996711025 1.1708542713567631
-9.718308439377234 1.1730891896108133
-9.720331847195764 1.1742225952504342
-9.723354404816241 1.1758793969849037
-9.724287169966829 1.1764061064990692
-9.726130653266408 1.1774401606754097
-9.730264053404523 1.1797235511450106
-9.73241562281417 1.1809045226130443
-9.736209575071955 1.1830499562967427
-9.738869869938892 1.184544298805183
-9.741366509779947 1.185929648241185
-9.742171071926556 1.1863717971092829
-9.7437185929649 1.1872423240990067
-9.748139697049037 1.189691601273858
-9.75043437449258 1.1909547738693256
-9.754076569967168 1.1930204774968187
-9.757294883700862 1.1948337140796008
-9.759374066368112 1.1959798994974662
-9.76002079469371 1.196347253203089
-9.761306532663392 1.197066794112776
-9.76599548868229 1.1996653234059211
-9.768447932050213 1.2010050251256068
-9.772005012207902 1.2029734423124587
-9.776127097817243 1.205239472312421
-9.777582943693098 1.2060301507537474
-9.778038124239087 1.2062748216459749
-9.778894472361884 1.2067458397101642
-9.784101415437028 1.209567578360418
-9.78686422918668 1.211055276381888
-9.790136872049562 1.2128682878135493
-9.795424181336708 1.2157780503746949
-9.795985373562411 1.2160804020100286
-9.796154428968567 1.2161741114648317
-9.796482412060376 1.2163547140790518
-9.80221852175439 1.2194666391541649
-9.805170787504137 1.2211055276381693
-9.805276381909621 1.221163545964255
-9.808254692679752 1.222767144517917
-9.814070351758868 1.225971342494689
-9.814262631996694 1.2260757160555027
-9.814364488252723 1.2261306532663099
-9.81467661739274 1.2263038720188444
-9.820321373999294 1.2293697725400436
-9.823630778232602 1.2311557788944505
-9.826357918919681 1.2326701710480732
-9.83165829145736 1.235593977326121
-9.83236613492164 1.235978663532797
-9.832740660555185 1.236180904522591
-9.83388630281679 1.2368174791967137
-9.83840940939622 1.2392771393110573
-9.840452261306606 1.2404138925389274
-9.84190493783203 1.2412060301507317
-9.84444597528212 1.2425775318289407
-9.849246231155853 1.245228798990981
-9.850454107500218 1.2458860482519105
-9.851092420523257 1.2462311557788723
-9.853041306000977 1.247315462877479
-9.856482044504405 1.2491889061645693
-9.860303425475793 1.251256281407013
-9.862518265116254 1.252489397332182
-9.866834170854345 1.2548762959744089
-9.868525939592681 1.2557980445384862
-9.869418821236712 1.2562814070351536
-9.872139609834049 1.2577972467436407
-9.874538674293646 1.2591052459663503
-9.87562814070359 1.25971307299442
-9.878542691487914 1.2613065326632942
-9.880574169638583 1.2624059443530813
-9.884422110552837 1.2645369779512086
-9.886580998364254 1.265714833202459
-9.887718883673578 1.2663316582914348
-9.891179151388695 1.2682622413873936
-9.892578671105115 1.269026338047496
-9.896874741466334 1.2713567839195754
-9.898613046846734 1.2723273563208881
-9.902010050251329 1.2742113770978971
-9.904618627150857 1.2756366018621366
-9.905991595336928 1.276381909547716
-9.910157821469081 1.2787098441813596
-9.91060138349343 1.278952368535256
-9.910804020100574 1.2790657468200006
-9.915074128610637 1.2814070351758566
-9.916634230312091 1.2822538236437797
-9.919597989949821 1.2839000495406854
-9.922638144201088 1.285563545303635
-9.924235908720487 1.2864321608039972
-9.92861279082686 1.2888816290386993
-9.929079863783183 1.2891412676135294
-9.933336782088237 1.2914572864321379
-9.934637027846176 1.2921855440898913
-9.937185929648313 1.2936035769490788
-9.940638841289024 1.2954958658772187
-9.942450739608766 1.2964824120602785
-9.946611236903847 1.2988145927582666
-9.94794212700704 1.299555611305629
-9.95149094728318 1.301507537688419
-9.952620720034604 1.3021227232061907
-9.954773869346806 1.303322568286247
-9.958619982191266 1.3054337739324282
-9.96063496520604 1.3065326633165597
-9.964589666332493 1.3087532755202185
-9.966736269254806 1.309950491861703
-9.969681040341701 1.3115577889447003
-9.97058455863136 1.3120655747772538
-9.972361809045298 1.3130576617289247
-9.976580801020567 1.3153774882941924
-9.978787422087246 1.316582914572841
-9.982547295160096 1.3186979013110394
-9.985459967740436 1.3203252456285952
-9.98778424843643 1.3216080402009815
-9.988527764804935 1.3220143213263684
-9.98994974874379 1.3228095267713558
-9.994520500407095 1.3253272367824636
-9.996907191621732 1.3266331658291222
-10.000483402486035 1.3286486761023362
-10.004111770578684 1.3306794577819483
-10.005899043256775 1.3316582914572628
-10.006449947859313 1.331969074480968
-10.007537688442282 1.3325784593376353
-10.012439007480932 1.3352830402172176
-10.014993475895084 1.3366834170854034
-10.018397936913155 1.3386056145790084
-10.02269045880704 1.3410127800467624
-10.023946486224311 1.341708542713544
-10.024350344100647 1.3419300524392943
-10.025125628140774 1.3423652502868553
-10.030334780996501 1.3452453389543342
-10.033044434385952 1.3467336683416846
-10.036288875654451 1.3485692946802033
-10.041190510301552 1.351323634673335
-10.0419819780414 1.3517587939698252
-10.042227288786641 1.351897730842004
-10.042713567839266 1.3521712661280194
-10.048206556006305 1.3552144944073827
-10.05105809568058 1.3567839195979658
-10.054155267739596 1.358539988111727
-10.059609447779527 1.3616113138666117
-10.059968341658792 1.3618090452261065
-10.060079893505472 1.3618723635210452
-10.060301507537758 1.361997292825028
-10.066053431222924 1.3651907640870569
-10.069033124008731 1.366834170854247
-10.071996187534735 1.3685179593403944
-10.07788944723625 1.3718438658053342
-10.077907783736388 1.3718540574823486
-10.077917272330994 1.3718592964823877
-10.077945344049464 1.3718752670004486
-10.083874458430104 1.3751744189122839
-10.086683417085496 1.3767740903047239
-10.086881117067184 1.3768844221105283
-10.089810661163122 1.3785034866167054
-10.095477386934743 1.3817089042988693
-10.095715458512863 1.3818415272877775
-10.095838378706857 1.381909547738669
-10.096200839000446 1.3821162483288694
-10.101668639648913 1.385165744019904
-10.104861619147785 1.3869346733668095
-10.107597663563457 1.3884968628153178
-10.113065326633235 1.391597092602363
-10.113495022482192 1.3918370287523913
-10.113716365777076 1.3919597989949501
-10.11436682417819 1.3923316554363652
-10.119434924037032 1.3951650396505766
-10.12185929648248 1.396552270760103
-10.122630880801236 1.3969849246230908
-10.125356115271655 1.3984983963545394
-10.130653266331727 1.401509445290995
-10.131245366804043 1.4018408786877128
-10.131549628729859 1.4020100502512314
-10.132440593536103 1.4025207151667667
-10.137172204496276 1.405172622118073
-10.140517906703732 1.407035175879372
-10.143084878900174 1.4085084122022424
-10.14824120603022 1.4114470416097857
-10.148965322992279 1.4118534109469243
-10.14933648495037 1.4120603015075126
-10.150419358861283 1.4126826308878169
-10.15487931396068 1.4151888248698068
-10.157035175879464 1.4164287965377342
-10.158200168902608 1.4170854271356532
-10.160782755286046 1.4185272529764141
-10.165829145728711 1.4214110307037835
-10.166653658917996 1.4218749775668558
-10.16707516941707 1.4221105527637938
-10.168300247674225 1.4228165818910838
-10.172555021334402 1.4252139996474513
-10.17598878400289 1.4271356783919344
-10.178448479275595 1.4285552801495367
-10.183417085427203 1.4314026374036422
-10.184309074435586 1.43190595001768
-10.184763829687835 1.432160804020075
-10.18608030092109 1.4329217227326136
-10.190198027045042 1.4352485177574046
-10.192211055276449 1.436412847512889
-10.193574988471887 1.4371859296482157
-10.196080715109996 1.4385928753669868
-10.201005025125696 1.4414231686327792
-10.201930196594489 1.4419467205709866
-10.20240052044 1.4422110552763563
-10.203756470451504 1.4429971825123014
-10.20780695817407 1.4452927714621042
-10.211259713915963 1.447236180904497
-10.213678051371684 1.4486404418909267
-10.218592964824188 1.4514740205116556
-10.21951557439486 1.4519977037981597
-10.219983197524588 1.4522613065326375
-10.221325616274612 1.4530420640899013
-10.225380363121277 1.4553471755044667
-10.227386934673433 1.4565148685554403
-10.22873991566545 1.4572864321607781
-10.231238995446676 1.458698406182493
-10.23618090452268 1.4615566862455474
-10.237063673040339 1.4620593382124447
-10.237509684961113 1.4623115577889187
-10.238784503585697 1.4630554432354952
-10.242916705755066 1.4654121687792347
-10.246314455855895 1.4673366834170594
-10.248761868498205 1.4687672479093354
-10.253768844221172 1.471672962609344
-10.254572593637572 1.4721321663547995
-10.254977364689571 1.4723618090452
-10.25612875213114 1.4730360684480477
-10.26041378490735 1.4754883801915755
-10.262562814070417 1.4767473958025121
-10.26367679501401 1.4773869346733406
-10.266244443750452 1.478847603293115
-10.271356783919664 1.4818248953217132
-10.272040336942533 1.4822167594378044
-10.272383420102539 1.4824120603014812
-10.273354728177999 1.4829829015181488
-10.277870327814405 1.4855761733882673
-10.281133836104738 1.4874371859296218
-10.283685752441285 1.4889397491230136
-10.288944723618156 1.492013515998993
-10.289465951974554 1.4923133891702198
-10.289726643549638 1.4924623115577624
-10.290461068579837 1.4928955529753853
-10.295284921543127 1.4956759520644827
-10.297738693467402 1.4971238532620381
-10.298367472086978 1.497487437185903
-10.301084033825498 1.4990441884690888
-10.306532663316649 1.5022408579716595
-10.306847435004327 1.5024226280461352
-10.307004289394278 1.5025125628140437
-10.307443926702003 1.5027729237812881
-10.31265556014652 1.5057882893479357
-10.315700853139063 1.5075376884421843
-10.31843722601223 1.5091615104430165
-10.32412060301514 1.5125091022477397
-10.324182666469504 1.5125450816547925
-10.324213474646834 1.512562814070325
-10.324299366658499 1.5126138893969987
-10.329980120129461 1.5159137919515162
-10.332795131466243 1.5175879396984655
-10.332914572864386 1.5176583495328506
-10.33574314524856 1.5192923389742
-10.341029768693595 1.5224191298923095
-10.341361843784355 1.5226130653266061
-10.341476411232637 1.5226793886068908
-10.341708542713633 1.522816977873667
-10.347256349752767 1.5260531032292803
-10.349993500467884 1.5276381909547467
-10.352999474823548 1.529437335980055
-10.357627534125204 1.5321864742151954
-10.358449199144312 1.5326633165828873
-10.358722552658492 1.5328272965124965
-10.359296482412125 1.5331689837870996
-10.364481857288974 1.5362069065319286
-10.367029206236566 1.537688442211028
-10.37020375287805 1.5395972048489037
-10.374086791194237 1.5419142447202034
-10.37544349581514 1.5427135678391686
-10.375916796717116 1.542990032237312
-10.376884422110617 1.5435687757507788
-10.381654098100745 1.5463759288987013
-10.38398670397117 1.5477386934673092
-10.3873533589851 1.5497726942741696
-10.390403226287372 1.5516012089463818
-10.392388599947997 1.5527638190954498
-10.393056511043438 1.5531683478856415
-10.39447236180911 1.5540192882951
-10.398770360394407 1.5565609451277904
-10.400862408396902 1.5577889447235904
-10.404445499346146 1.5599646024840066
-10.406572404350836 1.561246099735512
-10.409208248542555 1.562814070351731
-10.41013888697029 1.5633630459338193
-10.412060301507601 1.5645237047970548
-10.415827749479895 1.5667627822735026
-10.417652524159921 1.5678391959798716
-10.421477190426204 1.5701737819169832
-10.422589761428506 1.5708476131001294
-10.425999835711172 1.5728643216080123
-10.42716092277444 1.573574984017056
-10.429648241206094 1.5750854861044532
-10.432823170343575 1.576982324625444
-10.43435302778757 1.5778894472361529
-10.438445240824779 1.5804011444018116
-10.43845059689955 1.5804044060057123
-10.442625990989232 1.5829145728642935
-10.44411940509732 1.5838050802377976
-10.447236180904586 1.585708403084121
-10.449753308311564 1.5872205192332975
-10.450959647925805 1.587939698492434
-10.454167724051402 1.5899201393915243
-10.455365988062676 1.5906420220754063
-10.459251307669463 1.5929648241205747
-10.461010888296656 1.5940543190652674
-10.464824120603078 1.5963965737437489
-10.466614607547298 1.5974783820503662
-10.467467843648315 1.5979899497487153
-10.46978441686311 1.5994071772515817
-10.47229131119128 1.600881592351655
-10.473618090452323 1.601647865325993
-10.476033800561813 1.603015075376856
-10.478187870710537 1.6042219866885796
-10.48241206030157 1.6066435166180817
-10.484054592225274 1.607570906169653
-10.484891857729721 1.6080402010049966
-10.487318139099333 1.6094419378043572
-10.489930497348173 1.6109172017626792
-10.493762168223453 1.6130653266331372
-10.495825964254793 1.6142579082746424
-10.500000000000062 1.6166517183208624
-10.50169145868729 1.6176071783506414
-10.502553268184348 1.6180904522612778
-10.505048915920964 1.6195329996672498
-10.507564475469362 1.6209542991839037
-10.508793969849307 1.6216650332413254
-10.511354607991768 1.6231155778894184
-10.513458426813443 1.6242954387137356
-10.517587939698554 1.626664965966616
-10.519322368355079 1.6276451524728381
-10.520205662217705 1.628140703517559
-10.522761786199533 1.6296189453749808
-10.52519264159597 1.6309930571750098
-10.52906450988861 1.6331658291456996
-10.53108502822811 1.6343346437653956
-10.535175879397046 1.6366832185868336
-10.536947311853357 1.6376848312148944
-10.537848988248452 1.6381909547738402
-10.540456350363426 1.6396996607642347
-10.542814763999893 1.641033541944024
-10.543969849246292 1.6417019605606997
-10.546639920934663 1.6432160804019809
-10.54870532059755 1.6443756514014058
-10.552763819095539 1.646706999739985
-10.554565673521314 1.6477263904799004
-10.555482317078209 1.6482412060301215
-10.558130773713486 1.649774621635249
-10.5604302292384 1.651075928760302
-10.564329106376825 1.653266331658262
-10.566318674100035 1.6544186415708326
-10.57035175879403 1.6567368609384738
-10.57217680688622 1.6577700149743482
-10.57310467458394 1.6582914572864027
-10.575783142590371 1.6598432812282145
-10.5780383935329 1.6611204015605798
-10.579145728643276 1.6617619980668774
-10.581883695179402 1.6633165829145433
-10.58392442816435 1.6644638030083065
-10.587939698492523 1.6667733823015816
-10.589780034294495 1.667815898313549
-10.590715041458406 1.668341708542684
-10.593411465629993 1.6699050705819607
-10.59563858235639 1.6711671530668628
-10.599548677655438 1.6733668341708245
-10.601521891009112 1.674511333365654
-10.605527638191015 1.6768171733652908
-10.60737464640177 1.6778642431673214
-10.60831235276788 1.6783919597989652
-10.611013674816615 1.6799593988348507
-10.613230089881045 1.68121638494424
-10.61432160804026 1.681849767158246
-10.617077856554006 1.6834170854271058
-10.61911033903995 1.6845614393841215
-10.623115577889507 1.6868688740558806
-10.624959901518404 1.6879152614469906
-10.625895497324471 1.6884422110552464
-10.62858762633923 1.690005653469453
-10.630812178282222 1.6912683079997546
-10.634714873141874 1.693467336683387
-10.636689016100453 1.6946143371084004
-10.640703517588 1.696929155835428
-10.642535024806037 1.6979691745349452
-10.643463316869422 1.6984924623115276
-10.646131101256152 1.7000432005024289
-10.648384076894114 1.701323142423635
-10.649497487437245 1.7019703671099613
-10.652213602094227 1.7035175879396682
-10.65425713257183 1.704670252143857
-10.658291457286492 1.7069987230287493
-10.660099207319782 1.7080262135582975
-10.6610146050627 1.7085427135678088
-10.663641805971759 1.7100713846207425
-10.66594498121146 1.71138111807453
-10.669818609429305 1.7135678391959495
-10.671813864315311 1.7147294199587133
-10.675879396984984 1.7170783143428485
-10.677651604889725 1.7180866197084494
-10.678548106273125 1.71859296482409
-10.68111737252877 1.720089529265172
-10.683494051730593 1.7214424748106278
-10.684673366834229 1.7221294119696644
-10.68728137408349 1.7236180904522307
-10.689358351450215 1.7247920862331618
-10.693467336683476 1.7271687045916542
-10.695191336834256 1.7281506446087196
-10.696062514162081 1.7286432160803713
-10.698555358718481 1.730096936661801
-10.701030412622117 1.7315074628689002
-10.704850038512507 1.733668341708512
-10.70688969695951 1.7348585072577851
-10.711055276381968 1.7372707066406958
-10.712717484496581 1.7382185507324772
-10.713556470052675 1.7386934673366525
-10.715953248010905 1.7400928878020636
-10.718553150226194 1.741576343295014
-10.719849246231213 1.7423330794792529
-10.722270821591321 1.7437185929647931
-10.724406965113399 1.7449289503839536
-10.72864321608046 1.747385173588519
-10.73022908959454 1.7482906118746255
-10.731028561074798 1.7487437185929338
-10.733308449305865 1.7500766423716207
-10.736061311360205 1.7516493884268618
-10.739798503233658 1.7537688442210744
-10.74190917970018 1.7550036945292957
-10.746231155778952 1.75751300120396
-10.747725240906178 1.7583670883842935
-10.748477574792076 1.758793969849215
-10.750619088239043 1.7600476648378125
-10.753554342562332 1.7617267563963903
-10.755025125628197 1.7625877079255758
-10.757171871453714 1.7638190954773556
-10.75939628360422 1.7650827560125624
-10.763819095477444 1.7676539067558874
-10.76520617427659 1.7684479128771686
-10.76590360442142 1.7688442211054962
-10.767885283755191 1.7700059891848525
-10.77103190715837 1.7718085433962294
-10.774655889119824 1.7738693467336368
-10.77686684591666 1.7751665436648594
-10.781407035175937 1.7778100496552725
-10.782669427828578 1.7785337887467367
-10.783303204356931 1.7788944723617774
-10.785100144219136 1.7799496463741207
-10.788491501568469 1.7818954647349088
-10.790201005025182 1.7828991897600446
-10.791974437827893 1.783919597989918
-10.794318814907273 1.7852556436948195
-10.798994974874429 1.7879828224121752
-10.800113525645159 1.7886251376835647
-10.800674186108184 1.7889447236180587
-10.802260207488967 1.7898776472222124
-10.805931941273625 1.7919878588464293
-10.809406141642402 1.7939698492461993
-10.811751052623293 1.795350381231807
-10.81658291457292 1.798173303446493
-10.817537301895394 1.7987222927822044
-10.818014864451387 1.79899497487434
-10.819362573886915 1.7997891632497671
-10.823352065242368 1.8020860574540665
-10.825376884422166 1.8032790637592164
-10.82666030979309 1.8040201005024805
-10.829162369350243 1.8054510961942434
-10.834170854271413 1.8083826298916703
-10.834939537444125 1.8088256023669889
-10.83532348466282 1.8090452261306211
-10.836404265707984 1.8096833436839272
-10.840750658864607 1.812190407589278
-10.844034136807581 1.8140703517587617
-10.846551520185884 1.8155581442684827
-10.851758793969905 1.818612002267776
-10.852318956310024 1.8189354310040118
-10.852598218420079 1.8190954773869024
-10.85338222505594 1.8195593148400553
-10.8581264503625 1.8223012726171586
-10.86055276381915 1.823736409899789
-10.861215578380264 1.824120603015043
-10.863917201328062 1.825671897969424
-10.869346733668397 1.8288626896116504
-10.869674221825898 1.8290521605981835
-10.869837159388815 1.8291457286431836
-10.87029331157906 1.8294161794748014
-10.875478106896685 1.8324190333489572
-10.878525528924383 1.8341708542713242
-10.881258046045565 1.8357927477917029
-10.88693467336689 1.8391360351192887
-10.887003932469147 1.8391761915845342
-10.887038318462634 1.8391959798994648
-10.887134300091253 1.8392530161064258
-10.892804230334965 1.842544089251012
-10.895715174796928 1.8442211055276054
-10.898572620297776 1.8459211034612073
-10.903907931802975 1.8490706079379153
-10.904209262187845 1.849246231155746
-10.904312984954371 1.8493061249017488
-10.904522613065382 1.8494300182734902
-10.910103352647218 1.8526768597605052
-10.912864709611439 1.8542713567838867
-10.915859417965516 1.8560573952977037
-10.920607443656515 1.8588670226670674
-10.921350300554423 1.8592964824120273
-10.921596333565168 1.8594434021830866
-10.922110552763874 1.8597480712808396
-10.927373930886274 1.862817785719482
-10.929971958461396 1.8643216080401679
-10.933116855651226 1.8662020757004933
-10.93722742733105 1.8686407150593611
-10.938432818159352 1.8693467336683085
-10.938850352930297 1.8695890592488995
-10.939698492462366 1.8700928923571167
-10.944614341710194 1.872967330939927
-10.947034645794197 1.8743718592964491
-10.950343267002042 1.876355620770397
-10.953764327070575 1.8783906691845083
-10.955496136024157 1.8793969849245897
-10.956073377867265 1.8797435718656166
-10.957286432160858 1.8804661739853143
-10.961822875396125 1.8831259839140824
-10.964050388741986 1.8844221105527303
-10.967536896503908 1.8865185320828566
-10.970214489291468 1.8881158411614765
-10.972475145352739 1.889447236180871
-10.973263653186883 1.8899074415158612
-10.97487437185935 1.8908697213174852
-10.978997729290144 1.893294259685927
-10.981016689878121 1.8944723618090116
-10.984695892688798 1.896691338628739
-10.986574159268942 1.8978151582117517
-10.989453011226875 1.8994974874371522
-10.990419326775193 1.9000811973750524
-10.992462311557842 1.9013054626476125
-10.996136882028742 1.9034727357878927
-10.997929950793365 1.9045226130652928
-11.001817886830462 1.9068747171869704
-11.0028376749546 1.9074870026072235
-11.006314402677829 1.9095477386934334
-11.007536809222252 1.9102658649888857
-11.010050251256335 1.911777409822311
-11.013235853845117 1.913662692153351
-11.014785819280107 1.914572864321574
-11.018898061632893 1.9170700441278417
-11.018995227778136 1.917128571899231
-11.023193654015026 1.9195979899497146
-11.024614047771305 1.9204620308592926
-11.027638190954827 1.922286742478322
-11.030294771924762 1.923864092443588
-11.031583164158606 1.9246231155778553
-11.03506589189967 1.9267453158478105
-11.035952579773003 1.92727270154366
-11.036432160804072 1.927564708332853
-11.03992422046522 1.9296482412059959
-11.041651183489375 1.9306696546814086
-11.045226130653319 1.9328342653129225
-11.047312421699216 1.9340772836781657
-11.048320788043954 1.9346733668341365
-11.051034244419778 1.9363328279102676
-11.052967391202275 1.9374867037340042
-11.056702243959048 1.939698492462277
-11.058645836440176 1.94088941643703
-11.062814070351811 1.9434225776314644
-11.064286356613529 1.9443029648727839
-11.064995402297114 1.9447236180904177
-11.066894363463717 1.945889416122391
-11.069938468321034 1.947713201441637
-11.071608040201056 1.94873724657453
-11.073290943041107 1.9497487437185583
-11.075595485112958 1.9511220365578001
-11.080402010050303 1.954054474846731
-11.081213983573896 1.954541876911387
-11.081603547283084 1.954773869346699
-11.082641693291091 1.9554137788440666
-11.086863210442045 1.957952937720056
-11.089956959927308 1.9597989949748396
-11.09249745408161 1.961368279451178
-11.097989949748795 1.9647329692853859
-11.098092550113428 1.964794806213085
-11.098141579009283 1.9648241206029802
-11.098271556178037 1.9649045795827638
-11.103738855089741 1.9682067018479934
-11.106395094918287 1.9698492462311208
-11.10678391959804 1.9700876741556588
-11.109348900340464 1.9716289574044987
-11.113796746542464 1.9743654738864551
-11.114634724301794 1.9748743718592614
-11.11493820194823 1.9750571397161352
-11.115577889447287 1.9754515966379227
-11.12056246344292 1.9784753334886505
-11.122929191418702 1.979899497487402
-11.12614679815719 1.9819049349127136
-11.129198709440432 1.9837911603425864
-11.131078086979043 1.9849246231155426
-11.131733225728624 1.985333938377587
-11.13316582914578 1.9862214669702514
-11.137330904181379 1.9887597273049407
-11.13929955905745 1.9899497487436832
-11.142887922259556 1.9921971334821809
-11.144469663184923 1.9931794156120217
-11.147398841659507 1.9949748743718416
-11.148471401690339 1.9956269792729673
-11.150753768844272 1.9970479177134974
-11.154040835535946 1.9990608380880897
-11.15553859393763 2.