-11.70318330418766 2.
-11.700788256472455 1.998626183721445
-11.695979899497528 1.9958470250378468
-11.69498058162636 1.9952603937636049
-11.694498029176462 1.9949748743718416
-11.693025578266127 1.994130782591438
-11.689200472896294 1.9918867277726138
-11.68592475025312 1.9899497487436832
-11.683418184115192 1.9885136846533529
-11.678391959799036 1.985612103126396
-11.677603586909859 1.9851498725124506
-11.677210463192436 1.9849246231155426
-11.676057646502548 1.9842576764594027
-11.671823057146412 1.981776326816723
-11.668645273859976 1.979899497487402
-11.666034139688465 1.978405177605139
-11.660804020100544 1.9753892506437785
-11.660213127241498 1.9750431983904173
-11.65992711396773 1.9748743718592614
-11.659051920082813 1.9743737718541956
-11.654432279417525 1.9716697435691266
-11.651346487638724 1.9698492462311208
-11.648637226532117 1.9683003473368164
-11.643216080402052 1.965177468647557
-11.64281028015217 1.9649400635315173
-11.64260749109449 1.9648241206029802
-11.642011221641937 1.9644798752429473
-11.637029222759015 1.9615666685871354
-11.63402994250092 1.9597989949748396
-11.631228502400631 1.9581988916328186
-11.62562814070356 1.9549758053906983
-11.625396078668054 1.9548401727854152
-11.62528352471574 1.954773869346699
-11.624938291357703 1.9545767695335972
-11.619614925604814 1.9514668051753432
-11.616697129869474 1.9497487437185583
-11.61380898145921 1.9481005207316606
-11.608040201005068 1.9447833536404948
-11.607971513220305 1.9447432431717786
-11.607937125974368 1.9447236180904177
-11.607835787168025 1.9446652141369771
-11.602190383633339 1.9413698688541992
-11.599260644468085 1.939698492462277
-11.59924623115582 1.939690188837691
-11.596379636061164 1.9380049568181086
-11.59070885244617 1.934746678588306
-11.59058419491897 1.9346733668341365
-11.590540145994511 1.934648256923298
-11.590452261306575 1.9345977782453891
-11.584756551417168 1.9312755868886837
-11.581988381996656 1.9296482412059959
-11.57894139832129 1.9279119335736512
-11.573559235930514 1.9248216625271208
-11.57322138802484 1.9246231155778553
-11.573102121178698 1.9245551728433945
-11.572864321608083 1.9244186775060053
-11.567314343876149 1.9211836978731247
-11.564530848883782 1.9195979899497146
-11.564070351758836 1.9193330534874384
-11.561495161498325 1.9178211957815048
-11.556387307124572 1.914890271525854
-11.555846857157212 1.914572864321574
-11.55565623305982 1.914464335421509
-11.555276381909591 1.914246432367495
-11.549864637546289 1.9110939513686622
-11.547231054897884 1.9095477386934334
-11.544041781198453 1.907732498982761
-11.539195416595089 1.9049531771750035
-11.538461872616871 1.9045226130652928
-11.538203341564653 1.9043754989642778
-11.537688442211099 1.9040802793474336
-11.532408271675635 1.9010061075901419
-11.529757119208272 1.8994974874371522
-11.528894472361852 1.8990017160764507
-11.52658207641055 1.8976456091805964
-11.52198583066558 1.8950110269955749
-11.521067652264561 1.8944723618090116
-11.520744269631617 1.894288428346437
-11.520100502512607 1.8939194904298127
-11.51494604915718 1.8909199371395644
-11.51243511051151 1.889447236180871
-11.509116830382906 1.8875603025897876
-11.504760730759376 1.885064444251376
-11.503665362353464 1.8844221105527303
-11.50327980404388 1.8842028987727977
-11.502512562814115 1.8837633718416544
-11.497479290194091 1.8808350628160246
-11.494950353427624 1.8793969849245897
-11.493718592964868 1.8786895396795584
-11.491648112014145 1.8774759880964407
-11.487528328147281 1.87511577501978
-11.486259662706901 1.8743718592964491
-11.485813089546703 1.874118011744712
-11.484924623115623 1.873609071898188
-11.480010612796926 1.8707507366165075
-11.477615881829184 1.8693467336683085
-11.474177438910115 1.8673922320988847
-11.47028929745555 1.8651652120511448
-11.468850261878975 1.8643216080401679
-11.468343932537397 1.8640338225772348
-11.46733668341713 1.8634569465019464
-11.462539502372108 1.8606671055677477
-11.460128293569047 1.8592964824120273
-11.458542713567883 1.8583861285730663
-11.456704486797332 1.857309127246686
-11.45304417056946 1.8552129073126924
-11.451437820504205 1.8542713567838867
-11.450872735429659 1.8539502162950239
-11.449748743718638 1.8533065520010723
-11.44506665019762 1.8505839721617514
-11.44278427640383 1.849246231155746
-11.439230084163878 1.847226436828966
-11.43579531544951 1.8452595373645666
-11.434023546786676 1.8442211055276054
-11.433400337179341 1.8438669531964065
-11.432160804020146 1.8431571548192922
-11.427592880862626 1.840501100801613
-11.425296564295648 1.8391959798994648
-11.4233668341709 1.838088160175011
-11.421755041480875 1.8371439292825444
-11.418545052631861 1.8353057652170977
-11.416608663412143 1.8341708542713242
-11.415927558684041 1.8337837987392138
-11.414572864321654 1.8330080376391145
-11.410119001344972 1.8304182609222357
-11.40794787292798 1.8291457286431836
-11.40428015203935 1.8270613779528437
-11.401295655368843 1.8253522403709512
-11.399194367561 1.824120603015043
-11.39845520360576 1.823700523305729
-11.396984924623162 1.8228584983450036
-11.39264580180068 1.8203352267647537
-11.390464776464713 1.8190954773869024
-11.388190954773915 1.8177899200487069
-11.386806192707096 1.8169785608776374
-11.384049349688985 1.8153995988342801
-11.381781831749862 1.8140703517587617
-11.380984059113525 1.8136169019905175
-11.37939698492467 1.8127078490597315
-11.37517405627478 1.8102517771734465
-11.373116058601793 1.8090452261306211
-11.36933392460815 1.8068952605929152
-11.366808314375 1.8054484631164298
-11.364372204575783 1.8040201005024805
-11.363514896548477 1.8035327144103954
-11.361809045226178 1.802555415269544
-11.357704523335736 1.8001676954144665
-11.35564221748876 1.79899497487434
-11.35301507537693 1.7974859290704615
-11.35186409372695 1.7968112639602642
-11.349574680857812 1.7954994421976638
-11.346966611364692 1.7939698492461993
-11.34604847201332 1.7934477445360173
-11.344221105527685 1.7924005350345862
-11.34023794663523 1.7900827690159025
-11.338297838759088 1.7889447236180587
-11.33439743143874 1.7867263620153313
-11.332350533024124 1.7855531314741837
-11.329566154725008 1.783919597989918
-11.328585526887561 1.78336178054467
-11.326633165829193 1.7822425582817685
-11.322775055394464 1.779996789628843
-11.32083780016417 1.7788944723617774
-11.317839195979946 1.777170915367278
-11.31693465496715 1.776640349837078
-11.315137906934673 1.7756101126776285
-11.3121719150068 1.7738693467336368
-11.311126788269307 1.773274614694035
-11.309045226130701 1.7720808461779853
-11.305316564817618 1.7699095529092341
-11.3035018570408 1.7688442211054962
-11.299476467769486 1.7665530264377027
-11.297938790449754 1.7656709537680824
-11.29478495066624 1.7638190954773556
-11.293672969344009 1.7631860432168418
-11.291457286432209 1.761914770582318
-11.287863176432625 1.7598208584205253
-11.286060080113526 1.758793969849215
-11.282663316582962 1.756839791643693
-11.282023559849616 1.756464194673243
-11.280755122758325 1.7557362087995338
-11.277406298534435 1.7537688442210744
-11.27622476967988 1.753095866236456
-11.273869346733717 1.7517437135765555
-11.27041557835885 1.749730509557181
-11.268736409563775 1.7487437185929338
-11.26457660799795 1.7463736611750127
-11.263588793806427 1.7458064177565653
-11.26003697398922 1.7437185929647931
-11.258782875449315 1.7430038877036251
-11.256281407035225 1.7415670670740537
-11.252974257218739 1.7396383672842202
-11.251316845857843 1.7386934673366525
-11.247487437185978 1.736488064816954
-11.247135710439363 1.7362813978787583
-11.246439518398052 1.7358814991546039
-11.242675155281706 1.733668341708512
-11.241346117970878 1.732910441527328
-11.238693467336732 1.7313863051855387
-11.235537270589022 1.7295449865797172
-11.23400405018467 1.7286432160803713
-11.229698664895741 1.7261880340067997
-11.22930160012282 1.7259598254478243
-11.225321317369987 1.7236180904522307
-11.223914409752414 1.722815552705324
-11.22110552763824 1.7212006857830175
-11.218106287639785 1.719449890537934
-11.216604648459366 1.71859296482409
-11.212311557788993 1.7161180906735618
-11.212268434950708 1.7160927228209584
-11.21218328178643 1.7160437517235732
-11.207977627304517 1.7135678391959495
-11.206489823128658 1.7127186291419756
-11.203517587939748 1.7110087539109333
-11.200682519260248 1.7093527331905234
-11.19930705500492 1.7085427135678088
-11.195089685070995 1.7061347413195929
-11.194849255947435 1.705994254223187
-11.190645192886274 1.7035175879396682
-11.189072848911882 1.7026195306052037
-11.185929648241256 1.7008100694593926
-11.18326644478187 1.699253377585638
-11.181934833728072 1.6984924623115276
-11.17801985788025 1.6962325222083834
-11.17743941183495 1.6958931185137596
-11.17332470467035 1.693467336683387
-11.171663957663858 1.6925181226487886
-11.168341708542764 1.6906042084898756
-11.165858523501525 1.6891516924956003
-11.164655520091701 1.6884422110552464
-11.160973660104954 1.686337054358729
-11.160038038191107 1.6857895626704362
-11.156016821816314 1.6834170854271058
-11.15426359969176 1.682414276613538
-11.150753768844272 1.6803907632368222
-11.14845919466949 1.6790475524203314
-11.14731361686612 1.6783919597989652
-11.143952228272378 1.6764486624927102
-11.142645576069171 1.6756834606779956
-11.138722172061597 1.6733668341708245
-11.136872205018648 1.672307869635719
-11.13316582914578 1.6701693421468793
-11.13106887745351 1.668940837597618
-11.13005461412042 1.668341708542684
-11.126956632303981 1.6665676523021702
-11.125262445988017 1.6655746923881898
-11.121441351675763 1.6633165829145433
-11.119490183332532 1.6621987846616166
-11.115577889447287 1.6599395699518924
-11.113687970882905 1.658831434019083
-11.112745970118356 1.6582914572864027
-11.109987875680623 1.6566943104959275
-11.107889047867733 1.6554631435381344
-11.10417492540111 1.653266331658262
-11.102117923917989 1.6520869104670632
-11.097989949748795 1.6497010877716791
-11.096316853776719 1.6487192334507155
-11.095509013003563 1.6482412060301215
-11.093046895657679 1.6468289048612306
-11.090525760950419 1.6453487057729461
-11.086923426385091 1.6432160804019809
-11.084755795574424 1.641972141680804
-11.080402010050303 1.6394535532425678
-11.078955884659894 1.6386041334568144
-11.078236366957926 1.6381909547738402
-11.076134563536236 1.6369716843412494
-11.073172943710267 1.6352312766714245
-11.069687356110062 1.6331658291456996
-11.067404146525055 1.6318543788104867
-11.062814070351811 1.6291966406675726
-11.06160540167161 1.628486037426188
-11.061022898201049 1.628140703517559
-11.05925168499618 1.6271228791302361
-11.055830933757159 1.6251107597736052
-11.052467184325984 1.6231155778894184
-11.050063304320815 1.6217335282701342
-11.045226130653319 1.61893004118396
-11.044265722469898 1.618364854599398
-11.043788780083737 1.6180904522612778
-11.042399000496859 1.617282700788004
-11.038500047738031 1.6149870646089335
-11.035263348991641 1.6130653266331372
-11.032733575743409 1.6116095024078279
-11.027638190954827 1.6086534629438107
-11.0269371441368 1.608240500095861
-11.026599954690507 1.6080402010049966
-11.025577185750723 1.6074513423752528
-11.021180581240369 1.6048601067238444
-11.018076256230167 1.603015075376856
-11.015415246711902 1.601482219532408
-11.010050251256335 1.5982370111080533
-11.009770723196798 1.598069814908583
-11.009639813209757 1.5979899497487153
-11.00929334816636 1.5977736917230079
-11.004291673696816 1.594610131994723
-11.001714010242036 1.5929648241205747
-10.99878054072902 1.5911596157859522
-10.994558440371412 1.5885385924391686
-10.993618001770502 1.587939698492434
-10.993251024254503 1.5877143520076737
-10.992462311557842 1.5872257967276262
-10.98775301198256 1.5842600870286594
-10.985635327593542 1.5829145728642935
-10.982213860643274 1.5808175760688865
-10.979713614671915 1.579272088039743
-10.977532747783883 1.5778894472361529
-10.976686336533424 1.5773717430435603
-10.97487437185935 1.576254014278974
-10.97116087455774 1.573925320837044
-10.969428659750562 1.5728643216080123
-10.966080402010103 1.5707963861612253
-10.965594981357857 1.5704904504088697
-10.96475419886705 1.5699728436102127
-10.961374659984731 1.5678391959798716
-10.960069522885968 1.567044027201269
-10.957286432160858 1.565334026808844
-10.95451813669584 1.5636050119131646
-10.953262834303997 1.562814070351731
-10.949697157729645 1.5606457062285273
-10.948939920127126 1.5601736624475144
-10.945147752552462 1.5577889447235904
-10.943403737599418 1.5567303032558613
-10.939698492462366 1.5544622045541496
-10.937827872490349 1.5532982819445973
-10.936948521486364 1.5527638190954498
-10.934547612319891 1.551292139054743
-10.932251872281057 1.549866299233397
-10.928855906814022 1.5477386934673092
-10.926691953076235 1.546429721949492
-10.922110552763874 1.5436351919736557
-10.921092969938858 1.5430043057891734
-10.9206280804705 1.5427135678391686
-10.919296847384421 1.541909652016468
-10.91551930349618 1.539571656287512
-10.912502800614739 1.537688442211028
-10.909936964600147 1.536141484629666
-10.904522613065382 1.5328498808823907
-10.904316145887467 1.5327223072051481
-10.904218416199653 1.5326633165828873
-10.903949445950868 1.532499554550169
-10.898744921160493 1.5292889600704287
-10.8960056909983 1.5276381909547467
-10.895728643216135 1.5274697756897657
-10.893141404349166 1.525864839245525
-10.888525859248638 1.5230676898642486
-10.887794050935868 1.5226130653266061
-10.887516874143609 1.522446722247543
-10.88693467336689 1.5220944249588975
-10.881931277082158 1.519017481494103
-10.87962658528021 1.5175879396984655
-10.876307754034855 1.5155990767366205
-10.873019364992087 1.5136121373056648
-10.871325105303033 1.512562814070325
-10.870685781920058 1.5121802288555646
-10.869346733668397 1.5113722896679738
-10.86508077935722 1.508756532531092
-10.863046142185373 1.5075376884421843
-10.86055276381915 1.506030803329411
-10.859438356313197 1.5053435277726726
-10.857428387235071 1.5041324466040917
-10.854805346574215 1.5025125628140437
-10.853819038632116 1.5019239214819837
-10.851758793969905 1.5006842142152532
-10.84819570309062 1.498505463151413
-10.846544971673591 1.497487437185903
-10.842535425094141 1.4950975598079808
-10.841757046615815 1.4946297950847338
-10.838237756095195 1.4924623115577624
-10.8369188550282 1.4916771684843946
-10.834170854271413 1.4900278525802024
-10.831278200087233 1.4882636585536728
-10.829891206677443 1.4874371859296218
-10.826015787480811 1.4851071668465927
-10.82560779628175 1.4848586482985278
-10.821625173226119 1.4824120603014812
-10.81998732365667 1.4814393719918382
-10.81658291457292 1.479401011027555
-10.814330307615384 1.4780305366612083
-10.813281360545563 1.4773869346733406
-10.810213638611726 1.4755671415415703
-10.808662769500682 1.4746247076372683
-10.804970304055704 1.4723618090452
-10.803026427107552 1.4712099655500221
-10.798994974874429 1.4688016351986226
-10.797353956332843 1.4678055458575123
-10.796563397614198 1.4673366834170594
-10.794342120558246 1.466007296469579
-10.791689377882733 1.464398871215118
-10.788275729330469 1.4623115577889187
-10.786038045466741 1.4609884119915462
-10.781407035175937 1.458227798595913
-10.780350977454386 1.4575881629383636
-10.779856990029401 1.4572864321607781
-10.778404935070135 1.4564286892734062
-10.774689453039931 1.4541806157143533
-10.77154391166256 1.4522613065326375
-10.76902396305556 1.4507742015103195
-10.763819095477444 1.4476776923038006
-10.763323109230537 1.4473778912607562
-10.763083175583727 1.447236180904497
-10.762405675007402 1.4468323464844852
-10.757664734256386 1.443969444196659
-10.75477713988272 1.4422110552763563
-10.751985846367218 1.4405668579654236
-10.746348799139762 1.4372195420370177
-10.746293549155252 1.4371859296482157
-10.74627315805423 1.4371739289981367
-10.746231155778952 1.4371490100241218
-10.740616667685746 1.4337649434752766
-10.737977436443732 1.432160804020075
-10.734925056563931 1.4303659924533694
-10.730249796603424 1.4275947013984958
-10.72949391410489 1.4271356783919344
-10.72921557297474 1.4269721478507114
-10.72864321608046 1.4266331621354569
-10.72354682615315 1.423566664171596
-10.72107029790127 1.4221105527637938
-10.719849246231213 1.421385916869995
-10.717843283648902 1.4201711221160984
-10.714098214270892 1.4179548379610605
-10.712664130823647 1.4170854271356532
-10.712137172283587 1.4167763140209049
-10.711055276381968 1.4161365589019521
-10.706456857136684 1.4133741355775937
-10.704287977183643 1.4120603015075126
-10.700742053827677 1.4099818108948838
-10.69789727714935 1.4083008731553361
-10.695806254617347 1.407035175879372
-10.695039422001184 1.406586008645741
-10.693467336683476 1.4056577565905046
-10.689348190131284 1.4031869492661437
-10.687340397504732 1.4020100502512314
-10.684673366834229 1.400432005130476
-10.683622761418443 1.3997976604130997
-10.681650111088853 1.398633700081339
-10.678922252843728 1.3969849246230908
-10.677923720051426 1.3964008323183927
-10.675879396984984 1.3951953893556261
-10.672222188874382 1.3930047155979794
-10.670492213216031 1.3919597989949501
-10.666486736805625 1.3896182905609118
-10.665359748430348 1.3889541851221967
-10.662014010624931 1.3869346733668095
-10.660791400672792 1.386220403827867
-10.658291457286492 1.3847481636662087
-10.655080155160178 1.3828270626319012
-10.653510735026988 1.381909547738669
-10.649497487437245 1.3795410448442897
-10.649335250118895 1.3794433384441271
-10.649029129795936 1.3792631684556538
-10.64508333490998 1.3768844221105283
-10.643643738036054 1.3760443591253697
-10.640703517588 1.3743148532612963
-10.637923332329574 1.3726536351276524
-10.636604935214446 1.3718592964823877
-10.632668836178603 1.3695636732225598
-10.632177411882804 1.3692702010557314
-10.628131958212991 1.366834170854247
-10.626481949555846 1.365872350378151
-10.623115577889507 1.3638942945803798
-10.620752908465164 1.3624840936330616
-10.619595632275123 1.3618090452261065
-10.61627838088225 1.3598555603668903
-10.615011027132327 1.3590995055285884
-10.611161542054658 1.3567839195979658
-10.609307198923712 1.3557040451029092
-10.605527638191015 1.3534853826198985
-10.603570019317903 1.3523181136478577
-10.602639735581157 1.3517587939698252
-10.599855653546879 1.3501382269286433
-10.597832310553237 1.3489323333810503
-10.594173680132421 1.3467336683416846
-10.592120598887801 1.3455391253716051
-10.587939698492523 1.343087067172938
-10.586375750989665 1.342155384857218
-10.585608257559462 1.341708542713544
-10.583403269944712 1.3404124202713126
-10.580642352525096 1.338768373076097
-10.577169901242724 1.3366834170854034
-10.574923213802048 1.335377287083113
-10.57035175879403 1.3326983494137137
-10.56917114239382 1.3319956104287511
-10.568609116842413 1.3316582914572628
-10.5669237607215 1.330678863436539
-10.56344219621455 1.3286073265661171
-10.560151671977092 1.3266331658291222
-10.557716061965861 1.3252182392947445
-10.552763819095539 1.3223182787924461
-10.551957187514047 1.321838506367122
-10.55156072656941 1.3216080402009815
-10.550419572664213 1.3209382555063174
-10.546232839801043 1.3184489086569826
-10.543120399212208 1.316582914572841
-10.540500117773488 1.3150617036081433
-10.535175879397046 1.3119459502097044
-10.534734837479988 1.3116838009210028
-10.534524583679545 1.3115577889447003
-10.533893069912407 1.311191271949089
-10.529015238523186 1.3082928464233765
-10.526077432412889 1.3065326633165597
-10.523276313690848 1.304907413604476
-10.517587939698554 1.3015805014423032
-10.517505002476945 1.3015312340374505
-10.517464188159794 1.301507537688419
-10.517346535123103 1.3014385649525755
-10.511790306562714 1.2981388786705184
-10.508936473289772 1.2964824120602785
-10.508793969849307 1.296398892201335
-10.506045542076208 1.2947551143242366
-10.500790283484331 1.2916830817133578
-10.500413118276095 1.2914572864321379
-10.500276741489401 1.2913782174351836
-10.500000000000062 1.2912164816029916
-10.494558842014058 1.2879867773714269
-10.49196135780777 1.2864321608039972
-10.488808494586362 1.2846046081511995
-10.48421999455054 1.2819235878184188
-10.483356740071368 1.2814070351758566
-10.483044796398897 1.281226253433763
-10.48241206030157 1.2808566241527997
-10.477321543992247 1.2778363427789508
-10.474813495852777 1.276381909547716
-10.473618090452323 1.275681903854717
-10.471565994448481 1.2744556598776011
-10.467635657527664 1.2721600801837436
-10.466292675352653 1.2713567839195754
-10.465807626785843 1.271075782153071
-10.464824120603078 1.2705014438332043
-10.460079331756203 1.267687312247685
-10.457812498132736 1.2663316582914348
-10.454318878536021 1.2643080303967391
-10.451039245431314 1.2623931225280733
-10.449222044881738 1.2613065326632942
-10.448566004243919 1.2609265831377705
-10.447236180904586 1.2601502326720668
-10.442832954200053 1.2575394718078767
-10.440662130706666 1.2562814070351536
-10.438442211055339 1.254982254831722
-10.437067876753671 1.2541615111644173
-10.434432622916221 1.2526232476099066
-10.43214591155751 1.251256281407013
-10.431320660809966 1.2507784472344783
-10.429648241206094 1.249802317902013
-10.42558312467366 1.247392617645282
-10.42363996197706 1.2462311557788723
-10.419813684134114 1.2440159035998688
-10.417817574021148 1.2428509651546022
-10.415065288427213 1.2412060301507317
-10.41407229333398 1.2406311753431947
-10.412060301507601 1.2394570606309507
-10.408330521991079 1.2372465558130257
-10.406490957451728 1.236180904522591
-10.403266331658354 1.2342944887914875
-10.402556961808319 1.2338710188085313
-10.401195802858277 1.2330767620513559
-10.39798113982258 1.2311557788944505
-10.396821564432154 1.230484578145009
-10.39447236180911 1.2291138546461307
-10.391075791347681 1.2271011019695752
-10.389451695098815 1.2261306532663099
-10.385298337887965 1.2237266773299247
-10.384568934293263 1.223301102547496
-10.380894382402573 1.2211055276381693
-10.379569103353957 1.2203384758543576
-10.376884422110617 1.2187721253392692
-10.373819545154644 1.2169560811403066
-10.372307616756233 1.2160804020100286
-10.36809045226137 1.2136137720413238
-10.368038408268545 1.213582708908194
-10.367938514622242 1.2135244284419215
-10.363805886112486 1.211055276381888
-10.362315506771703 1.2101926979934374
-10.359296482412125 1.2084313287411739
-10.356562363799094 1.2068113275003274
-10.355254887099665 1.2060301507537474
-10.351314414444168 1.2037495599057593
-10.350786143364482 1.2034365505677904
-10.346716475068646 1.2010050251256068
-10.345120810382326 1.2000300915059805
-10.341708542713633 1.1978690803275311
-10.339651886595114 1.1965675155313287
-10.33872772954288 1.1959798994974662
-10.336326085405556 1.1944420545523018
-10.33424018468672 1.1930885904484434
-10.330980966364356 1.1909547738693256
-10.328840574954938 1.1896062104579546
-10.32412060301514 1.1866067807432632
-10.323394156860036 1.1861372042855
-10.32307590940966 1.185929648241185
-10.322203344725052 1.1853818601583024
-10.317976808914077 1.182659892356206
-10.31527518467533 1.1809045226130443
-10.3125342269165 1.1791897901559443
-10.307911856696613 1.1762734522363223
-10.307303164869142 1.1758793969849037
-10.307061031044892 1.1757284347768344
-10.306532663316649 1.175396228350417
-10.301623368433395 1.1722569270376928
-10.299376567733999 1.1708542713567631
-10.297738693467402 1.169824124249164
-10.296140452049025 1.1687983489479432
-10.29346153163181 1.1671196623039526
-10.29145406109722 1.1658291457286225
-10.290661939148253 1.165338512720024
-10.288944723618156 1.1642659806636564
-10.285185329592808 1.1618781326791527
-10.28350885102425 1.160804020100482
-10.279664536371452 1.158430376542828
-10.278839775650649 1.157916892109765
-10.275491809776758 1.1557788944723413
-10.27418094251161 1.1549719920175
-10.271356783919664 1.1532191761040442
-10.268667747299721 1.151522065021327
-10.267420960124852 1.1507537688442007
-10.264067051522229 1.1486709881592194
-10.26312753305028 1.1480798577501696
-10.259422375393795 1.14572864321606
-10.257622879866165 1.1446274901746332
-10.253768844221172 1.1422497526530613
-10.252075326384267 1.141187379827035
-10.251310550194441 1.1407035175879194
-10.249145937162993 1.139382686999868
-10.246530193362952 1.1377465779192706
-10.24325157324627 1.1356783919597788
-10.240992398048048 1.1343036795239598
-10.23618090452268 1.1313520122061478
-10.235412570232574 1.130872790414526
-10.235052130809294 1.1306532663316382
-10.234069516523117 1.1300500126174775
-10.22986258281474 1.127433375477195
-10.227386934673433 1.1259297470532674
-10.22690030946749 1.1256281407034976
-10.224293502632069 1.1239994156155317
-10.218845025655082 1.1206750324556118
-10.218729888880995 1.120603015075357
-10.218685904125604 1.1205764609892386
-10.218592964824188 1.1205199019933598
-10.213128402732874 1.1171391929018775
-10.210625601961997 1.1155778894472164
-10.207529877410842 1.1137136459371746
-10.203494279314377 1.1112639793015564
-10.202351199317246 1.1105527638190758
-10.20191730472778 1.1102921125041947
-10.201005025125696 1.109739719293147
-10.196331326871746 1.1068629805492058
-10.194109854193083 1.1055276381909351
-10.192211055276449 1.1043767817714576
-10.190705092535499 1.1034453504457078
-10.188001784631297 1.1018124266211071
-10.185885832995238 1.1005025125627945
-10.185087566820041 1.1000252321648407
-10.183417085427203 1.0990185664422913
-10.179474788828122 1.0966037573915344
-10.177650905821872 1.095477386934654
-10.173822476513696 1.0931935781389441
-10.172372465181327 1.092321781150118
-10.169338046543617 1.0904522613065133
-10.168199995178325 1.0897748757494812
-10.165829145728711 1.0883526441755924
-10.162561993248051 1.0863606078157044
-10.160994422205047 1.0854271356783727
-10.157035175879464 1.0830493909337422
-10.156885137035488 1.0829574411054388
-10.156611091335275 1.0827934058516764
-10.152711850705924 1.080402010050232
-10.151257677458485 1.0795401610707271
-10.14824120603022 1.0777384616382797
-10.145595935292366 1.0761326760614782
-10.144360881738438 1.0753768844220915
-10.140734688261192 1.0732321650595127
-10.139909434249995 1.0727322650168727
-10.136011028685123 1.0703517587939508
-10.134263502407928 1.0693202627721794
-10.130653266331727 1.0671728049946445
-10.128579418126778 1.0659191612243673
-10.127575878936034 1.0653266331658102
-10.124738258144024 1.0636366308264664
-10.122887716195637 1.0625202361479804
-10.119239152831074 1.0603015075376696
-10.117220176250582 1.059114407646999
-10.113065326633235 1.056652709811126
-10.111515068664357 1.0557193127577804
-10.110785239368777 1.055276381909529
-10.108622064924434 1.0540068785641576
-10.105818107450823 1.0523218903335065
-10.10239959983991 1.0502512562813884
-10.100130237453413 1.0489218704189112
-10.095477386934743 1.0461754366964584
-10.094405351758859 1.045532426417786
-10.093882562817154 1.0452261306532478
-10.092390366002128 1.0443441246725005
-10.088703062586204 1.042136526267547
-10.085495564615263 1.0402010050251072
-10.082996070056165 1.038741969933703
-10.07788944723625 1.0357384497608058
-10.07725258302219 1.0353578406009838
-10.076950493055241 1.0351758793969665
-10.076047291042766 1.0346495490559713
-10.071544888900913 1.0319634847217793
-10.068530072924577 1.030150753768826
-10.065819915723354 1.028574065715799
-10.060301507537758 1.0253393975216438
-10.06005894041777 1.0251949330321102
-10.059939815360108 1.0251256281406853
-10.059596846500371 1.0249242964157173
-10.054345757764263 1.0218021453049717
-10.05150599296928 1.0201005025125447
-10.048603884658087 1.018417554850024
-10.043046119719827 1.0151703917074215
-10.04288729372058 1.015075376884404
-10.042829892715824 1.0150421412053872
-10.042713567839266 1.0149742839485656
-10.037107714898253 1.0116519235251245
-10.034426045974994 1.0100502512562635
-10.031349965500462 1.0082718691534955
-10.026401559007095 1.0053896773042146
-10.025790232570666 1.0050251256281229
-10.025570200023731 1.0048981050901347
-10.025125628140774 1.00463955106832
-10.019832689714134 1.0015122681218793
-10.017212713238619 0.9999999999999822
-10.016331658291527 0.9994867777963936
-10.014060034318899 0.9981364726066628
-10.009660014629635 0.9955812532825137
-10.00864006705344 0.9949748743718416
-10.00827440314775 0.9947643844559932
-10.007537688442282 0.9943371608206633
-10.00252251596482 0.9913826551658333
-10.000108877239619 0.989949748743701
-9.996735922745524 0.9880108418860631
-9.992825485229984 0.9857462621116158
-9.991439514477598 0.9849246231155604
-9.990944451500903 0.9846404223278142
-9.98994974874379 0.9840651574167314
-9.985179194982903 0.9812625128476729
-9.982804443725627 0.9798994974874198
-9.981155778894543 0.9789444177766882
-9.979379593360685 0.9778944162544523
-9.975901922280302 0.9758858327835664
-9.97419103991118 0.9748743718592792
-9.973582135755702 0.9745257070848776
-9.972361809045298 0.9738217960207596
-9.967804294811934 0.9711513931549574
-9.965598801310698 0.9698492462311386
-9.961992471589136 0.9677867884476159
-9.958892394376162 0.9660008420399571
-9.95689676112102 0.9648241206029979
-9.956188946819125 0.9644198127537633
-9.954773869346806 0.9636055900440148
-9.95039933834064 0.9610488609766188
-9.94821053386842 0.9597989949748573
-9.945979899497559 0.9585132394289326
-9.944576090895735 0.9576875203327369
-9.941800285961268 0.9560922568647037
-9.939558822554282 0.9547738693467167
-9.938766419707793 0.9543223007582942
-9.937185929648313 0.9534150486896555
-9.93296582093 0.9509544890666657
-9.93091340712213 0.9497487437185761
-9.92713190802946 0.9475961956958221
-9.924628891685549 0.9461610185863574
-9.922179288910785 0.9447236180904355
-9.92131601329725 0.9442327542768849
-9.919597989949821 0.9432487700227146
-9.915505164083822 0.940867871281152
-9.913447777218023 0.9396984924622949
-9.910804020100574 0.9381815153083934
-9.909661308091318 0.9375124187937267
-9.907381418752216 0.9362080435486932
-9.904760134698977 0.9346733668341543
-9.903839115296948 0.9341507768211201
-9.902010050251329 0.9331054340392297
-9.89801872024068 0.9307886212090564
-9.896068794803156 0.9296482412060136
-9.892165609149478 0.9274358130355447
-9.890060989030953 0.926234223714478
-9.887303249325129 0.924623115577873
-9.886337046781026 0.9240759909412475
-9.884422110552837 0.9229837964211365
-9.880507777137266 0.9207163709256099
-9.878531826655513 0.9195979899497324
-9.87562814070359 0.9179386993836136
-9.874646066440775 0.9173660197821807
-9.872670640941214 0.9162404272035545
-9.86981044174325 0.9145728643215918
-9.868811066312848 0.9140080370477337
-9.866834170854345 0.9128826829057584
-9.862973561779448 0.9106507698577078
-9.861079790311475 0.9095477386934512
-9.857103876193337 0.9073026972541705
-9.855213331108516 0.9062274987660714
-9.852283444697125 0.9045226130653106
-9.851262373696937 0.9039465723392865
-9.849246231155853 0.902800984207615
-9.845417244053225 0.9005914837522067
-9.843477021403999 0.89949748743717
-9.840452261306606 0.8977754140256335
-9.839540179101144 0.8972455195389459
-9.83769193579584 0.8961962601914522
-9.834723918582501 0.8944723618090293
-9.833692113388194 0.8938912698287913
-9.83165829145736 0.8927376514380114
-9.827839940004193 0.8905381937389363
-9.825959989130322 0.8894472361808887
-9.821956063477858 0.887194175689749
-9.820109252111168 0.8861475106534051
-9.817133454954307 0.8844221105527481
-9.816101377584861 0.883841817459607
-9.814070351758868 0.8826916919745802
-9.810242714810808 0.8804905954811959
-9.808296521966634 0.8793969849246075
-9.805276381909621 0.8776832862051185
-9.804352568114142 0.8771483689092454
-9.802467998991371 0.8760820269910372
-9.799513579701015 0.8743718592964669
-9.798491209028715 0.873797917305513
-9.796482412060376 0.8726621657388138
-9.792626585473915 0.8704483984073157
-9.790721877855853 0.8693467336683263
-9.786730684859911 0.8671078158117469
-9.78477081796168 0.8660005639258417
-9.781865755905672 0.8643216080401857
-9.78086260353324 0.8637592848483697
-9.778894472361884 0.8626481818447518
-9.774992523242352 0.8604113250176253
-9.773002421666373 0.859296482412045
-9.770100502512637 0.8576548143421592
-9.76909136095045 0.8570722457585997
-9.767020273669075 0.8559038542141
-9.764191386410795 0.8542713567839044
-9.763216512258143 0.8537256483282611
-9.761306532663392 0.8526488955864613
-9.757341455792167 0.8503791102618283
-9.755376899802288 0.8492462311557638
-9.751435492845136 0.8470414026185535
-9.749218780483742 0.8457925876758638
-9.746491732530632 0.8442211055276232
-9.74555379179029 0.8436967630060828
-9.7437185929649 0.8426635606607089
-9.739674159457113 0.8403515323302786
-9.737605639007047 0.8391959798994826
-9.734924623115653 0.837683396333718
-9.733763797243725 0.8370150816202484
-9.73136836084432 0.835667342150745
-9.728767976442127 0.834170854271342
-9.727875221076154 0.8336724063257002
-9.726130653266408 0.8326914757501722
-9.721991495812041 0.8303283450587342
-9.719935192152828 0.8291457286432014
-9.716077209206395 0.8269930156036365
-9.713471689480347 0.825528881847184
-9.711021484056795 0.8241206030150607
-9.710181741618529 0.8236523092863139
-9.708542713567915 0.8227318240830375
-9.704294346435116 0.8203092965677197
-9.70211612798604 0.8190954773869201
-9.699748743718668 0.8177630689893771
-9.698376543835042 0.8169749716824573
-9.695531091622952 0.8153778711169313
-9.693253472245518 0.8140703517587795
-9.692474156486437 0.8136362424396326
-9.690954773869423 0.8127839149917753
-9.686583490290962 0.8102941642959136
-9.684406667950524 0.8090452261306389
-9.680662561323768 0.8069607326583998
-9.677548777609728 0.805214941485012
-9.67546508711549 0.8040201005024983
-9.674753230055954 0.8036239873924922
-9.673366834170931 0.802847090839407
-9.668859673371319 0.8002827351028179
-9.66654364826443 0.7989949748743577
-9.664572864321684 0.7978881718876281
-9.662935989676287 0.7969500905304008
-9.65952688979959 0.7950407050539745
-9.657657429449623 0.793969849246217
-9.65701969440524 0.7936153349797017
-9.655778894472439 0.7929207251983197
-9.651123610122882 0.7902748048608075
-9.648800419546028 0.7889447236180764
-9.645197526082407 0.7869428461013737
-9.641467503168057 0.7848557546739672
-9.639831556310915 0.7839195979899358
-9.63927425066999 0.7836100848767806
-9.638190954773947 0.7830042211906401
-9.633375984754004 0.7802701780817793
-9.63089692258198 0.7788944723617952
-9.6293969849247 0.7780537120380195
-9.627447838177591 0.7769388086183273
-9.623372625828857 0.774660664091769
-9.621988482511627 0.7738693467336546
-9.621517570283626 0.7736080452456058
-9.620603015075455 0.7730970099756211
-9.615617452430207 0.7702686675755848
-9.613124738344531 0.768844221105514
-9.60968756519526 0.7669377954431429
-9.605244199489265 0.7644559880808881
-9.604129181958008 0.7638190954773734
-9.60375029611176 0.7636090324102884
-9.603015075376963 0.7631985493709399
-9.59784864036772 0.7602700941375877
-9.59518399206251 0.7587939698492328
-9.594221105527716 0.7582551566037568
-9.591917319020776 0.7569396317514308
-9.587084099846694 0.7542422625548708
-9.586254588880744 0.7537688442210921
-9.58597304348974 0.7536128705607297
-9.58542713567847 0.7533083225959061
-9.580070148833592 0.7502742862629175
-9.577387263246212 0.7487437185929515
-9.574137685155394 0.7469441502571188
-9.568894136934027 0.744020004665968
-9.568365598960714 0.7437185929648109
-9.568186401171472 0.743619391481527
-9.567839195979978 0.7434258371256801
-9.562282552060354 0.7402810798851336
-9.559412259032941 0.7386934673366703
-9.559045226130731 0.7384883885661111
-9.556349223597927 0.7369511909605437
-9.550676055421324 0.7337897128913404
-9.550463070359104 0.7336683417085297
-9.550390932197226 0.7336284343040322
-9.550251256281486 0.7335506236464866
-9.544486399082727 0.7302903181371772
-9.541595019471796 0.7286432160803891
-9.538552469651414 0.7269606009179839
-9.532663316582994 0.7236809457794466
-9.532589462451623 0.7236391916326399
-9.532551273972052 0.7236180904522485
-9.532433788471263 0.7235525109917536
-9.526682214503301 0.7203018511325912
-9.5236803950284 0.7185929648241078
-9.520747934661545 0.716972234030667
-9.515075376884502 0.7138151640848394
-9.514784651267801 0.7136509036578813
-9.514638694579217 0.7135678391959672
-9.514171073374714 0.7133094667645992
-9.508870499193845 0.7103155357651572
-9.505754440167346 0.7085427135678266
-9.502936101520127 0.7069859523295072
-9.49748743718601 0.7039552562954041
-9.496972761379423 0.7036646381701397
-9.49670630844689 0.703517587939686
-9.495885239971273 0.7030598173069036
-9.491051672842103 0.7003312521240899
-9.487817775479767 0.6984924623115454
-9.485117346532766 0.6970016482986168
-9.479899497487517 0.6941009367046709
-9.47915414080039 0.6936802957368702
-9.478779504126212 0.6934673366834048
-9.477577447600268 0.6928038938584766
-9.47322613922663 0.6903488848440897
-9.469871038902538 0.6884422110552642
-9.467292114085392 0.6870191949705875
-9.462311557789025 0.6842518084570663
-9.461329264863453 0.6836977405487161
-9.460820181962369 0.6834170854271235
-9.459249226929481 0.6825421337529685
-9.455394353837985 0.6803683037849941
-9.451914901598323 0.6783919597989829
-9.449460825313322 0.6770384720210432
-9.444723618090533 0.6744075490504331
-9.443498522529236 0.6737168614740705
-9.442882133614736 0.6733668341708423
-9.440901847991437 0.6722748998568147
-9.437556705598904 0.6703893978260247
-9.433949948784262 0.6683417085427017
-9.431623857000679 0.667059371797377
-9.427135678392041 0.6645678563971691
-9.425662278635151 0.6637375542736725
-9.424897969588388 0.6633165829145611
-9.422536505314804 0.6620025334639221
-9.419713558848272 0.6604120628703543
-9.41597672860744 0.6582914572864205
-9.413781561616748 0.6570817935940774
-9.409547738693549 0.6547324485984385
-9.407820873964178 0.6537597215809567
-9.406951263543744 0.6532663316582799
-9.404154316787437 0.6517253539708197
-9.401865253388358 0.6504362018316225
-9.397995752050553 0.6482412060301392
-9.395934267344273 0.6471056436446494
-9.391959798995057 0.64490106378077
-9.389974625254773 0.6437832728992223
-9.388944012213388 0.6432160804019986
-9.38575632242829 0.6414436585257794
-9.384012104473092 0.6404617246372766
-9.38000749276019 0.638190954773858
-9.378082278050224 0.6371308351299554
-9.374371859296565 0.6350734599913554
-9.372123825154674 0.6338081246148288
-9.370990899306731 0.6331658291457174
-9.367343483068135 0.6311577216518804
-9.366154402740102 0.6304885482479952
-9.362012386800634 0.6281407035175768
-9.36022587320169 0.6271572882022571
-9.356783919598072 0.6252494151486543
-9.35426874212112 0.6238342000257084
-9.352962060255885 0.6231155778894362
-9.348916678938775 0.6208677948439227
-9.34829241408901 0.6205165966924566
-9.344010832335869 0.6180904522612956
-9.34236530772929 0.6171849300242354
-9.33919597989958 0.6154287270451198
-9.336409620269844 0.6138614293845084
-9.3350044585998 0.6130653266331549
-9.330476708169677 0.6105741061388965
-9.330426379508275 0.6105458011168157
-9.326003189242195 0.6080402010050143
-9.324500811840348 0.6072136948223692
-9.321608040201088 0.6056112133990794
-9.318546679174995 0.6038897499557576
-9.316955265929018 0.6030150753768737
-9.312814070351841 0.6007154341048055
-9.312564273919122 0.6005738829721521
-9.312031991633559 0.6002790615004372
-9.30798977865361 0.5979899497487331
-9.306632590783908 0.5972435239540728
-9.304020100502596 0.5957967119529854
-9.30068011362199 0.5939191060864797
-9.298994761531496 0.5929648241205925
-9.294699374508415 0.5906027630622184
-9.293576298121758 0.5899808805832105
-9.289970882441846 0.5879396984924519
-9.288760824569456 0.5872743659880655
-9.286432160804104 0.5859850806154183
-9.282810093315115 0.5839494492897366
-9.280926171026204 0.5829145728643113
-9.277638190954857 0.5810897076233195
-9.276831106757719 0.5806326055351381
-9.275109434485984 0.5796795082019912
-9.271946742632718 0.5778894472361706
-9.270885667641073 0.5773061767974674
-9.268844221105612 0.5761761976443749
-9.264936762541526 0.5739807383406266
-9.262964016449493 0.57286432160803
-9.258959604925815 0.5706633720312606
-9.256631848028816 0.5693750721575164
-9.25391756076008 0.5678391959798894
-9.253007248508554 0.5673389196651941
-9.25125628140712 0.5663699618695128
-9.247060300055299 0.5640129221665546
-9.244876824309792 0.5628140703517488
-9.242462311557873 0.5614746195213485
-9.24108511916664 0.560694991078031
-9.238144480601134 0.5590678415500383
-9.235883850360201 0.5577889447236082
-9.23512590902927 0.5573724969177105
-9.233668341708627 0.5565660744940475
-9.229180950307123 0.5540459309244685
-9.226914366161912 0.5527638190954676
-9.223207726691154 0.5507274406151765
-9.219647318379673 0.5487578124300523
-9.217845446705258 0.547738693467327
-9.217241523449642 0.5474069444846101
-9.216080402010135 0.5467646845405048
-9.211298562701195 0.544079807641741
-9.208809055068228 0.5427135678391863
-9.207286432160888 0.5418692833951599
-9.205327326042733 0.5407607496303033
-9.201140137458209 0.5384449208243502
-9.199802312981719 0.5376884422110457
-9.199354070886198 0.537442268332601
-9.198492462311643 0.5369657905061596
-9.193413140208131 0.5341145514696226
-9.190846346008437 0.5326633165829051
-9.18744391878355 0.5307949176770768
-9.18262291196697 0.52812915934157
-9.181754431618291 0.5276381909547645
-9.181463541779845 0.5274784711928522
-9.180904522613151 0.5271694004613909
-9.17552466201436 0.5241501683548497
-9.172722495483603 0.5226130653266239
-9.172110552763904 0.5222739054965109
-9.169557472921024 0.5208299538962331
-9.164095494580602 0.5178104858887522
-9.163701733833353 0.5175879396984833
-9.163569891884215 0.517515565707181
-9.163316582914659 0.517375549613841
-9.157633072540028 0.5141866741773802
-9.154759553474198 0.5125628140703427
-9.15166792161206 0.5108658773858021
-9.145728643216167 0.5075833483984384
-9.145674717595648 0.5075530957623497
-9.1456474499932 0.507537688442202
-9.145559278060887 0.5074892983978359
-9.139738280063527 0.5042240951433863
-9.136708843663776 0.5025125628140614
-9.133775161768074 0.5009027175996614
-9.128140703517674 0.49778944531800295
-9.127783963703566 0.4975893628470942
-9.127603530122123 0.4974874371859208
-9.127019878853057 0.49716720156745886
-9.121840155243548 0.4942624682075305
-9.11865299660081 0.4924623115577802
-9.11587905255735 0.4909405147754464
-9.110552763819182 0.48799830322245796
-9.109889839920932 0.48762659275771103
-9.10954423937316 0.4874371859296396
-9.108469156973511 0.48684186968801946
-9.10393852953492 0.484301841525574
-9.100591739556933 0.48241206030149897
-9.097979413800896 0.4809793203928683
-9.09296482412069 0.4782100742290094
-9.09199215448918 0.4776648402823618
-9.09149991183067 0.47738693467335835
-9.08990642327527 0.47651310586038065
-9.086033193494387 0.47434227493844716
-9.082524735251246 0.47236180904521774
-9.080076024257934 0.4710191976635789
-9.075376884422198 0.46842494255445466
-9.074090674419828 0.46770417198918235
-9.073419736992854 0.4673366834170771
-9.071330836331185 0.4661806696767883
-9.068123894972173 0.4643838404889431
-9.064451578866828 0.4623115577889365
-9.062168619796887 0.4610602220537414
-9.057788944723706 0.45864312582964395
-9.056185123645065 0.45774466675469316
-9.05537293788484 0.4572864321607959
-9.052741394439074 0.4558442749366156
-9.050210337185161 0.4544266229722398
-9.046371794857754 0.4522613065326553
-9.04425689144767 0.4511024818405245
-9.040201005025214 0.4488648764828058
-9.038275181049322 0.4477864163261982
-9.037269896592088 0.44723618090451467
-9.034136926951549 0.44550358716918215
-9.032292176667383 0.4444707205214682
-9.028284833535267 0.44221105527637405
-9.026340483330998 0.44114607870372335
-9.022613065326722 0.439090483190526
-9.020360478377617 0.4378295259194065
-9.019218868556393 0.43718592964823344
-9.015516084866283 0.4351582209452509
-9.014369021093488 0.4345162452295881
-9.010190067421071 0.4321608040200928
-9.008418990460434 0.43119112835374906
-9.00502512562823 0.4293202723945795
-9.002440618017404 0.42787410913790236
-9.001090401482715 0.4271356783919522
-8.99687754403813 0.4248077979376381
-8.996440499801265 0.4245633030000864
-8.99208709736446 0.4221105527638116
-8.99049216444233 0.421237701760214
-8.987437185929737 0.4195543709611744
-8.984515438554286 0.41792021210008556
-8.983033410633476 0.417085427135671
-8.978510591056205 0.41461075718568274
-8.97822478692233 0.4144533131335546
-8.973975333610358 0.41206030150753037
-8.97255966028548 0.4112858974920348
-8.969849246231245 0.4097931506771122
-8.966584411146135 0.4079679859037064
-8.964877184183402 0.40703517587938975
-8.961055276381998 0.40492530795707626
-8.960580988880487 0.4046581237800373
-8.959557832553068 0.40409477197133903
-8.955853888904722 0.40201005025124914
-8.954620849648611 0.401335895075289
-8.952261306532753 0.4000370757061136
-8.948646967130278 0.3980175930238161
-8.94681170027443 0.3969849246231085
-8.942644857415027 0.394707355885747
-8.940868526547051 0.3937298446271935
-8.937721870843903 0.3919597989949679
-8.936675186964214 0.3913878503864101
-8.93467336683426 0.3902865758950318
-8.930702550071251 0.38806919244197235
-8.928623822804651 0.3869346733668273
-8.925879396985014 0.38542134388471183
-8.924701629395733 0.3847586155782663
-8.922154786270255 0.38335793606282564
-8.91957834308643 0.3819095477386867
-8.918722076074339 0.38144193375623825
-8.917085427135769 0.38054211863258036
-8.91275055280375 0.3781229576339804
-8.910546668044228 0.37688442211054607
-8.9067506866849 0.37481207946836825
-8.90341432344146 0.372978392483601
-8.901422284102967 0.37185929648240545
-8.900760868154897 0.37149833056308523
-8.899497487437277 0.37080421005511344
-8.894790315341638 0.36817907716730414
-8.892322818129411 0.36683417085426484
-8.89070351758803 0.36594245976852946
-8.888791358164758 0.36486793930398687
-8.884644632012348 0.36259049787571396
-8.883252583239967 0.3618090452261242
-8.88279085952091 0.36155724185980276
-8.881909547738784 0.36107339628280144
-8.876821122666861 0.3582377553328193
-8.874230294202691 0.3567839195979836
-8.87082291750977 0.35492640260670427
-8.865842974869192 0.3521934702066716
-8.86506803650738 0.351758793969843
-8.864811289304512 0.35161888503720906
-8.864321608040292 0.3513502646849185
-8.85884220238982 0.3482992128132656
-8.855965361558185 0.3467336683417024
-8.855527638191045 0.3464930086508975
-8.852844580829098 0.3449876933453311
-8.84700636921504 0.341786457248773
-8.846867342065725 0.34170854271356177
-8.8468213369965 0.3416834945265048
-8.8467336683418 0.34163544517290934
-8.84085272227187 0.3383636873911158
-8.837853127092304 0.33668341708542115
-8.834855504169711 0.3350520526493064
-8.829145728643308 0.3319241104185844
-8.828829948730931 0.3317485142893881
-8.828663928253105 0.33165829145728054
-8.828141161027597 0.33137127213850626
-8.822851787599527 0.32843143469879177
-8.819638366368373 0.3266331658291399
-8.816854780869527 0.3251197395649372
-8.811557788944816 0.3222208138747584
-8.810829365481668 0.32181616119046996
-8.810457267601231 0.3216080402009993
-8.809237132726096 0.32094499556707934
-8.804838438398873 0.3185027290145568
-8.801404141175562 0.3165829145728587
-8.798841438748848 0.3151910318578519
-8.793969849246324 0.31252779067245395
-8.792815956750625 0.31188747251491833
-8.792208023152206 0.3115577889447181
-8.79028789619347 0.3105058023581888
-8.786811646477306 0.3085778641077255
-8.783148800575374 0.30653266331657747
-8.780814437126995 0.3052662268653883
-8.776381909547831 0.30284583961919775
-8.774788669362499 0.30196274916996035
-8.773972908339278 0.30150753768843686
-8.771289330603333 0.30005251513286524
-8.768770312278386 0.2986571541372811
-8.76487057343082 0.29648241206029624
-8.762772663649624 0.29534564240307226
-8.75879396984934 0.29317580802286614
-8.75674637815109 0.29204231263165514
-8.755664934750257 0.2914572864321556
-8.752236971144756 0.28958385823084587
-8.750713261533932 0.2887409346084171
-8.746567471529554 0.286432160804015
-8.744714879838579 0.2854296323218062
-8.741206030150847 0.28351866452578456
-8.738687768266816 0.28212653857131187
-8.73739485377527 0.2814070351758744
-8.73312540327865 0.27909828464096087
-8.732639051645823 0.2788296176920273
-8.728237344340313 0.2763819095477338
-8.726639699977385 0.27551859254058186
-8.723618090452355 0.2738754062322091
-8.720611539448281 0.27221579849218536
-8.71901901349006 0.27135678391959317
-8.714824120603108 0.26907090309035464
-8.714554831762538 0.26892116077425765
-8.713957643107886 0.26859665610688843
-8.709878044312434 0.26633165829145256
-8.708545849518314 0.2656128872158954
-8.706030150753863 0.2642469926708788
-8.702516360679978 0.26231047268442165
-8.70070659759527 0.26130653266331194
-8.69645823686303 0.2590162395754092
-8.694727015016168 0.2580770653096849
-8.69148724231154 0.2562814070351713
-8.690431868970226 0.2557129333452126
-8.68844221105537 0.2546344978576869
-8.684400756912224 0.25241098259078676
-8.682252876606068 0.2512562814070307
-8.679648241206124 0.24984174644176704
-8.678340919228157 0.24911723915809425
-8.675420695934084 0.24753584851523502
-8.673062409560599 0.2462311557788901
-8.672296203562137 0.24581917514881635
-8.670854271356879 0.2450390544733807
-8.666263157146357 0.24251777706804134
-8.663889818678252 0.24120603015074948
-8.660201291526523 0.2392246130455673
-8.656031926357954 0.236971074436771
-8.654600839934462 0.23618090452260887
-8.654137197902095 0.23593208559583534
-8.653266331658386 0.23546185571347245
-8.648101889019019 0.2326313339342878
-8.645346532044671 0.23115577889446826
-8.64447236180914 0.23068287983953883
-8.642037664299425 0.229338843940317
-8.636553359506678 0.2263806439939806
-8.63609963786022 0.22613065326632764
-8.6359530901979 0.22605216805546924
-8.635678391959894 0.22590415718880053
-8.629915172938952 0.22275216164417078
-8.626923266506774 0.22110552763818703
-8.623848240011446 0.21946044542388865
-8.618090452261402 0.21636154374591943
-8.617752548764713 0.21617694586624303
-8.61757692712032 0.2160804020100464
-8.616986897368534 0.2157651006120842
-8.611701115726996 0.2128808011060217
-8.608376353890973 0.2110552763819058
-8.605631106593272 0.20958996380180217
-8.60050251256291 0.20683619007121212
-8.599532235527484 0.2063073727638871
-8.599026714973881 0.20603015075376518
-8.597322423999065 0.20512155402123788
-8.593457703703313 0.20301782765693854
-8.589782608371083 0.20100502512562457
-8.587384230419161 0.1997279801099836
-8.582914572864418 0.1973340602393412
-8.58128178797559 0.19644640946572078
-8.580403454181758 0.19597989949748396
-8.577542637169628 0.19444506072754475
-8.575182795158431 0.19316385321391039
-8.571138430917063 0.19095477386934334
-8.56910544865382 0.18987511230137333
-8.565326633165926 0.18785665306634414
-8.56299902191337 0.186594680027647
-8.561779758409285 0.18592964824120273
-8.557637193946784 0.18373266560716228
-8.556874112135958 0.1833195286216247
-8.552439966624823 0.1809045226130621
-8.550792460894336 0.18003201763394738
-8.547738693467434 0.17840553904697387
-8.544681614221425 0.17675284819806691
-8.543027762860138 0.1758793969849215
-8.538944723618187 0.1737012734275858
-8.538541824565472 0.17348194818591267
-8.537606292661424 0.17298442532606195
-8.53368308424045 0.17085427135678088
-8.532442820022439 0.17019939528435302
-8.530150753768941 0.1689823626276601
-8.526327093544145 0.16692162007858258
-8.524311769124843 0.16582914572864027
-8.520182303763512 0.16365214867347966
-8.517436308556576 0.16219644709653558
-8.514863353381411 0.16080402010049966
-8.514053922170284 0.16037798921483315
-8.51256281407045 0.1595888445675273
-8.507932830067835 0.1571017470445346
-8.50541181483256 0.15577889447235904
-8.503768844221202 0.15490811697975726
-8.501782551463585 0.15383384387475108
-8.497104116112212 0.1513621236271483
-8.495976033531493 0.15075376884421843
-8.495623004843104 0.15056858870960532
-8.494974874371957 0.1502267762769094
-8.489496047464003 0.14729402233263578
-8.486587989583604 0.1457286432160778
-8.483339774896326 0.14402783172383238
-8.477386934673465 0.14089417189328923
-8.477154434323932 0.14076994625923245
-8.477027150389054 0.1407035175879372
-8.476601333936712 0.14047906023457912
-8.471013786733163 0.13749929137131112
-8.467617947333995 0.13567839195979658
-8.46485096997186 0.13423497053211442
-8.459798994974973 0.131585772365165
-8.45865895034869 0.13097899336773722
-8.458050263044418 0.13065326633165597
-8.455923461380936 0.1295459710190734
-8.452482881502915 0.12771845883838928
-8.448568525777993 0.12562814070351536
-8.446312946999667 0.12445617163974809
-8.44221105527648 0.12231399806185994
-8.440113669206873 0.12120226823811997
-8.438956127289858 0.12060301507537474
-8.435034593926803 0.11855259754689573
-8.43389997589581 0.11795248355599686
-8.429433767917308 0.11557788944723413
-8.427722317574508 0.11469240316251383
-8.424623115577988 0.11308092927708202
-8.421515169537617 0.11144074840205676
-8.419841188770043 0.11055276381909351
-8.415278773774968 0.10819745013467319
-8.41392935735125 0.10749740432573951
-8.410207266035178 0.1055276381909529
-8.409075475202089 0.10494469552735453
-8.407035175879496 0.10388873003112842
-8.402859809494307 0.1016954743871521
-8.400534260527376 0.10050251256281229
-8.39824120603025 0.0993145278605656
-8.396614742005374 0.09845465375584883
-8.392584067216278 0.09637362437332175
-8.390882120682729 0.09547738693467167
-8.39036857951482 0.09521414598215294
-8.389447236181004 0.09473964969327575
-8.384143710711909 0.09196755429770143
-8.381258723391783 0.09045226130653106
-8.377889278943641 0.08872940917478012
-8.371859296482512 0.08563194581094535
-8.371605520728712 0.08549964303661906
-8.371467104179489 0.08542713567839044
-8.370967490687754 0.0851723340227446
-8.365362740768543 0.08225816882566939
-8.36180956150702 0.08040201005024983
-8.3590982106522 0.07902290894505537
-8.35427135678402 0.0765568320006702
-8.352804183715442 0.07579607672741684
-8.35199946260433 0.07537688442210921
-8.349069364647267 0.07389060095446531
-8.346512493978627 0.07256857673836681
-8.342244417314774 0.0703517587939686
-8.340237086641498 0.06933642463512069
-8.336683417085528 0.06753121718940225
-8.333932003563636 0.06611275131494043
-8.332370250440531 0.06532663316582799
-8.32788944723628 0.06304894295295771
-8.327597475080795 0.06289749096761099
-8.3268416829222 0.06251470911916357
-8.322554454171362 0.06030150753768737
-8.321301158470268 0.05967131294247796
-8.319095477387036 0.05855766520496264
-8.31498418265016 0.05645103754865399
-8.312701472334803 0.05527638190954676
-8.30863757137086 0.05323922942888526
-8.304267663252732 0.05103986358545942
-8.302730105085715 0.05025125628140614
-8.302285356256682 0.05002902240479479
-8.301507537688543 0.0496388310313467
-8.295955597824051 0.04681239918597768
-8.292763819266154 0.04522613065326553
-8.292713567839296 0.04520091115471292
-8.289596003568002 0.043604300488136793
-8.283919597990051 0.040766317343199354
-8.283206796765391 0.04040466251788466
-8.282806990294496 0.040201005025124914
-8.281297991250636 0.039451974528149414
-8.276840774172534 0.03719840048770351
-8.272855988691902 0.0351758793969843
-8.270467238052587 0.03399428517954739
-8.26633165829156 0.031941185298372865
-8.264063875488105 0.030798691712687898
-8.262746280145388 0.030150753768843686
-8.257888014870684 0.02773828422002289
-8.257633856166493 0.02761071446215091
-8.252700819129167 0.02512562814070307
-8.251245331155404 0.024410881694320707
-8.248743718593067 0.02317821766712047
-8.244826647217566 0.02121966576270573
-8.24259623126914 0.020100502512562457
-8.238378036606502 0.018037000309155005
-8.233998913004067 0.01588770091570524
-8.232373438746 0.015075376884421843
-8.231923365094389 0.014856066541618418
-8.231155778894575 0.014480847783885586
-8.2254881996783 0.01166955960378857
-8.222234409578208 0.010050251256281229
-8.219022905521427 0.008491660877610663
-8.213567839196083 0.005836112171826002
-8.212527686895529 0.00532231199972788
-8.21192796141415 0.005025125628140614
-8.209556679325278 0.003879079950768194
-8.206041808380926 0.002150294518616036
-8.204773869346838 0.0015417261595596088
-8.201626102939558 0.