-11.229588192264684 2.
-11.226816696673042 1.9983682374186227
-11.22110552763824 1.995082837231159
-11.220981437416802 1.9950103287208245
-11.220919334972155 1.9949748743718416
-11.220736257097588 1.9948693685030836
-11.215198602277384 1.9916374417039338
-11.212311557788993 1.9899911628804903
-11.212240386906913 1.9899497487436832
-11.209385991825988 1.9882730619190427
-11.203585878353941 1.984944134662455
-11.203552660605366 1.9849246231155426
-11.20354093852737 1.9849179515190798
-11.203517587939748 1.9849045644956629
-11.197751515918613 1.981546946636298
-11.19494364895724 1.979899497487402
-11.191928853864487 1.9781854387379072
-11.186364038388971 1.9749984833300376
-11.18615227140472 1.9748743718592614
-11.186077761977995 1.9748320536487647
-11.185929648241256 1.974747318433363
-11.180278713930523 1.97146379889133
-11.177434906084477 1.9698492462311208
-11.177135678392009 1.9696777362220699
-11.174446729205924 1.968104954613075
-11.169070602671558 1.9650323760683497
-11.168714513979161 1.9648241206029802
-11.168589575832971 1.9647533013772067
-11.168341708542764 1.9646117806262797
-11.162781614545557 1.9613875932597562
-11.160062619803687 1.9597989949748396
-11.156941002916414 1.9580312138113705
-11.15170896851075 1.9550467835371217
-11.151241391833555 1.954773869346699
-11.151077771567575 1.9546812971400414
-11.150753768844272 1.954496655354185
-11.145261577120111 1.9513179413540325
-11.142486836134324 1.9497487437185583
-11.141959798995025 1.9494478088521943
-11.139413003052958 1.9479638368879355
-11.134282466772467 1.945042657412328
-11.133734836847916 1.9447236180904177
-11.133543684124094 1.9446156595251853
-11.13316582914578 1.9444007115639552
-11.12771990625617 1.9412544704307368
-11.12504672228881 1.939698492462277
-11.12186400463857 1.9379024595504815
-11.116794364220691 1.9350209310551092
-11.116196713798844 1.9346733668341365
-11.115988595823653 1.9345560221551752
-11.115577889447287 1.9343227777151828
-11.110157855573716 1.9311968223127307
-11.107410034992313 1.9296482412059959
-11.10678391959804 1.9292919435172635
-11.104295233299663 1.9278467316200336
-11.099247865640198 1.924982520118256
-11.098628824511813 1.9246231155778553
-11.09841373994518 1.924502032664603
-11.097989949748795 1.924261737108
-11.092576631160982 1.9211446524033757
-11.089910589567106 1.9195979899497146
-11.086707868591493 1.9177963160808034
-11.081646115737625 1.9149283230893799
-11.081032911667068 1.914572864321574
-11.08082030399641 1.9144533517655438
-11.080402010050303 1.9142165236473607
-11.074977394726202 1.9110976287860337
-11.072218784815027 1.9095477386934334
-11.071608040201056 1.909201227635136
-11.069103047034195 1.9077508882127514
-11.063992200816276 1.904859221769426
-11.063410662278807 1.9045226130652928
-11.063209432698661 1.9044096523947642
-11.062814070351811 1.90418611800387
-11.05736126647156 1.9010554314029386
-11.054667895944112 1.8994974874371522
-11.051481864879067 1.8977101348012244
-11.04628915021852 1.8947760816847827
-11.045763710864554 1.8944723618090116
-11.045582230704271 1.8943706189373115
-11.045226130653319 1.8941695441363962
-11.039729327707214 1.89101775130833
-11.036926456731365 1.889447236180871
-11.036432160804072 1.8891675288783363
-11.033845380622012 1.8876737534188184
-11.028539937528137 1.8846797524308192
-11.028093642318904 1.8844221105527303
-11.027939765062934 1.8843359465218423
-11.027638190954827 1.8841658661463052
-11.02208262322079 1.8809842899914573
-11.019331466320583 1.8793969849245897
-11.016194617278742 1.8776414517753306
-11.010747481523282 1.8745710679441485
-11.010401994503423 1.8743718592964491
-11.010283067450816 1.8743053403837404
-11.010050251256335 1.874174185437198
-11.00442216341537 1.870954758765727
-11.00154561153329 1.8693467336683085
-11.001256281407088 1.869183383244673
-10.998530069847885 1.8676130884425817
-10.992910129957574 1.8644495561543772
-10.992687892946135 1.8643216080401679
-10.992611576200447 1.8642789609994237
-10.992462311557842 1.8641949837372431
-10.9867460145979 1.8609297101148679
-10.98390780109663 1.8592964824120273
-10.980849871086269 1.8575891969186218
-10.975026540484762 1.854314833534004
-10.974950946199435 1.8542713567838867
-10.974925016206052 1.8542568869705427
-10.97487437185935 1.8542284248740142
-10.969056301033152 1.850908537106088
-10.966164463574058 1.849246231155746
-10.963157157362252 1.847568881098205
-10.957286432160858 1.8442711834700765
-10.957227932594142 1.8442378196895248
-10.957198840706022 1.8442211055276054
-10.957106757341613 1.8441697698649637
-10.951354658191072 1.8408907724622612
-10.948403360633247 1.8391959798994648
-10.94545290083057 1.837551863222835
-10.939698492462366 1.8343225276692996
-10.939521199139309 1.8342215095064835
-10.939430231025367 1.8341708542713242
-10.93915326702579 1.8340150755751594
-10.933641879657474 1.8308761894445809
-10.930625668072523 1.8291457286431836
-10.927737877277604 1.8275379216392604
-10.922110552763874 1.8243826513420345
-10.92180405893152 1.8242081726814297
-10.921651355014069 1.824120603015043
-10.921166890990884 1.8238509853656177
-10.915918729695477 1.8208645696921586
-10.912832521211092 1.8190954773869024
-10.910012833895063 1.8175268428641367
-10.904522613065382 1.8144509287258774
-10.904077242472137 1.8141976004996891
-10.90384833930755 1.8140703517587617
-10.903149867595323 1.8136781387673162
-10.898185944629216 1.810855702826668
-10.895025016531585 1.8090452261306211
-10.892278490621905 1.8075184212006166
-10.88693467336689 1.8045267595959213
-10.886341453679252 1.8041895918418058
-10.88604542074092 1.8040201005024805
-10.885104374314059 1.8034971579159569
-10.880444234137368 1.800849386082775
-10.877204213228259 1.79899497487434
-10.874535541400746 1.7975124583793836
-10.869346733668397 1.7946095678147982
-10.868597371108718 1.794183952834679
-10.868211672401735 1.7939698492461993
-10.867032528657953 1.7933086478146434
-10.862694282468782 1.790845423960806
-10.859371134676332 1.7889447236180587
-10.85678465536095 1.7875087632206172
-10.851758793969905 1.7846987999832091
-10.850845649106308 1.7841804965223744
-10.850389344264805 1.783919597989918
-10.848936389128687 1.7831131966067124
-10.84493674959244 1.7808436278981965
-10.841526769838083 1.7788944723617774
-10.839026477940449 1.7775071513134817
-10.834170854271413 1.7747939241771444
-10.833086918902929 1.7741790425532038
-10.832528338793288 1.7738693467336368
-10.830817956231579 1.772911375865113
-10.827172272293781 1.7708438159562476
-10.823672074621522 1.7688442211054962
-10.821261631958254 1.7675074447096861
-10.81658291457292 1.764894428758545
-10.815321789664829 1.764179416879668
-10.814690880704937 1.7638190954773556
-10.812679173570539 1.7627037409052457
-10.809401465229564 1.7608458125187454
-10.805807973207902 1.758793969849215
-10.803490718649769 1.7575094716276896
-10.798994974874429 1.7549998212464475
-10.79755084951079 1.7541814514678284
-10.796805912238314 1.7537688442210744
-10.79452192905146 1.7524908311287977
-10.791624921953485 1.7508494479989176
-10.78793535936485 1.7487437185929338
-10.785714318677119 1.7475130661640241
-10.781407035175937 1.7451096272359088
-10.779774666508564 1.7441849840126133
-10.778957276855204 1.7437185929647931
-10.776348056222515 1.7422731704066727
-10.773843215925158 1.7408545585511614
-10.770055097762587 1.7386934673366525
-10.767932993127088 1.7375180680081828
-10.763819095477444 1.735223389352048
-10.761993789663144 1.7341898576554549
-10.76105147414986 1.733668341708512
-10.758159335782299 1.732051267509899
-10.756056901515338 1.7308609857838295
-10.752168767809374 1.7286432160803713
-10.75014769459819 1.7275242049891606
-10.746231155778952 1.7253400532579528
-10.744209901738001 1.7241955916067884
-10.743197436609831 1.7236180904522307
-10.739963778324604 1.72182741117956
-10.73826894209555 1.7208678830193485
-10.734280141820927 1.71859296482409
-10.73236149645094 1.717530599003953
-10.72864321608046 1.7154571291512397
-10.726425230358103 1.714201549402337
-10.725279936321206 1.7135678391959495
-10.72176393590623 1.711602330574741
-10.720479398057865 1.7108752330028354
-10.716388834982347 1.7085427135678088
-10.714573245771232 1.7075375794565906
-10.711055276381968 1.705576127927209
-10.70863832457888 1.7042081455976934
-10.707427198942234 1.7035175879396682
-10.70355733415541 1.7013753187320804
-10.702687764212692 1.700883180074178
-10.698494562494098 1.6984924623115276
-10.696783114979143 1.6975450970841948
-10.693467336683476 1.6956965877782233
-10.690849742968787 1.694215220601869
-10.689497739048962 1.693467336683387
-10.685345810283772 1.6911469005691862
-10.684894605146177 1.6908915629230457
-10.680598179894607 1.6884422110552464
-10.67899165727457 1.6875529938296498
-10.675879396984984 1.6858180607845075
-10.673060027486777 1.684222619569451
-10.671647002586246 1.6834170854271058
-10.667131147742113 1.6809175856434289
-10.66710046847573 1.6809002250873233
-10.66270051689281 1.6783919597989652
-10.6611994090327 1.6775611164429058
-10.658291457286492 1.6759401128107019
-10.655269703400684 1.674230192423912
-10.653708816165793 1.6733668341708245
-10.649497487437245 1.6710133471634316
-10.649311649937708 1.670907367785193
-10.648920846011105 1.6706895166635718
-10.644802377013196 1.668341708542684
-10.643406889657477 1.6675693165228331
-10.640703517588 1.6660623234932812
-10.637479279111478 1.6642377939078354
-10.635863351790546 1.6633165829145433
-10.631523349708818 1.6609143623947409
-10.6307112702579 1.6604616551059435
-10.626904537104796 1.6582914572864027
-10.625614601338306 1.6575774505867464
-10.623115577889507 1.6561842863204452
-10.619689245880533 1.654245283660826
-10.617919530307669 1.653266331658262
-10.61432160804026 1.651255428723255
-10.613735595714084 1.6509212009373853
-10.612503563572611 1.6502343275677207
-10.609007746708766 1.6482412060301215
-10.607823028706662 1.6475853801685076
-10.605527638191015 1.6463056088066663
-10.601900077456536 1.6442525263261176
-10.600082335534411 1.6432160804019809
-10.595948850920667 1.6409277511367968
-10.594299260405355 1.6400079724632208
-10.59111272727853 1.6381909547738402
-10.590032638388879 1.6375929719463098
-10.587939698492523 1.6364259127647136
-10.584112229598096 1.6342593916869639
-10.58213581571243 1.6331658291456996
-10.579145728643276 1.631494207900201
-10.578163560311294 1.630933885855053
-10.57609983156437 1.6297830100233703
-10.57322017124561 1.628140703517559
-10.572243878450676 1.6276000979013743
-10.57035175879403 1.6265448346785858
-10.566326139487494 1.624265754834143
-10.564309607504368 1.6231155778894184
-10.560380150267363 1.6209394832688977
-10.557906681452339 1.619559841506078
-10.555330740923482 1.6180904522612778
-10.554457177728489 1.6176066355090066
-10.552763819095539 1.616662026181368
-10.548542225030461 1.6142714963660163
-10.546363153352704 1.6130653266331372
-10.543969849246292 1.6117267946895018
-10.542599027837285 1.610944427078783
-10.53972114502911 1.609338848328444
-10.537445067240933 1.6080402010049966
-10.536672945041978 1.6076124679635875
-10.535175879397046 1.6067771546426792
-10.530760884036257 1.6042765026227963
-10.528550356557888 1.603015075376856
-10.5248205798842 1.600948606752386
-10.521790431978731 1.5991906618287661
-10.519797816532087 1.5979899497487153
-10.519077338968726 1.5975644071000952
-10.517587939698554 1.5966780199943154
-10.513418591257985 1.5941560665321663
-10.511401967564643 1.5929648241205747
-10.508793969849307 1.5914111703825222
-10.50772092661455 1.5907588450878638
-10.505730095946811 1.5895768687629337
-10.503038083031651 1.587939698492434
-10.50204447251866 1.5873555634871197
-10.500000000000062 1.5861445751790413
-10.496361245454052 1.5839542170202963
-10.494647551486999 1.5829145728642935
-10.490639746111741 1.580563805489959
-10.489579622934691 1.579937322274188
-10.486196105657445 1.5778894472361529
-10.484954788647187 1.5771629534231195
-10.48241206030157 1.5756636592031024
-10.479248714067312 1.5737681348178008
-10.477704344887435 1.5728643216080123
-10.473618090452323 1.5704521419573245
-10.473505060221369 1.5703840531456432
-10.473291649986656 1.5702584900894658
-10.469276397391077 1.5678391959798716
-10.467811713394154 1.5669855980395644
-10.464824120603078 1.5652315342993148
-10.46208425012833 1.5635968904873732
-10.460782195206427 1.562814070351731
-10.456879193342095 1.5605440911343074
-10.45632853795871 1.5602162540505535
-10.452282599334012 1.5577889447235904
-10.450617949490509 1.5568227251276126
-10.447236180904586 1.5548453477383761
-10.444870417723905 1.5534397514327871
-10.443705650233985 1.5527638190954498
-10.440340396246672 1.550793594907474
-10.439105929260336 1.5500616225085233
-10.435218029295301 1.5477386934673092
-10.433375978911045 1.546673625551609
-10.429648241206094 1.5445024580465194
-10.427609628729662 1.5432960285467203
-10.426632833159891 1.5427135678391686
-10.423676356356994 1.5410073150251398
-10.421836236137072 1.5399204436593203
-10.418085836123224 1.537688442211028
-10.416088139034986 1.536537631488918
-10.412060301507601 1.5342004143238253
-10.410304155500098 1.5331650725850308
-10.409432855342024 1.5326633165828873
-10.40689118297026 1.5311864255722183
-10.404521725581153 1.529792069790874
-10.400889012540107 1.5276381909547467
-10.398756634607823 1.5264141130122564
-10.39447236180911 1.5239369378688439
-10.392956142388538 1.5230462708753407
-10.392224188388242 1.5226130653266061
-10.389988887535393 1.521332072676973
-10.387164538439057 1.5196758892327669
-10.383630406934707 1.5175879396984655
-10.38138354861428 1.5163024749831333
-10.376884422110617 1.513709905812675
-10.375567616223062 1.512939044323912
-10.374909696599278 1.512562814070325
-10.372973389376076 1.5114453761461704
-10.369766699682685 1.5095713234215937
-10.366312734211826 1.5075376884421843
-10.363970852178104 1.5062021542233328
-10.359296482412125 1.5035173365087493
-10.35814049584881 1.502842844689276
-10.357578623159357 1.5025125628140437
-10.355848521169747 1.5015274310305067
-10.352330127772404 1.4994778242258233
-10.348938585787502 1.497487437185903
-10.346520413590172 1.4961126169354637
-10.341708542713633 1.493357376460807
-10.340676600833532 1.492757152094934
-10.340157705047794 1.4924623115577624
-10.338618034192406 1.491579309123126
-10.33485664320521 1.4893948715034568
-10.331510438807987 1.4874371859296218
-10.329034006554021 1.4860333563470842
-10.32412060301514 1.483228288602195
-10.32317765942145 1.4826814727568216
-10.322716481063594 1.4824120603014812
-10.321285603336579 1.4816020603933202
-10.317347976330042 1.4793219708690835
-10.314030664661754 1.4773869346733406
-10.311513317727043 1.475963890556085
-10.306532663316649 1.4731284417655326
-10.30564531581012 1.4726153369042079
-10.30519652464322 1.4723618090452
-10.303854831907442 1.4715967143568554
-10.299805774502254 1.469258651649743
-10.296501536845753 1.4673366834170594
-10.293959953626121 1.4659037605576408
-10.288944723618156 1.4630563012038724
-10.288081136815949 1.4625582968752635
-10.287656377621754 1.4623115577889187
-10.286329256199584 1.4615642813836125
-10.282231608640545 1.4592044650115241
-10.278925238239863 1.4572864321607781
-10.276375446958092 1.4558525284355133
-10.271356783919664 1.4530104200433271
-10.27048661798596 1.4525099253708387
-10.27004418320106 1.4522613065326375
-10.268712349854225 1.451505753942512
-10.264626979241864 1.449158982241011
-10.261303867836926 1.447236180904497
-10.258761262428013 1.4458097757025419
-10.253768844221172 1.4429894315632383
-10.252863089228706 1.4424698424170614
-10.252415117112601 1.4422110552763563
-10.251006615219303 1.4414218469901083
-10.246992572692625 1.4391220072278008
-10.243636964206802 1.4371859296482157
-10.2411170201091 1.4357756109092392
-10.23618090452268 1.4329944281851432
-10.235209204510396 1.4324384325950135
-10.234712591682127 1.432160804020075
-10.233207490201137 1.431311257071063
-10.229327517738653 1.429093788901656
-10.22592570457856 1.4271356783919344
-10.223443440050566 1.4257498283272545
-10.218592964824188 1.4230231725738482
-10.217527526710814 1.4224149636533294
-10.216998052730625 1.4221105527637938
-10.215322543494892 1.4211761466697093
-10.211634945713385 1.4190734325958827
-10.208173196199333 1.4170854271356532
-10.20574315292562 1.4157316763356746
-10.201005025125696 1.413074028669289
-10.199819784660054 1.4123989416405527
-10.199211283782446 1.4120603015075126
-10.197355963665077 1.4110177125187642
-10.1939161458707 1.4090605699522278
-10.190381470998304 1.407035175879372
-10.188017266084938 1.405720838548591
-10.183417085427203 1.4031459935314485
-10.182087056714165 1.402390058454957
-10.181423156129876 1.4020100502512314
-10.179310472005957 1.400836732130875
-10.17617219901495 1.399054892169449
-10.17255206824617 1.3969849246230908
-10.170266832151754 1.3957170142165074
-10.165829145728711 1.393238122278186
-10.164330368018211 1.3923880211979496
-10.163557694318861 1.3919597989949501
-10.161188709262355 1.3906339600045623
-10.15840413291676 1.3890561055987956
-10.154686458526246 1.3869346733668095
-10.152492852160503 1.3857199173295855
-10.14824120603022 1.3833495240479996
-10.146550693527661 1.3823925513108284
-10.145703416478655 1.381909547738669
-10.142993236901932 1.3804101279877292
-10.140612925284207 1.3790639308951036
-10.136786047047549 1.3768844221105283
-10.134696278416639 1.3757292758005537
-10.130653266331727 1.3734793583471046
-10.12874896076056 1.372403383788435
-10.127763478879722 1.3718592964823877
-10.124726538195457 1.3701659455863107
-10.122799506469162 1.3690781022435505
-10.118852176665 1.366834170854247
-10.11687801710063 1.3657448307207058
-10.113065326633235 1.3636268317431979
-10.110926052302538 1.362420266463448
-10.109849855989413 1.3618090452261065
-10.106391019110918 1.3599021002197302
-10.104964761930317 1.3590983666559424
-10.100886130627861 1.3567839195979658
-10.099038930636834 1.3557663356830831
-10.095477386934743 1.3537911948725432
-10.093082808084606 1.352442959355579
-10.09183927943626 1.3517587939698252
-10.087989009027568 1.3496192574249184
-10.087109534472425 1.3491244833309182
-10.08288913507568 1.3467336683416846
-10.081179839846023 1.3457935561674637
-10.07788944723625 1.3439717397307067
-10.0752200274518 1.3424712340805298
-10.073872538339012 1.341708542713544
-10.069522761275998 1.3393180610106148
-10.069234626279474 1.3391562230730543
-10.064862361299554 1.3366834170854034
-10.063301525898659 1.3358262689822888
-10.060301507537758 1.3341677972204753
-10.057338471039152 1.332504873314008
-10.055794811718993 1.3316582914572628
-10.051507537688511 1.3292833561295447
-10.051345809303061 1.329191936753321
-10.050999263624965 1.3290005074821787
-10.04680692778515 1.3266331658291222
-10.045404732084464 1.3258642617590661
-10.042713567839266 1.3243787349333056
-10.039438862469984 1.3225436703064908
-10.03778064711597 1.3216080402009815
-10.033443535722624 1.319231495177596
-10.032420369055492 1.3186671262627598
-10.02872390205279 1.316582914572841
-10.027490165412562 1.315907332495187
-10.025125628140774 1.3146039551430633
-10.021521889890362 1.312587428444818
-10.019638937093038 1.3115577889447003
-10.016331658291527 1.309730963373048
-10.015524297872771 1.3092759005359884
-10.013784075860132 1.3083173454359454
-10.010614302308944 1.3065326633165597
-10.009558498055382 1.3059552891413881
-10.007537688442282 1.3048428929929372
-10.003588310075889 1.302635931507389
-10.001583554893754 1.301507537688419
-9.99758918007323 1.2993248430228652
-9.995095219829121 1.297952546656087
-9.992481631938842 1.2964824120602785
-9.991611985780247 1.2960074871927194
-9.98994974874379 1.295093402501565
-9.985641292225305 1.2926882740088477
-9.9833848015519 1.2914572864321379
-9.981155778894543 1.2902288848909897
-9.97964158233291 1.289377351207106
-9.976362511192413 1.287575218560316
-9.974327674350658 1.2864321608039972
-9.973652064707414 1.286063516329107
-9.972361809045298 1.2853548202843186
-9.967680364440119 1.2827445907773365
-9.965297878881046 1.2814070351758566
-9.961679765584673 1.2794339219650377
-9.957581310121467 1.2771840354833337
-9.956151715371297 1.276381909547716
-9.955677847872714 1.2761236299688852
-9.954773869346806 1.2756276552231123
-9.949705510402294 1.27280488647515
-9.947044921242362 1.2713567839195754
-9.945979899497559 1.2707711734015321
-9.943704384336892 1.269494368294267
-9.938753752551102 1.2667796076922313
-9.937954504682965 1.2663316582914348
-9.937689995948459 1.2661876393485363
-9.937185929648313 1.2659113705018434
-9.931717376925283 1.2628689762984457
-9.928928133793553 1.2613065326632942
-9.925716071850161 1.2595585092631971
-9.919881931381232 1.2563625331584136
-9.919737031031465 1.2562814070351536
-9.919689148367116 1.2562553617730696
-9.919597989949821 1.2562054493583164
-9.913716590184091 1.2529366813400786
-9.910804020100574 1.2513546955073451
-9.91062646398566 1.251256281407013
-9.907715441331453 1.2496261696698348
-9.902010050251329 1.2465037434844675
-9.901686014977638 1.2463237372856408
-9.901520491905107 1.2462311557788723
-9.900977761660812 1.2459362161815815
-9.895703756864265 1.2430078282613213
-9.892480838064941 1.2412060301507317
-9.889703087048948 1.2396971797232714
-9.884422110552837 1.2368096615727984
-9.883674225463661 1.2363945859766412
-9.883280271668417 1.236180904522591
-9.88203647304005 1.2354992938046516
-9.877679465235161 1.2330822489852151
-9.874230413185758 1.2311557788944505
-9.871679585373858 1.2297713747460177
-9.866834170854345 1.227124289011603
-9.865651592969655 1.2264685326619356
-9.865046414658881 1.2261306532663099
-9.86305733367274 1.2250515569287082
-9.859644286153625 1.2231597804098033
-9.855963315449467 1.2211055276381693
-9.853645495755144 1.219848594895515
-9.849246231155853 1.2174471873389328
-9.847618665775942 1.2165454206900028
-9.846759894417284 1.2160804020100286
-9.844042259127658 1.2145935528591165
-9.841598774003613 1.213240264139671
-9.837680399260003 1.211055276381888
-9.835601361632497 1.2099286849032778
-9.83165829145736 1.2077779323167421
-9.829575976604815 1.2066250978544746
-9.828508654362105 1.2060301507537474
-9.824993127513364 1.20412581819832
-9.823543467576899 1.2033235462343104
-9.819382496807485 1.2010050251256068
-9.817577340233868 1.2000030284184637
-9.814070351758868 1.198018197740411
-9.811687963949128 1.1966605817288203
-9.81048114756226 1.1959798994974662
-9.806863846877645 1.1939208981028315
-9.805811557569733 1.1933144293519353
-9.801746031390254 1.1909547738693256
-9.799973014976034 1.1899574587505661
-9.796482412060376 1.1879806922887592
-9.794100148180314 1.1866102950640602
-9.792925208174196 1.185929648241185
-9.78923977988175 1.1838603247615769
-9.788208854555354 1.183268396185908
-9.784120549501452 1.1809045226130443
-9.782355993441668 1.179915516590249
-9.778894472361884 1.1779623142580373
-9.776469241371748 1.1765723201249427
-9.775231529312796 1.1758793969849037
-9.771485156189042 1.173762449506949
-9.77056278317955 1.173234753980287
-9.766430710497035 1.1708542713567631
-9.764696616762423 1.1698856758998968
-9.761306532663392 1.167979426846805
-9.758796969037803 1.1665461639073618
-9.757549948332866 1.1658291457286225
-9.753603384749816 1.1636282463247438
-9.752875067525883 1.1632130101397706
-9.74867803793413 1.160804020100482
-9.746996092485723 1.1598675916659609
-9.7437185929649 1.1580310252842603
-9.741083873358678 1.15653167150269
-9.73972971566282 1.1557788944723413
-9.735592204184455 1.1534570691065005
-9.735145428613787 1.1532032443730902
-9.730863269892927 1.1507537688442007
-9.729254628269315 1.1498612045576557
-9.726130653266408 1.1481164453189852
-9.723331057670382 1.146528527672067
-9.721930379123117 1.14572864321606
-9.71745705590572 1.1432504725415775
-9.71737632306885 1.143204754787222
-9.712989266627039 1.1407035175879194
-9.711474767289737 1.1398657879531138
-9.708542713567915 1.138233349844496
-9.705540783676549 1.1365360862144547
-9.703987908410749 1.1356783919597788
-9.699748743718668 1.1333145173779595
-9.699574787845254 1.1332155308238265
-9.699206888428236 1.1330110133484421
-9.69505838288438 1.1306532663316382
-9.693657938874326 1.1298809334730944
-9.690954773869423 1.1283804742426877
-9.687714340373557 1.1265539788451742
-9.686082792010355 1.1256281407034976
-9.68173904526844 1.1232360803899244
-9.68084159324434 1.1227386605249023
-9.677072389037768 1.120603015075357
-9.67580539277482 1.1199062840456744
-9.673366834170931 1.1185566396853694
-9.669852941546699 1.1165818587684253
-9.668024316763889 1.1155778894472164
-9.664572864321684 1.1136645292408387
-9.663869091967067 1.1132664044487504
-9.66236266312592 1.1124338405772134
-9.659032961456361 1.1105527638190758
-9.657918306253215 1.1099415033102824
-9.655778894472439 1.1087607464207458
-9.651957730636246 1.1066193992869904
-9.650022420209268 1.1055276381909351
-9.645966038469577 1.1033061857064697
-9.643772591374749 1.1020972658773092
-9.640941687774859 1.1005025125627945
-9.639997788685434 1.0999862743023696
-9.638190954773947 1.0989917677271617
-9.634029785168792 1.0966662925361268
-9.631852231933978 1.095477386934654
-9.6293969849247 1.0941236951917555
-9.628030931298659 1.0933551251565952
-9.625073779374157 1.0917296225347144
-9.622800071712032 1.0904522613065133
-9.622044885754258 1.0900402982554267
-9.620603015075455 1.0892487444623047
-9.61607012079262 1.0867222483306112
-9.613761721366894 1.0854271356783727
-9.610064756854374 1.0834129409705415
-9.606268538309912 1.081331570888218
-9.604609537473136 1.080402010050232
-9.604060583267625 1.0801032935100432
-9.603015075376963 1.0795307801449905
-9.59807969495159 1.0767869931150553
-9.595483574702737 1.0753768844220915
-9.594221105527716 1.07468435517801
-9.592068444948486 1.073479367487801
-9.587359090645988 1.0709037459275272
-9.58637143376734 1.0703517587939508
-9.586045810634431 1.0701749945208192
-9.58542713567847 1.06983703651437
-9.58005941022846 1.0668602690086706
-9.577311868331385 1.0653266331658102
-9.574042872019632 1.0635541542973383
-9.56834757135808 1.0604467576456988
-9.568087037468334 1.0603015075376696
-9.568001444026693 1.0602551509528935
-9.567839195979978 1.0601667295180368
-9.562010117385197 1.0569418329366087
-9.559019180719961 1.055276381909529
-9.555988864055774 1.0536370654025902
-9.550251256281486 1.0505138255639954
-9.54993804180223 1.050340746132604
-9.549777136890357 1.0502512562813884
-9.54924517834446 1.0499638054422382
-9.543932618125115 1.0470314558407825
-9.54068287539069 1.0452261306532478
-9.537907199247742 1.0437278784633204
-9.532663316582994 1.0408797775215595
-9.531852405411147 1.0404326939313489
-9.531422308280286 1.0402010050251072
-9.53005016507897 1.0394543903096718
-9.525827667599065 1.0371289219638031
-9.522304040241558 1.0351758793969665
-9.519798610395236 1.0338263841081847
-9.515075376884502 1.0312666095350727
-9.513740360847589 1.0305321869222297
-9.513051457859593 1.030150753768826
-9.51075980156059 1.0289177322477085
-9.507695976675826 1.027234028200307
-9.503883949479532 1.0251256281406853
-9.501663920006816 1.0239323473347408
-9.49748743718601 1.0216735247644628
-9.495603032595591 1.0206389038240928
-9.494599426519839 1.0201005025125447
-9.491378813996873 1.018355181601363
-9.489539348230485 1.0173462594431255
-9.485425405064731 1.015075376884404
-9.483505246846354 1.014045162781879
-9.479899497487517 1.0120986834393895
-9.477442325588848 1.0107523003701688
-9.476169206424407 1.0100502512562635
-9.47191113748903 1.0077678626852666
-9.47135857627475 1.007465388831771
-9.466928928595749 1.0050251256281229
-9.465322493502613 1.0041648582813831
-9.462311557789025 1.0025425785553193
-9.459257746846545 1.0008725174121196
-9.457624934667638 0.9999999999999822
-9.453517587939778 0.997782690597167
-9.453164666053972 0.9975882720104279
-9.452366232305545 0.9971584784332741
-9.448394826291388 0.9949748743718416
-9.447116054282995 0.9942913211739954
-9.444723618090533 0.9930046599516773
-9.441049948596893 0.9909993685990264
-9.439139175508236 0.989949748743701
-9.434955651596256 0.9877154706853544
-9.432743606280146 0.9865268882264475
-9.42982407792157 0.9849246231155604
-9.428886570044803 0.9844243683576286
-9.427135678392041 0.9834844041896993
-9.422819556682695 0.9811326751186611
-9.42050337147204 0.9798994974874198
-9.418341708542794 0.9787367157655043
-9.41672448614019 0.9778489982169507
-9.413037887831468 0.9758715573272561
-9.41121762861726 0.9748743718592792
-9.41063465627979 0.9745638239774959
-9.409547738693549 0.9739813125484336
-9.404567172421338 0.9712722651660561
-9.401967340299988 0.9698492462311386
-9.398471757197877 0.9679886867446186
-9.393250941853521 0.9651930185625597
-9.392576391267987 0.9648241206029979
-9.392360904918467 0.9647095189105954
-9.391959798995057 0.9644949091606145
-9.386293374362053 0.9614179734414297
-9.383242230485664 0.9597989949748573
-9.38316582914581 0.9597580344094006
-9.380198030286033 0.9581343746921522
-9.374371859296565 0.9550196013535466
-9.37407518390831 0.9548586337433607
-9.373919930529771 0.9547738693467167
-9.37339350450625 0.9544943394066268
-9.367998719950727 0.9515696406745304
-9.364660867364194 0.9497487437185761
-9.361903850549327 0.9482859063039326
-9.356783919598072 0.9455529746991189
-9.355781585924033 0.9450099991401615
-9.355240582507298 0.9447236180904355
-9.35347081700293 0.9437770173489666
-9.349683747111733 0.9417271131726777
-9.345959255866394 0.9396984924622949
-9.343589744304406 0.9384431312037727
-9.33919597989958 0.9361013431399208
-9.337468446171785 0.9351669478992388
-9.3365615575658 0.9346733668341543
-9.333472994375922 0.9330382281131087
-9.331348975755683 0.9318902423899846
-9.327226471315441 0.9296482412060136
-9.325256220513225 0.9286059039739749
-9.321608040201088 0.9266643151148335
-9.319136262953808 0.9253293376485248
-9.317798154514787 0.924623115577873
-9.313401773336132 0.9222784679021716
-9.312994909221212 0.922058884515411
-9.308463293340974 0.9195979899497324
-9.306903772193586 0.9187740837523064
-9.304020100502596 0.9172415140218968
-9.300785519241517 0.9154970303961862
-9.299082521565431 0.9145728643215918
-9.294640446169586 0.9122276399314542
-9.293276617004432 0.9115032976078306
-9.289670481400279 0.9095477386934512
-9.288532877774404 0.9089475338447937
-9.286432160804104 0.907832576955089
-9.282416684003529 0.905669892151189
-9.280236871142566 0.9045226130653106
-9.277638190954857 0.9031404518068209
-9.276273747623662 0.90239989120301
-9.273087415280328 0.900709828629946
-9.27084877663855 0.89949748743717
-9.270144002402628 0.8991261213523085
-9.268844221105612 0.8984371535056441
-9.264030213488065 0.8958477925569
-9.261488787460497 0.8944723618090293
-9.257889753486582 0.8925770840720402
-9.252830536876205 0.8898970234577703
-9.251998903707493 0.8894472361808887
-9.251737599208395 0.8893097168090955
-9.25125628140712 0.8890549046204681
-9.245626264770282 0.8860306867347019
-9.242649911456049 0.8844221105527481
-9.23948825909033 0.8827592770151194
-9.233668341708627 0.8796803092244776
-9.233323888160475 0.87949540022408
-9.233141676147248 0.8793969849246075
-9.232514436855828 0.8790672978238074
-9.227204605865516 0.8762186409659272
-9.223783227799062 0.8743718592964669
-9.221069601370695 0.8729463737648784
-9.216080402010135 0.8703100504775829
-9.21490831150016 0.8696816166711763
-9.214269184834382 0.8693467336683263
-9.21214681887598 0.8682228527728535
-9.208766221708858 0.8664113738405508
-9.204889998823413 0.8643216080401857
-9.202634543770781 0.8631381561947178
-9.198492462311643 0.8609519837580475
-9.196476630298019 0.8598724344159381
-9.195407693605421 0.859296482412045
-9.19171537633299 0.8573601721324291
-9.190311495410914 0.8566087758983993
-9.185970846718508 0.8542713567839044
-9.184183436466679 0.8533345242543247
-9.180904522613151 0.851605856145345
-9.1780291864902 0.8500677557623213
-9.176457703706651 0.8492462311557638
-9.172110552763904 0.846949399290243
-9.171849021750468 0.8468083914883895
-9.17122944924689 0.8464819244796891
-9.167026320412633 0.8442211055276232
-9.16571661633721 0.8435353816926083
-9.163316582914659 0.8422714255851744
-9.159566308988127 0.8402674867356348
-9.157573165878325 0.8391959798994826
-9.153390124441337 0.8370069852637201
-9.150701036538926 0.8355915380778445
-9.14805694926601 0.834170854271342
-9.147234407365998 0.833740635942819
-9.145728643216167 0.8329484604419584
-9.141088314052519 0.8304715369756721
-9.138546782907756 0.8291457286432014
-9.13693467336692 0.8282957426168842
-9.134916376154372 0.8272098221755728
-9.130113250801255 0.8246841879532267
-9.12906324343208 0.8241206030150607
-9.128737120969618 0.8239501980287915
-9.128140703517674 0.8236367391118815
-9.122595505593683 0.820679819650918
-9.119642243964703 0.8190954773869201
-9.116428073423403 0.8174168174999998
-9.110552763819182 0.8143304266031199
-9.110235092578357 0.8141611149704442
-9.11006084174559 0.8140703517587795
-9.109477076938967 0.8137630126501465
-9.104088175396365 0.8108922513943009
-9.100641850082347 0.8090452261306389
-9.097925500835226 0.8076278899264855
-9.09296482412069 0.8050244357038228
-9.091737299214321 0.8043708219043184
-9.091082581673255 0.8040201005024983
-9.08880218723404 0.8028307756777409
-9.085566603266871 0.8011087522611628
-9.08161877845396 0.7989949748743577
-9.079408931148691 0.7978429615239309
-9.075376884422198 0.7957288004554961
-9.07322574906516 0.7945844593482274
-9.072043578743823 0.793969849246217
-9.06807197537294 0.7918827323750008
-9.067031057099435 0.791329245710295
-9.062573464032813 0.7889447236180764
-9.060878625332515 0.7880619577298447
-9.057788944723706 0.7864433422710997
-9.054700696270064 0.7848019546909759
-9.053050494283347 0.7839195979899358
-9.048497530823216 0.7815491620476491
-9.047302887446058 0.7809235816248936
-9.043506322975285 0.7788944723617952
-9.042334832517968 0.7782848073638657
-9.040201005025214 0.7771678913534581
-9.036162383213536 0.7750232386798483
-9.033939052122541 0.7738693467336546
-9.031407035175967 0.7725410224306746
-9.029964704621399 0.7717688783637469
-9.026494484865726 0.7699531981166583
-9.02441775227233 0.768844221105514
-9.02377778986177 0.7685114426669291
-9.022613065326722 0.7679022866730643
-9.017611040357986 0.7652482454684408
-9.014933619883564 0.7638190954773734
-9.011419064462125 0.7619922558105463
-9.005634374786073 0.7589680410371882
-9.00530812922242 0.7587939698492328
-9.005207722313878 0.7587417993676189
-9.00502512562823 0.7586463760107707
-8.999046798901832 0.7554769375714914
-8.99584395955245 0.7537688442210921
-8.992860575435655 0.7522193043622583
-8.987437185929737 0.749386328118482
-8.986649328083558 0.7489688208347172
-8.98622707307714 0.7487437185929515
-8.98474609212724 0.7479748346493809
-8.980469424042692 0.7457093820753959
-8.976733579169625 0.7437185929648109
-8.974289237548076 0.7424500240171445
-8.969849246231245 0.7401324950117436
-8.968084072209475 0.7391978027714616
-8.96710955207667 0.7386934673366703
-8.96381284145809 0.7369687802586267
-8.961879491964917 0.7359454143560518
-8.957603140094822 0.7336683417085297
-8.955705592695502 0.7326842599477441
-8.952261306532753 0.7308877700016785
-8.949506707353695 0.7294302444172631
-8.9480281028061 0.7286432160803891
-8.943283087695798 0.7261832958342351
-8.942836363036436 0.7259503750814416
-8.938453081595226 0.7236180904522485
-8.937109833152414 0.7229219572184906
-8.93467336683426 0.7216520274131515
-8.930917421398522 0.7196660920914617
-8.92884082261755 0.7185929648241078
-8.925879396985014 0.7170458843664198
-8.924700264248928 0.7164172970774905
-8.921836984242578 0.7149254269407699
-8.919283720870522 0.7135678391959672
-8.918502145089493 0.7131630626377605
-8.917085427135769 0.712425145927952
-8.912316396372246 0.709905293785976
-8.90975283173799 0.7085427135678266
-8.90610588816051 0.706654599075474
-8.900790821569068 0.7038871119773402
-8.900095366199206 0.703517587939686
-8.899882709157547 0.7034075245910367
-8.899497487437277 0.7032070081668422
-8.893703809040813 0.700147798996249
-8.89070351758803 0.6985994239453186
-8.890500410300263 0.6984924623115454
-8.887500132431823 0.6968951523992484
-8.881909547738784 0.6939860816591308
-8.881271926782187 0.6936495140995751
-8.88092882912139 0.6934673366834048
-8.879718527919248 0.6928413310206807
-8.87507983154415 0.6903935585394452
-8.871403677233113 0.6884422110552642
-8.868883165707198 0.6871389088647195
-8.864321608040292 0.6847667674800819
-8.862661950635507 0.6838912732570614
-8.861742234821838 0.6834170854271235
-8.858613098667169 0.6817860827490883
-8.856444632085797 0.6806425243574097
-8.852202116943404 0.6783919597989829
-8.850255152977459 0.6773858213316517
-8.8467336683418 0.6755556426184786
-8.844041101850596 0.6741361388826146
-8.842590434530445 0.6733668341708423
-8.83780272289064 0.6708934072430335
-8.837468009820952 0.6707195031648858
-8.832982942720735 0.6683417085427017
-8.83161625634912 0.6676358434838985
-8.829145728643308 0.6663526047256072
-8.825409539746566 0.6643840654564874
-8.823336638783964 0.6633165829145611
-8.820351758794061 0.6617625761500614
-8.819178469795565 0.6611392455286325
-8.816307823083205 0.6596486098973893
-8.813746431138656 0.6582914572864205
-8.812966635889678 0.6578889295878882
-8.811557788944816 0.6571575528495277
-8.80676742192671 0.6546350079491674
-8.804183519400633 0.6532663316582799
-8.800543826828417 0.6513880523491107
-8.795105682703628 0.6485657298750835
-8.794492857035062 0.6482412060301392
-8.794306450560141 0.6481450342261912
-8.793969849246324 0.6479703868272395
-8.788114905235075 0.6448889215480698
-8.78495504144272 0.6432160804019986
-8.781898948850223 0.6416397834584577
-8.776381909547831 0.6387780079888472
-8.775658822581173 0.6383975510500459
-8.77526846970241 0.638190954773858
-8.773884951447652 0.6374775381738065
-8.769452146815794 0.6351457613548712
-8.765710243121333 0.6331658291457174
-8.76324399140262 0.631894394416209
-8.75879396984934 0.6295872517626933
-8.757011634123261 0.6286499422964562
-8.75602091233021 0.6281407035175768
-8.752634402621672 0.6263808271668152
-8.75077930528809 0.6254054820497927
-8.74645029271898 0.6231155778894362
-8.744579617537655 0.6221516957789195
-8.741206030150847 0.6204032383673006
-8.73835576566992 0.6189048135415609
-8.736815802298759 0.6180904522612956
-8.732107923022356 0.615664785812724
-8.731360270430786 0.6152773780555636
-8.727176299526027 0.6130653266331549
-8.725906839796618 0.6124113982490798
-8.723618090452355 0.6112257080337269
-8.719691158329786 0.6091621816114623
-8.717506656189022 0.6080402010050143
-8.714824120603108 0.6066472149361468
-8.713451445394654 0.6059198311076459
-8.710073815579602 0.6041704081842276
-8.707887608501402 0.6030150753768737
-8.707224747425782 0.6026737620420395
-8.706030150753863 0.6020551585688025
-8.701017384778769 0.5994221685987604
-8.698306670835755 0.5979899497487331
-8.694785947197722 0.5961774537080613
-8.68875134902569 0.5930531492549695
-8.688584143327281 0.5929648241205925
-8.688533479747553 0.592938747351397
-8.68844221105537 0.5928915042193905
-8.68233458019922 0.5896847358799242
-8.679648241206124 0.5883061474211315
-8.678948488921675 0.5879396984924519
-8.676111559475105 0.5864376161729581
-8.670854271356879 0.5837168167504911
-8.669864649039658 0.5831973220978028
-8.669329175831846 0.5829145728643113
-8.66742470334777 0.58193469629028
-8.663642871729447 0.5799498471297229
-8.659740082798992 0.5778894472361706
-8.657428405094493 0.5767002833972832
-8.653266331658386 0.5745470983646825
-8.651189999400696 0.5734575593959415
-8.650033348767098 0.57286432160803
-8.646066486711334 0.5708072230517294
-8.644942377761353 0.5702174685218981
-8.640435778295672 0.5678391959798894
-8.638736598019195 0.5669654228200889
-8.635678391959894 0.5653838765945141
-8.63250682709655 0.563720231741276
-8.630789436205308 0.5628140703517488
-8.626253293355829 0.5604818300390555
-8.624694401714544 0.5596757874245055
-8.621117720475967 0.5577889447236082
-8.620036242478049 0.5572330046617093
-8.618090452261402 0.5562270905624134
-8.613815231720327 0.5539853106786321
-8.611431960839877 0.5527638190954676
-8.609296482412155 0.5516571947343483
-8.607570402945646 0.5507444218432571
-8.603303744370484 0.5485390454123475
-8.601786076791432 0.547738693467327
-8.601327432025803 0.5475030021922151
-8.60050251256291 0.5470766859517235
-8.595115301967647 0.5442527708664047
-8.592196116887648 0.5427135678391863
-8.588879295885503 0.5410093612617342
-8.582914572864418 0.5379272856749839
-8.582619639155865 0.5377727089849182
-8.582459797247411 0.5376884422110457
-8.581889941656604 0.5373956904373847
-8.576407114547113 0.5345225903878488
-8.57287973633159 0.5326633165829051
-8.570180043731158 0.531276627849981
-8.565326633165926 0.5287695774706682
-8.563929261167772 0.5280374400970942
-8.563171697963543 0.5276381909547645
-8.56046959271137 0.5262504651106052
-8.55769073296266 0.5247947510989857
-8.553550362423069 0.5226130653266239
-8.551472704535726 0.5215462050213979
-8.547738693467434 0.5196179745616156
-8.545230900382114 0.5183044520085742
-8.543831334565533 0.5175879396984833
-8.539017789497679 0.5150962528499816
-8.538966206159177 0.515069239015558
-8.53420807887292 0.5125628140703427
-8.53275732145878 0.5118180804446748
-8.530150753768941 0.5104724576963546
-8.52652459411749 0.5085737340569025
-8.524557510010041 0.507537688442202
-8.520268246411879 0.5053361363446509
-8.517569165103795 0.5039429488235889
-8.514852940802696 0.5025125628140614
-8.51403392122837 0.5020922464832269
-8.51256281407045 0.5013330178003539
-8.5078103628796 0.4988452803833061
-8.505156503969555 0.4974874371859208
-8.503768844221202 0.4967695471592357
-8.501563054092083 0.4956051001230275
-8.49608969427182 0.49278083152916974
-8.495484628962837 0.4924623115577802
-8.49530229414381 0.49236876305153654
-8.494974874371957 0.49219983804725675
-8.48908770696919 0.489119233759002
-8.485891934788635 0.4874371859296396
-8.48284935881275 0.48587649331841565
-8.477386934673465 0.4830587512883797
-8.476587477997288 0.48264047649469255
-8.476140823612168 0.48241206030149897
-8.474602029559367 0.4816163731260428
-8.470356744817995 0.47939556034635
-8.466539388854631 0.47738693467335835
-8.464127657109872 0.47615017406338644
-8.459798994974973 0.4739178949660774
-8.457874967477963 0.4729115311872212
-8.456830080666835 0.47236180904521774
-8.453093680030173 0.4704460047752752
-8.451617819872462 0.4696741620177951
-8.447174223655374 0.4673366834170771
-8.44539808188315 0.46642610438660004
-8.44221105527648 0.46478301145724643
-8.439154670808405 0.4631848104941012
-8.437446124364113 0.4623115577889365
-8.433417085427234 0.46022934402363624
-8.4328878075777 0.45995021721759066
-8.431571530060362 0.4592716934414742
-8.42779645654415 0.4572864321607959
-8.426660638487142 0.45670428275818065
-8.424623115577988 0.45565410494962233
-8.420426590159416 0.4534603137951052
-8.4181463016459 0.4522613065326553
-8.414169016882296 0.4502230662461413
-8.410037931906219 0.4480941111978636
-8.408406088674164 0.44723618090451467
-8.407915323168435 0.44698471025053266
-8.407035175879496 0.44653118500073763
-8.401690718582348 0.44373804307555975
-8.398785883504614 0.44221105527637405
-8.395442514433926 0.4404981186326822
-8.389447236181004 0.43740925917165097
-8.389170929990371 0.4372648742741285
-8.38902073073387 0.43718592964823344
-8.388482860908235 0.4369103938560137
-8.382947039651777 0.4340180030284442
-8.379413086556806 0.4321608040200928
-8.376708280621626 0.43077537998034554
-8.371859296482512 0.42827775459749695
-8.370446065177878 0.4275394587647048
-8.369655319521925 0.4271356783919522
-8.366924738319272 0.4257258046310266
-8.36419552708546 0.4243002011629695
-8.36002786925986 0.4221105527638116
-8.357966285958813 0.4210548587138705
-8.35427135678402 0.4191521545377661
-8.35171351055097 0.4178162403451138
-8.350322332702838 0.417085427135671
-8.345437418596733 0.4145842838467555
-8.345337758152308 0.41453297038375325
-8.340630171786456 0.41206030150753037
-8.339216490675962 0.4113365661959776
-8.336683417085528 0.4100324927532304
-8.332973223135207 0.40809523129376757
-8.33089618128311 0.40703517587938975
-8.32788944723628 0.4054835111861115
-8.326706559789642 0.40486058090721677
-8.323755354046487 0.4033414435825211
-8.32121991523358 0.40201005025124914
-8.320458844287543 0.40162051685110445
-8.319095477387036 0.40091880933232815
-8.31422514921325 0.3983764469584763
-8.311574845316471 0.3969849246231085
-8.30796797738957 0.39513908470852943
-8.302142664470209 0.39214126378972924
-8.301797000779013 0.3919597989949679
-8.30169328513114 0.39190672829708273
-8.301507537688543 0.39181115094752705
-8.295469223859945 0.3886599058892841
-8.292713567839296 0.3872542358869193
-8.292099657915262 0.3869346733668273
-8.289221603227006 0.3854198147276975
-8.283919597990051 0.3826920000794303
-8.282950639931705 0.3821863928982143
-8.28242314657304 0.3819095477386867
-8.2805300179317 0.3809410962934434
-8.2767053704465 0.3789456299801319
-8.272777490420685 0.37688442211054607
-8.27046735739176 0.3757027937962025
-8.26633165829156 0.3735755813541708
-8.264205917809187 0.37246665090594
-8.263014795647429 0.37185929648240545
-8.258892343005709 0.36973377782930505
-8.257933500110466 0.36923364462029085
-8.253359800277568 0.36683417085426484
-8.251705160001514 0.3659880447375654
-8.248743718593067 0.36446521209146177
-8.245453354030985 0.362749149386719
-8.243661189717326 0.3618090452261242
-8.239178291482425 0.3595168987724531
-8.237248603379697 0.3585247265937328
-8.233929580547507 0.3567839195979836
-8.232935156067894 0.35627552611989266
-8.231155778894575 0.3553607571256725
-8.226693036028802 0.35303386336006426
-8.224191147966364 0.351758793969843
-8.222361809045328 0.35081606896911843
-8.220427539457278 0.3497988796095015
-8.21558637950964 0.34731039414557596
-8.214486495538981 0.3467336683417024
-8.214157096720204 0.34656530904909655
-8.213567839196083 0.346262455199458
-8.207924677525003 0.34332087461958505
-8.204849346351368 0.34170854271356177
-8.201668794429352 0.3400831441616301
-8.19597989949759 0.3371596847496354
-8.195389661509372 0.3368520565106268
-8.195067957177036 0.33668341708542115
-8.193911273026822 0.336092380950916
-8.189148158470568 0.33361021746500086
-8.18542405100117 0.33165829145728054
-8.182901933303285 0.33036972759894123
-8.178391959799098 0.3280527391224819
-8.176632369876742 0.32713590580695584
-8.175673049032634 0.3266331658291399
-8.172222324408196 0.32487041286031015
-8.170363345559524 0.32390192998373557
-8.165985545894413 0.3216080402009993
-8.164126819691493 0.32065866888931804
-8.160804020100606 0.31895206979149116
-8.157866865650828 0.3174221015585097
-8.15621865154872 0.3165829145728587
-8.15201005025136 0.31441616124423977
-8.151583696300616 0.314192167173287
-8.150514272185232 0.3136429865970376
-8.146533579675221 0.3115577889447181
-8.145343303284708 0.3109500109782628
-8.143216080402114 0.3098577810363201
-8.13909299540637 0.3077106876010758
-8.136843783352193 0.30653266331657747
-8.132819381282777 0.3044780231511046
-8.128796579965787 0.3024128060490554
-8.127067874782552 0.30150753768843686
-8.126551219168324 0.30124380098423664
-8.125628140703622 0.3007699856365029
-8.120310591057757 0.29800171195911407
-8.1173248082708 0.29648241206029624
-8.116834170854375 0.2962299635048993
-8.114046564307182 0.2947663082597103
-8.10804020100513 0.2916837156290759
-8.107759350589522 0.29153752940804356
-8.107606070890403 0.2914572864321556
-8.107053817184694 0.2911754624834595
-8.101519469099209 0.28829522706285005
-8.097960062756947 0.286432160804015
-8.095265058627943 0.2850570758550708
-8.090452261306638 0.28258782944346983
-8.08898736778312 0.28182557618259363
-8.088164446076261 0.2814070351758744
-8.085304705858821 0.27993630504792666
-8.082719429766406 0.2785912899877996
-8.078496982005348 0.2763819095477338
-8.076474661151925 0.2753503839637972
-8.072864321608145 0.2734986800392285
-8.070206517290046 0.2721161565819079
-8.068755004816301 0.27135678391959317
-8.063915208652073 0.2688885477074736
-8.063524821141998 0.26868835521497925
-8.059019267705585 0.26633165829145256
-8.05767515148614 0.2656462955553138
-8.055276381909653 0.2644164165963785
-8.051416575261674 0.26240933456273385
-8.049246802156194 0.26130653266331194
-8.046482412060406 0.2598858109604363
-8.045134738335816 0.25917901948483824
-8.041740888346295 0.25743924878806634
-8.039526514136094 0.2562814070351713
-8.03886629086892 0.2559448788472398
-8.037688442211161 0.25534119894390095
-8.032617299335922 0.25270517937138504
-8.029845783519242 0.2512562814070307
-8.026344949657664 0.24947215365131825
-8.020100502512669 0.24627227413677577
-8.020049451046146 0.2462457419121824
-8.020021544990867 0.2462311557788901
-8.01992075486646 0.2461797993085444
-8.013808427395226 0.24300376589858974
-8.010368307678805 0.24120603015074948
-8.00754557667905 0.2397680261893571
-8.002512562814177 0.23718992430602626
-8.00125943976466 0.23653893967961448
-8.00057411887215 0.23618090452260887
-7.998097298949339 0.2349194005612265
-7.994989439674211 0.2333052426487443
-7.990874213803045 0.23115577889446826
-7.988735809445351 0.23006686851456326
-7.984924623115684 0.22811557687496808
-7.982458793283902 0.22683517607540793
-7.981070647622523 0.22613065326632764
-7.976230139087213 0.22364651497247845
-7.9761595064138575 0.22360984669585182
-7.971362750180343 0.22110552763818703
-7.969915268287606 0.22036878910378288
-7.967336683417191 0.21904917623690778
-7.963647553284729 0.21713443919075015
-7.961628180325039 0.2160804020100464
-7.95735656962555 0.2139067374652317
-7.95435645744485 0.21237176601794872
-7.951833644287432 0.2110552763819058
-7.951083840712298 0.2106738200980205
-7.949748743718699 0.20999090147699295
-7.944825406348986 0.207436818573683
-7.94205116933847 0.20603015075376518
-7.940954773869453 0.20546801858063812
-7.9385435963071105 0.2042064958146499
-7.932438153207983 0.2010842677507032
-7.932286221234122 0.20100502512562457
-7.932241102450072 0.20098208271709161
-7.9321608040202065 0.20094103007434505
-7.925991922014912 0.19774243721328233
-7.922611704728348 0.19597989949748396
-7.919719256942962 0.19450950160569835
-7.9145728643217135 0.19187910432482091
-7.913423314309294 0.19128321673003423
-7.91277504607205 0.19095477386934334
-7.910508108685231 0.1897934151160623
-7.907146636006369 0.1880514277598726
-7.903075170959001 0.18592964824120273
-7.900883080697154 0.1848158893629357
-7.89698492462322 0.18282460206382023
-7.894596137317519 0.18158703327183368
-7.893286089355235 0.1809045226130621
-7.8885304426055685 0.17848895632230466
-7.888289048032653 0.17836393315365484
-7.883518636107655 0.1758793969849215
-7.882034560364378 0.17512580400216482
-7.879396984924728 0.17377926177621372
-7.875756572062686 0.17189438931736412
-7.87370120817594 0.17085427135678088
-7.870603015075482 0.1692689333279258
-7.869455289029731 0.16866963027006765
-7.866535876831875 0.16717966904453707
-7.863941160898706 0.16582914572864027
-7.863173149951474 0.16543940152142955
-7.861809045226236 0.16474343863048535
-7.85690406517317 0.16220544297280437
-7.854210659899989 0.16080402010049966
-7.850611571388068 0.15897817271183534
-7.844488749937875 0.15585536430382518
-7.84434173095518 0.15577889447235904
-7.844298262052323 0.1557568497510502
-7.844221105527743 0.15571751142122636
-7.8380380214195515 0.15252036430370186
-7.834640400374961 0.15075376884421843
-7.831754255282918 0.14929060042888498
-7.82663316582925 0.1466805361147001
-7.825447168314048 0.1460674996489928
-7.824795219739511 0.1457286432160778
-7.82241980698309 0.14452482640288888
-7.8191578008092595 0.1428393361650775
-7.8150469850177355 0.1407035175879372
-7.81288269230496 0.13960709868102228
-7.809045226130758 0.13765272321650457
-7.806584144524838 0.13638155813291686
-7.805191204040749 0.13567839195979658
-7.800291112701583 0.13317721669431837
-7.8002627154161015 0.1331625551072726
-7.795429210714199 0.13065326633165597
-7.793996185544951 0.12992786658517463
-7.791457286432266 0.12863586967898044
-7.787706095499112 0.12669990954155885
-7.7856407384144575 0.12562814070351536
-7.781392648623244 0.12347862587795166
-7.778135923371113 0.12182203697175709
-7.775785779359193 0.12060301507537474
-7.7750939860580965 0.12025311812556794
-7.773869346733773 0.11963045489625834
-7.768812262539304 0.11702277064565347
-7.765945201880818 0.11557788944723413
-7.765075376884527 0.11513465014879021
-7.762507059013336 0.11379913173921796
-7.75628140703528 0.11063514413979547
-7.756178576761333 0.1105821438973642
-7.75612188195577 0.11055276381909351
-7.755914348778077 0.11044789003132127
-7.749901811880983 0.10735037966360927
-7.746382783213001 0.1055276381909529
-7.7436047020076595 0.10412442828498936
-7.7386934673367875 0.10163083871741652
-7.737284178904657 0.10090516640056357
-7.736484055163893 0.10050251256281229
-7.7336549104546535 0.09906292488220281
-7.730973749152493 0.09768302070161283
-7.726711228332729 0.09547738693467167
-7.724684660453682 0.09445477755884735
-7.721105527638295 0.09263936247607685
-7.718372049157041 0.09123325515831837
-7.71686193156081 0.09045226130653106
-7.712036117186796 0.08801839580739035
-7.7113246964371 0.0876577381061896
-7.707009297190528 0.08542713567839044
-7.7057461404887295 0.08479040637869684
-7.703517587939802 0.08366124415389464
-7.699441325098115 0.08156665657644613
-7.6971221459615995 0.08040201005024983
-7.694723618090556 0.07918411812767623
-7.693113063300577 0.07834960574760252
-7.688942702358155 0.07623775702692193
-7.687275325901437 0.07537688442210921
-7.6867881713961514 0.0751315920921547
-7.685929648241309 0.0746970912032543
-7.680491027396669 0.07190565046386599
-7.677479573468597 0.0703517587939686
-7.674170309415528 0.06868644425890835
-7.668341708542817 0.0657383387071242
-7.667826218657274 0.0654739159902693
-7.667540606675064 0.06532663316582799
-7.666486862136226 0.0647966770496593
-7.661520117020012 0.06225053368706046
-7.657738151040194 0.06030150753768737
-7.65520680787711 0.05902921067117717
-7.650753768844325 0.05677967883165547
-7.648869997255034 0.055814602363629895
-7.647824926115382 0.05527638190954676
-7.643961222595301 0.05333565440982646
-7.64252749294748 0.05260162082336173
-7.6379606701156 0.05025125628140614
-7.636221449060538 0.04937822202006181
-7.633165829145832 0.047836672239045086
-7.629891773341286 0.04616157516885
-7.628020824789736 0.04522613065326553
-7.624371859296586 0.0433814471629157
-7.623538666434024 0.042951622942783985
-7.621358986337613 0.041852746993774836
-7.618145056276012 0.040201005025124914
-7.617213059284202 0.03973381364316442
-7.615577889447339 0.03891004063982262
-7.610890364859815 0.03651517213627731
-7.608282461398997 0.0351758793969843
-7.60454410811529 0.033303262720857596
-7.598664906313594 0.030343598501628932
-7.598289107523616 0.030150753768843686
-7.598180398913295 0.0300963397218581
-7.597989949748847 0.030000538218087236
-7.591864524051404 0.026875749768543677
-7.589195979899601 0.025545457433836738
-7.588370690284346 0.02512562814070307
-7.585524954438295 0.023661929744148935
-7.580402010050355 0.02108695339292943
-7.579161890405615 0.020454822411059226
-7.578470323226332 0.020100502512562457
-7.575892068248832 0.018811947712127797
-7.572812935961867 0.017243683766846374
-7.568577262648597 0.015075376884421843
-7.5664798829416196 0.01402800185877684
-7.562814070351862 0.012188445956406113
-7.560123202893792 0.010819070530015296
-7.558577177197746 0.010050251256281229
-7.5540201005026155 0.007758959756493766
-7.5537430952123685 0.007616832810852792
-7.55300916834452 0.007248850682755048
-7.548657674740322 0.005025125628140614
-7.547407503487644 0.004401876246919123
-7.545226130653369 0.0033091292805460526
-7.541057029314486 0.0011911718111088376
-7.538723986952604 0.