-13.441739809958458 2.
-13.440446776608587 1.9990683294399005
-13.437185929648251 1.9967756823128449
-13.435387985480062 1.9954885727056118
-13.434652573852548 1.9949748743718416
-13.432915601993074 1.9937547807560723
-13.430325125414969 1.9919099785246281
-13.428391959799004 1.9905665953342302
-13.427522100289911 1.9899497487436832
-13.4252555818351 1.9883332939193004
-13.420887227431063 1.9852929766816292
-13.420372945241443 1.9849246231155426
-13.420144971445529 1.98476834268818
-13.419597989949759 1.984389491001413
-13.41506636397012 1.9811942477672995
-13.413249687923438 1.979899497487402
-13.409932474906773 1.9776359475858296
-13.408698740034778 1.9767854260831212
-13.406004345755129 1.9748743718592614
-13.40482175796856 1.9740710267971782
-13.402010050251267 1.972141475540699
-13.399681145545879 1.9705146475755173
-13.398705137833998 1.9698492462311208
-13.396345977155887 1.9682309396324413
-13.394523078960466 1.966963255257494
-13.391479230428844 1.9648241206029802
-13.389377227857631 1.9634083728015925
-13.384422110552775 1.9600372983674044
-13.384178480527865 1.9598686035533852
-13.384078996290116 1.9597989949748396
-13.383824408111124 1.9596282228486537
-13.379021870085749 1.9563167951944207
-13.376807293241546 1.954773869346699
-13.3738199149253 1.9527779424692664
-13.371164156917947 1.9509858825938906
-13.369381110070963 1.9497487437185583
-13.368616132170892 1.9492396119138125
-13.366834170854283 1.9480418663249441
-13.363412286117327 1.9457012994438339
-13.361948036563874 1.9447236180904177
-13.35833544479283 1.942295410644289
-13.358160992900192 1.942176543306303
-13.354561084119343 1.939698492462277
-13.352956519472995 1.9386384100859324
-13.34924623115579 1.9361631107580992
-13.347701741361078 1.9351146496326264
-13.347058250140003 1.9346733668341365
-13.345380601660391 1.9335689012640227
-13.342453469560297 1.9315890302332797
-13.33961293539885 1.9296482412059959
-13.337199750512013 1.9280649671903634
-13.332266489418664 1.9247968864239597
-13.332011249912822 1.9246231155778553
-13.331903925676322 1.9245529343724197
-13.331658291457298 1.9243907592313274
-13.326652399494646 1.9210282447961866
-13.32447152443667 1.9195979899497146
-13.322864321608051 1.918536492520749
-13.321352304996472 1.9175174318818096
-13.319031895402931 1.9159904482198957
-13.31693542576418 1.914572864321574
-13.316060376427068 1.9140042858449275
-13.314070351758806 1.9126988720908473
-13.310763956825468 1.9104924229601021
-13.30936226743772 1.9095477386934334
-13.305647050532688 1.9071410812002565
-13.305424316581135 1.9069929088303423
-13.301747328944648 1.9045226130652928
-13.300132596944948 1.903479703098255
-13.296482412060314 1.9010998245223663
-13.294793835014108 1.899979938021782
-13.294048847728394 1.8994974874371522
-13.292152523370985 1.8982603763830586
-13.289458777682407 1.8964791144884128
-13.286453491896253 1.8944723618090116
-13.284126023743958 1.8929776328426868
-13.278894472361822 1.8895863299889575
-13.27874729278143 1.8894892874895541
-13.278684131933353 1.889447236180871
-13.27851472081212 1.8893387357380993
-13.273417195637236 1.8859870467597553
-13.27106001736862 1.8844221105527303
-13.268045683998723 1.8824966387426176
-13.264775004736038 1.8803879769453635
-13.263278224331328 1.8793969849245897
-13.262667791563164 1.8790080538103515
-13.26130653266333 1.8781327006939375
-13.257304380021958 1.875515331479698
-13.255513994631153 1.8743718592964491
-13.252512562814083 1.8724401650560187
-13.251896246928922 1.8720353867352815
-13.250906182437864 1.8714003306606024
-13.247788181385962 1.8693467336683085
-13.246523923350734 1.8685452107009093
-13.243718592964838 1.8667501791880792
-13.241125176647808 1.8650625841307482
-13.239997299662575 1.8643216080401679
-13.236931693045936 1.8623824937776243
-13.235704901789239 1.8615861084621983
-13.232211252478763 1.8592964824120273
-13.230316312169549 1.858100579868255
-13.226130653266345 1.8554347880509523
-13.224884150959738 1.8546275003000607
-13.22432111716365 1.8542713567838867
-13.222851680136323 1.8533345073181664
-13.21946992306892 1.8511492969264394
-13.217336683417098 1.8498029547275108
-13.216472251515642 1.849246231155746
-13.214048874021495 1.847673042454705
-13.20865588060852 1.8442534389677956
-13.208606202751497 1.8442211055276054
-13.208586329345643 1.8442086438768088
-13.208542713567853 1.8441810461172299
-13.203177164842165 1.8407289938210898
-13.20081668712388 1.8391959798994648
-13.197725406503013 1.8372615134327077
-13.194381257186311 1.835149849504738
-13.1928706629303 1.8341708542713242
-13.192269305096872 1.8337952739206074
-13.190954773869361 1.8329668615251498
-13.186830316866265 1.830324144929782
-13.184947478168095 1.8291457286431836
-13.182160804020114 1.8273873696312535
-13.181349491156588 1.8268649695044061
-13.179998911310236 1.826015482197719
-13.177063304455082 1.824120603015043
-13.175900062545185 1.8233968234795235
-13.173366834170869 1.8218064578904558
-13.170432835475296 1.8199337627284953
-13.169131636149096 1.8190954773869024
-13.165523587937871 1.8168545498917599
-13.164934875140663 1.8164794829102489
-13.161188389582614 1.8140703517587617
-13.159481939737493 1.8130123388258719
-13.155778894472377 1.8106958775035418
-13.153987963066392 1.8095569208180455
-13.153164304109843 1.8090452261306211
-13.15097181021713 1.8076717734862644
-13.14849700787921 1.8061006395290997
-13.145249951584708 1.8040201005024805
-13.143018071414462 1.8026409243194585
-13.138190954773885 1.799631461110839
-13.13749874562651 1.7991927489164468
-13.137189558632912 1.79899497487434
-13.136325816271547 1.7984620781593863
-13.132014988818185 1.7957344109478282
-13.129251811144526 1.7939698492461993
-13.126511405435554 1.7922817377147249
-13.121600465631456 1.7892297094912202
-13.121153479527246 1.7889447236180587
-13.120978883552732 1.7888373326245333
-13.120603015075393 1.7886040943819648
-13.115491672819584 1.7853799814915776
-13.113121832249918 1.783919597989918
-13.111809045226146 1.7831036956970259
-13.109964717589719 1.7819339859291121
-13.10680849541258 1.7799783066576857
-13.105103346938415 1.7788944723617774
-13.104439696166294 1.7784874378505222
-13.1030150753769 1.7776059659682497
-13.098929750681252 1.7750365823609648
-13.097090730985318 1.7738693467336368
-13.093380624967164 1.7715969212225637
-13.091934809080584 1.7707035563632605
-13.089001190798072 1.7688442211054962
-13.08786327871994 1.7681481802364871
-13.085427135678408 1.766644916877988
-13.08233176170179 1.7647034880421035
-13.080888525698546 1.7638190954773556
-13.076987278410511 1.7614077076865282
-13.076765424930489 1.7612687443486204
-13.07285026336765 1.758793969849215
-13.071252096550428 1.7578188554004974
-13.067839195979916 1.7557182069111947
-13.065700105046396 1.7543800130592233
-13.06473199804936 1.7537688442210744
-13.061989511112243 1.7520975056874537
-13.06014173855143 1.75094299214393
-13.056653658802896 1.7487437185929338
-13.054608480937851 1.7474987972625264
-13.050251256281424 1.7448232764429523
-13.049037050036741 1.7440655090347024
-13.04846812211534 1.7437185929647931
-13.046921609849706 1.7427672654128736
-13.043486822354653 1.7406261627443005
-13.04041432323952 1.7386934673366525
-13.03793463879324 1.737187375276564
-13.032663316582932 1.7339577305468188
-13.032344745472798 1.733759362025693
-13.03219988823197 1.733668341708512
-13.031787449320394 1.733418093919215
-13.026802823705989 1.7303176426166411
-13.024135064001719 1.7286432160803713
-13.021232661438859 1.7268839919219658
-13.016606730289487 1.7240556199965296
-13.0159088975828 1.7236180904522307
-13.015641686278329 1.7234562877682622
-13.01507537688444 1.723110384757133
-13.010091779011734 1.7200168499305777
-13.00774424302055 1.71859296482409
-13.006281407035193 1.7176977497747563
-13.00450446790704 1.7165880989037774
-13.001375317788177 1.7146786622251584
-12.999599972444523 1.7135678391959495
-12.998921896933071 1.7131579935539145
-12.997487437185947 1.7122834962614482
-12.993354702061785 1.7097234950318558
-12.99146551342796 1.7085427135678088
-12.987750402021359 1.7062995979866935
-12.986083493592714 1.7052844439697417
-12.983253966229212 1.7035175879396682
-12.982175840850052 1.702867204121783
-12.979899497487455 1.7014821238582805
-12.976592463437196 1.6994373291830307
-12.975028629115958 1.6984924623115276
-12.971105527638208 1.6961006850854332
-12.970972481770444 1.6960179126025325
-12.970736547817644 1.695874476691582
-12.966874773402287 1.693467336683387
-12.96540650701829 1.6925830654750076
-12.962311557788963 1.6907030404080663
-12.959807812399813 1.6891575668807182
-12.958659195881008 1.6884422110552464
-12.955357581642518 1.68645536072769
-12.9541925426398 1.6857368040411522
-12.950464830268766 1.6834170854271058
-12.948615591846492 1.682305092925386
-12.944723618090471 1.6799446056701361
-12.9430022784163 1.6788837711344433
-12.942185637619195 1.6783919597989652
-12.939933827130401 1.6770234480960884
-12.937395820605952 1.6754604905949728
-12.934026165871813 1.6733668341708245
-12.93180457789943 1.6720328628829817
-12.927135678391979 1.6692052879417805
-12.926177302097337 1.6686155303411532
-12.925736271657012 1.668341708542684
-12.924464273997545 1.6675784501442736
-12.920579761868026 1.6651897019213866
-12.917560698832041 1.6633165829145433
-12.914974861098125 1.6617659765132178
-12.909547738693487 1.658483657241697
-12.909334239490253 1.6583524570587551
-12.909232664294292 1.6582914572864027
-12.90895166131844 1.6581211494649608
-12.903745718587988 1.654924051688404
-12.901070241660598 1.653266331658262
-12.898127754728277 1.6515040585916099
-12.89341374924032 1.6486566203859292
-12.892742869373063 1.6482412060301215
-12.89248985347145 1.6480897618939911
-12.891959798994995 1.6477697775662108
-12.886894962054338 1.6446631766707398
-12.884556504623797 1.6432160804019809
-12.881264493019163 1.6412467564812214
-12.877843783943554 1.6391829332444265
-12.876239848421351 1.6381909547738402
-12.875635832203056 1.6378298196576822
-12.874371859296502 1.6370676394341857
-12.870028686010523 1.6344067357988363
-12.867956175616095 1.6331658291456996
-12.865577889447255 1.6317285971070934
-12.864386234326812 1.630993739223185
-12.862237894712653 1.6296989821217425
-12.859715498191044 1.628140703517559
-12.858766907589974 1.627574135519855
-12.85678391959801 1.626379631565138
-12.853148009605636 1.6241544093158113
-12.851465541093697 1.6231155778894184
-12.847494063951599 1.6207446967316814
-12.846598360970795 1.6202054182816426
-12.84317131679287 1.6180904522612778
-12.841884159952357 1.617322400817609
-12.839195979899518 1.6157046665816148
-12.836253979995416 1.613905898034309
-12.83484725669496 1.6130653266331372
-12.830932880239946 1.610704441016117
-12.83059463566063 1.610497727930393
-12.826608708518508 1.6080402010049966
-12.824988598548293 1.6070743271914916
-12.821608040201026 1.6050417354598574
-12.819347574618533 1.6036609226861396
-12.81829956698608 1.603015075376856
-12.815252319955336 1.6011991553066585
-12.813721633666034 1.6002432087587133
-12.810375039269426 1.5979899497487153
-12.808457630952825 1.5967220839057754
-12.804020100502534 1.5937606525571155
-12.803195383708776 1.5932004574902203
-12.802839853921247 1.5929648241205747
-12.801955013242432 1.592374799189117
-12.79795606907428 1.5896722789005064
-12.795328690093292 1.587939698492434
-12.795226130653287 1.5878716464833884
-12.79268719370844 1.5861525462340342
-12.788818618825568 1.5835964180133004
-12.787814193203053 1.5829145728642935
-12.78739297595135 1.5826400542507768
-12.786432160804042 1.5820082082164033
-12.78211897792821 1.5791217852006767
-12.78029461427267 1.5778894472361529
-12.776793568147738 1.5756182052240995
-12.775484990099914 1.5747616841778305
-12.772662774821637 1.5728643216080123
-12.771491638671586 1.572107916589145
-12.76884422110555 1.5703828160756634
-12.766163164964553 1.568605212020156
-12.764979340248306 1.5678391959798716
-12.761959454404352 1.56587211977953
-12.760805983059589 1.5651107097934336
-12.757358380450597 1.562814070351731
-12.75547578091106 1.5616084990648726
-12.751256281407057 1.5588827683938566
-12.750096459746837 1.5581203223407956
-12.749596993019772 1.5577889447235904
-12.748250695051905 1.5569302057649752
-12.744733271183184 1.554627536302271
-12.741912294093849 1.5527638190954498
-12.739354984959677 1.5511390638808464
-12.734356151612623 1.5479352105827546
-12.7340574714658 1.5477386934673092
-12.73393644149356 1.5476620935287393
-12.733668341708565 1.5474909310398708
-12.728559779786751 1.5441731569596868
-12.726257402065563 1.5427135678391686
-12.724874371859318 1.5418305549768103
-12.723135700481727 1.5406977682758392
-12.720299473681731 1.5388938912600736
-12.718452773557688 1.537688442211028
-12.717711177625016 1.5372225063210436
-12.716080402010073 1.536189132903198
-12.712290278765547 1.5337462089384664
-12.710625035883401 1.5326633165828873
-12.706823189351192 1.5302831088572848
-12.70605743493504 1.5297996117043065
-12.70272136342682 1.5276381909547467
-12.701393057914766 1.526809449353837
-12.698492462311581 1.5249844115628468
-12.695930650626844 1.5233450115222453
-12.694759051182194 1.5226130653266061
-12.69165531224956 1.520659593880315
-12.690444430911947 1.5198873772412176
-12.68687008791308 1.5175879396984655
-12.684987758811763 1.5164213007845584
-12.680904522613089 1.5138693586658487
-12.67948638442438 1.512967996409956
-12.678854408471441 1.512562814070325
-12.677090650041967 1.511473136192861
-12.673994828484604 1.5095118867646091
-12.670905355409483 1.5075376884421843
-12.66850052828568 1.5060565611933034
-12.663316582914597 1.5028372813778432
-12.66296255751024 1.5026137129295742
-12.662798506820836 1.5025125628140437
-12.662357486456543 1.5022385352546
-12.657465876044473 1.4991590677202238
-12.654746353656535 1.497487437185903
-12.65452261306535 1.4973488353706301
-12.651936227868276 1.4957138415709972
-12.647478588685006 1.4929622959774482
-12.646688719190408 1.4924623115577624
-12.646382635554799 1.49227545660385
-12.645728643216104 1.4918729463779963
-12.640862233219659 1.4888275887857487
-12.638659150076878 1.4874371859296218
-12.63529936992028 1.4853918526717171
-12.632450561935878 1.4836434484209855
-12.6304937226837 1.4824120603014812
-12.629740724985952 1.4819549113105275
-12.628140703517612 1.4809756478524818
-12.62418823111893 1.4785162125015354
-12.622329711587458 1.4773869346733406
-12.619346733668365 1.4755598042395004
-12.618594150740563 1.4750893955529278
-12.617269629752512 1.4742809135975978
-12.614202793284905 1.4723618090452
-12.613030560989355 1.4716538669965615
-12.61055276381912 1.4701454156745992
-12.607447903095277 1.4682237864810146
-12.606026469106359 1.4673366834170594
-12.601942999538617 1.4648767507654865
-12.601826433605991 1.46480479499267
-12.597820858651627 1.4623115577889187
-12.596256023997952 1.4613712149668263
-12.592964824120628 1.4593776638923757
-12.590645012175669 1.4579492355736239
-12.589542779122525 1.4572864321607781
-12.58649307021712 1.4554373596169192
-12.585018546680619 1.4545316715154968
-12.58135256593002 1.4522613065326375
-12.579420739230578 1.4511059194445108
-12.575376884422136 1.4486681876835554
-12.573783075562552 1.4476915548643783
-12.57304601142102 1.447236180904497
-12.570904764183314 1.4459584322648338
-12.568151658375307 1.4442754055754508
-12.564802304381397 1.4422110552763563
-12.562528099543002 1.4408570110422536
-12.557788944723644 1.4380131222782664
-12.556865386554977 1.4374498034106917
-12.556422424833563 1.4371859296482157
-12.555183142282301 1.4364414146649755
-12.551229044517173 1.4340350612219233
-12.54817422588573 1.432160804020075
-12.545581285894913 1.4306235809144283
-12.540201005025152 1.42740890704904
-12.539895034188227 1.427223098631056
-12.539752242322459 1.4271356783919344
-12.539333138287724 1.426887716466955
-12.534253780229308 1.4238097598483206
-12.531472263530688 1.4221105527637938
-12.528583285703613 1.4204047755132354
-12.523366875600235 1.4173008014995316
-12.523013569869423 1.4170854271356532
-12.52288279049184 1.4170083628027443
-12.52261306532666 1.4168481885191628
-12.517228757091987 1.4135986752888474
-12.514619027269978 1.4120603015075126
-12.513819095477412 1.4115846469015425
-12.511536909317485 1.4101997918819933
-12.507289100023923 1.4076820257067304
-12.506223728368333 1.407035175879372
-12.505831346167383 1.4068048271538816
-12.505025125628167 1.4063278799023262
-12.500156195650812 1.403401173101905
-12.497859468302691 1.4020100502512314
-12.494443446124189 1.4000082616242278
-12.491089581874114 1.3980284663215015
-12.489363384950366 1.3969849246230908
-12.488731283789207 1.3966151823775101
-12.487437185929675 1.395852669550866
-12.483035686119322 1.393217370369336
-12.480885406886152 1.3919597989949501
-12.478643216080428 1.3906368165417957
-12.477303332760707 1.3898300599865143
-12.474771895015582 1.3883411444480664
-12.47243691869725 1.3869346733668095
-12.471585596306301 1.3864385733453473
-12.469849246231183 1.3854190840861147
-12.46587152455442 1.3830460396463158
-12.463981364714577 1.381909547738669
-12.460121203851244 1.379663862790511
-12.458344561280276 1.378622494895552
-12.455448817705081 1.3768844221105283
-12.454397811084167 1.3762739922386782
-12.45226130653269 1.375023773382913
-12.448666377171893 1.3728864191569015
-12.446897891164136 1.3718592964823877
-12.443467336683444 1.3698488446776818
-12.442899173243914 1.3695090660796119
-12.441811533825287 1.3688736471374154
-12.438402121232118 1.366834170854247
-12.437170036813695 1.3661208365743907
-12.434673366834199 1.3646645449794645
-12.43142229409104 1.3627379231527232
-12.42986693843351 1.3618090452261065
-12.425639234185743 1.359365100354668
-12.425176653126675 1.3590956984525278
-12.421299547591131 1.3567839195979658
-12.419904263030336 1.3559785379137859
-12.417085427135707 1.35433935690547
-12.414141210183596 1.352599998813285
-12.41268365798261 1.3517587939698252
-12.408445127973101 1.349290137066224
-12.408344840601696 1.349230978779973
-12.404143681320797 1.3467336683416846
-12.402602369068566 1.3458465593041558
-12.399497487437214 1.344046304279642
-12.396824953703154 1.3424721237804187
-12.395538488388429 1.341708542713544
-12.39162501060546 1.3394592636187568
-12.391022459480807 1.3391048536443773
-12.386936982115042 1.3366834170854034
-12.385266132225052 1.3357243929464522
-12.381909547738722 1.333783607304091
-12.379475254155675 1.3323538039095615
-12.378263202806757 1.3316582914572628
-12.374713043659646 1.3296021474346702
-12.37366654210579 1.3289883102956743
-12.36968179305123 1.3266331658291222
-12.36789723521365 1.3256115580652876
-12.36432160804023 1.3235496004860439
-12.362093749490686 1.322244571215137
-12.361015321481464 1.3216080402009815
-12.357712691170965 1.3197197782383343
-12.356278726594692 1.3188808807001378
-12.35238034818529 1.316582914572841
-12.35049727298614 1.3155075989601555
-12.346733668341738 1.3133427229398453
-12.344681992684084 1.3121439819897445
-12.343655104731429 1.3115577889447003
-12.340627322762463 1.3098131187791937
-12.33886056689872 1.3087821208717072
-12.335034779575766 1.3065326633165597
-12.333067758984784 1.305412083218977
-12.329145728643246 1.3031615096412832
-12.327241457775992 1.3020516150790629
-12.32631497201967 1.301507537688419
-12.323460217082996 1.2998831058140619
-12.321413538747208 1.2986916091734324
-12.317647123793096 1.2964824120602785
-12.315610130885945 1.2953246000770804
-12.311557788944754 1.2930045835225217
-12.309773545420509 1.2919670702962076
-12.308876268309957 1.2914572864321379
-12.30621456513142 1.2899306510569
-12.303939045117268 1.2886089447547073
-12.300219327965781 1.2864321608039972
-12.298125755887956 1.2852447589063702
-12.293969849246261 1.282870648309813
-12.29227958799861 1.2818899669608994
-12.291453423083565 1.2814070351758566
-12.288893473487862 1.2799566421020279
-12.286438421278104 1.278533746110047
-12.282753255410839 1.276381909547716
-12.280615935591369 1.2751721878209734
-12.27638190954777 1.2727584820179718
-12.274760854340498 1.2718199425502243
-12.273942130781803 1.2713567839195754
-12.271499967473872 1.2699619433270337
-12.268912939455223 1.2684656497464477
-12.265250690892366 1.2663316582914348
-12.263081910515183 1.2651065323868895
-12.258793969849277 1.262666931025752
-12.257218554099424 1.2617566514489669
-12.25644542305679 1.2613065326632942
-12.254036994263963 1.2599473967817758
-12.25136381315566 1.2584043089476165
-12.247713930626997 1.2562814070351536
-12.245525177937104 1.2550473648104905
-12.241206030150785 1.2525943923636635
-12.23965455614764 1.251699559693626
-12.238868004710644 1.251256281407013
-12.236510286039637 1.249914640232399
-12.233793372099925 1.2483490580791177
-12.23014510489968 1.2462311557788723
-12.227947558858027 1.2449941648058056
-12.223618090452293 1.242539687739363
-12.222069915784521 1.2416483657700947
-12.221307271676832 1.2412060301507317
-12.218921244440526 1.2398640741473699
-12.21620187029644 1.2382998245671208
-12.212545364654984 1.236180904522591
-12.210349365848735 1.2349468430668953
-12.2060301507538 1.2325022989114682
-12.204465256357517 1.2316028915791026
-12.203669135097785 1.2311557788944505
-12.20127188451028 1.2297962742534452
-12.198590291076213 1.2282563274599063
-12.194915943697945 1.2261306532663099
-12.192731637260966 1.224905102921836
-12.188442211055309 1.222481295206796
-12.186841590538064 1.221562847785953
-12.186050449096017 1.2211055276381693
-12.183564882236281 1.2197120051184474
-12.180959651073715 1.218218276290484
-12.177258302483347 1.2160804020100286
-12.175095364668067 1.2148686610639574
-12.170854271356816 1.2124757948025744
-12.16919988540766 1.2115279580816471
-12.16835559373805 1.211055276381888
-12.165802836733596 1.2096120093466824
-12.163310921324324 1.208185393620174
-12.15957384143621 1.2060301507537474
-12.157441495174348 1.2048372468920263
-12.153266331658324 1.2024849617030116
-12.151541064671145 1.2014979585505152
-12.15068572452161 1.2010050251256068
-12.148118384951568 1.1995341832093906
-12.145735810274983 1.198131477035564
-12.142155583818923 1.1959798994974662
-12.14002110856712 1.1947391233239557
-12.135678391959832 1.1921962492237705
-12.134268817161525 1.191357509525985
-12.133575790491417 1.1909547738693256
-12.131576503170253 1.1897828056437314
-12.128527580714868 1.1879727371683169
-12.125111965205727 1.185929648241185
-12.122791306709557 1.1845865469702659
-12.11809045226134 1.1818461708582095
-12.117018042940712 1.1812109252760807
-12.11650464416454 1.1809045226130443
-12.114952005178418 1.1800078234464957
-12.111266086658569 1.1778292157285524
-12.107991797922656 1.1758793969849037
-12.105509575321243 1.174448807625363
-12.100502512562848 1.1715423161136505
-12.099716639986227 1.171078806378655
-12.099326862194301 1.1708542713567631
-12.09819004077587 1.1701935651319122
-12.09395376947314 1.1677002151828244
-12.090798248607461 1.1658291457286225
-12.088178282939655 1.164325228564251
-12.082914572864356 1.1612821791776708
-12.082366906227671 1.1609604962823923
-12.082102464997169 1.160804020100482
-12.08129453262147 1.160341151459658
-12.076592916007211 1.1575850821458111
-12.073534306111464 1.1557788944723413
-12.070799648802598 1.1542151757189885
-12.065326633165864 1.151063445046745
-12.064970995330288 1.1508553796543648
-12.06479318330156 1.1507537688442007
-12.064269277321738 1.1504516671744511
-12.059185670723554 1.147483203913862
-12.056202793911284 1.14572864321606
-12.053375754516049 1.1441180543450091
-12.047738693467371 1.140883971632121
-12.047530927916354 1.1407628791739244
-12.047429816613596 1.1407035175879194
-12.047117950052815 1.1405261623266174
-12.041734046680608 1.1373940053274252
-12.038806381454348 1.1356783919597788
-12.035908554618992 1.1340333060026042
-12.03015075376888 1.1307417738612733
-12.030048601729533 1.1306824526285943
-12.029997149449406 1.1306532663316382
-12.029844108897398 1.1305656535112147
-12.024239935487412 1.1273169459267738
-12.021347594542148 1.1256281407034976
-12.018399886164163 1.1239604058195614
-12.012562814070387 1.1206350095205764
-12.01252580085584 1.120613590279513
-12.012507657420494 1.120603015075357
-12.012451198915944 1.1205711250312298
-12.006705116341681 1.117251517369704
-12.003828843157434 1.1155778894472164
-12.000851485539577 1.1138988576850215
-11.994974874371895 1.1105619355131786
-11.994964240257191 1.1105558021375623
-11.994958847649183 1.1105527638190758
-11.994942666265574 1.1105435615029844
-11.989131364961363 1.1071972123082299
-11.986252564126307 1.1055276381909351
-11.983265145393128 1.1038481494138708
-11.977386934673403 1.1005207898084883
-11.977365697859458 1.1005085802239218
-11.977355218807759 1.1005025125627945
-11.977322342266921 1.1004840575895143
-11.971520417385396 1.0971535347312278
-11.968621121289909 1.095477386934654
-11.965642490288719 1.0938078168449943
-11.95979899497491 1.090510060909331
-11.959731698775782 1.0904714887919784
-11.959697360224656 1.0904522613065133
-11.959593480144775 1.0903935427836178
-11.953873798043675 1.0871200490872965
-11.950936610943481 1.0854271356783727
-11.947985015857366 1.0837774326552445
-11.942211055276418 1.0805283124687328
-11.942063713338197 1.0804441077468665
-11.941990567063542 1.080402010050232
-11.941759330475517 1.0802729458214033
-11.936192979145247 1.077096334745283
-11.93320107457154 1.0753768844220915
-11.930294156402104 1.0737565870437553
-11.924623115577926 1.0705741957319903
-11.924363139000265 1.0704260378161399
-11.924229725971442 1.0703517587939508
-11.9238230729647 1.0701231751901714
-11.918479360795747 1.0670819916750043
-11.915416466420387 1.0653266331658102
-11.91257127651748 1.063744890126368
-11.907035175879434 1.0606464420530468
-11.90663130582528 1.060416898981714
-11.906429690567412 1.0603015075376696
-11.905787820456844 1.0599451202740724
-11.900734276402758 1.0570766389028652
-11.89758465960895 1.055276381909529
-11.894817676309916 1.0537419704441078
-11.889447236180942 1.0507438561264628
-11.888869481527916 1.050416329039396
-11.888571440446457 1.0502512562813884
-11.887656622758353 1.0497396524463634
-11.882958997643675 1.0470799130924666
-11.879707451790805 1.0452261306532478
-11.877034596196482 1.043747473592095
-11.87185929648245 1.0408653098571916
-11.871078876109625 1.0404239822744854
-11.87068729149207 1.0402010050251072
-11.869432470273804 1.0395076261083513
-11.865154739035003 1.0370914672390947
-11.861786570401906 1.0351758793969665
-11.859223221319338 1.0337610609582866
-11.854271356783958 1.031009736800387
-11.853260646123237 1.0304395282433179
-11.852736756743521 1.030150753768826
-11.851118297453667 1.029249879674457
-11.847322662137396 1.027110969468274
-11.8438236775243 1.0251256281406853
-11.841384685608467 1.0237824085626848
-11.836683417085466 1.021176127112117
-11.83541589859799 1.0204626506518233
-11.834776928251168 1.0201005025125447
-11.832716986049082 1.0189672365021494
-11.82946387942651 1.0171381019298202
-11.825820374392194 1.015075376884404
-11.823520075521456 1.013811205988838
-11.819095477386973 1.0113635229594395
-11.817545694652258 1.010493046323325
-11.816738852397663 1.0100502512562635
-11.814231368166825 1.0086605057647926
-11.811579457855983 1.0071725597798347
-11.807778205563118 1.0050251256281229
-11.805630433485268 1.0038471554004698
-11.801507537688481 1.0015710143448793
-11.799651052817802 1.0005304242487476
-11.798711168661383 0.9999999999999822
-11.795664229114719 0.9983304832646214
-11.793670422135431 0.9972140502441418
-11.789698662773525 0.9949748743718416
-11.78771676106179 0.9938899706370412
-11.78391959798999 0.9917977353061351
-11.781732952096098 0.9905745047133845
-11.780589972649118 0.989949748743701
-11.777018310024951 0.9879779521822618
-11.775737757743178 0.9872622917575065
-11.771583188494928 0.9849246231155604
-11.76978002185576 0.9839393763829136
-11.766331658291497 0.9820428604569829
-11.763792334764354 0.980625018495175
-11.762501689597668 0.9798994974874198
-11.75829631023932 0.9776036837582263
-11.757782413690515 0.9773170131738453
-11.753433071262233 0.9748743718592792
-11.751821081392597 0.9739951253451098
-11.748743718593005 0.9723056820795497
-11.745829770834513 0.9706818027335649
-11.744300845840625 0.9698492462311386
-11.739949748743758 0.9674560408165913
-11.739808828955649 0.9673769462136708
-11.739502351106022 0.967208855520572
-11.73524798526151 0.9648241206029979
-11.733839603226407 0.9640573136510282
-11.731155778894513 0.9625866028308971
-11.727845128943313 0.9607448949609143
-11.726156153721016 0.9597989949748573
-11.721821375838859 0.9574408416483324
-11.720641851083775 0.9567950156003606
-11.71702983872909 0.9547738693467167
-11.715837068794134 0.9541255180329697
-11.71356783919602 0.952884061337163
-11.709840089701617 0.9508138150026912
-11.70787747414087 0.9497487437185761
-11.704773869346774 0.9480473884633245
-11.70381398920006 0.9475104323749948
-11.701711870561445 0.9463613241086977
-11.698780221245395 0.9447236180904355
-11.697814427950217 0.9441994671039531
-11.695979899497528 0.9431974196842683
-11.691815399753127 0.9408883495321234
-11.689683715748865 0.9396984924622949
-11.685787398065605 0.9375855101004182
-11.682714649841813 0.9359084211320905
-11.680500251713514 0.9346733668341543
-11.679772414657926 0.9342789511601861
-11.678391959799036 0.9335260701159092
-11.67377177588801 0.930968293752021
-11.671331674129803 0.9296482412060136
-11.66959798994979 0.9287007666409037
-11.667742302466495 0.9276658748157418
-11.663652378000453 0.9254369321207037
-11.6621910091198 0.924623115577873
-11.661711733969865 0.9243637687580675
-11.660804020100544 0.9238694329801715
-11.6557099068115 0.9210534508894597
-11.653094394196444 0.9195979899497324
-11.64967937515123 0.91775133430711
-11.64452719447965 0.9149474683437626
-11.643853534680234 0.9145728643215918
-11.64363306372806 0.9144537262284462
-11.643216080402052 0.9142269548374564
-11.63763045479116 0.9111436317251345
-11.63467199676664 0.9095477386934512
-11.634422110552805 0.9094115560004115
-11.63159926318209 0.9078417036995852
-11.62562814070356 0.9045965761640495
-11.62553981015341 0.9045478503653532
-11.625494361268085 0.9045226130653106
-11.625343849396245 0.9044413869775063
-11.619534057194564 0.9012386541540263
-11.616396355766746 0.89949748743717
-11.613502589426348 0.8979368050310894
-11.608040201005068 0.8949720136883528
-11.607442970981568 0.8946429989586004
-11.607126013763144 0.8944723618090293
-11.606114421815475 0.8939221391834318
-11.601421327928447 0.8913383427742083
-11.598008968713891 0.8894472361808887
-11.59538995395319 0.8880364668532845
-11.590452261306575 0.8853597858377835
-11.589330532572864 0.8847426044766653
-11.588751855723649 0.8844221105527481
-11.586828744978114 0.8833868201731869
-11.583292858789932 0.8814425285007914
-11.579597220341725 0.8793969849246075
-11.577261935346675 0.8781405238564384
-11.572864321608083 0.8757594380310785
-11.571203060606024 0.8748465052970555
-11.57031924950527 0.8743718592964669
-11.567488757081987 0.8728359837175823
-11.565149220739801 0.8715510482021207
-11.561161986939187 0.8693467336683263
-11.559119091944579 0.8682488165154725
-11.555276381909591 0.8661705340837731
-11.55306110108892 0.86495454541752
-11.55191555403987 0.8643216080401857
-11.548096354505777 0.8622701716390955
-11.546990965107641 0.86166374435546
-11.54270411735835 0.859296482412045
-11.540961963012723 0.8583611907544384
-11.537688442211099 0.8565926550022924
-11.534905181503422 0.8550665741289549
-11.533421150644328 0.8542713567839044
-11.528894472361852 0.8518204434811221
-11.52882092422895 0.8517798077220915
-11.528655627174718 0.8516905524877956
-11.524224434506188 0.8492462311557638
-11.522791069864114 0.8484774976267611
-11.520100502512607 0.8470253978508948
-11.516735811898522 0.8451824457030765
-11.514992112486594 0.8442211055276232
-11.510653152212338 0.8418952228424166
-11.509181566001082 0.8411014093814728
-11.505723736789696 0.8391959798994826
-11.50460691693216 0.8385975930086129
-11.502512562814115 0.8374683746819143
-11.498553690257276 0.8353019607161523
-11.496438711115115 0.834170854271342
-11.493718592964868 0.8327008769315993
-11.492473259441978 0.8320141010352406
-11.489663430277517 0.8304996735465995
-11.487204328880765 0.8291457286432014
-11.48641101783507 0.8287210444376445
-11.484924623115623 0.8279202740163614
-11.480360209033886 0.8254247213241284
-11.477990488013361 0.8241206030150607
-11.474282143458456 0.8221361858603959
-11.470103528078184 0.8198860044329352
-11.468666412558928 0.8190954773869201
-11.468203437341032 0.8188478334086629
-11.46733668341713 0.8183812852090684
-11.462155131321085 0.8155507952147927
-11.459382098847055 0.8140703517587795
-11.458542713567883 0.8136175144322007
-11.4560796250412 0.812261528523762
-11.450501809813472 0.8092603878720199
-11.450110326973952 0.8090452261306389
-11.449984367426161 0.8089779050713464
-11.449748743718638 0.8088511787808539
-11.443938844508693 0.8056800717053401
-11.440917319171785 0.8040201005024983
-11.437866172312473 0.8023899952761191
-11.432160804020146 0.7993226484013123
-11.431766638621346 0.7991075935597287
-11.431561565393851 0.7989949748743577
-11.430872159462918 0.7986267907151499
-11.425711813071237 0.7958124180887625
-11.422355274916603 0.793969849246217
-11.419642240552625 0.7925214560373686
-11.414572864321654 0.7897980650338337
-11.413545850309184 0.7892381561930684
-11.413011114726089 0.7889447236180764
-11.411211590129616 0.7879843595632083
-11.407474488874529 0.7859477052605435
-11.403777216670154 0.7839195979899358
-11.401408272726409 0.7826557842461517
-11.396984924623162 0.7802811235943299
-11.395315277538584 0.7793715143859599
-11.394419338530806 0.7788944723617952
-11.391514787116336 0.7773315759312736
-11.389227311669206 0.7760858075776422
-11.385183841314936 0.7738693467336546
-11.383164699954435 0.7727928567251503
-11.37939698492467 0.7707715064752598
-11.377075342958802 0.7695075473814761
-11.375864841474264 0.768844221105514
-11.371783410425973 0.7666689141058862
-11.37097070953029 0.7662266027329103
-11.366575828333865 0.7638190954773734
-11.364911941931721 0.7629325535615035
-11.361809045226178 0.7612689053557338
-11.358826458035116 0.7596461376181072
-11.357223924510286 0.7587939698492328
-11.35301507537693 0.7565320929022237
-11.352714535491515 0.7563672755738526
-11.352028378455804 0.7559994936291261
-11.347953840252936 0.7537688442210921
-11.34665040729497 0.7530747580018682
-11.344221105527685 0.7517730207978062
-11.34056902339654 0.7497871706304222
-11.338662484498364 0.7487437185929515
-11.334461223731882 0.7465071306207554
-11.332253312928925 0.74532434927902
-11.329318523012349 0.7437185929648109
-11.328380493939992 0.7432193563617249
-11.326633165829193 0.7422835618879757
-11.322303429134513 0.7399305349637215
-11.319974442537237 0.7386934673366703
-11.317839195979946 0.737547227304443
-11.316199967022966 0.7366492556531661
-11.312448753923766 0.7346407782208342
-11.310670506267057 0.7336683417085297
-11.310102589290445 0.7333662379486032
-11.309045226130701 0.7328002459220828
-11.304030055053664 0.7300761221023997
-11.301409109039893 0.7286432160803891
-11.297931137674826 0.7267935442967843
-11.292616213919835 0.7239492125915703
-11.29201040361739 0.7236180904522485
-11.291817070518757 0.7235152949989487
-11.291457286432209 0.7233227981320463
-11.285749270875463 0.7202238264117495
-11.282675880259047 0.7185929648241078
-11.282663316582962 0.7185862268484371
-11.279655098075787 0.7169398930120874
-11.273869346733717 0.7138449964021927
-11.2735348212742 0.7136634178986867
-11.273359873502374 0.7135678391959672
-11.272767569929453 0.7132530458233202
-11.26746143639541 0.7103735450930575
-11.264109526353955 0.7085427135678266
-11.261372200833266 0.7070882010541011
-11.256281407035225 0.7043661908240919
-11.255256860481223 0.7038103155265434
-11.254704850559067 0.703517587939686
-11.252904896184626 0.7025528705538013
-11.249166864026089 0.7005251888855843
-11.245443634361905 0.6984924623115454
-11.243082656905965 0.6972384081489071
-11.238693467336732 0.6948925137629791
-11.236972330778935 0.6939590899856327
-11.23607144525312 0.6934673366834048
-11.23301785566048 0.691845733347332
-11.230865629338428 0.6906787361976372
-11.226767572380677 0.6884422110552642
-11.224786688253284 0.6873904508795379
-11.22110552763824 0.6854236838162437
-11.218681645833337 0.6841096230856678
-11.217374685620106 0.6834170854271235
-11.2131083398061 0.6811321746179404
-11.212558290666554 0.6808340275051785
-11.208082034891737 0.6783919597989829
-11.206484808121727 0.6775441826041311
-11.203517587939748 0.6759593796590133
-11.200385218451423 0.674261796881793
-11.198744502817515 0.6733668341708423
-11.19425978444762 0.6709867952547386
-11.193192368184265 0.6704167713835609
-11.189387601799979 0.6683417085427017
-11.188177332648712 0.6676995129977144
-11.185929648241256 0.666499375526314
-11.18208335837222 0.6644155228771433
-11.180008125183843 0.6633165829145611
-11.177135678392009 0.6617791346211668
-11.175963529602008 0.6611389197547775
-11.173264422604403 0.6596979470183175
-11.170684777917273 0.6582914572864205
-11.169864569181145 0.6578563542468832
-11.168341708542764 0.6570434519228803
-11.163776366629648 0.6545707150620279
-11.161383674228944 0.6532663316582799
-11.157662296031896 0.6512924667475302
-11.153318289956564 0.6489739263479368
-11.151974053560869 0.6482412060301392
-11.151546816233115 0.6480146210618987
-11.150753768844272 0.6475913955892132
-11.145464535498483 0.6447272899293663
-11.142609301866084 0.6432160804019986
-11.141959798995025 0.6428686131547341
-11.139356369851075 0.6414473544861998
-11.133355178059618 0.6382450544635265
-11.13325590434825 0.638190954773858
-11.133224363405295 0.6381742306997111
-11.13316582914578 0.6381429994976786
-11.127148148402295 0.6348851665009994
-11.123992803052309 0.6331658291457174
-11.121046028380206 0.6316035037363124
-11.115577889447287 0.6286862409769967
-11.114918260295026 0.6283291689896515
-11.114572351955276 0.6281407035175768
-11.113396922264755 0.6275175700368534
-11.108827479782807 0.625044266365002
-11.105287239173517 0.6231155778894362
-11.102731540005054 0.6217608378162192
-11.097989949748795 0.6192316429560965
-11.096609928272468 0.618484744111675
-11.095886115204301 0.6180904522612956
-11.093425925358545 0.6167864452926528
-11.0905027949301 0.615204513724211
-11.08657549993309 0.6130653266331549
-11.084413163995663 0.611919282648766
-11.080402010050303 0.6097800394478039
-11.078297834157098 0.6086413941173587
-11.077161218489383 0.6080402010050143
-11.073441489727085 0.606051480912666
-11.07217434977278 0.6053658354561655
-11.067857998576969 0.6030150753768737
-11.066091150285622 0.6020787668243557
-11.062814070351811 0.6003312544645434
-11.059982221948447 0.598799049292551
-11.058496498245137 0.5979899497487331
-11.05384781728429 0.5955266107113131
-11.053450062469345 0.5953145189251714
-11.049135132285917 0.5929648241205925
-11.04776573921046 0.5922392216756949
-11.045226130653319 0.5908851185269546
-11.04166332605858 0.5889576426623773
-11.039738331494783 0.5879396984924519
-11.036432160804072 0.5861724910575452
-11.035535403224657 0.5856833521296432
-11.033464586100644 0.5845792571916881
-11.030407281628952 0.5829145728643113
-11.029437161204026 0.5824005813645403
-11.027638190954827 0.5814414688401062
-11.02334137099772 0.5791171100810582
-11.021086590649302 0.5778894472361706
-11.01722003490891 0.5758409376211491
-11.01346876631852 0.5738410401972258
-11.01167480994766 0.57286432160803
-11.01110563645162 0.5725627829808051
-11.010050251256335 0.5720001495015126
-11.005016571016585 0.5692773903341033
-11.002296418212238 0.5678391959798894
-11.001256281407088 0.5672833077623061
-10.998901889038866 0.5659993166995969
-10.993463156549092 0.5631000260635339
-10.99293788805864 0.5628140703517488
-10.992771262009583 0.5627257987941086
-10.992462311557842 0.5625611070268386
-10.986688916017469 0.559438486306572
-10.983658819607363 0.5577889447236082
-10.980580940297545 0.5561584965984103
-10.97487437185935 0.5531165864670893
-10.974447584271374 0.552885758406318
-10.974216928926436 0.5527638190954676
-10.9734615559578 0.5523601574093098
-10.968358683360815 0.5496003187526224
-10.964938861919611 0.547738693467327
-10.962257556118669 0.5463183723365237
-10.957286432160858 0.5436685808442041
-10.956131004488686 0.5430436900312356
-10.955524557208863 0.5427135678391863
-10.953461396807153 0.5416207005952707
-10.95002612152254 0.5397628166791364
-10.946215382209255 0.5376884422110457
-10.943931924609304 0.5364788901690636
-10.939698492462366 0.5342223549588887
-10.937812256800978 0.5332022410575874
-10.936792799544058 0.5326633165829051
-10.933453991781658 0.5308791735312743
-10.931691400690914 0.5299259314608937
-10.927488654238878 0.5276381909547645
-10.925604210536207 0.5266400030198124
-10.922110552763874 0.5247777939455522
-10.91949150061353 0.5233613659410077
-10.918116815130565 0.5226130653266239
-10.913440017871505 0.5201357696430895
-10.913354680443629 0.5200896175042677
-10.908758933881222 0.5175879396984833
-10.907274568087365 0.5168016668350592
-10.904522613065382 0.5153347899792085
-10.901168884783475 0.5135210221508872
-10.899356303840651 0.5125628140703427
-10.895728643216135 0.5106242902038955
-10.895037876162872 0.5102476132714902
-10.89344187416675 0.5093968886707341
-10.890026458651818 0.507537688442202
-10.888943140600297 0.5069638406612285
-10.88693467336689 0.5058932424521867
-10.882844547346524 0.503681170248452
-10.88069779751544 0.5025125628140614
-10.87672057528689 0.500405750923063
-10.87343959321002 0.4986568256263837
-10.871291447217693 0.4974874371859208
-10.87061006027502 0.4971264867268861
-10.869346733668397 0.49645305816248086
-10.864518615228748 0.4938417739691081
-10.861909321415867 0.4924623115577802
-10.86055276381915 0.4917373597340724
-10.858401735729787 0.4905643281978138
-10.853432526852146 0.4879153953245652
-10.852554098882674 0.4874371859296396
-10.852275447872138 0.48728957052900146
-10.851758793969905 0.48701415151322713
-10.846191203943873 0.4840028003089367
-10.843269217408308 0.48241206030149897
-10.840081467813173 0.4807233135752824
-10.834170854271413 0.4775723998102013
-10.833946482564539 0.4774510408753221
-10.83382873035755 0.47738693467335835
-10.833428214557706 0.47717475189801384
-10.827862417276284 0.4741642196152549
-10.82455179313073 0.47236180904521774
-10.821759870155029 0.4708826788789011
-10.81658291457292 0.4681227233502039
-10.815632014163207 0.4676083692484241
-10.81513300172006 0.4673366834170771
-10.813435831104526 0.46643751671182176
-10.809532346949833 0.46432600568124727
-10.805832480351606 0.4623115577889365
-10.803437029338289 0.46104239937069114
-10.798994974874429 0.45867409162603945
-10.797316341137664 0.45776604179987146
-10.796409313129162 0.4572864321607959
-10.793439923042751 0.45569927449460224
-10.791201072282178 0.454488135844727
-10.787111403856931 0.4522613065326553
-10.78511301956508 0.4512024538500432
-10.781407035175937 0.44922645431109043
-10.77899953262538 0.44792403877610276
-10.777736294331856 0.44723618090451467
-10.77344077551279 0.44496010671504393
-10.772868659824097 0.444650591091186
-10.768388666953372 0.44221105527637405
-10.766787902295988 0.4413628247567898
-10.763819095477444 0.4397797696435113
-10.760681645046589 0.43808234405704916
-10.758986602941317 0.43718592964823344
-10.755025125628197 0.4350681975336048
-10.75455013244744 0.43480907917152223
-10.75345364139783 0.43422437133977265
-10.749664422191815 0.4321608040200928
-10.748461768865738 0.4315234859952968
-10.746231155778952 0.4303339591638107
-10.742362837231417 0.4282409122626767
-10.740333455041903 0.4271356783919522
-10.736238590078866 0.4249655715352647
-10.73347222388302 0.4234902692788287
-10.7309389431687 0.4221105527638116
-10.730134812823124 0.42168438226590776
-10.72864321608046 0.4208888855715269
-10.724043159469616 0.4183997290244834
-10.721558351138594 0.417085427135671
-10.719849246231213 0.41617161762676247
-10.717926101445878 0.4151223342602677
-10.713488165130729 0.4127554125786048
-10.712211975435206 0.41206030150753037
-10.711806834000171 0.41184557075947215
-10.711055276381968 0.4114447223227824
-10.705722445269078 0.4085588419116437
-10.702925172165337 0.40703517587938975
-10.699612577529061 0.4052793927806517
-10.693501164066605 0.4020197152178575
-10.693483420930658 0.40201005025124914
-10.693477787563094 0.4020070642856437
-10.693467336683476 0.40200148986156314
-10.687400659886283 0.39871826085087747
-10.684673366834229 0.39727549917581406
-10.68413509585949 0.3969849246231085
-10.681297976684412 0.3954367589947001
-10.675879396984984 0.39254643554297086
-10.675169975622895 0.3921624908127077
-10.674797894751022 0.3919597989949679
-10.673533408247607 0.39128951649857413
-10.669077746470164 0.38887800208534795
-10.66551049049162 0.3869346733668273
-10.66298223499873 0.3855944511633309
-10.658291457286492 0.38309220037829217
-10.656861327122627 0.38231815635693334
-10.656088991679521 0.3819095477386867
-10.653562546760556 0.3805584304455625
-10.650753624835811 0.37903808852502596
-10.646800478322186 0.37688442211054607
-10.64466526505478 0.3757524942628949
-10.640703517588 0.3736390350317791
-10.63855142819123 0.37247417916719705
-10.637422810492419 0.37185929648240545
-10.633587845448162 0.3698262472995948
-10.632428190174899 0.3691985501151507
-10.628088460550742 0.36683417085426484
-10.626346954633611 0.3659109203559492
-10.623115577889507 0.3641870247582437
-10.62024015920888 0.36263059342058934
-10.618687434016373 0.3618090452261242
-10.61432160804026 0.35947406150721584
-10.614108039665442 0.35935750194771554
-10.613615507660175 0.35909473944631554
-10.609374214911375 0.3567839195979836
-10.608027165353905 0.3560697689800154
-10.605527638191015 0.3547362729959982
-10.60192737420718 0.35278744082236724
-10.600039405215984 0.351758793969843
-10.595802174236335 0.3495123723287543
-10.59365403409347 0.34836633565625874
-10.590657473315725 0.3467336683417024
-10.589705731248818 0.3462290875541898
-10.587939698492523 0.34528690233371684
-10.583612899439718 0.3429447710143627
-10.58127649941684 0.34170854271356177
-10.579145728643276 0.34056891272362133
-10.577494572019788 0.3396677389347742
-10.573686793972273 0.33763628427920445
-10.571937919358533 0.33668341708542115
-10.571382457281583 0.33638893180326335
-10.57035175879403 0.33583905551171167
-10.565296531892509 0.33310264200057293
-10.562645567520768 0.33165829145728054
-10.559185022035026 0.32982366204599867
-10.553712878514181 0.32690432566303773
-10.55321518571414 0.3266331658291399
-10.553057117801961 0.32654936619873354
-10.552763819095539 0.32639289645488123
-10.546978037736768 0.3232611205892191
-10.543943865821433 0.3216080402009993
-10.540873282286414 0.3199802108040366
-10.535175879397046 0.31694082961316816
-10.534743085868495 0.3167065698667306
-10.534516113822933 0.3165829145728587
-10.533744838169438 0.3161740456506852
-10.528657150727678 0.3134202828502515
-10.525238406433187 0.3115577889447181
-10.522559078161134 0.31013746366969563
-10.517587939698554 0.3074856992728945
-10.516435471979719 0.30686193980767307
-10.515813068729013 0.30653266331657747
-10.513776854657294 0.30544378187621746
-10.510333570554279 0.30358021458680096
-10.506528692220012 0.30150753768843686
-10.504242100780427 0.3002955088940471
-10.500000000000062 0.29803285080711905
-10.498125052007055 0.29701811148686996
-10.497141642080145 0.29648241206029624
-10.493799183993197 0.2947107503440485
-10.492007180834175 0.2937409490509806
-10.48781472770785 0.2914572864321556
-10.485922419211816 0.29045432674351357
-10.48241206030157 0.2885821034238356
-10.479811953011868 0.2871750486010729
-10.478407501102321 0.286432160804015
-10.47381152137566 0.28397486396804084
-10.473677840176805 0.28390252664009274
-10.469095918951608 0.2814070351758744
-10.46759957697834 0.2806140476400856
-10.464824120603078 0.2791339819234109
-10.46149551450333 0.27733293986194774
-10.459749216490025 0.2763819095477338
-10.455365886802216 0.2740591364341256
-10.453832309702316 0.27324139214751586
-10.450371468008214 0.27135678391959317
-10.449273113250417 0.2707748032493562
-10.447236180904586 0.26968875366188705
-10.443175362820138 0.2674918920298657
-10.440981218673896 0.26633165829145256
-10.438442211055339 0.26497458994609513
-10.437051951111467 0.2642163126042023
-10.433840988885583 0.26250446057173793
-10.431640720921976 0.26130653266331194
-10.430942626745871 0.2609367082233751
-10.429648241206094 0.26024671010288003
-10.42485108891338 0.2576520219759466
-10.422333365787068 0.2562814070351713
-10.418733792044595 0.2543746954531736
-10.413833953897061 0.25176303923259
-10.412902961729882 0.2512562814070307
-10.412607679176372 0.25109988778738224
-10.412060301507601 0.2508081679349985
-10.406522246508075 0.24781345720732606
-10.403528556091311 0.2462311557788901
-10.403266331658354 0.2460910660040181
-10.400410955325842 0.2445344147741091
-10.39447236180911 0.24136992336920304
-10.394274038378606 0.2412626939880358
-10.394169910219325 0.24120603015074948
-10.393815438377937 0.2410183377418429
-10.388188350137394 0.23797633642881344
-10.384888468552191 0.23618090452260887
-10.382082947239516 0.23469561162863783
-10.376884422110617 0.2319263249084882
-10.375951817699946 0.231422237297517
-10.375447456452775 0.23115577889446826
-10.373793806862016 0.230272745966297
-10.369848873034947 0.22814081014509036
-10.366153085299342 0.22613065326632764
-10.363749232495891 0.22485843895668012
-10.359296482412125 0.22248726452239964
-10.357623762665156 0.22158344756589266
-10.356744917120755 0.22110552763818703
-10.35375011938328 0.2195208524870882
-10.351503244868328 0.21830704130827439
-10.347407847196571 0.2160804020100464
-10.34540923193414 0.2150230622327589
-10.341708542713633 0.21305316471755376
-10.339289285245682 0.2117464928013204
-10.337979925712766 0.2110552763819058
-10.33368182295309 0.2087619278788937
-10.333150849294377 0.20847520601640923
-10.328651733847622 0.20603015075376518
-10.327062320041966 0.2051896601746721
-10.32412060301514 0.20362447917292492
-10.320947750710548 0.20191155435550812
-10.31927926081387 0.20100502512562457
-10.3148073729824 0.1986408223639815
-10.31360226944632 0.19799978696310383
-10.30988364186835 0.19597989949748396
-10.308707822268467 0.19535842551124993
-10.306532663316649 0.19420169427308753
-10.302598474896035 0.19207882770380458
-10.300467105421038 0.19095477386934334
-10.297738693467402 0.18950042626006525
-10.296463211160955 0.18880663457140034
-10.293499597001984 0.1872310406365827
-10.291102379587835 0.18592964824120273
-10.290345012102934 0.18552956581698066
-10.288944723618156 0.18478533074447157
-10.284240721234053 0.18224852329423502
-10.28176427797199 0.1809045226130621
-10.27811040401497 0.17897491687154687
-10.27336339942711 0.17645271570133403
-10.272306661225771 0.1758793969849215
-10.271973107887895 0.1757033044225702
-10.271356783919664 0.17537594540725276
-10.265873697506303 0.17242086747488372
-10.262985195269714 0.17085427135678088
-10.259748148668262 0.16914589865761265
-10.253768844221172 0.16597108175273778
-10.253596688067313 0.16587833320117173
-10.25350595769656 0.16582914572864027
-10.25319539445659 0.16566530293875914
-10.247496430456518 0.16259613831897202
-10.244189451630895 0.16080402010049966
-10.241375279524135 0.15931991295722625
-10.23618090452268 0.1565640766533818
-10.23522806240454 0.15605113507754176
-10.234710615835667 0.15577889447235904
-10.233003159025138 0.15487096718734694
-10.229107574335778 0.15277472032618977
-10.22537528392387 0.15075376884421843
-10.22299071273761 0.1494972694403831
-10.218592964824188 0.14716602909311938
-10.216847701762935 0.1462272898050072
-10.21592639316421 0.1457286432160778
-10.212764898592244 0.1440634814355226
-10.210706478930327 0.14295679927189742
-10.206541333291659 0.1407035175879372
-10.204593722481238 0.13967817548635342
-10.201005025125696 0.1377775619635795
-10.198454698032561 0.1364070568435496
-10.197067250697184 0.13567839195979658
-10.192476342613157 0.13324162552764296
-10.192292109980434 0.13314267065887364
-10.18768589653633 0.13065326633165597
-10.186183228958676 0.12986293960837791
-10.183417085427203 0.12839943757857775
-10.180047959183302 0.12659074820177274
-10.178265867718677 0.12562814070351536
-10.17388653029751 0.1233260308267159
-10.172154956169758 0.12241038948710159
-10.168807061239255 0.12060301507537474
-10.167758079090547 0.12005189125770777
-10.165829145728711 0.1190324634610711
-10.161626319412148 0.11677869696625187
-10.1593349504791 0.11557788944723413
-10.157035175879464 0.11435986219286143
-10.155468277996786 0.1135130117425005
-10.151775535784196 0.11156257232023048
-10.149902778642412 0.11055276381909351
-10.149317042484459 0.11024538197502487
-10.14824120603022 0.10967749405804383
-10.143188535078023 0.10697125846300892
-10.14050953992258 0.1055276381909529
-10.137033621033362 0.10370467970477115
-10.131329801687512 0.10069580837875058
-10.130970854997315 0.10050251256281229
-10.130858807145461 0.10044378661603126
-10.130653266331727 0.10033543248951382
-10.124733280373984 0.09716881149402656
-10.12185929648248 0.09566652401177489
-10.121504716948477 0.09547738693467167
-10.118581219709238 0.09390141748438463
-10.113065326633235 0.09099565167519952
-10.112402853358535 0.0906415393850164
-10.112050870185682 0.09045226130653106
-10.110831398278213 0.08981399606223928
-10.106259142715786 0.08737175965480493
-10.10264018416592 0.08542713567839044
-10.100109646935596 0.0841036328210043
-10.095477386934743 0.08166697603538431
-10.093933716034613 0.08084305887885801
-10.09308808849023 0.08040201005024983
-10.090259840405851 0.07891128247056667
-10.087764617823854 0.07758053273950516
-10.083657062265916 0.07537688442210921
-10.08161738326891 0.07431175984134963
-10.07788944723625 0.07235393707993243
-10.075443581598993 0.0710505775474708
-10.074139894691175 0.0703517587939686
-10.069601611220506 0.06798380564661244
-10.069248104473754 0.06779558824082699
-10.064638071273567 0.06532663316582799
-10.063102811611591 0.06452626057330413
-10.060301507537758 0.06305763045636592
-10.056930816971272 0.061264561985255206
-10.055078072274672 0.06030150753768737
-10.051507537688511 0.05842595443456933
-10.05073234710333 0.05801042774795473
-10.048871704257408 0.05703584945758777
-10.045580297352563 0.05527638190954676
-10.044564211549687 0.054747626563711904
-10.042713567839266 0.05377920864718444
-10.038393684980566 0.05148550852674916
-10.036082512227063 0.05025125628140614
-10.032196545906555 0.048230994062612
-10.028043085479803 0.0460596898929877
-10.026480623873812 0.04522613065326553
-10.025999753297766 0.04497638060841069
-10.025125628140774 0.04451988283911579
-10.019830338251044 0.04171394499361902
-10.016991402293339 0.040201005025124914
-10.013634170470064 0.03845915301718694
-10.007537688442282 0.03527874923700569
-10.007411474368208 0.035211940561005406
-10.007343732760816 0.0351758793969843
-10.007105454742321 0.03505238405413813
-10.001238809242473 0.03195043354021809
-9.997854213532356 0.030150753768843686
-9.995043218239188 0.028695476770159267
-9.98994974874379 0.026044302334709002
-9.988820947170167 0.025448142876023816
-9.988195931262629 0.02512562814070307
-9.986070106364556 0.024017158889494183
-9.982616946194145 0.022195588955318257
-9.978667287864715 0.020100502512562457
-9.976421536914394 0.01894058026424883
-9.972361809045298 0.01683256722349835
-9.97019930838704 0.015693234215352625
-9.969033042055676 0.015075376884421843
-9.964900548232233 0.012943588080688961
-9.963962568572295 0.012450034248567832
-9.959426781525668 0.010050251256281229
-9.95776692954128 0.009195091200716377
-9.954773869346806 0.007644962347291617
-9.951544321304794 0.005947853640143386
-9.949747019576446 0.005025125628140614
-9.945979899497559 0.0030708503706335932
-9.945294966234904 0.002708258031971944
-9.943604208664992 0.0018337940047654655
-9.940099075914322 0.