-7.6223346782516765 0.
-7.624371859296586 0.0010189251146268674
-7.6262970185999714 0.0019625172988169126
-7.631390091030816 0.004517771880993671
-7.63242011333288 0.005025125628140614
-7.632689644044198 0.00516117851432174
-7.633165829145832 0.005400446819963101
-7.639118109176511 0.008349599818944675
-7.642565727214155 0.010050251256281229
-7.645522367695833 0.011544937298707758
-7.650753768844325 0.014177398231614013
-7.651902223039028 0.014747247114506479
-7.65256647730143 0.015075376884421843
-7.654914662362073 0.016264203603778782
-7.658297556990866 0.017945134470693347
-7.659547738693571 0.01858095875786514
-7.6625966384966855 0.020100502512562457
-7.664704519745685 0.02113969931174342
-7.668341708542817 0.022975085414086216
-7.67108723553915 0.02434119185603656
-7.672670914144487 0.02512562814070307
-7.677445506444825 0.027549668653984227
-7.678251791426419 0.02795708039316125
-7.682674796884673 0.030150753768843686
-7.683845893811257 0.030746112177430618
-7.685929648241309 0.0318003949675143
-7.690231807553493 0.03394669102207448
-7.692707036692339 0.0351758793969843
-7.696593430706074 0.03715421003519204
-7.701430715618806 0.039604755790554336
-7.702620842572023 0.040201005025124914
-7.702948779129703 0.040363521828010285
-7.703517587939802 0.04065203148592733
-7.709338212030115 0.043563095198890345
-7.712679007039683 0.04522613065326553
-7.71570350596153 0.04676956541805577
-7.721105527638295 0.04951284162257963
-7.722044461916219 0.049982989344856676
-7.72258274794507 0.05025125628140614
-7.724456861880319 0.05120878035055565
-7.728408596477028 0.05318979081276609
-7.7298994974875415 0.053954698930600564
-7.732528314626701 0.05527638190954676
-7.734777863257238 0.05639512593227547
-7.7386934673367875 0.05838810644309511
-7.741122941246818 0.05960737213482137
-7.742512654069072 0.06030150753768737
-7.747333047666727 0.06276995906052729
-7.747444987860238 0.06282619873055673
-7.752445776471801 0.06532663316582799
-7.753818465507909 0.06603033074507625
-7.75628140703528 0.06728664263089446
-7.760167885152075 0.06924133647488429
-7.762386420202652 0.0703517587939686
-7.766493049718238 0.07245927222697812
-7.770095106843468 0.07429853016773613
-7.772247437572557 0.07537688442210921
-7.772827098065468 0.07567466975591053
-7.773869346733773 0.07620738500295321
-7.779181181840748 0.07888434287682866
-7.782207439021718 0.08040201005024983
-7.78551116589201 0.08210090163318018
-7.791457286432266 0.08514302348231162
-7.7918168493149755 0.08532440342618752
-7.792021508357699 0.08542713567839044
-7.79272541597003 0.08578945840346552
-7.798164726026959 0.08853584999376185
-7.800251256281512 0.08961397851222408
-7.801906796389736 0.09045226130653106
-7.804499784369672 0.0917509589525558
-7.809045226130758 0.09408075778070124
-7.8108106849114085 0.09497297014020045
-7.8118137769199985 0.09547738693467167
-7.815253521941164 0.0972511857376448
-7.817120199966963 0.09819537718103977
-7.821704314172099 0.10050251256281229
-7.823460569507754 0.10140896865466864
-7.82663316582925 0.10303792005700174
-7.829776920387091 0.1046294226029989
-7.831560143654907 0.1055276381909529
-7.83606904966427 0.10785679700908801
-7.83767677601998 0.10868295538830441
-7.841356935341768 0.11055276381909351
-7.842395079573171 0.11107448552040022
-7.844221105527743 0.11201357208188245
-7.848717097437391 0.11429332033019168
-7.851263344776655 0.11557788944723413
-7.855015029466146 0.11751903680726006
-7.8600063739320385 0.12008796613417516
-7.861026528238811 0.12060301507537474
-7.861304773584578 0.12074709268727712
-7.861809045226236 0.1210068248002667
-7.867632659521399 0.12396425090489771
-7.870603015075482 0.1255078254298505
-7.870839278576276 0.12562814070351536
-7.87393659210607 0.12718825293741798
-7.879396984924728 0.13000274677516988
-7.880216366544062 0.1304191572975606
-7.880679403692188 0.13065326633165597
-7.882252925934466 0.13146924947729488
-7.886524958093134 0.133641828197395
-7.890550266077494 0.13567839195979658
-7.892835074559467 0.1368640634065832
-7.89698492462322 0.1390060238906683
-7.899121162421047 0.14009316393141535
-7.900326743585696 0.1407035175879372
-7.904414520191203 0.142826259178789
-7.905395258366459 0.14332569071800982
-7.905778894472467 0.14352559684117328
-7.910093211015084 0.1457286432160778
-7.91171172839341 0.14654611062416478
-7.9145728643217135 0.14802482175814546
-7.918004296391837 0.1497733596813262
-7.919938379357671 0.15075376884421843
-7.92427275584887 0.1530074968931716
-7.926509560876368 0.15416425357411967
-7.929692893898965 0.15577889447235904
-7.930567725038708 0.15623405989564443
-7.9321608040202065 0.15705841313944102
-7.936866927127182 0.15945941349850656
-7.9395163376863085 0.16080402010049966
-7.943142144645023 0.1626916198358357
-7.948528694849274 0.16548056033737613
-7.94921515845712 0.16582914572864027
-7.949404160682038 0.1659275980248287
-7.949748743718699 0.1661061105216186
-7.95571013874311 0.1691510156355207
-7.959062505919947 0.17085427135678088
-7.961992253488127 0.17238125133651305
-7.967336683417191 0.1751514639341103
-7.968250296783308 0.17561836459460256
-7.968763792573581 0.1758793969849215
-7.970493226190187 0.17678126634863478
-7.9745349452914835 0.17884787636326394
-7.976130653266438 0.17968272682062914
-7.978513730720796 0.1809045226130621
-7.98082408509213 0.18207610490550596
-7.984924623115684 0.18420378438532925
-7.987089272352149 0.18531117703078426
-7.988304637662927 0.18592964824120273
-7.992391356337371 0.18806300059025638
-7.9933422949383095 0.18854972477716458
-7.9980662020806825 0.19095477386934334
-7.999638473485647 0.19177594224892314
-8.002512562814177 0.19326874923304693
-8.005910676562296 0.19500900985516356
-8.007816716032554 0.19597989949748396
-8.012158720813812 0.19824897998287128
-8.014240169703116 0.19933064432289527
-8.01749945113968 0.20100502512562457
-8.01843561860908 0.20148070624093517
-8.020100502512669 0.2023462880292497
-8.024715150768031 0.2047116798236619
-8.027301308417822 0.20603015075376518
-8.030970774029333 0.20794948452000206
-8.036032312164195 0.21058209636848702
-8.036960051082517 0.2110552763819058
-8.037217296815495 0.21118988935209604
-8.037688442211161 0.21143504657723788
-8.043504377565963 0.21441870619438852
-8.046482412060406 0.21598187498672328
-8.046673960187203 0.2160804020100464
-8.049767658645633 0.21765432294262332
-8.055276381909653 0.2205218715874686
-8.05600692901806 0.22089679989292765
-8.056415853481749 0.22110552763818703
-8.057783844373995 0.221821945485142
-8.062279065216584 0.22412988660720412
-8.066197302241191 0.22613065326632764
-8.068550073670824 0.2273632955341336
-8.072864321608145 0.229610797060273
-8.074797178263617 0.23060353413576173
-8.075878285776485 0.23115577889446826
-8.079490561841222 0.23304899038963356
-8.081039871951146 0.23384503299603665
-8.08165829145739 0.2341701349562042
-8.085561511795133 0.23618090452260887
-8.087318668927846 0.2370762166308351
-8.090452261306638 0.23870984567826437
-8.093573666612633 0.24031420006332205
-8.095318332517335 0.24120603015074948
-8.099804652075091 0.24355904413076068
-8.101157953722108 0.24426479941231172
-8.105003367071685 0.2462311557788901
-8.106074049033348 0.24679291348511345
-8.10804020100513 0.2478186278130048
-8.112336991122667 0.2500286270877341
-8.114737019172312 0.2512562814070307
-8.118576023675269 0.2532711719865599
-8.122791065823055 0.2554708142121527
-8.124375237539095 0.2562814070351713
-8.124816776865265 0.256513225274702
-8.125628140703622 0.2569367775190816
-8.131087707670284 0.25974665638712313
-8.134135296813536 0.26130653266331194
-8.137334829639043 0.2629868900241892
-8.143216080402114 0.26605799442048284
-8.143557928178017 0.26623398749833704
-8.143748694114725 0.26633165829145256
-8.144383721443441 0.2666652700175458
-8.149826333894472 0.2694681400646335
-8.15201005025136 0.27061872617416416
-8.153439479034297 0.27135678391959317
-8.15608158115613 0.2727060521894433
-8.160804020100606 0.27517351884335817
-8.1623129041023 0.2759507998329642
-8.16315443762536 0.2763819095477338
-8.165953124982412 0.27785308237110673
-8.168553351790742 0.27919294040726506
-8.172874090146536 0.2814070351758744
-8.174816754143109 0.2824285225061569
-8.178391959799098 0.28429762195543784
-8.18105632947677 0.28567091232468034
-8.182541481200204 0.286432160804015
-8.187271861669172 0.28892017161213435
-8.187478857143951 0.2890284171882591
-8.192177687070064 0.2914572864321556
-8.19354079148175 0.292154174436682
-8.19597989949759 0.29343001457282014
-8.199788641462069 0.2953942000704455
-8.201910570944419 0.29648241206029624
-8.206012544174191 0.2986410677808369
-8.208992845632912 0.30020039667038834
-8.211541028946495 0.30150753768843686
-8.212254105016912 0.30188289031105686
-8.213567839196083 0.3025704255297379
-8.218510246430675 0.3051205469638365
-8.22126239776499 0.30653266331657747
-8.224742534717098 0.30836501879585576
-8.230464355767515 0.3113602394798436
-8.23084614415419 0.3115577889447181
-8.230957077349968 0.3116145608146059
-8.231155778894575 0.3117186007852828
-8.237221521721715 0.31484984519367565
-8.240597600685323 0.3165829145728587
-8.243462205396337 0.31809191834335326
-8.248743718593067 0.3208579659928752
-8.249678920887465 0.32134083954545645
-8.250199325538384 0.3216080402009993
-8.251923727272471 0.3225166141094009
-8.255922886636746 0.3245819749595169
-8.257537688442312 0.3254351980531993
-8.259851326595262 0.3266331658291399
-8.262172026409239 0.32782163208123105
-8.26633165829156 0.3300010883077924
-8.268397271227292 0.3310681163327853
-8.26954619015849 0.33165829145728054
-8.27335048496218 0.33366367050602896
-8.274614660879049 0.3343168449175673
-8.279220789401142 0.33668341708542115
-8.280872170350621 0.3375541106966873
-8.283919597990051 0.339151529207661
-8.287105874152969 0.3407981780955849
-8.288877363190423 0.34170854271356177
-8.29331555427115 0.3440491094042448
-8.29475735434747 0.3448050445299673
-8.298478865554035 0.3467336683417024
-8.299562869875075 0.3472892877169791
-8.301507537688543 0.34830908546283545
-8.305805034815268 0.3505309376479211
-8.308193361047902 0.351758793969843
-8.312023266446294 0.3537794256671978
-8.3161432669286 0.3559404308955729
-8.317783633653569 0.3567839195979836
-8.3182444229303 0.35702707801419375
-8.319095477387036 0.357473557421085
-8.324495045230162 0.3602663115566598
-8.327494674448598 0.3618090452261242
-8.330721822589673 0.363512357939225
-8.336683417085528 0.36664054459607875
-8.336924535414994 0.3667652799029888
-8.337058458551866 0.36683417085426484
-8.337500883885488 0.3670677327971106
-8.343176171069816 0.3700042239154664
-8.34678174764683 0.37185929648240545
-8.349411482570176 0.37324783197207534
-8.35427135678402 0.3757988903063749
-8.355622816151497 0.3764982908626955
-8.356373174587052 0.37688442211054607
-8.358850559365687 0.37819276570530835
-8.361848652926385 0.37974460598372506
-8.363065326633265 0.38038890098900335
-8.365995620104096 0.3819095477386867
-8.368092481316472 0.3829857806432697
-8.371859296482512 0.38496379337721365
-8.374312416360652 0.3862337819730728
-8.375673956366 0.3869346733668273
-8.380166623330183 0.38930819532330396
-8.380512707536624 0.3894873958366505
-8.385314732041705 0.3919597989949679
-8.386765030040511 0.392726143606537
-8.389447236181004 0.39413511250471167
-8.39299354172352 0.39597169446810376
-8.394961148685063 0.3969849246231085
-8.399198021510669 0.39922411158562987
-8.401479193977899 0.40042262685079333
-8.40453601944449 0.40201005025124914
-8.405429317415898 0.4024688669551342
-8.407035175879496 0.4033127200209501
-8.411666375518827 0.40571197598243813
-8.414235056901735 0.40703517587938975
-8.417879482393833 0.40896192821772015
-8.422764092046885 0.4115291519272155
-8.423795025450422 0.41206030150753037
-8.424085510708414 0.41221390289883697
-8.424623115577988 0.41249650126247417
-8.430331079749086 0.41545458022964343
-8.433407023336636 0.417085427135671
-8.433417085427234 0.4170907036263438
-8.43655277614891 0.4187020783149773
-8.44221105527648 0.42167691796441353
-8.442750376974567 0.42195646085007255
-8.443049363744851 0.4221105527638116
-8.444034051977386 0.4226314089640706
-8.448987796216166 0.4251994666948997
-8.45274405748132 0.4271356783919522
-8.45521803943351 0.4284445228323701
-8.459798994974973 0.4308537527452083
-8.461424263728388 0.4316964415191169
-8.462324985688289 0.4321608040200928
-8.465289895235962 0.43372963266608977
-8.467636647545513 0.4349466003423643
-8.468592964824218 0.4354539640624502
-8.47192427866193 0.43718592964823344
-8.473875389847995 0.43818922816979633
-8.477386934673465 0.4400366312702024
-8.480090187762151 0.44143869725103535
-8.48158785506033 0.44221105527637405
-8.486280816376409 0.4446950718465308
-8.48651824160744 0.4448200001146523
-8.491202687715962 0.44723618090451467
-8.49252492690133 0.44793616589612206
-8.494974874371957 0.44922548512358773
-8.498748333070068 0.4511831754760518
-8.500838454902064 0.4522613065326553
-8.504947729737847 0.45443704491339876
-8.50774765071713 0.45591067120270523
-8.510392335110986 0.4572864321607959
-8.511167285878226 0.4576851545014309
-8.51256281407045 0.45841975468653917
-8.517399318792735 0.46092969929685523
-8.520077298389111 0.4623115577889365
-8.52360729630566 0.4641811170641601
-8.52894830945396 0.4669931278985109
-8.529613999676295 0.4673366834170771
-8.529802071804468 0.46743630683549764
-8.530150753768941 0.467619915674538
-8.536042398449496 0.47067848199363027
-8.539303523228055 0.47236180904521774
-8.54225874408365 0.47392750886915547
-8.547738693467434 0.47681366302137285
-8.548450882753446 0.4771834520202116
-8.548845023669054 0.47738693467335835
-8.550139478392207 0.4780728732232937
-8.55467752631185 0.4804295366316653
-8.558517019216492 0.48241206030149897
-8.560902191103109 0.48367618660516065
-8.565326633165926 0.4860072277484191
-8.56710272025911 0.4869297324744446
-8.568085323078614 0.4874371859296396
-8.571310677638088 0.48914691292168566
-8.573304801824815 0.4901828347980972
-8.57412060301517 0.490616411022021
-8.57766480736109 0.4924623115577802
-8.579537728939068 0.49342712410788003
-8.582914572864418 0.4952068395585414
-8.58574658876957 0.49667828978444906
-8.587312860322067 0.4974874371859208
-8.59193115289733 0.49993639709037296
-8.592458075069747 0.5002141521017283
-8.596906404391197 0.5025125628140614
-8.598165424643325 0.5031803022196577
-8.60050251256291 0.5044124515278492
-8.604382547901922 0.5064291069167703
-8.606527728475587 0.507537688442202
-8.610575440744682 0.5096848345898355
-8.613600494604235 0.5112799690254377
-8.61606194604775 0.5125628140703427
-8.616785322542606 0.5129357082757124
-8.618090452261402 0.5136240308585664
-8.623010634905276 0.5161821732288052
-8.625729981943522 0.5175879396984833
-8.629211779214442 0.519435543340041
-8.634712393020173 0.5223370656295607
-8.635246203801511 0.5226130653266239
-8.635397445905072 0.5226933356280021
-8.635678391959894 0.5228415578896577
-8.641630866297051 0.5259374840012905
-8.64447236180914 0.5274494704294987
-8.644834280772546 0.5276381909547645
-8.647840178103383 0.5291885205419078
-8.653266331658386 0.5320517751601415
-8.654025150058072 0.5324465113258521
-8.654444329109843 0.5326633165829051
-8.655816858176856 0.5333920384453252
-8.660243239372514 0.5356950400070097
-8.664096686163159 0.5376884422110457
-8.666460628277608 0.5389437688051233
-8.670854271356879 0.541263026712552
-8.672653733710096 0.5421994357382669
-8.673647428469335 0.5427135678391863
-8.676899240164792 0.5444407017843043
-8.67884773359255 0.5454548471142777
-8.679648241206124 0.5458811086385769
-8.683208089401996 0.547738693467327
-8.685073103031856 0.5487012957597592
-8.68844221105537 0.5504803922318429
-8.691274242498636 0.5519546672545346
-8.692837580431592 0.5527638190954676
-8.697450917824701 0.5552150285037998
-8.69795703721441 0.5554823408551925
-8.702412738834832 0.5577889447236082
-8.703677559333544 0.558461113700842
-8.706030150753863 0.5597038984058793
-8.709886627472018 0.5617122198608469
-8.712014695572144 0.5628140703517488
-8.716071281816964 0.5649703013904315
-8.719008286633729 0.566522109174568
-8.721530436138476 0.5678391959798894
-8.722273938957137 0.5682232392642375
-8.723618090452355 0.5689335814040133
-8.72849082468923 0.5714721118260657
-8.73117865861207 0.57286432160803
-8.734683344083965 0.5747279461985677
-8.740027480235096 0.5775527186888132
-8.740677449088983 0.5778894472361706
-8.740862169514646 0.5779876931322283
-8.741206030150847 0.5781694862797018
-8.747086756225508 0.5812343654144074
-8.750329446492405 0.5829145728643113
-8.753287075678074 0.5844879711989588
-8.75879396984934 0.5873998797649662
-8.759462907194294 0.5877485735367509
-8.759831688107182 0.5879396984924519
-8.761035203150378 0.5885800508641772
-8.765674630333654 0.5909989211250739
-8.769467119359266 0.5929648241205925
-8.77188264760319 0.5942503275333468
-8.776381909547831 0.5966304324797784
-8.778066154962593 0.5975087367730865
-8.778994284732407 0.5979899497487331
-8.782021178858654 0.5996011695518257
-8.78425413645921 0.6007658676879082
-8.785175879397077 0.6012577453006793
-8.788536331451917 0.6030150753768737
-8.79046964720918 0.6040151331017718
-8.793969849246324 0.605867558068244
-8.796660681147136 0.6072713918904968
-8.798142864245698 0.6080402010050143
-8.802826995132664 0.6105347135227728
-8.8029751657155 0.6106131485676363
-8.807701657519988 0.6130653266331549
-8.80904790939196 0.6137824350768284
-8.811557788944816 0.6151113648503381
-8.815246319297414 0.6170365864462672
-8.81727714244736 0.6180904522612956
-8.82142004023798 0.6202977918056751
-8.82392295984922 0.6216233582339825
-8.826773828503567 0.6231155778894362
-8.827617270289313 0.6235522802762921
-8.829145728643308 0.624361960415543
-8.833822903795934 0.626804367759684
-8.836396836383283 0.6281407035175768
-8.840003877208986 0.6300635009840949
-8.84483491742924 0.6326233288849856
-8.845879581878691 0.6331658291457174
-8.846177566147267 0.6333247154870127
-8.8467336683418 0.6336194523549494
-8.85239026875431 0.6365747832274264
-8.855413803949478 0.638190954773858
-8.855527638191045 0.6382511451378337
-8.85857833789139 0.6398318891021155
-8.864321608040292 0.6428766567619864
-8.864741527164075 0.6430961035094898
-8.864972442855882 0.6432160804019986
-8.865722923829269 0.6436164563417064
-8.870948247012725 0.6463478806094445
-8.87459133491784 0.6482412060301392
-8.877143252510885 0.6496030046666821
-8.881909547738784 0.6521311972411405
-8.88331340202407 0.6528652304339122
-8.884084983909185 0.6532663316582799
-8.886590487381378 0.6546037429847358
-8.889496669232242 0.6561237082882894
-8.89070351758803 0.6567694959304626
-8.893605928603158 0.6582914572864205
-8.895698448788323 0.6593768969004072
-8.899497487437277 0.6613931589392035
-8.901875393680909 0.6626371811306662
-8.903181617259124 0.6633165829145611
-8.907419433749691 0.6655799961466791
-8.90803536306985 0.665902315504824
-8.91272405502934 0.6683417085427017
-8.914243751134679 0.6691536159715845
-8.917085427135769 0.670662659952141
-8.920427323176995 0.6724120067304922
-8.922262039167123 0.6733668341708423
-8.926585828892021 0.6756775592971964
-8.928230210138175 0.676551057885816
-8.931736780686125 0.6783919597989829
-8.932778979916371 0.6789332132040942
-8.93467336683426 0.6799398213164949
-8.93896900722341 0.6821897596016528
-8.941325938705603 0.6834170854271235
-8.945133983473058 0.6854534634441789
-8.94900827781898 0.6875127742799005
-8.950792610471824 0.6884422110552642
-8.951303950781883 0.6887157412697986
-8.952261306532753 0.6892247674765484
-8.957500257540364 0.6919704935383724
-8.960372996687894 0.6934673366834048
-8.963671525527761 0.6952323997415428
-8.969744788322695 0.6984626171948163
-8.969802049026333 0.6984924623115454
-8.969818474041205 0.6985012543658424
-8.969849246231245 0.6985176267242412
-8.976020880247967 0.7017542639349088
-8.979402884690222 0.703517587939686
-8.982198256866159 0.7050144248149941
-8.987437185929737 0.7078027521206964
-8.988350348958784 0.7082818098452419
-8.988850549178922 0.7085427135678266
-8.99046626910573 0.7094081659038247
-8.994530675299382 0.7115411279474975
-8.996231155778982 0.7124541825012329
-8.998347542324115 0.7135678391959672
-9.000713807019347 0.7147996445127909
-9.00502512562823 0.717096005537794
-9.006871547679474 0.7180654156666098
-9.007882278496776 0.7185929648241078
-9.01114259068851 0.7203408119841876
-9.013028635692427 0.7213313732910498
-9.01740823085148 0.7236180904522485
-9.019217327158968 0.7245883013573211
-9.022613065326722 0.7263983460368539
-9.025380758204447 0.7278524466867529
-9.026894754959828 0.7286432160803891
-9.031518670613018 0.731123883055302
-9.031776406434675 0.7312613135398047
-9.03634413313215 0.7336683417085297
-9.037709556492542 0.7343801841464357
-9.040201005025214 0.7357091840146772
-9.04387860020599 0.7376427258564489
-9.04588889898249 0.7386934673366703
-9.0500221214568 0.7409125596986437
-9.052389703115601 0.7421759525053524
-9.055340002712263 0.7437185929648109
-9.056190368162886 0.7441753291250448
-9.057788944723706 0.7450287006473735
-9.062364809266885 0.747436328723472
-9.06486426923522 0.7487437185929515
-9.068513720242267 0.7507046226443599
-9.072956773639229 0.7530773839973861
-9.074266943608878 0.7537688442210921
-9.074659495735617 0.7539738124172581
-9.075376884422198 0.7543570826779868
-9.080839113493177 0.7572333329718104
-9.08382041255114 0.7587939698492328
-9.08699318950172 0.7605001511689382
-9.09296482412069 0.7636918304974998
-9.093121458949748 0.7637743426690706
-9.093206916887636 0.7638190954773734
-9.093481108583475 0.7639666053238834
-9.099301233156595 0.767033818523827
-9.101758793969935 0.7683589826731234
-9.102677099274265 0.768844221105514
-9.105460243713594 0.7702992268499678
-9.110552763819182 0.7730233524982264
-9.111593430676978 0.7735720133457127
-9.11216073580916 0.7738693467336546
-9.113978514779296 0.7748481327222585
-9.117750880310968 0.7768378676498564
-9.121673143508378 0.7788944723617952
-9.123914588907319 0.78010193367904
-9.128140703517674 0.7823645939537744
-9.130052452604136 0.7833733839652322
-9.131093719224976 0.7839195979899358
-9.134425570830121 0.7857152743649207
-9.136187758381325 0.7866455650856041
-9.13693467336692 0.7870490219581949
-9.140515972185616 0.7889447236180764
-9.14235592224007 0.789908358182676
-9.145728643216167 0.7917157737795941
-9.148498215485425 0.793178542883572
-9.150005358584732 0.793969849246217
-9.154614365881578 0.7964561969699542
-9.15482372660541 0.796568444500287
-9.159443209999083 0.7989949748743577
-9.160783931543852 0.7997185895517305
-9.163316582914659 0.8010771185009444
-9.166930400486459 0.8029875811962697
-9.168895130629828 0.8040201005024983
-9.17305069471324 0.806264051331044
-9.175191420403156 0.8074129112134978
-9.178269284907428 0.8090452261306389
-9.179198294841196 0.809532719779769
-9.180904522613151 0.8104488627188076
-9.185348678685335 0.8128005928810129
-9.18776249670677 0.8140703517587795
-9.191472851162214 0.8160759549443304
-9.195504337710467 0.8182417275008698
-9.197126505036012 0.8190954773869201
-9.19759867982747 0.8193508438109696
-9.198492462311643 0.819831249608888
-9.203752710539288 0.8226176749500196
-9.206606902033387 0.8241206030150607
-9.209880488286949 0.8258920069359714
-9.215761102888791 0.8290545003228171
-9.215934262986334 0.8291457286432014
-9.215984743317687 0.8291730596981868
-9.216080402010135 0.8292245314563518
-9.222142145314661 0.8324389276129063
-9.225427774915335 0.834170854271342
-9.228273247636139 0.8357123097206243
-9.233668341708627 0.8386168906344347
-9.234377767722844 0.8389932867525633
-9.234762091520698 0.8391959798994826
-9.235981281680791 0.8398568198915299
-9.240516620477742 0.8422644544507332
-9.242462311557873 0.8433213503291848
-9.244152608106447 0.8442211055276232
-9.246650771096048 0.8455369656165006
-9.25125628140712 0.8480192793621688
-9.252758315476807 0.8488170785644247
-9.2535711337466 0.8492462311557638
-9.256145236269166 0.8506430754020622
-9.258875928471037 0.852094314765643
-9.262996893964893 0.8542713567839044
-9.265012905889106 0.8553660182743341
-9.268844221105612 0.8574334654005602
-9.271123178431955 0.8586453517473753
-9.272354989665653 0.859296482412045
-9.27624878233598 0.8614120713350077
-9.277219607021019 0.8619286406357833
-9.277638190954857 0.8621565464842798
-9.281695987685643 0.8643216080401857
-9.283358983445968 0.865199658713939
-9.286432160804104 0.8668600630729051
-9.289471591635671 0.8684783248593071
-9.291112467610533 0.8693467336683263
-9.295557139321806 0.8717647225771241
-9.296299125751599 0.8721658665104677
-9.300464813603117 0.8743718592964669
-9.301688530066704 0.8750380222781509
-9.304020100502596 0.8762993691579721
-9.307803159908312 0.8783161108086883
-9.309842936406644 0.8793969849246075
-9.313890657016495 0.8816019515487765
-9.316297222573143 0.8829047340876208
-9.319133859973824 0.8844221105527481
-9.320001141266795 0.8848812245339746
-9.321608040201088 0.8857516973891526
-9.32611746753084 0.8881588283723882
-9.32854573388419 0.8894472361808887
-9.33220658214965 0.8914442069665833
-9.336228855531855 0.8936246119896794
-9.337825546727853 0.8944723618090293
-9.338296392146312 0.8947293868813917
-9.33919597989958 0.89521737884691
-9.344414078112633 0.8980066022334405
-9.3472201669797 0.89949748743717
-9.350504466644546 0.901291616852463
-9.356092454227015 0.9043250515307228
-9.356460768419073 0.9045226130653106
-9.356573837156425 0.9045826366200673
-9.356783919598072 0.904696762476191
-9.362692534305074 0.9078595630628792
-9.365865511598768 0.9095477386934512
-9.368783841138603 0.911144315310012
-9.374371859296565 0.9141822176960446
-9.37484745091715 0.9144369810014243
-9.375102663850466 0.9145728643215918
-9.375900256386528 0.9150095492044379
-9.380952357366116 0.9177178476441457
-9.38316582914581 0.9189320956899598
-9.384404526699237 0.9195979899497324
-9.387044214495026 0.9210024426640269
-9.391959798995057 0.9236788489730285
-9.393108271318832 0.9242949806282228
-9.3937236555036 0.924623115577873
-9.395642409798473 0.9256752900931353
-9.399193046579624 0.9275815990389944
-9.403065881475403 0.9296482412060136
-9.405285073169098 0.9308661456415708
-9.409547738693549 0.9331907231375194
-9.411349188477526 0.9341586668958746
-9.412312975123932 0.9346733668341543
-9.415310848156823 0.9363199695379469
-9.417414078531829 0.9374509667942146
-9.418341708542794 0.9379614346111991
-9.421562882641474 0.9396984924622949
-9.423505880430971 0.9407355775940287
-9.427135678392041 0.942718278059214
-9.42956965206544 0.9440281970408924
-9.430869768559761 0.9447236180904355
-9.434903782420054 0.9469430763841533
-9.435614906245958 0.9473261071888857
-9.4401404109559 0.9497487437185761
-9.441706075445596 0.9506108987599866
-9.444723618090533 0.9522619743117504
-9.447769087085678 0.9539037353481037
-9.449393146652097 0.9547738693467167
-9.453803617119197 0.9572047095380958
-9.454427635146716 0.9575464456484841
-9.458590659455231 0.9597989949748573
-9.459885072208953 0.9604922765691635
-9.462311557789025 0.961822296493688
-9.465946892751276 0.9637854534709263
-9.467882183911286 0.9648241206029979
-9.471980091982303 0.967086807890202
-9.473880936167449 0.9681296572825469
-9.47708212576369 0.9698492462311386
-9.478042258338489 0.9703798859880042
-9.479899497487517 0.971399754702885
-9.484102441216319 0.9736735307939073
-9.486335916993314 0.9748743718592792
-9.490133853901394 0.9769753956548834
-9.49325233544357 0.9786894684181515
-9.49548052291108 0.9798994974874198
-9.496176993714217 0.9802739099079316
-9.49748743718601 0.9809948861737148
-9.502235054077293 0.9835681611466232
-9.504753285935191 0.9849246231155604
-9.50826417717223 0.9868706801762102
-9.512539582765855 0.9892252361383731
-9.513883341367805 0.989949748743701
-9.514288523239372 0.9901745640708812
-9.515075376884502 0.9906083326286783
-9.520343994818644 0.9934695549620862
-9.523133224206093 0.9949748743718416
-9.526370371240361 0.9967728587554507
-9.531740827095245 0.9997364315749113
-9.532228715415838 0.9999999999999822
-9.53237623717363 1.000082022688372
-9.532663316582994 1.0002406052415553
-9.538428638984168 1.0033778906563589
-9.541474751853624 1.0050251256281229
-9.544451766185786 1.0066821227983231
-9.550251256281486 1.009889134553716
-9.550445269087229 1.0099948190260513
-9.550547670931559 1.0100502512562635
-9.55085961831659 1.0102240689805786
-9.556488235072033 1.0132933829442479
-9.559045226130731 1.014720409641975
-9.55969427808031 1.015075376884404
-9.562507583759185 1.0165986946617735
-9.567839195979978 1.0195533739436886
-9.568497113134228 1.0199125261827593
-9.56884363701184 1.0201005025125447
-9.569895879673853 1.0206881264250809
-9.574521989952606 1.0232162584342204
-9.578037994446637 1.0251256281406853
-9.580537011111923 1.0265228065882699
-9.58542713567847 1.029238925880425
-9.586522006462703 1.0298379335447594
-9.58709741240471 1.030150753768826
-9.58883889107838 1.0311255410259434
-9.592529074328837 1.03314675406829
-9.594221105527716 1.0340952810861062
-9.59618816265739 1.0351758793969665
-9.598539197953011 1.036454701518096
-9.603015075376963 1.038946550400909
-9.604519077194867 1.039771290219992
-9.605307706542757 1.0402010050251072
-9.607686343869467 1.0415356531658224
-9.610508619814006 1.0430851179569505
-9.614433302330447 1.0452261306532478
-9.61651325354962 1.0463946339463437
-9.620603015075455 1.0486770513000359
-9.62248741162209 1.049712857268064
-9.623473173672574 1.0502512562813884
-9.626435873627809 1.0519177872963468
-9.628459715838218 1.0530316102630248
-9.6293969849247 1.0535595640885234
-9.632507172535007 1.055276381909529
-9.634458243547163 1.0563428708314673
-9.638190954773947 1.058431279902127
-9.64042605093494 1.0596629086345288
-9.641592408755825 1.0603015075376696
-9.645085056476747 1.0622712508813263
-9.646381406358827 1.0629865041415592
-9.650650112787558 1.0653266331658102
-9.652373186583363 1.0662996925626889
-9.655778894472439 1.0682101391566396
-9.658333987737006 1.0696217321469321
-9.65966394314971 1.0703517587939508
-9.663631405423912 1.072595333351515
-9.664272686348157 1.0729500867433144
-9.664572864321684 1.073120054003832
-9.668640167164128 1.0753768844220915
-9.67025705066896 1.076265393994083
-9.673366834170931 1.0780145880997782
-9.676210162314336 1.0795896305806885
-9.677686240035422 1.080402010050232
-9.682072366715616 1.0828893050629986
-9.682132498029908 1.0829226602900937
-9.686676898558241 1.0854271356783727
-9.688108749305469 1.0862402855537878
-9.690954773869423 1.087845646728666
-9.6940534586299 1.0895669228035194
-9.695657689561443 1.0904522613065133
-9.699966222813348 1.09290268723639
-9.700411365267781 1.0931541445631874
-9.704574960794806 1.095477386934654
-9.705927137307858 1.0962246944375273
-9.708542713567915 1.097704401340482
-9.711862700009862 1.099553945007953
-9.713576603666395 1.1005025125627945
-9.717766004032791 1.1028924123438282
-9.71863945584441 1.1033872960703643
-9.72250102372271 1.1055276381909351
-9.72371100629699 1.106218965896483
-9.726130653266408 1.1075920103956554
-9.729636644485188 1.1095510520422813
-9.73144121054359 1.1105527638190758
-9.735529692528372 1.1128924496580836
-9.736753021021068 1.1135877260346927
-9.740298167880338 1.1155778894472164
-9.741459079823214 1.116223464630555
-9.7437185929649 1.117509710972021
-9.747373974925964 1.1195586202293386
-9.74924962419417 1.120603015075357
-9.753255922300873 1.1229031894646484
-9.75474909887356 1.1237545881921172
-9.758108508811956 1.1256281407034976
-9.759169960059484 1.1262385900189003
-9.761306532663392 1.1274588785506383
-9.765073235267877 1.1295770655874993
-9.76699982166783 1.1306532663316382
-9.77094319620746 1.1329250595186169
-9.772624554209267 1.1338869867733168
-9.775794805389395 1.1356783919597788
-9.776842209301556 1.1362647528341583
-9.778894472361884 1.1374409147404103
-9.782732997665532 1.1396067960725915
-9.784689782693485 1.1407035175879194
-9.78859008110006 1.1429584692908668
-9.790376547078212 1.1439841103640136
-9.79348382279267 1.14572864321606
-9.794474366005105 1.1463023706604236
-9.796482412060376 1.147457303645214
-9.80035173367718 1.149648248382256
-9.802317386461722 1.1507537688442007
-9.806194983075946 1.1530038741821782
-9.808001947425511 1.154045064662811
-9.811048654369365 1.1557788944723413
-9.812064832371034 1.1563519000117228
-9.814070351758868 1.157509668841362
-9.81792779812207 1.1597018925681386
-9.819880356051929 1.160804020100482
-9.823756208166838 1.1630617581834883
-9.825497520010355 1.164068925315192
-9.82861017387924 1.1658291457286225
-9.829611909507125 1.1664138262858321
-9.83165829145736 1.167599757782189
-9.835459441347194 1.1697682285310966
-9.83737628525617 1.1708542713567631
-9.841271954435314 1.17313263613406
-9.84285992044741 1.1740547367824918
-9.846041728074102 1.1758793969849037
-9.847113789371225 1.1764886660662262
-9.849246231155853 1.1777294537630167
-9.852944800859268 1.1798477884120686
-9.854802629351953 1.1809045226130443
-9.85874030328349 1.1832170562047173
-9.860085690985665 1.1840015111358477
-9.86346868156628 1.185929648241185
-9.86456854590563 1.1865769696551034
-9.866834170854345 1.1879007893196203
-9.870381892114072 1.1899411392236896
-9.872156695033892 1.1909547738693256
-9.876159209883689 1.1933156026319391
-9.877171256012774 1.1939082267717342
-9.880753842659612 1.1959798994974662
-9.881974125269235 1.1966793238642097
-9.884422110552837 1.1980930498198301
-9.887807413964643 1.2000377955793766
-9.88952908797289 1.2010050251256068
-9.8937399119288 1.2033679217891873
-9.894842300578507 1.2039822222757977
-9.89859776753837 1.2060301507537474
-9.899748798494416 1.206676222684294
-9.902010050251329 1.2079366293111828
-9.905745610933268 1.2099879733299055
-9.907702314989839 1.211055276381888
-9.91171423113391 1.2133077789007194
-9.913627622066521 1.2143745826148002
-9.916724997776491 1.2160804020100286
-9.91771303245295 1.2166189612948486
-9.919597989949821 1.2176702140675246
-9.923711369375457 1.2199302763737014
-9.92586479733731 1.2211055276381693
-9.929681461359799 1.2232496614348882
-9.932388935532746 1.224760083519005
-9.934899518445786 1.2261306532663099
-9.935670171354175 1.2265637270646348
-9.937185929648313 1.227409586677167
-9.941669799323355 1.2298746732730095
-9.94401580125987 1.2311557788944505
-9.947641123912051 1.233193706161523
-9.951124595763712 1.2351382549274215
-9.953015530944809 1.236180904522591
-9.953619740014608 1.2365106557603625
-9.954773869346806 1.2371551295985626
-9.959620413993196 1.239821303108906
-9.962154563281805 1.2412060301507317
-9.965592720205084 1.24314005553365
-9.969832898859554 1.245508610011517
-9.97115476604572 1.2462311557788723
-9.971561243641325 1.2464598887514358
-9.972361809045298 1.246907242086544
-9.977562706680624 1.2497703106540623
-9.980280289896893 1.251256281407013
-9.98353573141042 1.2530888577879757
-9.988512082925945 1.2558706453729123
-9.989256001807968 1.2562814070351536
-9.989494167459656 1.2564115731163348
-9.98994974874379 1.2566663407206589
-9.995496150360522 1.2597218464870856
-9.998392618799638 1.2613065326632942
-10.001469815829319 1.2630402105527123
-10.007162284967022 1.2662244001556457
-10.007358255310642 1.2663316582914348
-10.007418615778278 1.266365679052579
-10.007537688442282 1.2664323115565903
-10.013421307058803 1.2696757500291405
-10.016331658291527 1.2713173161226958
-10.016403061140332 1.2713567839195754
-10.01939538900182 1.2729939951021336
-10.025125628140774 1.2762019798558137
-10.025340541064933 1.2763205058550993
-10.02545263079025 1.276381909547716
-10.02578833829806 1.2765712553069406
-10.031336615563164 1.279632467340888
-10.034574646635537 1.2814070351758566
-10.037310457945184 1.2829507808598803
-10.042713567839266 1.2859783660338122
-10.043255276155124 1.2862773869994664
-10.043537560958582 1.2864321608039972
-10.044381878924614 1.286908821114097
-10.049241066492444 1.2895922868169443
-10.051507537688511 1.2908729780903236
-10.05256273868709 1.2914572864321379
-10.055214358826598 1.2929107574924688
-10.060301507537758 1.2957640337195215
-10.061158525661936 1.296237549739085
-10.061604703003187 1.2964824120602785
-10.062937352022962 1.2972355104846223
-10.06713406851071 1.2995553774104334
-10.070689512546679 1.301507537688419
-10.073106486366733 1.3028740979368534
-10.07788944723625 1.3055594903226977
-10.079049670067937 1.3062011710789356
-10.079653104798222 1.3065326633165597
-10.081452777754947 1.307550757750473
-10.085015006937503 1.3095219147443418
-10.086683417085496 1.3104665727060727
-10.088650070977849 1.3115577889447003
-10.090986211403212 1.312840981953709
-10.095477386934743 1.3153652657643624
-10.096928065418682 1.3161684350060012
-10.097681779107575 1.316582914572841
-10.099926119724138 1.3178539810840961
-10.102883242759999 1.3194920813937658
-10.106728959166313 1.3216080402009815
-10.108852879866033 1.3228115964201823
-10.113065326633235 1.325181913725169
-10.114793042260123 1.326139532792869
-10.115689702303316 1.3266331658291222
-10.118355284509171 1.3281445823651046
-10.120738111555774 1.32946606719368
-10.12185929648248 1.3301023210558913
-10.124657236354716 1.3316582914572628
-10.126705811660335 1.3327861356490889
-10.130653266331727 1.3350100130106064
-10.132643904480013 1.3361146633287504
-10.133675812968614 1.3366834170854034
-10.136738121123669 1.3384219470259575
-10.138578922318358 1.3394440695745065
-10.1426849593618 1.341708542713544
-10.144544299448457 1.3427648017369052
-10.14824120603022 1.344850169044304
-10.150479928045007 1.3460940334803162
-10.15163901037537 1.3467336683416846
-10.155072420395541 1.3486854438746336
-10.156404956177038 1.349426293927877
-10.157035175879464 1.3497848348033408
-10.160575824835899 1.3517587939698252
-10.162367607322484 1.352747804943033
-10.165829145728711 1.3547030155017783
-10.16830035962437 1.3560778584849205
-10.169578152826377 1.3567839195979658
-10.173355914258677 1.358934424892241
-10.174215465001788 1.3594129540052275
-10.178548880572233 1.3618090452261065
-10.18017496935787 1.3627353641030586
-10.183417085427203 1.3645692160982517
-10.186104415090561 1.3660663623790024
-10.187492055851031 1.366834170854247
-10.191586274950238 1.369168225003686
-10.192009669883415 1.3694042723520417
-10.192211055276449 1.3695191641795423
-10.196396789690224 1.3718592964823877
-10.19796558803787 1.3727277070789086
-10.201005025125696 1.374449466545629
-10.203891277886113 1.376059778464695
-10.205379490242862 1.3768844221105283
-10.209761114106794 1.3793861618194132
-10.209786759478154 1.3794004807808236
-10.214311432615483 1.381909547738669
-10.21573863253767 1.3827250712491024
-10.218592964824188 1.38434449669536
-10.221660097245255 1.386058349817933
-10.223239179926344 1.3869346733668095
-10.227550791327715 1.389400419993942
-10.227882698700746 1.3895888830458265
-10.232110390053128 1.3919597989949501
-10.233493236856035 1.3927277040425636
-10.23618090452268 1.3942550728858052
-10.239409986257703 1.396062329841656
-10.241069547768248 1.3969849246230908
-10.2452957472007 1.3994058094860833
-10.245943373221666 1.3997742013942291
-10.249961888783686 1.4020100502512314
-10.251228063423888 1.4027359876218846
-10.253768844221172 1.4041825297321076
-10.257138894085385 1.406072304489597
-10.258867963379329 1.407035175879372
-10.263018320416174 1.4094175940232256
-10.263934251665535 1.409939578006333
-10.267702150859469 1.4120603015075126
-10.268940683484091 1.4127506159176768
-10.271356783919664 1.4141287994652716
-10.274845677948495 1.4160886002702728
-10.27663265778816 1.4170854271356532
-10.280719309579357 1.419435545432453
-10.281858439077459 1.42008590003788
-10.285484657443297 1.4221105527637938
-10.286632385151398 1.422771220897154
-10.288944723618156 1.4240926568563035
-10.29253123046341 1.4261109621504335
-10.294364892850558 1.4271356783919344
-10.298398480950627 1.4294597304965118
-10.29971538631802 1.4302130105918955
-10.303163337051126 1.432160804020075
-10.30430234201505 1.4327980386776744
-10.306532663316649 1.4340750877782877
-10.310194439433792 1.4361397079004607
-10.312063028786781 1.4371859296482157
-10.316054696229017 1.4394904744442512
-10.317502088523867 1.4403200511359922
-10.320876094753253 1.4422110552763563
-10.321949421863184 1.442831392748344
-10.32412060301514 1.444077128973829
-10.3278341457873 1.4461751686838804
-10.329725364835884 1.447236180904497
-10.333686768810225 1.449528116305471
-10.335215478422645 1.4504061453066415
-10.338486095973453 1.4522613065326375
-10.339572443919044 1.4528716204739487
-10.341708542713633 1.4540998721490634
-10.345449140385334 1.456217689968864
-10.347350135542083 1.4572864321607781
-10.351293460470268 1.4595730098584516
-10.352852424543771 1.4604703983979608
-10.356123714598635 1.4623115577889187
-10.357170175462981 1.4629190740601032
-10.359296482412125 1.4641444685074108
-10.3630381605133 1.4662676325310091
-10.364935506675097 1.4673366834170594
-10.368873477719971 1.46962552467153
-10.370409729160574 1.4705118967737594
-10.373656432307849 1.4723618090452
-10.374741328121482 1.4729741216135244
-10.376884422110617 1.47421213376792
-10.380599886027412 1.476325373554256
-10.382479570763316 1.4773869346733406
-10.38642546780498 1.4796860472459494
-10.387884125972324 1.4805297072052568
-10.391213121708931 1.4824120603014812
-10.39228455379698 1.4830371483049465
-10.39447236180911 1.484304153719779
-10.39813293513039 1.4863913078378275
-10.399980342215047 1.4874371859296218
-10.403948014322298 1.4897549822682796
-10.40527227753267 1.490522876136354
-10.40865922385783 1.4924623115577624
-10.409798440208242 1.4931085576432936
-10.412060301507601 1.4944218903722932
-10.415635859744366 1.4964658491182563
-10.41743575199929 1.497487437185903
-10.421439632420064 1.499832753981912
-10.422570772428996 1.5004904288777299
-10.426128732162006 1.5025125628140437
-10.427281506006942 1.5031887728709439
-10.429648241206094 1.5045667887684528
-10.433107140444907 1.5065494315168086
-10.43484364185331 1.5075376884421843
-10.438898763542712 1.5099198076884344
-10.439776122215441 1.5104313687305693
-10.443478066399859 1.512562814070325
-10.444732195431136 1.5132782384913108
-10.447236180904586 1.514740384540402
-10.45054518091499 1.516642511124065
-10.452201757979719 1.5175879396984655
-10.456323769678436 1.5200166113912204
-10.456884758100452 1.520344676040141
-10.460853605885996 1.5226130653266061
-10.46214887245105 1.523377421941471
-10.464824120603078 1.5249443122968893
-10.467948301872235 1.526745567734987
-10.469507744190759 1.5276381909547467
-10.473712927060017 1.5301236575951904
-10.47389302738818 1.5302293071790611
-10.478095089415335 1.5326633165828873
-10.479529814356534 1.5334868154243262
-10.48241206030157 1.5351803149464445
-10.485314734416368 1.5368591067496569
-10.486759134451976 1.537688442211028
-10.490801077476226 1.5400853042609288
-10.49106858863697 1.5402402740290544
-10.495369248123522 1.5427135678391686
-10.496873204728695 1.5436069379167021
-10.500000000000062 1.5454502540759298
-10.502642985885744 1.5469835546428286
-10.503954117826233 1.5477386934673092
-10.507607987772401 1.5499124042594064
-10.508389794843557 1.5503667348544505
-10.508793969849307 1.5506071739794463
-10.512493303848732 1.5527638190954498
-10.514179050783595 1.5537377873568667
-10.517587939698554 1.5557540511826842
-10.519932600792409 1.5571190415539178
-10.521091738216468 1.5577889447235904
-10.524306699381274 1.559708590347224
-10.525671415110661 1.5605045059482716
-10.529660627619185 1.562814070351731
-10.531443323637642 1.563880514854418
-10.535175879397046 1.5660964262219919
-10.537179029007703 1.5672668675196837
-10.538165768999558 1.5678391959798716
-10.54088906681141 1.569471535241119
-10.542909993541734 1.57065457470953
-10.543969849246292 1.57128973865803
-10.546650929187898 1.5728643216080123
-10.548663427351638 1.5740358621062693
-10.552763819095539 1.5764796143868507
-10.554380131783763 1.577427643610946
-10.555173321000769 1.5778894472361529
-10.557351205285324 1.5792001290046631
-10.560103383490347 1.580817554465777
-10.563698234935718 1.5829145728642935
-10.56583715102614 1.5842044607979773
-10.57035175879403 1.5869060278698228
-10.571533631995852 1.5876020204347707
-10.572111339627593 1.587939698492434
-10.573689103498623 1.5888932255508887
-10.57724929818059 1.5909940985815574
-10.579145728643276 1.5921398298934664
-10.580539176332667 1.5929648241205747
-10.582962138817647 1.5943869840276816
-10.587939698492523 1.5973782739607598
-10.588637102587683 1.5977906914358124
-10.58897659268117 1.5979899497487153
-10.589922279522378 1.598556401471531
-10.594432283440392 1.6011600511060369
-10.597789425165493 1.603015075376856
-10.600376251004382 1.6044869002873225
-10.605527638191015 1.6073962325576465
-10.60629233640914 1.607821715799818
-10.606687822630192 1.6080402010049966
-10.607858569517866 1.6087061813840968
-10.612244789719425 1.6111461404821625
-10.61432160804026 1.6123279328346403
-10.615643951940797 1.6130653266331372
-10.61819270429288 1.614471861946459
-10.623115577889507 1.6172509446768624
-10.624112757754814 1.6178055437283332
-10.624628694856005 1.6180904522612778
-10.626156905955524 1.618959403137283
-10.630062080249532 1.6211308629294114
-10.633656930027346 1.6231155778894184
-10.636013891998273 1.6244554709150547
-10.640703517588 1.627101810493639
-10.641937860737409 1.627788034046299
-10.642576756964367 1.628140703517559
-10.644470217733712 1.6292169035591915
-10.647883854592035 1.6311143042874034
-10.649497487437245 1.6320317958513746
-10.651532737221963 1.6331658291456996
-10.6538395048575 1.6344378155539827
-10.658291457286492 1.6369490897681258
-10.659767327156938 1.6377692776679984
-10.660531518612654 1.6381909547738402
-10.662797472449958 1.6394783876776877
-10.665709795721428 1.6410965551348564
-10.669551636521188 1.6432160804019809
-10.671669216965126 1.6444189889790835
-10.675879396984984 1.6467930548856948
-10.6776008221141 1.6477493702789454
-10.678492462785986 1.6482412060301215
-10.6811375755 1.6497435427486975
-10.683539570375265 1.6510777106896102
-10.684673366834229 1.6517219310810747
-10.687447013836396 1.653266331658262
-10.689502686117805 1.6543990889627391
-10.693467336683476 1.6566339905819456
-10.69543799434895 1.6577284122391243
-10.696459046319827 1.6582914572864027
-10.69948937117617 1.660012038570029
-10.701372829376044 1.6610578707166672
-10.705469494526673 1.6633165829145433
-10.7073395541298 1.6643782178437343
-10.711055276381968 1.6664721937007592
-10.713278476549634 1.6677065084947786
-10.71443070038518 1.668341708542684
-10.717851643748816 1.670283527790355
-10.719209207922997 1.6710371394448158
-10.719849246231213 1.6714006021005998
-10.723382481944379 1.6733668341708245
-10.72517944711742 1.6743564824459787
-10.72864321608046 1.6763079729871135
-10.731121885629086 1.6776837684993575
-10.732406830933144 1.6783919597989652
-10.736223118525045 1.680557646211704
-10.737048325851733 1.6810156254924564
-10.741406047301624 1.6834170854271058
-10.743021975750354 1.684333994006706
-10.746231155778952 1.6861416489163643
-10.748967767263636 1.6876603220596227
-10.75038665858402 1.6884422110552464
-10.754601950126755 1.6908338665831897
-10.754889618032582 1.6909934903252068
-10.755025125628197 1.6910704107801076
-10.75933398086508 1.693467336683387
-10.76086638908879 1.6943109670801455
-10.763819095477444 1.6959739193436096
-10.766815368505945 1.6976363843033848
-10.7683692149448 1.6984924623115276
-10.772736270183222 1.700969823738018
-10.77299003838134 1.7011127317126409
-10.777355383797456 1.7035175879396682
-10.778712567832423 1.704287435752101
-10.781407035175937 1.7058046959631197
-10.784664777463894 1.7076119300569639
-10.786354485718977 1.7085427135678088
-10.79058889490559 1.7109444507017626
-10.79138807623959 1.7113944395859955
-10.79529636996272 1.7135678391959495
-10.796560310116242 1.714263457698289
-10.798994974874429 1.7156342522483747
-10.80251559998437 1.7175870719355357
-10.80434187134784 1.71859296482409
-10.808442779416007 1.7209187177260654
-10.809790173657758 1.7216773073336125
-10.813313948132228 1.7236180904522307
-10.814409121518114 1.7242391741821752
-10.81658291457292 1.7254629905985137
-10.820367333619169 1.7275619534957292
-10.822330590423505 1.7286432160803713
-10.82629741308569 1.7308927707048634
-10.828194622936001 1.7319608470412513
-10.831265579362992 1.733668341708512
-10.832258499042021 1.7342147289169096
-10.834170854271413 1.7352913199578497
-10.838219467071761 1.7375367208222672
-10.84031984728603 1.7386934673366525
-10.84415227615905 1.7408667581397541
-10.84659968237604 1.742244561080831
-10.849276173974983 1.7437185929647931
-10.850107930587855 1.7441902682168076
-10.851758793969905 1.745119656342066
-10.85607147966447 1.7475115226802007
-10.858308831295707 1.7487437185929338
-10.862006839217774 1.7508408312931119
-10.865003575401628 1.7525279418591406
-10.867235305256013 1.7537688442210744
-10.867956894424243 1.754165941147975
-10.869346733668397 1.7549484233712214
-10.873922840806893 1.757486510666788
-10.876296716115395 1.758793969849215
-10.879860562644376 1.760815144341362
-10.883404489759396 1.7628104715894999
-10.885235703331407 1.7638190954773556
-10.885804858659034 1.7641418996796006
-10.88693467336689 1.7647780528146777
-10.89177300946023 1.7674618393645414
-10.894282658995332 1.7688442211054962
-10.897712896079886 1.7707898545299239
-10.901800576787675 1.7730916220828634
-10.903199001000102 1.7738693467336368
-10.903651280702212 1.7741182988373998
-10.904522613065382 1.7746089851529945
-10.909621433592276 1.77743766649695
-10.912265800053012 1.7788944723617774
-10.915563277870339 1.780765122331359
-10.920189950741326 1.7833708545549047
-10.92118592673754 1.783919597989918
-10.921495606716102 1.78409529686071
-10.922110552763874 1.7844416701618622
-10.927467549617864 1.7874141530883465
-10.930245261540863 1.7889447236180587
-10.933411134496945 1.7907411116081784
-10.938570688161136 1.7936476194458475
-10.939149854295714 1.7939698492461993
-10.939337271047746 1.7940730553646622
-10.939698492462366 1.7942765675231795
-10.945310781819689 1.797391463629391
-10.948220147094629 1.79899497487434
-10.951255879984721 1.8007179897818082
-10.956940827276812 1.8039213562498961
-10.957119960471596 1.8040201005024805
-10.957175695638409 1.8040517395088944
-10.957286432160858 1.8041141474684625
-10.963150541744351 1.8073697662496224
-10.966189540955455 1.8090452261306211
-10.96909691528446 1.810695928009161
-10.97487437185935 1.8139525002578267
-10.975014507080783 1.814030313124067
-10.97508711808653 1.8140703517587617
-10.975302548543178 1.814192687954141
-10.980986227568552 1.8173492328985592
-10.984152507158717 1.8190954773869024
-10.986933627622877 1.8206751013683213
-10.992462311557842 1.823792650235287
-10.992852180112193 1.8240092119995142
-10.993054127137944 1.824120603015043
-10.993652899616698 1.824460771031859
-10.998817253007573 1.8273300310861176
-11.001256281407088 1.8287164523959527
-11.002026952431919 1.8291457286431836
-11.004765532540326 1.8306556482763288
-11.010050251256335 1.8336368215715666
-11.010684937730383 1.8339895152787387
-11.011013541768069 1.8341708542713242
-11.011987331432762 1.8347243057503038
-11.016643322983326 1.8373122451203248
-11.020056021463374 1.8391959798994648
-11.022592090546226 1.8406377228733506
-11.027638190954827 1.8434857655106516
-11.028511835862831 1.8439714926967463
-11.028963931687269 1.8442211055276054
-11.030302651657408 1.8449823800140575
-11.034463270259112 1.8472962084973785
-11.036432160804072 1.8484164958072125
-11.037920233959511 1.849246231155746
-11.040412186824325 1.8506216436783154
-11.045226130653319 1.8533402127730731
-11.046331999312661 1.8539553943097884
-11.046903949058844 1.8542713567838867
-11.048596145796477 1.8552342182533605
-11.052276416684787 1.8572821149744652
-11.055921712498765 1.8592964824120273
-11.058225201443458 1.860607587814414
-11.062814070351811 1.8632006817763678
-11.064144793266966 1.8639414014929807
-11.06483261625105 1.8643216080401679
-11.066865763550119 1.865479234668256
-11.070082132237374 1.8672701445581472
-11.071608040201056 1.8681394658762311
-11.073770485768744 1.8693467336683085
-11.076030489424015 1.8705957395615336
-11.080402010050303 1.8730677133387843
-11.081949557527839 1.873929702874296
-11.082748918180144 1.8743718592964491
-11.08510938681931 1.8757168240875943
-11.08787976185933 1.8772604844077252
-11.09174089931694 1.8793969849245897
-11.09382738038533 1.8805862904570088
-11.097989949748795 1.882941871335925
-11.09974560611369 1.8839204944484749
-11.100651802006269 1.8844221105527303
-11.10332483106469 1.8859463623572719
-11.105668625021318 1.88725332896015
-11.10678391959804 1.887889668345041
-11.109569668553569 1.889447236180871
-11.111615178061546 1.8905794394339397
-11.115577889447287 1.8928237434968143
-11.117532226727098 1.8939139797290654
-11.118540176650244 1.8944723618090116
-11.12150984643413 1.896167206662395
-11.123448015152677 1.8972488800927554
-11.127505328933221 1.8994974874371522
-11.129393159683062 1.9005753929979283
-11.13316582914578 1.902713942345553
-11.135308680085997 1.9039103699395161
-11.13641291212883 1.9045226130652928
-11.139662118664978 1.9063786957850635
-11.141217198936058 1.9072473473247822
-11.141959798995025 1.9076717837370536
-11.145309139774193 1.9095477386934334
-11.147160575219724 1.9105743654433045
-11.150753768844272 1.9126131062958143
-11.15307419911408 1.913909884244486
-11.154268838705125 1.914572864321574
-11.157779269766069 1.9165801502992297
-11.158975415461983 1.9172489480589396
-11.163206141832028 1.9195979899497146
-11.164916646481167 1.920576579110171
-11.168341708542764 1.922521900906708
-11.170827987985508 1.9239127500227857
-11.172106745849803 1.9246231155778553
-11.175858858484084 1.9267708727039468
-11.176721875238066 1.9272539078644808
-11.177135678392009 1.9274908976494043
-11.180979632590617 1.9296482412059959
-11.182660566068785 1.9305822646838449
-11.185929648241256 1.9324410203099038
-11.188569221018033 1.9339192031836285
-11.18992538100779 1.9346733668341365
-11.193898380558025 1.93695014749607
-11.19445575904681 1.937262460803547
-11.198833845370718 1.939698492462277
-11.200391496172811 1.9405916615385443
-11.203517587939748 1.9423711888194175
-11.206297041407653 1.943929488528159
-11.207723448164018 1.9447236180904177
-11.211895268765128 1.947117241183383
-11.21217621664481 1.9472748498028265
-11.212311557788993 1.9473525411404031
-11.216571222897377 1.9497487437185583
-11.218108567206949 1.950605018127498
-11.22110552763824 1.9523131627371644
-11.224010559796824 1.9539438601585326
-11.225499606200618 1.954773869346699
-11.229846892760827 1.9572714022388666
-11.229882365295051 1.9572913270728938
-11.234378275087927 1.9597989949748396
-11.23581087627185 1.9606225924219487
-11.238693467336732 1.9622677323692432
-11.241708852667053 1.9639625819371744
-11.243252376286959 1.9648241206029802
-11.247575930204318 1.9673113996975244
-11.247753101779313 1.9674125875865744
-11.25207312279577 1.9698492462311208
-11.253497345862531 1.9706446922804615
-11.256281407035225 1.9722358884029036
-11.259390694736387 1.9739860039446437
-11.260980164901076 1.9748743718592614
-11.26525297621429 1.9773361920076695
-11.26560752946436 1.9775389782675852
-11.269827947406181 1.979899497487402
-11.271167002192497 1.9806715959277508
-11.273869346733717 1.9822183705717045
-11.27705545058087 1.984014307730642
-11.278681856064553 1.9849246231155426
-11.282912642992038 1.9873659498127338
-11.28340888426728 1.9876502052679896
-11.287473874256147 1.9899497487436832
-11.288819312493008 1.990703455583458
-11.291457286432209 1.9922157493816224
-11.294702319208552 1.9940477221500261
-11.296356271735483 1.9949748743718416
-11.300553843120063 1.9974009838034608
-11.30115414898594 1.9977454065300604
-11.305133273911077 2.