-9.84383297036114 0.
-9.843977236235816 0.00007088395561929624
-9.84398223570143 0.00007066441434958372
-9.843987692407788 0.00007736534630311469
-9.851399300262852 0.003735494570614774
-9.851668522892922 0.003900994339471037
-9.851963015637915 0.004081838886978662
-9.858941070399514 0.007495289848452241
-9.859493299240798 0.007483557069275881
-9.860098756195457 0.008200121833807352
-9.866606108908679 0.011354175593505884
-9.867461646964905 0.011871095610063468
-9.868401917611635 0.012437331560737758
-9.874398115588452 0.015316281899005194
-9.87557893328047 0.015317098485519152
-9.876879993336779 0.016798908011371412
-9.88232093253089 0.019385980000327978
-9.883850832113556 0.020293709710096784
-9.885541014782401 0.02129064035177068
-9.890378548717626 0.023567900713460776
-9.892283347925028 0.023609544992729714
-9.89439360547952 0.025918696385007704
-9.89857510435398 0.02786695463945536
-9.900882841893576 0.029210245558775088
-9.903447042316092 0.030689655075206566
-9.906914894817845 0.03228835434014665
-9.9096560607438 0.032404107463661014
-9.91271132499787 0.0356105425808082
-9.915402374068506 0.036837638718672065
-9.918610168546609 0.03866753468277061
-9.922197255098515 0.04068887225781407
-9.924042157321953 0.04152069987114015
-9.927752781867468 0.0417498079147531
-9.931916526336405 0.0459326891656615
-9.93283902275146 0.046343812713971366
-9.93709200869452 0.04871878307301608
-9.941074138957578 0.05090996757824302
-9.941801953618544 0.051273013019824905
-9.941878803732155 0.0513202072502885
-9.946636491645139 0.05170252572137501
-9.950980958347117 0.05588197717064452
-9.952064485054814 0.05653984438219148
-9.95639545602787 0.058700123530372475
-9.960337388525971 0.060638543017779024
-9.96252169531984 0.06194921141012099
-9.966378763429626 0.0623262856389968
-9.969877198347254 0.06555021667615119
-9.973266572588377 0.06755928907297455
-9.976596971608297 0.0691780084480512
-9.979606553747846 0.07062504162361957
-9.98431681352122 0.07338195549109196
-9.98706140160264 0.07369485730671402
-9.989531828827337 0.0758716493199383
-9.995691885652706 0.07943008297589146
-9.997784213128895 0.08041893169794612
-9.999659597813606 0.08129932206648152
-10.007413287007838 0.0857177254336504
-10.008778489523213 0.0858938428436515
-10.009996616431097 0.08691810763479463
-10.019504817950493 0.09226004361795123
-10.020058333717907 0.09251379205449164
-10.020549825803228 0.0927387118064227
-10.02581005617644 0.09568298334672931
-10.027239119467716 0.09647331665964436
-10.031356510540043 0.09855108011223415
-10.031638977017469 0.098638026749611
-10.03197260615747 0.09892462636457112
-10.042449965431647 0.1042090908345408
-10.043536902779017 0.10486022805976038
-10.04482928812052 0.10563105841320038
-10.05379130487625 0.11008582201348018
-10.055769987517047 0.11070849826213039
-10.058139573885018 0.1126456711308211
-10.065389118771554 0.11619477727368585
-10.06835766246381 0.11792628823424055
-10.071940206357754 0.1199911895521086
-10.077252117575974 0.12255064120567673
-10.081321099250333 0.12385452711048679
-10.08627282134981 0.12769272491886688
-10.089389059074238 0.12916941608877666
-10.09468342416284 0.13217029959142235
-10.101184870329979 0.13577810826978123
-10.10180864964986 0.13606857865876973
-10.108469966419745 0.13823350634963444
-10.114614245361398 0.1427484328998399
-10.116675545717197 0.14397840556722913
-10.12270854716475 0.14704598055718998
-10.127763023037755 0.14956713045274725
-10.132839571446878 0.15254189074264854
-10.137429817461223 0.15403656128597595
-10.141238502264713 0.1566986401153464
-10.149765058024096 0.16160025695306135
-10.152667655609221 0.16301502431832407
-10.155050543586547 0.16416602535684635
-10.167536884725504 0.17119983515736967
-10.168459636735427 0.1716392558102999
-10.169208323012663 0.1719947740444073
-10.17519932892699 0.1753631876665486
-10.176576319234226 0.17607586334867287
-10.183823208039888 0.17977074294457143
-10.184847591029488 0.18021830339714862
-10.186206331496823 0.18118385117726118
-10.198894997464558 0.18762176333829958
-10.201878271498305 0.1889190787520063
-10.205901776307934 0.1916863854243
-10.214365062842155 0.19588655285211465
-10.219604158077981 0.19815216341185604
-10.226802408025563 0.20293381948646688
-10.230240824927298 0.20460033024427576
-10.238084432945012 0.20797024276632917
-10.246625906736941 0.21346236368596996
-10.249052712094946 0.21489458762066166
-10.257386172718522 0.21843348817093405
-10.263599622796354 0.22232137830988785
-10.272858859706833 0.2276437285291247
-10.27758581813748 0.22961103472354005
-10.281032273629329 0.23170757517997592
-10.298558795473738 0.24149648184880865
-10.298771002508367 0.2415827477289416
-10.298921817875593 0.2416718478866069
-10.299679362469865 0.24210173251642605
-10.317597397428342 0.25136628645580583
-10.321042849439607 0.25305265862191845
-10.326474107830816 0.25647241737481746
-10.336789553526357 0.2616549559083938
-10.344518892256193 0.26604941885599215
-10.355305146606641 0.27198163001450715
-10.356491265623125 0.27258502924196165
-10.357186041491413 0.2729934605682651
-10.369336828543398 0.2787739790396568
-10.377101611844562 0.28330687490549306
-10.391459543685924 0.29143339061363177
-10.395659413985971 0.2935371239599994
-10.398223179276886 0.29480642245840843
-10.40731696198309 0.2999374303534084
-10.42014081643603 0.30653686343005343
-10.423680937314824 0.3083682915352118
-10.430531987011221 0.3124710179573597
-10.442796517894331 0.31869135877311294
-10.453635931956848 0.32419983254705664
-10.466180327340355 0.3313344292827149
-10.476534269405999 0.33723569846212165
-10.485811120827268 0.34177674942832714
-10.49041536676196 0.3443150289112126
-10.502221548028757 0.3509683868148586
-10.520562150431005 0.3604814850896469
-10.533883492268311 0.36808535077197735
-10.541205188165698 0.37177971183043634
-10.54579064920018 0.37439828680414267
-10.558337621091788 0.38104197622452657
-10.568026708881096 0.385976485202282
-10.57853352722658 0.3919252553768798
-10.587130171986601 0.39662860008049083
-10.595466780466415 0.4008695746693062
-10.59971459849647 0.40316354265994764
-10.61594169517807 0.412246284183295
-10.623725787659495 0.41620107462591566
-10.6454528914632 0.42767999610039176
-10.65304725379951 0.4317467195886566
-10.663963623406815 0.43794167851465404
-10.683042958229509 0.4478164212877196
-10.69658141811145 0.45512709250420585
-10.71372046903014 0.46432695072832875
-10.734129025454653 0.47566388931884296
-10.745067958637106 0.4812096622501431
-10.754542515295418 0.48637961346401576
-10.777048847460803 0.4984081020485267
-10.798688985472735 0.5103698452797152
-10.809595118142983 0.5158758425948511
-10.821448175276277 0.5223638533969318
-10.842597974734145 0.5335750409210934
-10.858467904982296 0.5425063940451483
-10.87589657063549 0.5514750490517865
-10.900571846357336 0.564981570560702
-10.909264476359677 0.56955123029931
-10.914117785531936 0.5724278964482664
-10.932409014184692 0.5825364450117632
-10.942718945149304 0.5876891239289748
-10.946290957846966 0.5896981578890758
-10.966163916345625 0.6004201109078972
-10.976724573577288 0.6056794145990123
-10.997395511224488 0.6170673627042298
-11.010127805843322 0.6237549810713672
-11.015036060535095 0.6267168331336697
-11.026566137699215 0.6333035914765709
-11.043414007993785 0.6416998280704624
-11.061090548586582 0.6515117779664165
-11.076613484432574 0.6594494815632174
-11.095924246536521 0.67066966557599
-11.104626411318877 0.674967247942977
-11.10906977867404 0.6770660061942775
-11.122190372404944 0.684318716151328
-11.141373866588328 0.6943956228223529
-11.145897406104 0.6972205780755687
-11.153416510702394 0.7017181345277808
-11.173146820461026 0.7114629104092899
-11.185120020065773 0.7183890081379392
-11.203617688025705 0.7283243958666058
-11.204606904740057 0.7289866229120661
-11.222480219924996 0.738573421530917
-11.234792599801834 0.7447210187108093
-11.248770692438837 0.7533000652561471
-11.258140845948589 0.7578612531066877
-11.264608205034154 0.7608717626313544
-11.290897876656112 0.7757314804984639
-11.292242462291071 0.7763287782089849
-11.29317178740161 0.7767331458148938
-11.297994023517527 0.7794033374586076
-11.322169296160103 0.7921554395539333
-11.324909427744183 0.7940429345121491
-11.32841408814289 0.7963896884352937
-11.350340644487195 0.807248029294345
-11.356251902854986 0.8110627866140867
-11.363801982159302 0.8157404787291509
-11.3774282063243 0.822023121976256
-11.386367606893439 0.8274407142835595
-11.397773152203074 0.8340025394708769
-11.403507215343735 0.8364717124914529
-11.41534363270278 0.8432233846635783
-11.429017937201065 0.8505709938611145
-11.429904818802777 0.8512841925210398
-11.443258016766611 0.8584525539182597
-11.454773272532762 0.8642908162713882
-11.459223725118836 0.8676550348282593
-11.470180956420855 0.8731657330148499
-11.479639297646882 0.8776994442371223
-11.487499950897089 0.8832981623408396
-11.496175828518384 0.8873967443693811
-11.503671110200239 0.8907998167643739
-11.51480076263944 0.8982851179194612
-11.521300047298048 0.9011761901440636
-11.52691882956126 0.9035969069497218
-11.541186952318942 0.9126767844675465
-11.545605791070047 0.9145318485066811
-11.549428180238557 0.9160971242173883
-11.56671364460818 0.9265254220299818
-11.569140621140523 0.9274890107539241
-11.571240991971289 0.9283078631951551
-11.591430981616066 0.939876244237174
-11.591948011648052 0.9400707695827089
-11.592395630415021 0.9402371635527595
-11.59816233638532 0.9434954667446898
-11.603091454635493 0.9462275496757372
-11.613670326926686 0.951873436021714
-11.614067665704665 0.952298266765648
-11.614490284480935 0.9527446921872502
-11.63460659943416 0.9632418435578171
-11.635536291470311 0.9641909069034589
-11.636524551657809 0.9651855165072346
-11.65494523733184 0.9743587140063926
-11.656387656576214 0.9757665426815315
-11.657920112668215 0.9772382880188692
-11.674716194647734 0.9852319954256445
-11.676652873990735 0.9870416360711325
-11.678709411984286 0.9889291491828834
-11.693947199397714 0.9958696237313726
-11.696360718583529 0.9980313991288404
-11.698922421331122 1.0002815019355449
-11.712663968678253 1.0062794455358792
-11.715537855526948 1.008749917416349
-11.718586884672789 1.0113163899505024
-11.730890398325483 1.016469161916053
-11.73420904140576 1.019210258553055
-11.73772853351277 1.0220528159232216
-11.748648730672853 1.0264462882589815
-11.752397301863917 1.029424568000061
-11.756371276731851 1.032508006665862
-11.765959703379297 1.0362181264482306
-11.770124089003628 1.0394041538365488
-11.774537368500338 1.0426976359762667
-11.782842681838908 1.0457917465057345
-11.787409421248682 1.0491595620124885
-11.792247557240318 1.0526360131064116
-11.79931577730218 1.0551739754573615
-11.804272007968677 1.0587006433333748
-11.809521218152025 1.0623362430225889
-11.815395952522865 1.0643713916926423
-11.820729360816948 1.0680366132436736
-11.826376471437037 1.071810363392228
-11.831099116480807 1.0733903234768425
-11.836797893448653 1.0771761053184736
-11.842830288034401 1.0810694622566883
-11.846440209510668 1.0822368505735693
-11.852493011046286 1.0861272192415976
-11.858898584421976 1.0901237795869363
-11.861433279980883 1.0909168081688627
-11.867829190879196 1.0948975639383738
-11.87459630781428 1.0989827953190423
-11.876091553510967 1.0994357924687441
-11.882820054954596 1.1034942964386618
-11.889937512902597 1.10765530599122
-11.890427495582736 1.1077991674832626
-11.89747407854748 1.1119216405169796
-11.897478435772893 1.1119241569675031
-11.904685962917108 1.1160098717652631
-11.904687874280844 1.1161471563617757
-11.911816756553348 1.1201935006944528
-11.918866553624243 1.1240732579593653
-11.91887219292777 1.1244664367978066
-11.925846110570442 1.1283083265162588
-11.932743711107658 1.1319963239726842
-11.932752959174168 1.1326226868682148
-11.939577295765902 1.1362743031994442
-11.946327934454782 1.1397835240010596
-11.946340676742821 1.140622494640772
-11.953020527585291 1.144096793168155
-11.95962916124685 1.147439128975395
-11.9596452875262 1.1484720374902226
-11.96618547971385 1.1517808741872988
-11.972656806476664 1.1549672339217
-11.972676210532178 1.1561771168506585
-11.979081321298521 1.159331359160556
-11.985419798138315 1.162371765308891
-11.985442377498858 1.1637431892723573
-11.991716751013772 1.1667528142365797
-11.997926609824713 1.169656488306964
-11.997952265514705 1.1711753942519836
-12.00410002828707 1.1740495753939575
-12.010185290629833 1.176825013898123
-12.01021392694116 1.1784785792365742
-12.016239001963505 1.1812257636557786
-12.02220349261872 1.1838808057991224
-12.022235016901055 1.1856573221444822
-12.028141136657505 1.18828529906748
-12.033988496098797 1.190827187165405
-12.034022818566553 1.192715951698385
-12.039813537011922 1.1952319135566754
-12.045547232900235 1.1976673470572372
-12.045584814960874 1.1996585689122736
-12.051430327568543 1.202069162780594
-12.05733151330081 1.2044019329294924
-12.057373298518849 1.2064914617360116
-12.063225823808912 1.2088004370552814
-12.0690291584926 1.211035835153024
-12.069073910401382 1.213216360415068
-12.074829994157568 1.2154289714506712
-12.080538306083573 1.2175724779922397
-12.080585965341946 1.219836173122552
-12.08624837357107 1.2219578551267665
-12.0918643665331 1.2240145670435998
-12.091914875737109 1.2263542339049809
-12.097486253599667 1.2283900399783818
-12.103012514163385 1.230364702550246
-12.103065817733592 1.2327737155293461
-12.108548696546915 1.2347283486489993
-12.113987700791549 1.2366253843531008
-12.1140437448685 1.2390976400261355
-12.119440548605452 1.2409754819681915
-12.124794668383478 1.2427990165973968
-12.124853400730613 1.2453288883639482
-12.130166452057143 1.2471340258616663
-12.135437960813091 1.2488879122037495
-12.135499330726477 1.251470209341683
-12.140730856617004 1.2532064577781776
-12.145921934802386 1.2548942971133452
-12.145985893026676 1.2575242277743859
-12.151138029992497 1.2591951526732814
-12.15625077011027 1.2608203143170746
-12.156317268760406 1.2634934520402477
-12.161392067722877 1.2651023885861061
-12.166428479031643 1.2666680276785023
-12.166497471519811 1.269380281048734
-12.171496902357106 1.2709303518419097
-12.176458915262387 1.2724394255605096
-12.17653035622983 1.275187010683284
-12.1814563120233 1.2766811419101576
-12.186345782180737 1.2781364242652797
-12.186419627434 1.2809158397662692
-12.191273928437822 1.2823567759451355
-12.196092640590779 1.2837608712970598
-12.196168847042093 1.2865688755888605
-12.200953244397668 1.2879591930336693
-12.20570291596977 1.2893145484568487
-12.205781441581223 1.2921481390440213
-12.210497620795921 1.293490258172337
-12.215179905257166 1.2947991747778251
-12.215260708988362 1.2976555693969283
-12.21991029319642 1.2989517659945862
-12.224526783219877 1.3002164093099873
-12.224609824978874 1.3030930287236648
-12.229194378000708 1.3043454442663907
-12.233746608425344 1.3055678537621045
-12.233831849022566 1.3084623060459788
-12.238352878237368 1.3096729571674874
-12.242842328851191 1.310855055008709
-12.242929729956149 1.3137651211871704
-12.247388689001342 1.3149359083737853
-12.251816787157855 1.3160795074694873
-12.25190631125843 1.3190031283717745
-12.25630460256844 1.3201358439552269
-12.260672725648313 1.3212426553680592
-12.260764336012462 1.3241779195895451
-12.26510331320819 1.3252742551022108
-12.26941279093706 1.326345894876767
-12.269506451576742 1.3292910277423367
-12.27378742171623 1.330352580692597
-12.278039538348676 1.3313905761537566
-12.278135213985848 1.3343439295907633
-12.282359439685733 1.3353722097103595
-12.286555436064608 1.3363780052782808
-12.286653092099174 1.339338048515988
-12.29082179353579 1.3403344835260471
-12.294962869035421 1.3413094460898374
-12.295062471514967 1.3442747571106122
-12.299176828313227 1.3452406980484315
-12.303264142674282 1.3461861219364357
-12.303365658265504 1.349155379611411
-12.30742681128308 1.3500921057559658
-12.311461486346298 1.3510092173369919
-12.311564882307993 1.3539811941855437
-12.315573935321694 1.3548899176160292
-12.319557056667145 1.3557798795625633
-12.319662300824673 1.3587534350808717
-12.323620322125446 1.3596353048993104
-12.327552940623432 1.3604992201408692
-12.327660001344551 1.3634732946501165
-12.331568025246966 1.3643294008961313
-12.335451158526274 1.3651683162882824
-12.335560004698259 1.3681419252577736
-12.339419032969996 1.3689733025410045
-12.343253666808724 1.3697882122732379
-12.34336426781669 1.3727604410779621
-12.347175271033041 1.3735680719512469
-12.3509623606769 1.374359920714779
-12.351074686383251 1.377329919790725
-12.35483860521135 1.3781147378850518
-12.35857907662392 1.3788844238197364
-12.358693097348853 1.3818514041836871
-12.36241084376599 1.3826142971240245
-12.366105594815135 1.3833626745618437
-12.366221281318143 1.3863259036654323
-12.369893739768163 1.3870677157848288
-12.373543641352496 1.3877955978058913
-12.373660964814803 1.3907543956964574
-12.377288993306374 1.3914759305642623
-12.38089489042538 1.3921840913798469
-12.381013822433246 1.3951378271431099
-12.384598253583476 1.3958398499217775
-12.388160966354636 1.3965290270976987
-12.388281478883492 1.3994771155595
-12.391823120910123 1.4001603552031747
-12.395343445536207 1.4008312517356138
-12.395465510935564 1.4037731504020003
-12.398965148600773 1.4044383017089548
-12.402443858290177 1.4050915879638644
-12.402567449269265 1.4080267941806002
-12.406025844777895 1.408674519710559
-12.40946369062076 1.4093108352368213
-12.409588780234856 1.4122388835510677
-12.413006674089685 1.412869815417528
-12.416404385892317 1.413489770643192
-12.416530947529727 1.4164102303515813
-12.419909059346232 1.417024971898387
-12.423267346426215 1.4176291497185458
-12.423395353795852 1.4205416225872303
-12.426734383078761 1.4211407499578972
-12.430053935022935 1.4217297072220665
-12.4301833621425 1.4246338253655375
-12.43348398902626 1.4252178889731255
-12.436765476413655 1.4257921578793424
-12.436896297598341 1.4286875817859375
-12.440159183553504 1.429257107690634
-12.44340325864516 1.4298171970929228
-12.443535448496883 1.432703613785936
-12.44676123700428 1.4332591049869368
-12.449968534401759 1.433805501622255
-12.450102067798875 1.4366826229464897
-12.453291384993321 1.437224560594239
-12.456462522267596 1.4377577302345361
-12.45659737435508 1.4406252912589697
-12.459750829640276 1.4411541357933406
-12.462886407932595 1.4416745243279214
-12.463022554112655 1.4445322818559132
-12.46614074074879 1.445048474075472
-12.469241345344997 1.4455565085284565
-12.469378761268105 1.4484042397076191
-12.472462256933625 1.448908201774722
-12.475528457813345 1.449404291262021
-12.475667119369653 1.4522417922865096
-12.478716486698543 1.4527339286726035
-12.481748839060533 1.4532184653025004
-12.481888722371671 1.4560455502010476
-12.48490450946752 1.45652624857623
-12.487903554232416 1.456999608297338
-12.488044635643629 1.4598161078008924
-12.49102737657168 1.4602857398714597
-12.493993640863307 1.4607482832715573
-12.49413589693594 1.463554043754857
-12.497086112194234 1.4640129660523065
-12.500020109800566 1.4644650391112801
-12.500163517304859 1.467259921603142
-12.50308171427555 1.4677084762278243
-12.505983946090339 1.4681504110277184
-12.50612848199852 1.4709342902852176
-12.509015155380343 1.4713728056076076
-12.51188610982638 1.4718049210025572
-12.512031751306052 1.4745776846446483
-12.514887383528874 1.4750064759669803
-12.517727536963815 1.4754290782156065
-12.517874261371615 1.4781906259120676
-12.520699322993977 1.4786099960928851
-12.523509140099545 1.4790233794555407
-12.523656924975057 1.4817736221674422
-12.526451875065503 1.4821838622114252
-12.529231809220937 1.4825883095145167
-12.529380632280846 1.4853271687826886
-12.532145918783868 1.4857285583979585
-12.534896412424303 1.486124341567405
-12.535046251556802 1.4888517488456507
-12.537782311644095 1.4892445569705908
-12.54050379660467 1.4896319375363405
-12.540654629864077 1.492347833566378
-12.543361890271841 1.492732318867867
-12.54605478811816 1.4931115484412592
-12.546206593719743 1.4958158826665917
-12.548885471072673 1.4961922940114183
-12.551550193418286 1.4965636147370511
-12.551702949733302 1.4992563447531775
-12.55435385085589 1.4996249216542772
-12.556990799667398 1.4999885666379293
-12.557144485218323 1.5026696576764875
-12.559767807434076 1.503030630715533
-12.562377375324413 1.5033868244295872
-12.562531968780352 1.5060562488741986
-12.56512810019947 1.5064098401019697
-12.567710670709946 1.5067587987696796
-12.56786615088222 1.5094165357014222
-12.570435470678268 1.5097629590172854
-12.572991418549847 1.5101048909771444
-12.57314776438775 1.5127509257477254
-12.575690643063822 1.5130903872594665
-12.578220334498145 1.5134254933108509
-12.578377525084859 1.5160598171416926
-12.58089432472972 1.5163925155068565
-12.58339811764031 1.5167209892380358
-12.583556132188976 1.519343598843607
-12.586047206723599 1.5196697255934293
-12.588525450977732 1.5199917536929721
-12.588684268827667 1.522602650926815
-12.591149964242632 1.522922390773757
-12.593603001894223 1.5232381533262849
-12.593762602507267 1.5258373448482945
-12.596203257091402 1.526150875978125
-12.598631422605356 1.5264605467453127
-12.598791785562373 1.5290480437089289
-12.601207730123006 1.5293555380582387
-12.603611350591375 1.5296592847458963
-12.60377245558886 1.5322351025039516
-12.606164013664088 1.532536726023927
-12.608543409014397 1.5328347105359508
-12.60870523586122 1.5353988683640105
-12.61107272392449 1.535694781271242
-12.613428207120565 1.5359871599511683
-12.613590735734828 1.538539680787274
-12.615934463392202 1.5388300378023239
-12.618266340627828 1.5391169616631752
-12.618429551033831 1.5416578718629739
-12.620749821214211 1.5419428224373872
-12.623058392099914 1.5422244373804568
-12.62322226442523 1.5447537664867703
-12.625519373563861 1.5450334550191627
-12.627804931307104 1.545309902042343
-12.627969445779764 1.5478276825682928
-12.630243683995287 1.5481022486101175
-12.632506515574354 1.548373664006344
-12.632671652520116 1.5508799312312016
-12.634923303785449 1.5511495096827543
-12.637163690117289 1.5514160252290956
-12.637329429957017 1.5539108170060905
-12.639558772264289 1.5541755383032831
-12.641776988366551 1.554437281441182
-12.641943311613673 1.5569206380165395
-12.644150617133507 1.5571806283089353
-12.646346932281006 1.5574377223160725
-12.646513819539067 1.5599096861586095
-12.648699354774383 1.5601650674791876
-12.650874032650238 1.56041763163341
-12.651041464610534 1.5628782472740572
-12.653205490545131 1.5631291377011418
-12.65535878938678 1.5633772874368745
-12.655526746826064 1.5658266013175282
-12.657669519068182 1.5660731151292988
-12.65980169180846 1.5663169621868327
-12.659970155586745 1.5687550225179885
-12.662091924507799 1.568997270339955
-12.664203218911302 1.5692369229079794
-12.664372169969715 1.5716637795346249
-12.6664731808384 1.5719018684804336
-12.668563839633316 1.5721374313321632
-12.668733258992035 1.574553135607444
-12.670813752103976 1.5747871694133595
-12.672884013109545 1.575018744036584
-12.673053881865803 1.5774233487027893
-12.675114092668933 1.5776534278561742
-12.677164188918713 1.5778811125775376
-12.677334488244869 1.5802746716539746
-12.679374647460685 1.580500893516076
-12.68140480732179 1.5807247836198792
-12.681575518463461 1.5831073522972394
-12.683595852204343 1.5833298112205634
-12.685606299492807 1.583549999062367
-12.68577740376706 1.5859216336032043
-12.687778133649763 1.5861404210437584
-12.689769087742173 1.5863569961590402
-12.689940566535771 1.5887177538040111
-12.691921909791285 1.5889329584286649
-12.693893585732814 1.5891460076367823
-12.694065420500534 1.5914959465163159
-12.696027590080392 1.5917076543055229
-12.697980198689404 1.5919172618092088
-12.698152370952387 1.5942564408602935
-12.70009557563161 1.5944647352064052
-12.702029323600906 1.594670982687018
-12.70220181494508 1.5969994615748146
-12.704126259421837 1.5972044233762013
-12.706041349416724 1.5974073900849335
-12.706214141491262 1.5997252291289394
-12.708120026483405 1.599926936880119
-12.710236529888187 1.6001265931743656
-12.710430523529809 1.6024340758509872
-12.712552145713316 1.6026324897078414
-12.714666342677202 1.602828784339029
-12.714862006087499 1.6051262135835493
-12.716968939807197 1.6053212918744568
-12.719068534182185 1.6055143006661305
-12.719265292988432 1.6078017314058928
-12.72135770647224 1.6079935495182844
-12.723442864940145 1.608183346405058
-12.723640712805155 1.6104608338154462
-12.725718771248973 1.6106494649957088
-12.727789657497686 1.6108361218221523
-12.727988588131279 1.6131037215464565
-12.730052453773638 1.6132892369731315
-12.732109228570598 1.6134728235648788
-12.732309235728444 1.6157305916620874
-12.734359067922831 1.6159130605161458
-12.736401889186203 1.6160936447481746
-12.736602966668707 1.6183416376437079
-12.738638921953664 1.6185211271760338
-12.740667944821334 1.6186987750382476
-12.74087008647256 1.620937049477469
-12.742892318639617 1.6211136250736804
-12.744907695536076 1.6212884007339161
-12.745110895242691 1.6235170137382755
-12.747119555402243 1.6236907389809998
-12.74912143610344 1.6238627048455738
-12.7493256877937 1.6260817136712369
-12.751320924438879 1.6262526503999573
-12.753309456135106 1.6264218671718624
-12.753514753777873 1.6286313292706955
-12.755496712846499 1.6287995376392774
-12.757472040203401 1.6289660643741328
-12.757678377807181 1.631166037356916
-12.759647202741863 1.6313315758889133
-12.761609467959621 1.6314954700487672
-12.761816839571646 1.6336860116505159
-12.763772671378087 1.6338489372923581
-12.765722014248858 1.6340102547974396
-12.765930413954168 1.6361914228447236
-12.76787339125777 1.6363517910168746
-12.76980994922142 1.6365105862953793
-12.77001937114201 1.638682438675531
-12.771949630242792 1.6388403033217098
-12.773873538441016 1.6389966293577098
-12.774083976734971 1.6411592239898234
-12.776001651660906 1.6413146376243684
-12.777913042989763 1.6414685460039249
-12.778124491850441 1.6436219408115493
-12.780029714409237 1.6437749545650084
-12.781928719570177 1.6439264955205626
-12.782141173225408 1.6460707484060013
-12.784034073054798 1.6462214120690233
-12.785920820604217 1.6463706345221418
-12.786134273315529 1.6485058033422721
-12.788014977932125 1.6486541654078704
-12.789889594329505 1.648801117010414
-12.790104040391363 1.6509272595539466
-12.79197267523813 1.6510733672582056
-12.79383528489282 1.6512180944319874
-12.794050718631892 1.6533352683980906
-12.795907407124254 1.6534791677593808
-12.797758132440933 1.6536217157343769
-12.797974548215386 1.6557299787125945
-12.799819411786059 1.6558717145693562
-12.801658373208914 1.65601212742053
-12.801875765407711 1.658111536871923
-12.80370892355028 1.6582511529190829
-12.805536239605969 1.65838947360188
-12.8057546026482 1.660480086841329
-12.807576172959472 1.6606176256654004
-12.809391960298887 1.6607538960499706
-12.809611288633114 1.6628357702295782
-12.811421386854322 1.6629712733425053
-12.813225760293205 1.6631055342467
-12.813446048396822 1.6651787263402362
-12.815244788453683 1.6653122342120288
-12.817037861012134 1.665444525433229
-12.817259103390747 1.667509092221563
-12.819046597432438 1.6676406443117735
-12.82082848037334 1.6677710046575915
-12.821050671560169 1.6698270027150606
-12.822827029997233 1.6699566375031516
-12.824597832863654 1.6700851048210543
-12.824820967418944 1.6721325905027193
-12.826586298960185 1.6722603455173624
-12.828346129611752 1.6723869567232585
-12.828570202122199 1.6744259861530015
-12.830324613810589 1.674551898000354
-12.83207357845891 1.6746766891061877
-12.83229858353711 1.676707318165604
-12.834042180784726 1.6768314225566037
-12.835780384027862 1.6769544286969922
-12.836006316311765 1.6789767130150406
-12.837739202933813 1.6790990447917553
-12.839466747789835 1.6792203002497108
-12.839693601942225 1.6812342951930779
-12.84141588019016 1.6813548883541498
-12.843132868129832 1.68147442658592
-12.843360638837805 1.6834801872500629
-12.84507240943159 1.6835990749752832
-12.84677894041019 1.6837169286343439
-12.847007622384664 1.6857145098351778
-12.848708984544174 1.6858317245092218
-12.8504051570325 1.6859479254694592
-12.850634745007724 1.6879373817356522
-12.852325796483358 1.6880529549710146
-12.854011707497913 1.688167534349122
-12.854242196230993 1.6901489199149693
-12.855923033333475 1.6902628825741224
-12.8575987784659 1.6903758707512488
-12.857830162736338 1.6923492395500916
-12.859500880365765 1.6924616217669042
-12.861166553811497 1.6925730484095762
-12.861398828420743 1.6945384540677428
-12.863059520094899 1.694649285268182
-12.86471521468112 1.694759179348534
-12.864948374452124 1.696716675179769
-12.866599132334061 1.6968259841019155
-12.868244939546924 1.6969343739172478
-12.868478979323728 1.6988840129176088
-12.870119894248655 1.6989918276310112
-12.871755904259842 1.6990987408227067
-12.871990818907138 1.7010405756659008
-12.873621980408654 1.7011469235902934
-12.875248282101248 1.7012523871621141
-12.875484066503994 1.7031864701952528
-12.877105562839636 1.7032913781186614
-12.878722243833371 1.7033954184544484
-12.878958892896382 1.7053218016941984
-12.880570811072566 1.7054252957904559
-12.88217795774844 1.7055279386712558
-12.882415466396004 1.707446673800363
-12.884017892192334 1.7075487796460584
-12.885615589716613 1.7076500502666974
-12.885853952892122 1.7095611886308673
-12.887446970885106 1.709661931221748
-12.889035303232758 1.7097618542068715
-12.889274515898324 1.7116654468119847
-12.89085820948452 1.7117648505788328
-12.892437259462053 1.7118634499984355
-12.892677316598165 1.7137595475080805
-12.894251768016746 1.7138576363320803
-12.895821617284513 1.7139549357165402
-12.896062513889682 1.715843588449848
-12.89762780424447 1.715940385677468
-12.899188533338428 1.716036408032104
-12.899430264428839 1.7179176659618667
-12.90098647370981 1.7180131944192685
-12.902538162062754 1.7181079622384403
-12.90278072267194 1.7199818749894993
-12.904327929776205 1.7200761569964935
-12.9058706557385 1.7201696922772594
-12.906114040917016 1.7220363091251476
-12.907652323669303 1.7221293665087125
-12.909186164529125 1.722221690764059
-12.909430369344225 1.724081060633884
-12.91095980451689 1.7241729147412634
-12.912484836519981 1.7242640490129248
-12.912729856055314 1.7261162204784801
-12.91425051938786 1.7262068921898723
-12.915766817756833 1.7262968570607546
-12.916012647112135 1.728141878343845
-12.917524613330288 1.7282313880847011
-12.919032252283458 1.7283202036909215
-12.919278886574261 1.7301581226608913
-12.9207822294086 1.7302464904138362
-12.9222812821784 1.7303341764563942
-12.922528716535739 1.7321650406298486
-12.92402350873988 1.7322522859462341
-12.92551404759084 1.7323388617023272
-12.92576227716097 1.7341627182430333
-12.927248590529352 1.7342488602541413
-12.928730686775658 1.7343343445881352
-12.928979706719785 1.7361512403070944
-12.930457612105025 1.7362362977349988
-12.931931336127686 1.7363207091090684
-12.932181141621685 1.7381306904647496
-12.933650708951552 1.7382146816328512
-12.935116130215171 1.738298038117298
-12.935366716449336 1.7401011512160223
-12.936828014743327 1.7401840940592659
-12.93828520181249 1.7402664133425296
-12.938536563991269 1.742062703938998
-12.93998966137682 1.742144616013784
-12.941438681932116 1.7422259154121524
-12.941690815273859 1.74401542891011
-12.943135779002183 1.7440963274039099
-12.944576699855858 1.7441766238709417
-12.944829599592575 1.745959405323966
-12.946266496054147 1.7460393070646532
-12.947699383165421 1.7461186172003225
-12.94795304454254 1.747894711312732
-12.949381939282231 1.7479736327776374
-12.95080685777226 1.7480519728372077
-12.95106127604839 1.7498214239650838
-12.952482233780284 1.749899381289783
-12.953899247946792 1.7499767671924218
-12.954154418393498 1.7517396193447328
-12.955567503015349 1.7518166283315786
-12.956976676346951 1.7518930756687205
-12.957232594248522 1.753649372508548
-12.95863786885592 1.7537254486349514
-12.960039264046113 1.7538009726784176
-12.960295924699347 1.7555507575242737
-12.961693451599569 1.755625915950746
-12.963087130560421 1.7557005316606296
-12.96334452927441 1.7574438474878598
-12.964734369999952 1.757518103065822
-12.966120393875503 1.757591825098145
-12.966378525971422 1.7593287145404153
-12.967760741293255 1.7594020818197824
-12.96913917047262 1.7594749245339334
-12.969398031283516 1.7612054298847903
-12.97077268122405 1.7612779231213382
-12.972143575354234 1.7613499005872981
-12.972403160224836 1.7630740638018014
-12.973770304070605 1.763145696964323
-12.975133722069055 1.763216822969685
-12.975394026355564 1.7649346856661057
-12.976753722669637 1.765005472443365
-12.978109722736516 1.7650757605001537
-12.978370741806424 1.7667873639617346
-12.97972304844055 1.7668573177692226
-12.98107168807076 1.766926781120524
-12.98133341730265 1.7686321662972968
-12.982678391409154 1.7687013002837968
-12.98401972740409 1.7687699519101998
-12.984282162187462 1.7704691594208557
-12.985619860230882 1.7705374864748256
-12.986953948709953 1.7706053391006833
-12.987217084445032 1.7722984092344922
-12.988547562213514 1.7723659419902678
-12.98987445862541 1.772433008089785
-12.990138290722975 1.7741199808085624
-12.99146160333943 1.774186731652387
-12.992781362473162 1.7742530234555385
-12.993045886354377 1.7759339383956523
-12.994362088287394 1.7759999194715406
-12.995674764283102 1.7760654489698262
-12.995939975379338 1.777740345444243
-12.997249120453894 1.7778055686596825
-12.99855476681343 1.7778703476117226
-12.998820660566102 1.7795392646120909
-13.00012280197403 1.779603741643586
-13.00142147157132 1.7796677815805648
-13.001688043431725 1.7813307577793294
-13.002983233741972 1.7813945000777942
-13.004274978833175 1.7814578123087546
-13.004542224262332 1.7831148860613004
-13.005830515431013 1.7831779048573053
-13.007115387664461 1.783240500474298
-13.007383302132952 1.7848917098211234
-13.008664745513194 1.7849540161299966
-13.009942795939132 1.7850159060130915
-13.010211374926953 1.786661288682004
-13.011486021278534 1.786722893308797
-13.012757300358674 1.7867840881309587
-13.013026539355083 1.7884236815392927
-13.014294438853886 1.7884845950836132
-13.015558996470748 1.7885451053154457
-13.015828890974122 1.790178946572302
-13.017090093221391 1.7902391794330128
-13.018347978687482 1.7902990153473766
-13.01861852420516 1.7919271412558773
-13.019873078236582 1.7919867036356736
-13.021124340303357 1.7920458753121813
-13.021395532351516 1.7936683223717413
-13.0226434866461 1.7937272242816045
-13.023888173512784 1.7937857416109946
-13.024160007616292 1.7954025460196077
-13.025401410105092 1.7954607972831407
-13.026639569427294 1.7955186699715378
-13.026912041119571 1.7971298676280718
-13.02814693919423 1.7971874778857209
-13.029378618092407 1.7972447154587825
-13.029651722915299 1.798850341965287
-13.030880163436418 1.7989073206784516
-13.03210540850416 1.798963932485407
-13.032379142007807 1.8005640231494275
-13.033601171313158 1.800620379604462
-13.034820028625322 1.800676374822045
-13.035094386368026 1.8022709646589448
-13.036310050280603 1.8023267079710574
-13.037522565401279 1.8023820956073355
-13.037797542949384 1.8039712193426227
-13.03900688678529 1.8040263584596714
-13.040213104775612 1.8040811473577782
-13.04048869770338 1.8056648394294355
-13.041691766279568 1.8057193831356257
-13.042891731705385 1.8057735819773955
-13.043167935594873 1.807351876538213
-13.044364773236742 1.8074058334577008
-13.045558530176127 1.8074594507672084
-13.04583534061707 1.8090323816871186
-13.047025991165901 1.8090857602875197
-13.048213583216524 1.8091388044345316
-13.048490995806223 1.8107064053029427
-13.049675502626483 1.8107592138987532
-13.050856972912845 1.810811693102089
-13.051134983256043 1.8123739972302173
-13.05231338924255 1.812426243986146
-13.053488780423065 1.8124781663169556
-13.05376738413185 1.8140352067401568
-13.054939731716791 1.8140868996743735
-13.056109085990759 1.814138273059329
-13.056388278684443 1.815690082539425
-13.057554609844274 1.8157412295267252
-13.058717968958693 1.8157920617511354
-13.058997746263708 1.817338672778737
-13.060158102525914 1.8173892815536286
-13.061315507782185 1.8174395802644723
-13.061595865331984 1.8189810250612972
-13.062750287781713 1.819031103221008
-13.063901780042212 1.8190808759298924
-13.064182713477154 1.8206171864510772
-13.06533124276373 1.820666741458488
-13.066476862458257 1.8207159955445331
-13.066758367425516 1.8222472034809385
-13.067901043768828 1.8222962426674425
-13.06904083090094 1.822344985380093
-13.069322903054397 1.8238711221606012
-13.070459766251172 1.8239196527288926
-13.071593760404387 1.8239678911906618
-13.071876395404539 1.8254889879844656
-13.073007484834498 1.8255370170112586
-13.074135725178397 1.825584758220403
-13.074418918692261 1.8271008459392866
-13.075544273324159 1.827148380377968
-13.076666798620376 1.8271956312110957
-13.076950546321388 1.828706740511705
-13.078070204718943 1.828753787194921
-13.079187053327036 1.8288005544095378
-13.079471350894966 1.8303067156956425
-13.080585351222688 1.8303532813378227
-13.081696561105911 1.830399571574814
-13.081981404226767 1.8319008149995568
-13.08308978425567 1.8319469061993747
-13.08419539298663 1.8319927259854294
-13.084480777352574 1.8334890814535647
-13.08558357446579 1.8335347046963422
-13.086683619232014 1.8335800604463144
-13.086969540541274 1.835071557616437
-13.088066791739564 1.8351167192764857
-13.089161309348961 1.835161617295703
-13.089447763305738 1.8366482855824624
-13.090539505212908 1.8366929919253723
-13.091628532099131 1.8367374384118862
-13.091915514413524 1.8382193069881896
-13.093001783281732 1.838263564173061
-13.094085355509442 1.8383075652198426
-13.094372861897355 1.8397846630190453
-13.095453693612344 1.839828477100667
-13.096531846882383 1.8398720386977527
-13.096819873065458 1.8413443944158352
-13.097895303151667 1.8413877713468112
-13.098968072806144 1.8414308993833957
-13.099256614511665 1.8428985414811252
-13.100326678137282 1.8429414871139507
-13.10139409916456 1.8429841873804298
-13.101683152125387 1.8444471440855117
-13.102747884107282 1.8444896641745991
-13.10380999114688 1.8445319423645656
-13.104099551101365 1.845990241673777
-13.105158985909961 1.8460323418774356
-13.106215813257373 1.8460742035896265
-13.106505875949287 1.8475278732709384
-13.107560047713328 1.8475695591533052
-13.108611629324754 1.8476110098935041
-13.108902190503212 1.8490600774881862
-13.109951133014459 1.8491013545211141
-13.110997502511458 1.849142399704009
-13.111288557930845 1.850586892528722
-13.112332304648682 1.8506277660936201
-13.113373495322735 1.8506684110446183
-13.113665040742637 1.8521083561934895
-13.1147036247986 1.8521488315831247
-13.11573966961561 1.8521890815401234
-13.11603170080074 1.8536245058868082
-13.117065155002976 1.8536645883070613
-13.118096086607665 1.8537044484221799
-13.118388599327794 1.8551353786219065
-13.119416956165427 1.8551750731934904
-13.12044280688569 1.8552145485347609
-13.120735796915579 1.8566410110263607
-13.121759088563014 1.856680322786497
-13.122779890414167 1.8567194183395157
-13.123073353533504 1.8581414393474383
-13.124091611854654 1.8581803732514957
-13.12510739654363 1.8582190939210377
-13.12540132853696 1.8596366994573486
-13.126414585089393 1.8596752603804447
-13.127425384018862 1.8597136109920414
-13.127719780675518 1.8611268268584047
-13.128728066714551 1.86116501959697
-13.129733910986962 1.8612030048984494
-13.130028768101013 1.8626118566880945
-13.131032114583718 1.862649685961402
-13.132033035005286 1.8626873106243957
-13.132328348375465 1.8640918237240676
-13.133326785964618 1.8641292941757261
-13.134322813049225 1.864166562797141
-13.134618578478872 1.8655667623890353
-13.135612137546834 1.8656038785884508
-13.136603301519896 1.8656407956919077
-13.13689951481689 1.8670367067555882
-13.137888225449425 1.8670734731993899
-13.138874556251654 1.8671100432366308
-13.139171213228362 1.8685016905509315
-13.140155105228384 1.8685381116643687
-13.141136632519519 1.868574339016631
-13.14143372899274 1.8699617471615424
-13.142412831884002 1.8699978272998474
-13.143389585046465 1.8700337162792084
-13.14368711683736 1.8714169096377467
-13.144661459868084 1.8714526530874693
-13.14563346801058 1.87148820793816
-13.145931430944625 1.87286721069822
-13.146901043091072 1.8729026216785312
-13.14786833505212 1.8729378465782225
-13.148166724959049 1.8743126827344143
-13.149131634929022 1.874347765398381
-13.150094239280445 1.8743826644594392
-13.150393051994191 1.8757533578149095
-13.151353288230494 1.875788116250742
-13.152311233280834 1.8758226935214581
-13.15261046463948 1.877189267689694
-13.15356605532331 1.8772237059219645
-13.154519369121196 1.877257965387757
-13.15481901496692 1.8786204437943743
-13.155769988021204 1.87865456578521
-13.156718698358668 1.878688511369799
-13.157018754537694 1.880046917254314
-13.157965137630377 1.8800807269045638
-13.15890927204611 1.8801143624711218
-13.159209734408648 1.8814687188887067
-13.160151554955933 1.881502220039082
-13.16109114073849 1.8815355493913586
-13.161392005138694 1.882885879214581
-13.162329290308207 1.8829190756467722
-13.163264354499164 1.882952102530194
-13.163565616795083 1.8842984284507416
-13.164498393509014 1.8843313238885087
-13.165428962906068 1.8843640519912572
-13.165730618959591 1.885706396521643
-13.166658913897766 1.8857389946318857
-13.167585015057796 1.8857714275859494
-13.167887060734605 1.887109813061205
-13.168810900337522 1.8871421174550072
-13.169732559579584 1.8871742588372133
-13.170034990749112 1.8885087074165627
-13.17095440122092 1.8885407216502161
-13.171871644629212 1.8885725749832383
-13.17217445716459 1.8899031086517588
-13.173089464476018 1.8899348362277628
-13.17400231790279 1.8899664049811091
-13.174305507680808 1.891293045551375
-13.175216137572058 1.891324489919417
-13.17612462664047 1.8913557775103955
-13.176428189541525 1.8926785466241052
-13.177334467525117 1.8927097111820195
-13.178238617632067 1.8927407209766844
-13.178542549540122 1.8940596401062735
-13.179444500903685 1.8940905282009797
-13.180344337222577 1.894121263515056
-13.180648634025118 1.8954363539652945
-13.181546283834146 1.8954669688937156
-13.182441831317629 1.8954974329935064
-13.182746488905622 1.8968087159030795
-13.183639862006183 1.8968390609130417
-13.184531145388835 1.8968692570163141
-13.18483615965668 1.8981767533593885
-13.18572528067809 1.8982068316505016
-13.186612324479063 1.8982367629273555
-13.186917691324556 1.8995404935151303
-13.187802584682002 1.8995703082396493
-13.188685413207633 1.8995999778133676
-13.188991128531928 1.90089996329561
-13.189871818429049 1.9009295175592789
-13.190750455775428 1.9009589285071604
-13.191056515482988 1.9022551893737254
-13.191933025914432 1.9022844862366037
-13.192807495969921 1.9023136415907778
-13.193113895968482 1.9036061981731145
-13.193986250722407 1.903635240650387
-13.194856577170134 1.9036641433986121
-13.195163313370672 1.904953015871254
-13.196031536031212 1.904981806934022
-13.196897742351517 1.905010460020468
-13.197204810668202 1.906295668402509
-13.198068924617905 1.9063242109785674
-13.198931034090757 1.9063526173045804
-13.199238430440912 1.9076341814611355
-13.200098458863131 1.9076624784357328
-13.200956494570494 1.9076906408605856
-13.201264214874573 1.908968580504238
-13.20212018075582 1.90899663472082
-13.202974165584004 1.9090245560624477
-13.203282205765538 1.9102988907546803
-13.204134131897812 1.9103267050156203
-13.204984088539769 1.9103543880513385
-13.205292444525336 1.911625137203952
-13.206140353508406 1.9116527142712656
-13.206986304466003 1.9116801617384764
-13.207294972185196 1.912947344614993
-13.208138886428854 1.9129746872110365
-13.208980854015106 1.9130019018079192
-13.209289829400495 1.9142655375249709
-13.210129771126775 1.9142926483331284
-13.210967777468051 1.9143196327193164
-13.211277056455147 1.9155797402480212
-13.21211304770051 1.9156066219133763
-13.212947114738695 1.9156333787106192
-13.213256693265915 1.9168899768779433
-13.214088755883406 1.9169166320079365
-13.214918905378042 1.9169431638007517
-13.215228779386683 1.918196271290855
-13.21605693504804 1.9182227024559304
-13.216883188578434 1.9182490117922384
-13.217193354012629 1.9194986471478102
-13.21801762421039 1.9195248568820462
-13.218840003177679 1.9195509462737954
-13.219150455984371 1.920797127897374
-13.219970862033916 1.9208231186991043
-13.220789387663118 1.9208489906228825
-13.221100123792027 1.922091736778162
-13.221916686833616 1.9221175111105817
-13.222731380175636 1.922143168008216
-13.223042395579228 1.9233824968213409
-13.223855136579994 1.9234080571131023
-13.224666018513618 1.9234335013922457
-13.22497730914707 1.9246694308530903
-13.22578624890299 1.924694779498886
-13.22659334013683 1.9247200135335945
-13.226904901958001 1.9259525614970308
-13.22771006109584 1.925977700858166
-13.22851338217026 1.9260027269894624
-13.228825211139663 1.9272319111766139
-13.22962661011888 1.9272568435815671
-13.230426181407898 1.9272816641179957
-13.23073827348867 1.9285075021174791
-13.231535932603304 1.9285322298624517
-13.232331774316462 1.9285568470806198
-13.23264412547433 1.929779356349774
-13.233438064854859 1.9298038816992287
-13.234230197039063 1.9298282978443397
-13.23454280324232 1.931047495710442
-13.235333042857487 1.9310718208976314
-13.236121485398828 1.9310960381840063
-13.2364343426183 1.932311941845475
-13.237220902276924 1.932336069072961
-13.238005674902464 1.9323600896845496
-13.23831877911149 1.933572716212137
-13.23910167846423 1.9335966476522966
-13.239882800743771 1.9336204737431801
-13.240196147918162 1.9348298400811499
-13.24097540645929 1.9348535778766753
-13.24175289780711 1.934877211571558
-13.242066483925134 1.9360833345388528
-13.242842120994242 1.9361068808032393
-13.243616000670814 1.936130324197931
-13.24392982171316 1.9373332204893272
-13.244701856496873 1.9373565773073527
-13.245472143610552 1.9373798324692424
-13.24578619556031 1.9385795186564923
-13.246554647093964 1.9386026880846874
-13.247321360602653 1.9386257570532068
-13.247635639445285 1.9398222495861714
-13.24840052661458 1.9398452336532797
-13.249163685327376 1.9398681184403603
-13.249478187050691 1.9410614336481264
-13.250239528593323 1.941084234355558
-13.250999151172135 1.9411069369460763
-13.251313871766257 1.9422970910380661
-13.252071686273526 1.9423197103603405
-13.25282779123467 1.9423422327125566
-13.253142726692028 1.9435292417796235
-13.253897032610423 1.9435516816648049
-13.254649638326201 1.943574025710793
-13.254964784641485 1.9447579057263065
-13.25571560027425 1.9447801680964312
-13.2564647249745 1.9448023357425013
-13.256780078144653 1.945983102563421
-13.257527421653325 1.946005189314916
-13.258273083426946 1.9460271824420274
-13.258588639451132 1.9472048518099658
-13.259332528857067 1.94722676481406
-13.26007474565354 1.9472485852782282
-13.260390500533118 1.9484231728205021
-13.261130953718984 1.94844491392363
-13.261869743349854 1.9484665635563243
-13.26218569308836 1.9496380847869963
-13.262922727799618 1.9496596558111932
-13.26365810793996 1.949681136419729
-13.263974248543084 1.9508496067406362
-13.264707882389443 1.9508710094839277
-13.265439870579318 1.9508923228518495
-13.265756198054875 1.9520577575536247
-13.266486448511737 1.9520789937904068
-13.267215062157609 1.952100141677865
-13.267531572515521 1.9532625559409438
-13.268258456925393 1.9532836274223582
-13.268983713301543 1.953304611566479
-13.269300402553819 1.9544640204620995
-13.27002393812771 1.9544849289163997
-13.270745854377624 1.9545057510316486
-13.271062718538335 1.955662169522839
-13.271782922357145 1.9556829166557514
-13.272501515494886 1.9557035784342884
-13.272818550580139 1.9568570213768446
-13.273535439596007 1.9568776088719226
-13.274250726507564 1.9568981119839524
-13.27456792853549 1.9580485941274057
-13.275281519573143 1.958069023646377
-13.275993517017763 1.9580893697404922
-13.276310882008492 1.959236905729068
-13.27702119176657 1.9592571789121744
-13.277729916378073 1.9592773696156929
-13.27804744035371 1.960421973989257
-13.278754485406068 1.960442092455591
-13.279459953694149 1.9604621293748863
-13.279777632678757 1.9616038165698841
-13.280481429475758 1.9616237819177165
-13.281183657827258 1.961643666638543
-13.281501487846837 1.9627824509889271
-13.282202052716617 1.9628022647960295
-13.282901057396794 1.9628219988838416
-13.283219034479261 1.9639578946219907
-13.283916383628988 1.9639775584459531
-13.284612180782753 1.963997143446218
-13.284930300957924 1.965130164703846
-13.285624450475035 1.965149680082388
-13.28631705612819 1.9651691175208934
-13.286635315427759 1.9662992783299496
-13.287326281281173 1.9663186467812253
-13.28801571134162 1.9663379381643813
-13.288334105799137 1.9674652524579408
-13.28902190384047 1.9674844754808387
-13.289708174099404 1.9675036222959752
-13.290026699750262 1.96862810390912
-13.29071134571501 1.968647182983559
-13.291394471848102 1.9686661866992161
-13.291713124729515 1.969787849369907
-13.292394634238224 1.9698067859571247
-13.293074631806785 1.9698256480233396
-13.29339340795777 1.9709445053932804
-13.2940717965172 1.9709633009361174
-13.294748680969331 1.9709820227847044
-13.295067576430691 1.9720980884001957
-13.295742859434947 1.9721167443233751
-13.296416646106675 1.9721353273682032
-13.29673565692098 1.973248614680988
-13.297407849652648 1.97326713239139
-13.29807855376904 1.9732855780286527
-13.298397675980608 1.974396100396753
-13.299066793611868 1.9744144812836837
-13.299734430288138 1.9744327908921662
-13.30005365994302 1.9755405615807116
-13.300719717536735 1.9755588070161676
-13.301384301779335 1.975576981957508
-13.301703634925296 1.9766820141395556
-13.302366647436099 1.9767001254784848
-13.303028194143796 1.9767181670974316
-13.303347626830302 1.9778204738547767
-13.304007609105666 1.9778384524353332
-13.304666133070597 1.9778563620599976
-13.304985661348793 1.9789559563839767
-13.305642628130084 1.9789738035277717
-13.306298144038815 1.9789915824698763
-13.30661776396151 1.9800884772621625
-13.307271729885029 1.980106194274511
-13.307924252319577 1.980123843829633
-13.308243959941231 1.981218051903022
-13.308894939539242 1.9812356400731856
-13.309544482978106 1.9812531615209965
-13.309864274354808 1.9823446956001856
-13.31051228205655 1.9823621562016096
-13.311158860875716 1.9823795508061115
-13.311478732065174 1.983468423528469
-13.312123782197867 1.9834857578190173
-13.312767410671798 1.9835030268287737
-13.313087357733318 1.9845892507451026
-13.31372946452315 1.9846064599672872
-13.314370156825772 1.9846236046156502
-13.314690175820246 1.985707192190943
-13.315329353393343 1.9857242775721498
-13.315967123599018 1.9857412990774843
-13.316287210588909 1.9868222626916696
-13.316923472972306 1.9868392254443812
-13.31755833505678 1.9868561250102836
-13.317878486106107 1.9879344769589662
-13.318511847228693 1.9879513182809792
-13.31914381507005 1.9879680970964944
-13.319464026244368 1.9890438495916867
-13.32009449993783 1.9890605706663271
-13.32072358731742 1.9890772299061599
-13.321043854683811 1.9901503950770068
-13.321671454683559 1.9901669970733404
-13.322297675286917 1.9901835378980643
-13.322617994913974 1.9912541277915603
-13.323242734860052 1.9912706118646002
-13.323866102277814 1.991287035420863
-13.324186470235627 1.9923550620025614
-13.324808363673622 1.9923714292934716
-13.325428891402415 1.9923877367141962
-13.325749303762555 1.993453211868913
-13.326368364144487 1.993469463505209
-13.326986065587823 1.9934856559097922
-13.327306518423327 1.9945485914423
-13.327922759108532 1.9945647285380457
-13.328537647577674 1.9945808070325528
-13.328858136963037 1.99564121466827
-13.32947157121903 1.995657238324271
-13.330083659933868 1.9956732040016274
-13.330404181945022 1.9967310953873
-13.331014822948363 1.9967470066912947
-13.331624125038257 1.996762860631474
-13.331944675752565 1.99781824733585
-13.332552536589706 1.9978340473626952
-13.333159065094334 1.997849790632905
-13.333479640590568 1.998902684147401
-13.334084734258687 1.9989183739592582
-13.334688502128875 1.9989340076141215
-13.335009098487212 1.9999844193534853
-13.335611437895043 2.