-8.068215579051868 0.
-8.083894528109457 0.006624475470241687
-8.084713250242473 0.006625243059159356
-8.085699251245558 0.007949242640210557
-8.11663205036316 0.02093578703434632
-8.1194753125155 0.02296069053949051
-8.122970930923177 0.02541941824341411
-8.15169273298228 0.0370218057891875
-8.157263821421232 0.037567798497351534
-8.164289776745406 0.04556056922522289
-8.189354018569425 0.055248137272606766
-8.198656444199065 0.06138694352036738
-8.210770911419196 0.0690638096080089
-8.229911131995424 0.07609235746772511
-8.244413858517051 0.07869872809930034
-8.264103034049727 0.09689345323076878
-8.273647211164704 0.10019304629952105
-8.295566285661089 0.11332268199380223
-8.304466227759818 0.11836101409368893
-8.321413291938281 0.1261176528171501
-8.326894958033325 0.12996824161742254
-8.353558110105936 0.13636846781812711
-8.37464148093051 0.15190282372433184
-8.404161944604812 0.17096953265122367
-8.420504736359485 0.17800320810369552
-8.4325358767893 0.18294596861406506
-8.458293193281694 0.19908921550776348
-8.479499489747075 0.21127603637687192
-8.495734745473039 0.21885419674547746
-8.499685753679323 0.22093802763465958
-8.508233389530726 0.22727994723054568
-8.567340954855336 0.25556860294818545
-8.596595423595923 0.27419277545363463
-8.620121641025234 0.2877733919000112
-8.644463357079118 0.2992011809923808
-8.697568987415904 0.3317356227426851
-8.721533588385734 0.3430839585463404
-8.729107029244483 0.3464837513227211
-8.738304722115116 0.35279291101845256
-8.800714376979109 0.3866057244563668
-8.821911495030418 0.39651932291501385
-8.840527790977209 0.4093337715927522
-8.897623703806694 0.4404558831656845
-8.918520872260343 0.45038383351807926
-8.930736817252292 0.4593543097026898
-8.98909926580307 0.49384238057799723
-9.016172928294216 0.5060943040934276
-9.084757173308317 0.5448526777740071
-9.119506054859903 0.5600960266772693
-9.198650268584581 0.6076017012025045
-9.211637195531143 0.614311944620206
-9.213386159743761 0.6162560943206513
-9.215847770728834 0.618804970914976
-9.309083539191986 0.6645298024099792
-9.323851187911059 0.6775607536372197
-9.3444431599343 0.6935664314940241
-9.394522447982904 0.71253289074538
-9.420618523185057 0.7312724731301653
-9.456869700021176 0.7533467339232959
-9.47050198664879 0.7574821410994184
-9.499673402557685 0.7751148698771132
-9.506660995013933 0.7790665183344252
-9.546336033336667 0.7989289605479833
-9.546335601898756 0.8033113876368534
-9.58406198409279 0.8221184012391353
-9.620014872049627 0.8373805177575429
-9.620013942690303 0.8468537405081459
-9.654344998516942 0.861284801107532
-9.687187311808238 0.8732774788805407
-9.687186214106719 0.8858681113490405
-9.718656523803375 0.8972093665241199
-9.748858388450635 0.9068147759031083
-9.748857468678201 0.9212953722779325
-9.777882742378935 0.9303879729335354
-9.805813619081023 0.9382091787269885
-9.80581323043806 0.9537964686129623
-9.83272333426092 0.961210760138144
-9.858679006034977 0.9676712310572934
-9.858679503556795 0.9838556672507857
-9.883740696261667 0.9899902090452947
-9.907961730959586 0.9953943615245295
-9.907963468883265 1.0118399429247649
-9.93139383844137 1.0169804764806392
-9.954078579729432 1.0215517140882817
-9.954081910188417 1.0380351059536934
-9.976062372324678 1.0423910637172218
-9.997376303991476 1.0462963681658903
-9.997381576436185 1.0626688320368287
-10.018063889020445 1.066396701549592
-10.038146527903434 1.0697629385939769
-10.038154088919864 1.0859259336518583
-10.057666807342864 1.0891446429758034
-10.076636871063323 1.0920696230402087
-10.076647064407345 1.1079588336032602
-10.095100043855032 1.1107601388237174
-10.113059388491234 1.1133202744796076
-10.113072555235844 1.1288949593240836
-10.130560406859416 1.1313506139183365
-10.147597070989402 1.1336063200063524
-10.147613549726769 1.1488420960855612
-10.1642183302673 1.151008897142207
-10.18040891884544 1.153008463248649
-10.180429045910897 1.1678923484578951
-10.196222376660478 1.1698157514859393
-10.211633949816727 1.1715981615784856
-10.211658059516461 1.1861251288422152
-10.226702814336809 1.1878418785962304
-10.241394399830375 1.1894388928708968
-10.241417797849493 1.2036094328140703
-10.256327728446363 1.2051495235929999
-10.271308527694298 1.2065822518157507
-10.271322211216221 1.2204104800255915
-10.286025564335832 1.2217937721516454
-10.30046132783437 1.2230833060674946
-10.300475630706273 1.2365772104565431
-10.314653308013428 1.2378236080550724
-10.328581727371452 1.238988643151223
-10.328596600057608 1.2521555561515456
-10.342284297266996 1.2532827824106805
-10.355739212460982 1.2543390422961134
-10.355754604848068 1.267187553109181
-10.368984434921543 1.268210533399687
-10.381996348732022 1.2691713212711515
-10.38201221026649 1.2817108081492483
-10.394813173563232 1.2826421863784332
-10.407409681981589 1.2835188203751842
-10.407425961776584 1.2957591107632505
-10.419824340720853 1.2966096574333879
-10.4320304954148 1.2974118170592723
-10.432047142333664 1.3093629411888394
-10.444066834811384 1.3101418784494825
-10.45590545023132 1.3108778822763545
-10.455922412952964 1.3225498954205828
-10.467585215601414 1.323265157929078
-10.479077130655098 1.3239421877614668
-10.479094357725364 1.3353450431485374
-10.490420207961531 1.3360034888740218
-10.501584510154379 1.3366277718781292
-10.501601950026354 1.3477712310969527
-10.512609133878092 1.3483788127855878
-10.523463352249744 1.3489557703736934
-10.523480953315481 1.359849341582129
-10.534186284738842 1.3604112470801144
-10.544746556707155 1.3609456173226573
-10.544764267322611 1.3715985140868532
-10.555183243609557 1.3721192818403256
-10.565464459876349 1.372615220662064
-10.565482228380949 1.383036336093458
-10.575629165411728 1.3835199507339864
-10.585645096328163 1.3839811160030946
-10.585662871060125 1.3941790082099552
-10.595551021480171 1.3946289800660348
-10.605314427667462 1.3950586018095747
-10.605332156975768 1.4050414876781745
-10.614973813838349 1.4054609192376124
-10.624496543376807 1.405861858544087
-10.624514175630498 1.4156376136066473
-10.63392076361319 1.4160292553275902
-10.643213837723364 1.4164040539767604
-10.643231321318702 1.425980216677707
-10.65241347727145 1.426346514060441
-10.661487166095354 1.4266974365151748
-10.661504449461326 1.4360812156033307
-10.670472093758775 1.4364243490564506
-10.679335983591592 1.4367534181336403
-10.679353015194042 1.4459517022215265
-10.688115415131733 1.446273620959165
-10.69677846824303 1.446582648246279
-10.69679519658776 1.455602016814773
-10.705361022870042 1.4559044677873207
-10.71383163087946 1.4561950796725671
-10.713848004514501 1.4650418149789777
-10.722225381723607 1.4653263676538444
-10.730511413351715 1.4656000276796484
-10.730527380868933 1.4742801271639507
-10.738723932673203 1.4745481948246228
-10.746832776568194 1.4748062229473073
-10.74684828660439 1.483325411835392
-10.754871176353971 1.4835782699481417
-10.762809779594631 1.483821859184608
-10.762824780832275 1.4921856030667642
-10.770680748098844 1.492424405168546
-10.778455650890079 1.49265463602817
-10.77847009205771 1.500868153251587
-10.786165485597556 1.501093944735092
-10.79378285260392 1.5013117977679573
-10.793796682476371 1.5093800715281966
-10.801337490031106 1.5095938016369552
-10.808803138733813 1.50980016837479
-10.808816306132256 1.517727958426359
-10.816208181426164 1.51793049072127
-10.82352760783829 1.5181261832425923
-10.823540061630176 1.5259180371754755
-10.830788348876421 1.526110158691888
-10.83796675090764 1.5262959180059663
-10.837978440006596 1.5339561820552092
-10.845088196194418 1.5341386113349067
-10.852130494919704 1.5343151147486584
-10.852141368285384 1.5418479441193411
-10.859117383486256 1.5420213382730326
-10.86602824254124 1.5421892058797357
-10.866038249179184 1.549598574581066
-10.872885065080508 1.549763535513146
-10.879668908378967 1.5499233359208324
-10.879677997340426 1.5572130461115241
-10.886399924190062 1.557370126019019
-10.893060952135512 1.5575223814188823
-10.893069072517415 1.5646960722721288
-10.899670204640495 1.5648457785131746
-10.906212408983574 1.5649909691736588
-10.906219509928437 1.5720521252744122
-10.912703739959053 1.5721949246877218
-10.915909379684361 1.5723345253412144
-10.91591240633275 1.5756848993704964
-10.919134070598345 1.5758233819060101
-10.922311995835837 1.5759597939301715
-10.922314761235302 1.579286447076818
-10.925507980084632 1.5794217749830326
-10.928658642072737 1.579555097593379
-10.928661139753451 1.5828583268331564
-10.931826343753695 1.5829905980297085
-10.934950183027942 1.5831209265784927
-10.934952406525044 1.5864010244726097
-10.938076630914383 1.5865303330749396
-10.939624833935039 1.5866582188810223
-10.939625762053764 1.5881620340020364
-10.941188469839801 1.5882894400238474
-10.94273016069927 1.5884159008194394
-10.942731023965498 1.5899154624337273
-10.944286948915462 1.5900414504563325
-10.945822179972089 1.5901665079900424
-10.945822977549447 1.5916618297557783
-10.947372169301152 1.5917864213993618
-10.948900992305589 1.59191009700265
-10.94890172335825 1.593401192724848
-10.950444230963498 1.5935244091952565
-10.951966697068167 1.593646723792049
-10.951967360760879 1.5951336074143225
-10.953503232694583 1.5952554695126084
-10.955019392462964 1.5953764436286526
-10.955019987961007 1.5968591292252714
-10.956549272130152 1.5969796573569786
-10.958059175545877 1.5970993111289478
-10.958059702015108 1.5985778128971837
-10.959582445767511 1.5986970270813856
-10.961086142243305 1.5988153802657412
-10.961087382901498 1.6002897127315991
-10.962627242633797 1.600407632396586
-10.964174297888878 1.600524684440303
-10.964178018585669 1.6019949023038382
-10.965737738347846 1.6021115263811534
-10.96727895927436 1.6022272889667932
-10.967282686638558 1.603693420732552
-10.968828782342634 1.6038087614913619
-10.97037197477016 1.6039232536442072
-10.970375708692204 1.6053853132147158
-10.971916010731835 1.6054993895708756
-10.97345343108716 1.6056126299649396
-10.973457171457794 1.6070706313398335
-10.974999435126785 1.6071834618602503
-10.976523413954137 1.6072954688260601
-10.976527160664372 1.6087494260958939
-10.978063691344099 1.6088610290062528
-10.978067729548226 1.6104213609170381
-10.98112769326677 1.610532141071
-10.984154202427565 1.6106413503811452
-10.98416229357453 1.6137467953307507
-10.987199709461823 1.6138551973355604
-10.993218937901776 1.6139613337881562
-10.993235724708082 1.620321424756745
-10.999211187507917 1.6204259887892805
-11.005143505126805 1.6205276978184313
-11.005160337305055 1.6267986215579882
-11.011050131193873 1.6268988453359345
-11.016897995273052 1.6269963717338765
-11.01691486727835 1.6331805211753918
-11.022721396639225 1.6332766435123232
-11.028487160176017 1.633370215310285
-11.02850406648084 1.639469891518368
-11.034229634409972 1.6395621349532035
-11.03991555200472 1.6396519647844205
-11.039932487097866 1.6456693814049785
-11.045579301080213 1.6457579535194022
-11.051187534409566 1.6458442398541981
-11.051204492795183 1.651781527311797
-11.056774669984124 1.6518666219245721
-11.062307292895262 1.6519495501910844
-11.062324269091969 1.657808759651144
-11.067819841225967 1.6578905579023255
-11.073278844483095 1.657970301504844
-11.073295833023295 1.6637534086149504
-11.078718751009353 1.6638320799514748
-11.084106046720798 1.6639088011969698
-11.084123042149669 1.6696177096207496
-11.089475180340512 1.669693412693546
-11.094792606092083 1.6697672636357483
-11.09480960296715 1.6754038083919436
-11.100092763156614 1.67547669187355
-11.105342085874483 1.6755478150828769
-11.105359078764769 1.681113765701487
-11.110574993923507 1.6811839690321402
-11.115757913487755 1.6812524982988393
-11.115774896973296 1.6867495618054564
-11.12092523474498 1.686817215874735
-11.126043387373024 1.6868832768517994
-11.126060356044233 1.6923131005905707
-11.1311467220206 1.6923783283608886
-11.136201683437976 1.6924420391525776
-11.136218631895046 1.6978062134575682
-11.141242572686465 1.697869130535133
-11.14623586110096 1.6979306022363092
-11.146252783953587 1.7032306629604161
-11.151215790070399 1.7032913781186616
-11.156148868964076 1.703350715309593
-11.156165760830705 1.7085881462195762
-11.161069269389287 1.7086467618795471
-11.165943550141726 1.708704063080339
-11.16596040564939 1.7138802981259877
-11.170805802915641 1.7139369107976834
-11.175622647270576 1.713992268886067
-11.175639461054237 1.7191086943510057
-11.180428084836183 1.7191633950392746
-11.185188807222714 1.7192168976350983
-11.185205573925145 1.7242748541762494
-11.189938715825337 1.7243277287544605
-11.194644585543946 1.7243794585738872
-11.194661299815156 1.729380243156165
-11.199340207352664 1.7294313727105486
-11.203992450635456 1.729481407892663
-11.204009107132451 1.7344262756250426
-11.208634985743517 1.734475736772312
-11.213234787697301 1.7345241511805711
-11.213251381083749 1.73941431705929
-11.217825396009333 1.7394621822398895
-11.222373902449538 1.7395090457406108
-11.22239042739551 1.7443456863048863
-11.226913705463401 1.7443920240539845
-11.231412024646138 1.7444374027738532
-11.231428475827821 1.749221657679162
-11.235902107136347 1.749266532877304
-11.240351311395363 1.7493104894416895
-11.240367683494771 1.7540434629553265
-11.244792723004586 1.7540869370604761
-11.24919385029937 1.7541295308141787
-11.249210138004107 1.758812293237525
-11.253587607044059 1.7588544245000575
-11.257941662424853 1.7588957117119521
-11.25795786042792 1.7635293007335902
-11.262288748120541 1.7635701443956626
-11.266596705115585 1.7636101784485714
-11.266612808115143 1.7681956004321358
-11.270898072726895 1.7682352089127142
-11.275160874656832 1.768274040479715
-11.27517687735602 1.7728122716901173
-11.27941744757702 1.7728506947568339
-11.283636008801041 1.7728883719651047
-11.283651905907748 1.7773803597365483
-11.287848682065395 1.7774176446654517
-11.292023889163367 1.7774542132486468
-11.292039675390113 1.7819008770976361
-11.296193530600696 1.781937068821798
-11.300326243495169 1.7819725722618693
-11.30034191355888 1.786374804948216
-11.304453694820928 1.7864099461960787
-11.308544747842722 1.7864444258553682
-11.308560296464627 1.7908030943940199
-11.312630825697568 1.790837225818287
-11.316681028598286 1.790870721062648
-11.316696450503722 1.7951866676889876
-11.320726525535063 1.7952198279867888
-11.324736664449727 1.795252376300427
-11.324751954368073 1.799526419391534
-11.328742349872211 1.799558645416536
-11.332713188234926 1.7995902825092016
-11.332728340899374 1.803823217463411
-11.336679809290821 1.8038545443304859
-11.340612088706228 1.8038853042375942
-11.340627098853812 1.8080779043145592
-11.34454037113751 1.8081083654975703
-11.348434812210561 1.80813828067378
-11.348449674581827 1.8122912977971013
-11.352325461163 1.8123209252203198
-11.356182764289459 1.8123500266270538
-11.356197473628615 1.816464192151425
-11.36003646508446 1.816493016275049
-11.363857311204338 1.816521333462403
-11.363871862258991 1.8205973589071043
-11.367674730074379 1.8206254088073093
-11.371459781390366 1.8206529699907559
-11.371474168911396 1.8246915477412187
-11.375241566180552 1.82471885118514
-11.37899146684343 1.824745683317402
-11.379005685585113 1.8287474872964742
-11.38273824768119 1.8287740708124811
-11.386453624443996 1.8288001996509229
-11.386467669163663 1.8327658859613607
-11.390166014377938 1.832791774904961
-11.393847477220612 1.832817225074811
-11.393861342678793 1.8367474326144448
-11.397526072831168 1.836772651230126
-11.401174215557262 1.8367974462838255
-11.401187896517513 1.840692797334759
-11.404819597539806 1.8407173688140517
-11.40843499834675 1.8407415312869988
-11.408448489575566 1.8446026320801276
-11.412047732069107 1.8446265786161522
-11.415630954093439 1.844650130079088
-11.415644250360291 1.8484775713351465
-11.419211590129121 1.8485009141738864
-11.422763181967985 1.8485238752821547
-11.42277627804517 1.852318232730441
-11.426312256606145 1.8523409922189615
-11.429832752816303 1.8523633827588528
-11.42984564347894 1.8561252176347085
-11.43335078854994 1.856147413266532
-11.436840710125445 1.8561692521989088
-11.436853390151471 1.8598991117209749
-11.440328216118823 1.8599207621788023
-11.44378807094845 1.8599420676801843
-11.443800535118498 1.8636404855084017
-11.447245543484673 1.863661608704353
-11.450675826790144 1.8636823982056334
-11.450688069887537 1.867349894880899
-11.45410374970013 1.8673705079944392
-11.457504944456069 1.8673907982173843
-11.457516961266807 1.8710278815837265
-11.460903789529715 1.8710480010974282
-11.464276366866272 1.871067808089106
-11.464288152179016 1.8746749736991963
-11.467646594246716 1.8746946154324782
-11.470991013835706 1.8747139545977487
-11.471002562441644 1.878291686102525
-11.474333072397393 1.8783108652434959
-11.477649782822738 1.8783297513756867
-11.477661089515708 1.8818785208988182
-11.480964110534437 1.8818972520343484
-11.484253549647715 1.8819156993442332
-11.484264609224114 1.8854359678421233
-11.487540573920786 1.8854542649862542
-11.490803169182556 1.8854722871294365
-11.490813976441322 1.8889645047374195
-11.494063307205419 1.8889823813582183
-11.497299476013037 1.888999991461023
-11.497310025755565 1.8924645978263803
-11.500533135072386 1.892482066871332
-11.503743285074934 1.8924992775552978
-11.503753572105262 1.8959367021576823
-11.506950862864636 1.8959537760777143
-11.510135392265578 1.8959705994827698
-11.510145411390123 1.8993812619426016
-11.513317277183148 1.8993979527148206
-11.516476575031277 1.8994144005212272
-11.516486321059086 1.9027987108965927
-11.519633146463429 1.902815030045815
-11.522767592932652 1.9028311134949496
-11.522777060675171 1.9061894725675077
-11.525899221529464 1.9062054311866545
-11.529009188187938 1.9062211611007025
-11.529018372459124 1.90955396065108
-11.53211623612696 1.9095695694205057
-11.535202086196056 1.9095849562211282
-11.535210981812412 1.912892579294259
-11.5382849074364 1.9129078485000754
-11.541346996039973 1.9129229022261138
-11.541355597820417 1.9162057233869558
-11.54440593656676 1.9162206629384126
-11.54744461097112 1.9162353932626823
-11.547452913737205 1.919493778842724
-11.5504800090312 1.919508398288701
-11.553495608876258 1.9195228145339325
-11.55350360745186 1.92275712286888
-11.556507795204752 1.92277143141354
-11.559500652726667 1.9227855425675144
-11.559508341938377 1.9259961242265324
-11.56248995076592 1.926010130744187
-11.565460391011671 1.9260239454741106
-11.565467765688464 1.929211143480972
-11.568427117121571 1.9292248565302021
-11.571375458155758 1.9292383831963664
-11.571382513129175 1.9324025332428467
-11.574319921816985 1.9324159610799228
-11.577246474921248 1.932429207748689
-11.577253205025428 1.9355706384005278
-11.580168978931127 1.935583788992167
-11.58307404879645 1.935596763448312
-11.583080448868111 1.938715796344048
-11.585974889457809 1.9387286773795471
-11.588858774370038 1.9387413871380088
-11.588864839248403 1.9418383371809786
-11.591738241673365 1.9418509560837567
-11.594601233692226 1.9418634084008093
-11.594606958219215 1.9449385839445896
-11.597459611491729 1.9449509478831728
-11.600301996623603 1.9449631497670667
-11.6003073756437 1.9480168527946216
-11.603139562806838 1.9480289686931025
-11.605961621171573 1.948040926914194
-11.605966649531933 1.951073453210984
-11.608778647823463 1.9510853277589812
-11.611580653815457 1.951097048859384
-11.611585326365917 1.9541086881806744
-11.614377407376617 1.954120327842822
-11.617159629820407 1.9541318181456024
-11.617163941413505 1.957122854378204
-11.619936371240092 1.9571342654031945
-11.622699073540675 1.9571455310211374
-11.622703019031634 1.9601162423397949
-11.625456058424534 1.9601274307690004
-11.62819949871264 1.9601384776129687
-11.628203072959485 1.9630891366316097
-11.630936977465648 1.9631001083073043
-11.633661408738162 1.9631109420942106
-11.633664606601672 1.966041816012254
-11.636379626702647 1.966052576585456
-11.639085296958363 1.9660632028458704
-11.63908811330213 1.968974553589786
-11.641784494547565 1.968985108527743
-11.644471646918484 1.968995532613154
-11.644474076608947 1.9718876169734534
-11.64715205974571 1.9718979715667855
-11.649820932624026 1.9719081986565323
-11.64982297053052 1.9747812684203687
-11.652482791627605 1.9747914277898915
-11.655133618788573 1.9748014628977841
-11.65513525978333 1.977655764977327
-11.657777150352722 1.9776657340805661
-11.66041016107356 1.977675582061211
-11.66041140003171 1.9805113586179532
-11.663035587145355 1.980521142255371
-11.665651006320317 1.9805308078102148
-11.665651838120096 1.9833482963753675
-11.668258544523134 1.9833578991963117
-11.670856592774934 1.9833673868794193
-11.670857012297425 1.9861668204705387
-11.673446456517823 1.9861762469789304
-11.676027350305516 1.9861855612025099
-11.676027352435058 1.988967168436497
-11.678599748889782 1.9889764229962703
-11.68116370061326 1.988985568035956
-11.681163280237136 1.9917495732385613
-11.683718839334997 1.9917586600788673
-11.686266057436212 1.991767640078776
-11.686265209444947 1.9945142633907391
-11.688804137686237 1.994523186610922
-11.690071879290876 1.9945320313983306
-11.6900712971291 1.9958900615968003
-11.691334240797229 1.9958988786025234
-11.692597931834548 1.9959076440324548
-11.692597600236587 1.996585093901318
-11.693229376204297 1.9965938327143402
-11.693229022125381 1.9972615014224784
-11.693857493965337 1.9972702266428017
-11.69448827460638 1.9972789263008786
-11.694487893668008 1.9979455940896067
-11.695116757428735 1.9979542802372294
-11.69574511390647 1.9979629409782198
-11.695744706027504 1.9986286107666091
-11.696372555979337 1.9986372580787675
-11.69699990018554 1.9986458801387184
-11.696999465284819 1.9993105548334695
-11.697624826359945 1.9993191635455942
-11.698252639496276 1.999327747158757
-11.69825217749274 1.9999914296542682
-11.698878009024066 2.