-9.250050783568103 0.
-9.25048600114168 0.0002200800758398458
-9.25125628140712 0.0006220641941947491
-9.254952978396418 0.002512562814070307
-9.256792026155434 0.0034434842714787806
-9.259819680381769 0.005025125628140614
-9.260050251256366 0.005144349094669209
-9.263070506323464 0.006674758423040217
-9.268844221105612 0.009670086265197497
-9.26932121696074 0.009913966726244006
-9.26958904159445 0.010050251256281229
-9.27048809479422 0.010519929453026933
-9.275608099978612 0.013142840063564698
-9.277638190954857 0.014207543055055893
-9.279326753750185 0.015075376884421843
-9.281882221244102 0.016375359615850904
-9.286432160804104 0.018744972446106622
-9.288128743269702 0.019615764665248392
-9.289077782321005 0.020100502512562457
-9.292244153872293 0.02176107196061583
-9.294374347069505 0.022856432064874532
-9.29880915421977 0.02512562814070307
-9.300644692159404 0.026090030524472674
-9.304020100502596 0.027854346078317604
-9.306887601293916 0.02933146782846663
-9.308486006456917 0.030150753768843686
-9.313102850096643 0.03258080808439878
-9.31379652307265 0.03294401736028796
-9.318108117210452 0.0351758793969843
-9.319361129438455 0.035817853900593555
-9.321608040201088 0.03699631479156196
-9.32560096670867 0.039060168880102
-9.32781938954094 0.040201005025124914
-9.331813299823661 0.042310342189673555
-9.335178871827718 0.044078385489876304
-9.337407233972975 0.04522613065326553
-9.338034538769946 0.045557970976018325
-9.33919597989958 0.046169071446647614
-9.34427181331153 0.04880101816370619
-9.347083198066992 0.05025125628140614
-9.350481734213208 0.052051880677081996
-9.35638399252407 0.055162117031260394
-9.35660517773292 0.05527638190954676
-9.356667736240178 0.05530957715465945
-9.356783919598072 0.055370890806425876
-9.362902927773348 0.058553219487609276
-9.366282324499354 0.06030150753768737
-9.369110910998748 0.06180463562277794
-9.374371859296565 0.06458495479670123
-9.375291457035958 0.06506389095457266
-9.37579863361412 0.06532663316582799
-9.37745274686181 0.06620688675589825
-9.381496922953248 0.06831602632063039
-9.38316582914581 0.06920689168015492
-9.385354443168652 0.0703517587939686
-9.387703416233489 0.07156786815441674
-9.391959798995057 0.07382338296340141
-9.393882612493853 0.07482750913673897
-9.394940313838386 0.07537688442210921
-9.39837569478735 0.07720999750562108
-9.400056249949104 0.07808873834909313
-9.404504414424098 0.08040201005024983
-9.406261676102917 0.08134088507614479
-9.409547738693549 0.08308662117523902
-9.412439941083088 0.0846007921385219
-9.414027000911265 0.08542713567839044
-9.418590812728912 0.0878685258678562
-9.419169032461303 0.08817607675489203
-9.423498734879727 0.09045226130653106
-9.424787967651612 0.09112303580379688
-9.427135678392041 0.09237321611463578
-9.43096569693044 0.09438309592370153
-9.433062580423401 0.09547738693467167
-9.437116164480383 0.09765094510900063
-9.439856780423465 0.09911198751507833
-9.442518422279244 0.10050251256281229
-9.443284428548331 0.10091370957486934
-9.444723618090533 0.10168178326511157
-9.449461996253504 0.10417381585867513
-9.452050675245037 0.1055276381909529
-9.455612430149047 0.10744167465951815
-9.460428991699048 0.11001488779338597
-9.46144769342975 0.11055276381909351
-9.461753065997142 0.11071233290248905
-9.462311557789025 0.11101100441285094
-9.46793082611827 0.11397238421030753
-9.470994664978043 0.11557788944723413
-9.474081576891168 0.11724015247476327
-9.479899497487517 0.12035450333992692
-9.480205083117301 0.12051570489543639
-9.480371543332286 0.12060301507537474
-9.48090400486891 0.12089001718434389
-9.486374052455375 0.12377826785555612
-9.488693467336763 0.12503157526177322
-9.489820076183902 0.12562814070351536
-9.492525451877395 0.12704585079169117
-9.49748743718601 0.12970692453674992
-9.498649714431112 0.13032118711876972
-9.49928169236285 0.13065326633165597
-9.501297615557853 0.13174188872361103
-9.504793340783328 0.13359099093199145
-9.508762503054696 0.13567839195979658
-9.510945612278793 0.13685832470428494
-9.515075376884502 0.13907694551613314
-9.51707087275836 0.14013337590969233
-9.518154115123762 0.1407035175879372
-9.521600634585552 0.14256787693109452
-9.523190241874174 0.14341011036188522
-9.523869346733747 0.14377831993356516
-9.527540006430668 0.1457286432160778
-9.529343782488775 0.14667708152871128
-9.532663316582994 0.1484632629302718
-9.535470435375146 0.14995173490360347
-9.536991921244011 0.15075376884421843
-9.541569963238146 0.15323413828517296
-9.541824687151376 0.15337130329232718
-9.546388641441979 0.15577889447235904
-9.547721627987741 0.15650164541342892
-9.550251256281486 0.15786480249935142
-9.553849951227777 0.15977582154441627
-9.555797699201454 0.16080402010049966
-9.55995126218025 0.16305771547185
-9.56199331672084 0.16415889451174426
-9.565127731767141 0.16582914572864027
-9.566080580227966 0.1663316073720722
-9.567839195979978 0.16728058045702188
-9.572210836810216 0.16960523111957038
-9.574573807289266 0.17085427135678088
-9.578314191202768 0.17288654120698155
-9.582092364143424 0.1749266051177658
-9.583893756248825 0.1758793969849215
-9.584421981900816 0.1761665837785369
-9.58542713567847 0.17670966513609265
-9.59055442043553 0.17943958411104433
-9.593322446690282 0.1809045226130621
-9.596660064304753 0.18272024006226406
-9.602127587709813 0.1856760803363029
-9.602606431629223 0.18592964824120273
-9.602747091535766 0.18600621505297266
-9.603015075376963 0.18615117524985791
-9.60888194679739 0.18927852489207897
-9.61204567083715 0.19095477386934334
-9.614990112401577 0.19255846034759472
-9.620603015075455 0.1955963065891302
-9.621071348736379 0.19584608988007712
-9.621323764876685 0.19597989949748396
-9.62211814609659 0.19641279407495116
-9.627194581261627 0.19912172050100363
-9.6293969849247 0.20032427659969887
-9.63066923666254 0.20100502512562457
-9.633305487581518 0.20240087289488962
-9.638190954773947 0.2050477537495219
-9.639389567239169 0.205687690049416
-9.640034932629039 0.20603015075376518
-9.642062898933565 0.2071364205136561
-9.645493413905555 0.20896885948716015
-9.649423399798735 0.2110552763819058
-9.651607267112318 0.21224716991336923
-9.655778894472439 0.21450945959344914
-9.657694393844539 0.21553311647516082
-9.658724800024777 0.2160804020100464
-9.661958204844147 0.2178459192591058
-9.66377946332151 0.218819650824166
-9.664572864321684 0.21925367851153865
-9.668027286472597 0.22110552763818703
-9.669896457214064 0.22209706391157713
-9.673366834170931 0.22398071485998816
-9.67598682243779 0.2253820851900823
-9.677395000556189 0.22613065326632764
-9.681808220194869 0.22854247784459503
-9.6820536802001 0.22867382288613491
-9.686720781245679 0.23115577889446826
-9.688173996613818 0.2319502866817844
-9.690954773869423 0.23346085323553378
-9.694267779814432 0.23523433139546324
-9.69604705211509 0.23618090452260887
-9.700334787933429 0.23852602613246177
-9.70163425510782 0.23923218487643627
-9.705310408159482 0.24120603015074948
-9.706440759896283 0.24180658834264435
-9.708542713567915 0.2429492497753456
-9.712538129004432 0.24508960851131434
-9.714682363371342 0.2462311557788901
-9.718608816223743 0.24838025207679415
-9.721425383934324 0.24991191874072083
-9.723949733184353 0.2512562814070307
-9.72469756066386 0.2516657364363297
-9.726130653266408 0.25244531936190473
-9.730798672407634 0.2549476872805352
-9.73330223971824 0.2562814070351713
-9.736873193147948 0.2582372355542999
-9.741181555133705 0.260581664711542
-9.742529775575422 0.26130653266331194
-9.742945154518425 0.26152751507659033
-9.7437185929649 0.2619485152016532
-9.749050228856673 0.26480833375094637
-9.751908254117927 0.26633165829145256
-9.75512889498136 0.26809669762917654
-9.760907377566303 0.271242739606139
-9.761121285143936 0.27135678391959317
-9.761184754569214 0.27139157766078714
-9.761306532663392 0.27145789692931555
-9.767294024132044 0.27467119769954706
-9.770100502512637 0.27621217635853856
-9.770415945861206 0.2763819095477338
-9.773376865459417 0.2779583686627243
-9.778894472361884 0.28096405084769227
-9.779433033456478 0.28125316057741934
-9.779721482758315 0.2814070351758744
-9.780620781755836 0.28190026643128885
-9.785530006017936 0.284536294045143
-9.789083085652406 0.286432160804015
-9.791617019372318 0.2878222730006037
-9.796482412060376 0.29047400829253167
-9.797677444269086 0.29111584865823836
-9.798317183198915 0.2914572864321556
-9.800310244028475 0.29255095270875486
-9.80375865468014 0.2944034855975062
-9.805276381909621 0.2952376698862613
-9.807587391047868 0.29648241206029624
-9.80984995946498 0.2976882384299788
-9.814070351758868 0.2999894953574387
-9.815914758443439 0.3009805643499881
-9.816901691525553 0.30150753768843686
-9.819974374447096 0.30319440131364495
-9.821980534485341 0.30427261110901416
-9.826212385053894 0.30653266331657747
-9.828076240105649 0.3075561065599244
-9.83165829145736 0.3095101120095274
-9.834145520336488 0.31084715212211034
-9.83547588977913 0.3115577889447181
-9.839615326406925 0.313831227501737
-9.840196163386908 0.31414352259298717
-9.840452261306606 0.31428439704392996
-9.844716220253392 0.3165829145728587
-9.846296369467476 0.3174257321981093
-9.849246231155853 0.31903548986223296
-9.85237022832651 0.32071546958081143
-9.854040583293362 0.3216080402009993
-9.858417492838209 0.32401280534846677
-9.859246416875674 0.3244652361209486
-9.863302804496174 0.3266331658291399
-9.864510811609538 0.327296982756228
-9.866834170854345 0.32856529096004294
-9.870589336883572 0.3305853868775017
-9.872596504381603 0.33165829145728054
-9.876641343759726 0.3338813676838841
-9.878865859094498 0.33509591666875327
-9.88180882360276 0.33668341708542115
-9.882719988460646 0.3371697376831895
-9.884422110552837 0.3380992065949959
-9.888803258542818 0.34045678614499586
-9.891144315820446 0.34170854271356177
-9.894860083867512 0.34375139025179546
-9.898467289433638 0.3457214509652191
-9.900360097463194 0.3467336683417024
-9.900924281709418 0.3470438879251052
-9.902010050251329 0.34763695615678625
-9.90701236578406 0.35032956096049084
-9.909684614141264 0.351758793969843
-9.913074076411208 0.35362276926658964
-9.918052121683132 0.3563422429503582
-9.918877825243444 0.3567839195979836
-9.919124034603941 0.3569193354110922
-9.919597989949821 0.3571782860179473
-9.92521699282107 0.36020361583433846
-9.928217932740225 0.3618090452261242
-9.931283646546792 0.363495411826559
-9.937185929648313 0.3667205837913121
-9.937323746149152 0.3667947947111676
-9.937397341138595 0.36683417085426484
-9.937625773082784 0.36695984040697116
-9.943417437303921 0.3700788657236602
-9.945979899497559 0.37149067717646744
-9.946662634137905 0.37185929648240545
-9.949489083028611 0.3733692354304612
-9.954773869346806 0.37625763898850995
-9.955534241140029 0.37666717302676744
-9.95594019736571 0.37688442211054607
-9.957199840444053 0.3775775567097597
-9.961613961937628 0.37995523556988076
-9.965265466148825 0.3819095477386867
-9.967690639817844 0.38324416751795987
-9.972361809045298 0.38579772496483855
-9.973740894158718 0.38654064904870733
-9.974477030264477 0.3869346733668273
-9.976760511189648 0.3881914454080704
-9.979806796020167 0.38983265985929094
-9.981155778894543 0.39057619652727826
-9.98371736422214 0.3919597989949679
-9.98588853761048 0.39312014503305637
-9.98994974874379 0.39534068376958675
-9.991943917268202 0.39641516218756223
-9.993008119578066 0.3969849246231085
-9.996308599813485 0.3988017392144503
-9.997996136902922 0.39971108220578344
-10.002289787468026 0.40201005025124914
-10.004082828161671 0.40299715318856677
-10.007537688442282 0.40488656690692526
-10.010143198483705 0.4062907444389827
-10.011533451461128 0.40703517587938975
-10.015843406093781 0.4094082380655326
-10.016181718734867 0.4095905785667915
-10.016331658291527 0.4096732546869646
-10.020749330078518 0.41206030150753037
-10.022273523715864 0.4128751884860762
-10.025125628140774 0.4144352094817405
-10.028339096553577 0.4161672933034417
-10.030053491004834 0.417085427135671
-10.034378183979795 0.4194669653812344
-10.03538106939519 0.42001555320836115
-10.039292679849748 0.4221105527638116
-10.040461197430613 0.42275408716628426
-10.042713567839266 0.4239862499906435
-10.046531980380712 0.4260447033801107
-10.048568822409463 0.4271356783919522
-10.052576328832432 0.42934287230775947
-10.054912967835488 0.43062122124801583
-10.057761424829277 0.4321608040200928
-10.058645927220576 0.43263382696785957
-10.060301507537758 0.4335396441239805
-10.0647219051667 0.4359229588971081
-10.067079531327561 0.43718592964823344
-10.070771497174784 0.43921962966579553
-10.07443459146075 0.44122395362623124
-10.07627711156673 0.44221105527637405
-10.07682775357416 0.44251439632268585
-10.07788944723625 0.443095362780908
-10.082908904725834 0.44580205019320474
-10.085585668250998 0.44723618090451467
-10.088963716092687 0.4490972297165303
-10.093946030965718 0.4518237762557913
-10.094755298806117 0.4522613065326553
-10.095006696279674 0.45239578957696036
-10.095477386934743 0.45265339162081375
-10.101092992154102 0.45568197352669326
-10.1040872496408 0.4572864321607959
-10.107152991932047 0.45897567064684974
-10.113065326633235 0.46221163233308893
-10.113186438512564 0.4622769543948424
-10.113251011246977 0.4623115577889365
-10.113450960970788 0.4624217390282377
-10.119274160452953 0.4655627308971573
-10.12185929648248 0.46698928041561594
-10.122501725035699 0.4673366834170771
-10.12533931091663 0.4688549563928186
-10.130653266331727 0.47176384003598315
-10.131377948983951 0.47215475685886776
-10.131764269375374 0.47236180904521774
-10.132960247415472 0.47302094649771664
-10.137452383112052 0.47544432987897967
-10.141076647752568 0.47738693467335835
-10.143522639725466 0.47873509647471657
-10.14824120603022 0.48131845582525745
-10.149566422118063 0.48203342713354314
-10.150272774915258 0.48241206030149897
-10.152459012619962 0.4836171478985687
-10.155627614654323 0.4853267834656094
-10.157035175879464 0.48610375019139695
-10.159500258368459 0.4874371859296396
-10.16170292603292 0.4886161058427225
-10.165829145728711 0.4908755229061832
-10.167751798671917 0.4919129821454362
-10.168776431353523 0.4924623115577802
-10.171947014566141 0.49421027408275986
-10.173799791145829 0.4952101099238879
-10.17804721502094 0.4974874371859208
-10.179880099013817 0.4984980047326024
-10.183417085427203 0.5004350976877419
-10.185934000857634 0.5017934441196523
-10.187275111719462 0.5025125628140614
-10.191423934681112 0.5048002340294637
-10.19196883067239 0.5050943326578627
-10.192211055276449 0.5052280841019119
-10.196479323803613 0.507537688442202
-10.198054069815372 0.508380818530866
-10.201005025125696 0.5099972494794551
-10.2041129328097 0.511674840446342
-10.205768659385553 0.5125628140703427
-10.210145157564808 0.5149764732873079
-10.210899852127401 0.5153899074994008
-10.214997956895367 0.5175879396984833
-10.216224731997197 0.5182645776490515
-10.218592964824188 0.5195620602112498
-10.222288481020158 0.5215572035563465
-10.224256888816223 0.5226130653266239
-10.22832561818532 0.5248574328515838
-10.230371269583717 0.525978295257918
-10.233437682656316 0.5276381909547645
-10.23439196194021 0.528149317406899
-10.23618090452268 0.5291296241764458
-10.240460514742516 0.5314405708058088
-10.242739556610934 0.5326633165829051
-10.246502469923373 0.5347394235251333
-10.249829982270239 0.5365630530822072
-10.251927342185068 0.5376884422110457
-10.252555569913163 0.5380350920133345
-10.253768844221172 0.5387000965234288
-10.258628755095177 0.5413250218751848
-10.26121625684944 0.5427135678391863
-10.264675354272653 0.5446225477383324
-10.269274713569486 0.5471438162244189
-10.270373157612784 0.547738693467327
-10.270715224576529 0.547921996136794
-10.271356783919664 0.5482737276172784
-10.276793014230424 0.5512106104352501
-10.279686696737585 0.5527638190954676
-10.282844249839656 0.5545068116036109
-10.288705475204734 0.5577205880340594
-10.288832810587188 0.5577889447236082
-10.288870976475257 0.5578100153358649
-10.288944723618156 0.5578504569937834
-10.294953285754808 0.5610973383127051
-10.298150834881088 0.5628140703517488
-10.301009057105084 0.5643922435550524
-10.306532663316649 0.5674216882122218
-10.307038023319455 0.5676948074076584
-10.307306924267367 0.5678391959798894
-10.308136969167348 0.5682975690800891
-10.313109391286732 0.5709852564737208
-10.316608378184057 0.57286432160803
-10.319169588613304 0.5742788971514123
-10.32412060301514 0.5769950612981862
-10.325202992104153 0.5775801932107392
-10.325778772000048 0.5778894472361706
-10.327555335232603 0.5788707992983024
-10.331261131821009 0.5808744217769206
-10.332914572864386 0.5817890291929739
-10.334990977715611 0.5829145728643113
-10.337325636356658 0.5841668318234472
-10.341708542713633 0.5865720516907427
-10.343363354406737 0.5874668951515654
-10.344243377767233 0.5879396984924519
-10.346957436497652 0.5894393824307427
-10.349408288552013 0.5907648967381984
-10.353502342611998 0.5929648241205925
-10.355476972576673 0.5940561126450072
-10.359296482412125 0.5961528356164107
-10.3615188734431 0.5973549808827405
-10.362700359936149 0.5979899497487331
-10.366342355869579 0.6000030564508627
-10.367550623608457 0.6006567493207786
-10.36809045226137 0.6009555501866792
-10.371887417686034 0.6030150753768737
-10.373623350476947 0.6039468101293508
-10.376884422110617 0.6057376033269657
-10.379669293412624 0.6072445234901558
-10.381149306195047 0.6080402010050143
-10.385688177798455 0.610549967865202
-10.385709397199419 0.6105616224589578
-10.390365602750803 0.6130653266331549
-10.39176450485015 0.6138390000500005
-10.39447236180911 0.6153265587408905
-10.397814340103135 0.617135601320145
-10.399589774624486 0.6180904522612956
-10.403837110589722 0.6204399353806895
-10.40507376967662 0.6211194259377271
-10.408751147969591 0.6231155778894362
-10.409900152621411 0.6237327632854903
-10.412060301507601 0.6249199191499208
-10.415953721412242 0.6270282978305373
-10.41802129463793 0.6281407035175768
-10.421980214873075 0.630331568184153
-10.424417572283456 0.6316713523106774
-10.427194697363662 0.6331658291457174
-10.428029993310217 0.6336281856873969
-10.429648241206094 0.6345179149899014
-10.434087127787143 0.6369227014649868
-10.436443367795684 0.638190954773858
-10.440117171921163 0.6402249573405498
-10.443739601046822 0.6422170575854951
-10.445578444035055 0.6432160804019986
-10.446153709412739 0.6435253579710976
-10.447236180904586 0.644120789675358
-10.452214232584781 0.6468189055500835
-10.454855468495989 0.6482412060301392
-10.458247645841983 0.6501201988190237
-10.463038589875486 0.6527561800218251
-10.463985720995248 0.6532663316582799
-10.464270966706327 0.6534243756287799
-10.464824120603078 0.6537287994973848
-10.470334692353974 0.6567170082147351
-10.473257044546651 0.6582914572864205
-10.476371283838375 0.6600173934187614
-10.48231321282463 0.6632883407782924
-10.48236514479888 0.6633165829145611
-10.48238141447757 0.6633253388642757
-10.48241206030157 0.6633422135846967
-10.48844814704088 0.6666171123314699
-10.491647517620262 0.6683417085427017
-10.494487716390598 0.6699166467168345
-10.500000000000062 0.6729527618223576
-10.500499841545983 0.6732240223005794
-10.500764709283631 0.6733668341708423
-10.501577076009712 0.6738174273164566
-10.506554295931386 0.6765193038186048
-10.508793969849307 0.6777632377984961
-10.509949122100311 0.6783919597989829
-10.512596702580502 0.6798180275469976
-10.517587939698554 0.6825687345504967
-10.51861162331781 0.6831246043930506
-10.519153762598817 0.6834170854271235
-10.520815050108803 0.6843391169729092
-10.524652788916372 0.686423682707316
-10.528393172058152 0.6884422110552642
-10.530697734119151 0.6897216811346629
-10.535175879397046 0.6921911850128355
-10.536715151773608 0.6930275445758154
-10.537529841457184 0.6934673366834048
-10.540023928579163 0.694852493592581
-10.542743063403755 0.6963304097381995
-10.543969849246292 0.6970126360589193
-10.546685313430151 0.6984924623115454
-10.548790316396975 0.699627748796849
-10.552763819095539 0.7018204447855592
-10.554809995026165 0.7029329662452213
-10.555892260676737 0.703517587939686
-10.5592021422158 0.7053571088311887
-10.560824691597 0.7062396071388379
-10.565086790570025 0.7085427135678266
-10.566874011855187 0.7095363555503535
-10.57035175879403 0.7114568582979537
-10.572895705576233 0.712840997258195
-10.574240311280283 0.7135678391959672
-10.578348075002667 0.7158525009698637
-10.578897230270327 0.716151401545166
-10.579145728643276 0.7162897910444146
-10.583365998097712 0.7185929648241078
-10.584948367211991 0.7194476309042601
-10.587939698492523 0.7211007833240073
-10.590971819898654 0.7227517700504968
-10.59257326002171 0.7236180904522485
-10.596967288162285 0.7260639047461712
-10.597466988144848 0.7263401732100556
-10.601722637586592 0.7286432160803891
-10.603012913015556 0.7293617089876632
-10.605527638191015 0.7307525915301607
-10.609037857973659 0.7326654217706308
-10.610890348838979 0.7336683417085297
-10.615034752816081 0.7359771488723652
-10.616557503170558 0.7368197317026848
-10.61998536716584 0.7386934673366703
-10.621067163140637 0.7392787286934901
-10.623115577889507 0.7404126690831472
-10.62709332276024 0.7425820944303156
-10.629190794230144 0.7437185929648109
-10.633091360505555 0.7458934949883664
-10.6356102425596 0.7472884971562657
-10.63829476804165 0.7487437185929515
-10.63911061422549 0.7491988338393822
-10.640703517588 0.750081417322261
-10.645137699608089 0.7525019350724946
-10.647473786548515 0.7537688442210921
-10.651136585067755 0.7558130934264451
-10.65462338823556 0.7577459501203956
-10.656537213268713 0.7587939698492328
-10.65714274504553 0.7591221733466504
-10.658291457286492 0.7597592535008353
-10.663170455604487 0.7624250959579459
-10.665738489212607 0.7638190954773734
-10.669169881665526 0.7657360998543616
-10.673595075164785 0.768191557728314
-10.674796832093126 0.768844221105514
-10.675163015819752 0.7690489014384374
-10.675879396984984 0.7694466116021728
-10.681191038851996 0.7723517347716511
-10.68398403782627 0.7738693467336546
-10.687190686035597 0.7756626754901914
-10.692523391140677 0.7786247736352809
-10.693019488200424 0.7788944723617952
-10.69317086744573 0.778979177858294
-10.693467336683476 0.7791439432357521
-10.699198877672586 0.7822820148501899
-10.702209539203979 0.7839195979899358
-10.70519841366093 0.7855929873388039
-10.711055276381968 0.7888498023401462
-10.71116915599345 0.7889121865862245
-10.711228942235454 0.7889447236180764
-10.711409715131508 0.7890459918322303
-10.717193379733306 0.7922161054315486
-10.719849246231213 0.7937056675532004
-10.720329912452598 0.793969849246217
-10.723192458862252 0.7955272084514187
-10.72864321608046 0.7985617036680619
-10.729162635535562 0.7988465693157574
-10.729435021858954 0.7989949748743577
-10.730257221933664 0.7994561194038443
-10.735173931088244 0.802154181928846
-10.738596677006079 0.8040201005024983
-10.741172193803315 0.8054655182098234
-10.746231155778952 0.8082853222870057
-10.747141457974884 0.8087851397889443
-10.74761829015244 0.8090452261306389
-10.749055058888008 0.809852055590369
-10.753140050364584 0.8120963818771703
-10.755025125628197 0.8131561579429087
-10.756684538219389 0.8140703517587795
-10.759137312979899 0.8154080039009353
-10.763819095477444 0.8180207678664404
-10.765105455037391 0.8187279460840777
-10.765778416873847 0.8190954773869201
-10.767802489907874 0.8202335900813287
-10.771091340405137 0.8220428187500053
-10.77489337925905 0.8241206030150607
-10.777087002209388 0.8253548981483609
-10.781407035175937 0.8277690581403085
-10.783053376244647 0.8286753454807121
-10.783913527463007 0.8291457286432014
-10.786495467351367 0.83059956640761
-10.789026555854711 0.8319938483631208
-10.790201005025182 0.8326558805033235
-10.792943531521821 0.834170854271342
-10.795020183582851 0.8353065089260783
-10.798994974874429 0.8375309035285188
-10.800984382579 0.8386275776981771
-10.802022336211406 0.8391959798994826
-10.805131513317894 0.8409492765976152
-10.806944973857817 0.8419496772466548
-10.811089858301914 0.8442211055276232
-10.812936152493378 0.8452630375503496
-10.81658291457292 0.8473069064592504
-10.81889775232932 0.8485848489396499
-10.820103745957553 0.8492462311557638
-10.823708436447172 0.8512820945484076
-10.82484587737156 0.8519105102700077
-10.825376884422166 0.8522107249616857
-10.829096176706997 0.8542713567839044
-10.830834174389913 0.8552246938929047
-10.834170854271413 0.8570976992096266
-10.836792733014258 0.8585473741998042
-10.838156616783237 0.859296482412045
-10.842223986631417 0.8615973773720462
-10.842728518547823 0.8618765611040686
-10.847176676995284 0.8643216080401857
-10.84871348305904 0.8651916968718618
-10.851758793969905 0.8669039459610133
-10.854668539608438 0.8685153777716028
-10.856179763829674 0.8693467336683263
-10.86059333419685 0.8718477049459112
-10.860677020998148 0.871894798533539
-10.865133440218903 0.8743718592964669
-10.866573278776874 0.8751642749797588
-10.869346733668397 0.876726345033477
-10.872524352633231 0.8784890937917975
-10.874171954959877 0.8793969849246075
-10.878444979851723 0.8818226116432264
-10.879070399878458 0.8821751752703388
-10.883144541415657 0.8844221105527481
-10.884412726316762 0.8851426668527846
-10.88693467336689 0.8865656313196659
-10.890359316097351 0.8884687668293276
-10.892131908250452 0.8894472361808887
-10.89627526335638 0.8918036218120315
-10.897394639970308 0.8924357980675799
-10.901045556995047 0.8944723618090293
-10.90223095279748 0.8951271218855732
-10.904522613065382 0.8964225789404621
-10.90817253527152 0.8984546525211305
-10.910058289295044 0.89949748743717
-10.914083267585182 0.9017909974882254
-10.915647218616542 0.902675946166072
-10.918983395261021 0.9045226130653106
-10.920027045355425 0.905117900896296
-10.922110552763874 0.9062980041471924
-10.925963074280169 0.9084470182602242
-10.92794970830072 0.9095477386934512
-10.931868033066644 0.9117850128065141
-10.933825546366114 0.9128948797226624
-10.936821950673593 0.9145728643215918
-10.937800048622982 0.9151152768471293
-10.939698492462366 0.9161927684979769
-10.94372995349171 0.9184461439413489
-10.945804716957255 0.9195979899497324
-10.949628555282493 0.9217859547721226
-10.951926965186553 0.9230918392995004
-10.95468233495657 0.924623115577873
-10.955548961993552 0.925119535625675
-10.957286432160858 0.9261077823389829
-10.961472146687232 0.9284523227699069
-10.963621805057954 0.9296482412060136
-10.967363781736566 0.9317941240982375
-10.969948746555042 0.9332660453186383
-10.972451141231302 0.9346733668341543
-10.973272736652024 0.9351309768933902
-10.97487437185935 0.9360440086250961
-10.979188577985584 0.9384658621405144
-10.98139939684888 0.9396984924622949
-10.985072608770757 0.9418098361157474
-10.98788808941754 0.94341669747892
-10.990229511097523 0.9447236180904355
-10.99097027234735 0.9451499150077183
-10.992462311557842 0.9460024671187588
-10.996878059650383 0.9484871014064211
-10.999135351916522 0.9497487437185761
-11.002753630390256 0.9518334925374559
-11.005740598072144 0.95354253986552
-11.007919606862352 0.9547738693467167
-11.008639670490707 0.9551768924226103
-11.010050251256335 0.9559849812357806
-11.01453838564402 0.95851667086409
-11.016827444792144 0.9597989949748573
-11.020404752421493 0.9618656916986668
-11.02350247828717 0.9636424884122388
-11.025609196885586 0.9648241206029979
-11.026280008713387 0.9652121726719809
-11.027638190954827 0.9659922091314552
-11.032169463493945 0.9685545969342471
-11.03447484214618 0.9698492462311386
-11.038026257914849 0.971906352727844
-11.041174372435904 0.9737167266543043
-11.043212735436674 0.9748743718592792
-11.043890866870829 0.9752558757971332
-11.045226130653319 0.9760247805289062
-11.04977029368398 0.9786011651929449
-11.052076274625485 0.9798994974874198
-11.055616730382427 0.9819558803358159
-11.058752934058079 0.9837642984602084
-11.060811024923039 0.9849246231155604
-11.06147083336767 0.985308405111029
-11.062814070351811 0.9860840477627999
-11.067339429506971 0.9886567889850841
-11.069629671408668 0.989949748743701
-11.073174687023561 0.9920146981799123
-11.076234753988372 0.9937842297827189
-11.078319703576748 0.9949748743718416
-11.079018429568139 0.9953701830810315
-11.080402010050303 0.9961714444950438
-11.084875354873091 0.9987219014791862
-11.087132875717593 0.9999999999999822
-11.090698573233572 1.0020832504329036
-11.09361635641604 1.0037755275330502
-11.095820290200997 1.0050251256281229
-11.096532104216069 1.0054416529231878
-11.097989949748795 1.0062884934282668
-11.102376478528809 1.0087969573191167
-11.104583638142927 1.0100502512562635
-11.1081867566146 1.0121620034941738
-11.110894194716712 1.0137371783899543
-11.113223409603076 1.015075376884404
-11.114010227347016 1.0155232803416245
-11.115577889447287 1.016436814853245
-11.119841127748726 1.018882434426419
-11.121979609419459 1.0201005025125447
-11.125637520439343 1.0222514478572409
-11.128064647058467 1.02366814754431
-11.130619335431282 1.0251256281406853
-11.13145108364136 1.0256155554276623
-11.13316582914578 1.0266181361351325
-11.137267541446755 1.0289788359685472
-11.139318332603148 1.030150753768826
-11.143049056511456 1.0323521001496303
-11.145124011781853 1.033567377379133
-11.147905224337782 1.0351758793969665
-11.148852865160169 1.0357189947352818
-11.150753768844272 1.0368343022595967
-11.154653862645608 1.0390866925104403
-11.156597234595328 1.0402010050251072
-11.160419457358804 1.042464505363382
-11.162068502550957 1.0434337860841598
-11.16518887342623 1.0452261306532478
-11.166213663397585 1.045834143551871
-11.168341708542764 1.047087287578945
-11.17199813023522 1.0492065643692579
-11.17381361695228 1.0502512562813884
-11.177746707686774 1.052589239296955
-11.178894243270387 1.0532662662035666
-11.18234474212612 1.055276381909529
-11.183531460574345 1.055961578385789
-11.185929648241256 1.0573792089205938
-11.189298269941137 1.0593390441948465
-11.190964645910329 1.0603015075376696
-11.195028675009045 1.062726911232157
-11.195597262760648 1.0630636831146392
-11.199507719958051 1.0653266331658102
-11.20080412008667 1.066101909695262
-11.203517587939748 1.0677123402463895
-11.206552084412989 1.069484759801596
-11.208047341547607 1.0703517587939508
-11.212174790070724 1.0728252451170874
-11.212264518203552 1.0728777614895755
-11.212311557788993 1.072905948602041
-11.216519488243415 1.0753768844220915
-11.218029376012778 1.0762557848865093
-11.22110552763824 1.0780891290822083
-11.223757242330754 1.0796443772809425
-11.225058565993509 1.080402010050232
-11.228630815390696 1.0825520922652192
-11.22946078904384 1.0830399181339159
-11.23355247929172 1.0854271356783727
-11.235204821565778 1.086423891612931
-11.238693467336732 1.0885122149738793
-11.240911266412093 1.0898186044278386
-11.241995145906197 1.0904522613065133
-11.244952862222133 1.0922406598451992
-11.246606052865898 1.0932166482120351
-11.247487437185978 1.0937494167994002
-11.250404806432348 1.095477386934654
-11.252328156117375 1.0966068871968968
-11.256281407035225 1.098984037667054
-11.258012099832575 1.1000080289064087
-11.258854098214583 1.1005025125627945
-11.261138727158144 1.1018903183122006
-11.263698572130297 1.1034084481637718
-11.267298747277497 1.1055276381909351
-11.269397080315606 1.1068054285961102
-11.273869346733717 1.109507668079459
-11.275056662655997 1.1102135306984247
-11.275631584872599 1.1105527638190758
-11.277181738780893 1.111499161546841
-11.280734422971989 1.1136164390934242
-11.282663316582962 1.114793547044897
-11.283974871389145 1.1155778894472164
-11.286407640304745 1.1170206454836347
-11.291457286432209 1.1200872802982627
-11.292041225957178 1.12043617521108
-11.292322589703979 1.120603015075357
-11.29307627634853 1.1210655836228778
-11.297710395737688 1.1238415380447897
-11.30071573010476 1.1256281407034976
-11.303356724343836 1.1272534269283163
-11.308819956812442 1.1305889036692784
-11.308927943187205 1.1306532663316382
-11.308965059086752 1.1306761712013378
-11.309045226130701 1.1307252499165257
-11.314623345299156 1.1340846436259344
-11.317290136255616 1.1356783919597788
-11.320241084125946 1.137504701017849
-11.324422717097729 1.140071960807501
-11.325464786162721 1.1407035175879194
-11.32584117592506 1.1409298004176716
-11.326633165829193 1.1414174305698976
-11.331469886296194 1.1443467230826316
-11.333769460321811 1.14572864321606
-11.33705722238685 1.147775466970585
-11.339864474306607 1.149509017066749
-11.341929875644874 1.1507537688442007
-11.34264911698318 1.1512029084283455
-11.344221105527685 1.1521765807792406
-11.348246370811884 1.1546288186768559
-11.350149069427205 1.1557788944723413
-11.353801369611027 1.1580668017909552
-11.355140212087562 1.158898639203735
-11.358246984601768 1.160804020100482
-11.35938507474183 1.1614965830960102
-11.361809045226178 1.163007393736227
-11.364948863344896 1.1649320548375597
-11.366424010796958 1.1658291457286225
-11.370248118450103 1.1682403095068867
-11.370473283855155 1.1683787746056273
-11.374531090318317 1.1708542713567631
-11.376044937555926 1.1718119991764038
-11.37939698492467 1.1739150374024065
-11.381573112704356 1.1752576461907074
-11.38258898474027 1.1758793969849037
-11.385201239707595 1.1775377554943107
-11.387089478425427 1.1787066673271136
-11.388190954773915 1.1794050943329442
-11.390604045557854 1.1809045226130443
-11.392624259387755 1.1821504269660172
-11.396984924623162 1.184905215297828
-11.398114520391651 1.185606906593045
-11.39863831463969 1.185929648241185
-11.399973912545313 1.1867836447903715
-11.40362271293445 1.1890582629232433
-11.406689945908482 1.1909547738693256
-11.40911822570684 1.1925132420449875
-11.414560493446356 1.1959763649616661
-11.414566189450225 1.1959798994974662
-11.41456824016138 1.1959812206861162
-11.414572864321654 1.1959841062720091
-11.420100987805178 1.1994255612731708
-11.422716228624285 1.2010050251256068
-11.425773928503732 1.202829846701725
-11.430264893590028 1.205488462059428
-11.431191762923568 1.2060301507537474
-11.431511990309902 1.2062155260995313
-11.432160804020146 1.2065998658503405
-11.437288419939845 1.2095902432619745
-11.43982015305256 1.211055276381888
-11.443031689857083 1.2129744346280464
-11.44689687594291 1.215265582645535
-11.448304059741421 1.2160804020100286
-11.448771143456433 1.2163597163706585
-11.449748743718638 1.2169396013425233
-11.454538938159187 1.219736900655155
-11.45690096961782 1.2211055276381693
-11.46027333700919 1.2231236266118666
-11.463485437152146 1.2250302971906004
-11.465363186530128 1.2261306532663099
-11.466014143759972 1.2265085217397838
-11.46733668341713 1.2272941414003622
-11.471772786441724 1.229888320887424
-11.473957162306498 1.2311557788944505
-11.47749778336916 1.2332777331077258
-11.480028002426803 1.234781870040071
-11.48243737371966 1.236180904522591
-11.483239905105231 1.2366622525255604
-11.484924623115623 1.237664543220359
-11.488988848514714 1.2400448228938483
-11.490987146495607 1.2412060301507317
-11.494703884095134 1.2434370812132975
-11.496521916369689 1.2445195425090363
-11.499433927454263 1.2462311557788723
-11.500447298863666 1.2468212311932865
-11.502512562814115 1.2480519093446478
-11.50618600584056 1.2502067262566001
-11.507989327096379 1.251256281407013
-11.511890547181036 1.253601982930319
-11.512964725482085 1.254242613597861
-11.516464837745007 1.2562814070351536
-11.517635247379143 1.256985765644715
-11.520100502512607 1.2584573091137097
-11.523363091623816 1.2603743643458056
-11.524962038182137 1.2613065326632942
-11.529056455950302 1.2637728144520928
-11.529353380123469 1.2639502119806831
-11.533391183160676 1.2663316582914348
-11.534802360086514 1.2671562531841731
-11.537688442211099 1.268882146443123
-11.54051867164439 1.2705481469386353
-11.541903256626364 1.2713567839195754
-11.54569270631895 1.2736437165218186
-11.546208483524538 1.2739476120295912
-11.550372717663835 1.276381909547716
-11.551947254963473 1.2773330886751788
-11.555276381909591 1.2793277923191466
-11.557651344576849 1.2807284744137828
-11.558811012980248 1.2814070351758566
-11.561976768589235 1.283321431370041
-11.56334233177453 1.2841276036997291
-11.564070351758836 1.2845674580842896
-11.56721981971448 1.2864321608039972
-11.569068496613856 1.2875166822309199
-11.572864321608083 1.2897957008433103
-11.574759637580375 1.290915767582912
-11.575683246867587 1.2914572864321379
-11.578197769936896 1.2929811288117987
-11.580451764659305 1.294314571188501
-11.584145347756712 1.2964824120602785
-11.586164575470871 1.2977074651561944
-11.590452261306575 1.300287416161015
-11.591842001383329 1.301110469095061
-11.592517801469773 1.301507537688419
-11.594352411406431 1.3026218662883782
-11.597535234316265 1.304508956742362
-11.59924623115582 1.3055471983498812
-11.600903470418956 1.3065326633165597
-11.603233902631416 1.3079058914233173
-11.608040201005068 1.3108045801090045
-11.60889680493542 1.3113130449645993
-11.609312417571974 1.3115577889447003
-11.610437292783054 1.3122426723098393
-11.61459111047874 1.3147112261517915
-11.617765802649748 1.316582914572841
-11.620274804228659 1.3181124392799557
-11.62562814070356 1.3213489406734649
-11.625922329579142 1.3215239862365298
-11.626064727124419 1.3216080402009815
-11.626448909628765 1.3218425456081828
-11.631617674549348 1.3249218704446113
-11.634422110552805 1.3266319029231228
-11.634424224068857 1.3266331658291222
-11.63728551529124 1.3283276130036397
-11.642391956424404 1.3314228274636495
-11.64278550140189 1.3316582914572628
-11.642925506657646 1.3317413125270932
-11.643216080402052 1.331917677556313
-11.648613113124979 1.3351414077359953
-11.65121549780104 1.3366834170854034
-11.654264173031482 1.3385519448194216
-11.658263387602078 1.3409826477139823
-11.659486803696657 1.341708542713544
-11.659905203047467 1.3419653475858517
-11.660804020100544 1.3425124203100411
-11.665575510911598 1.3453703852528118
-11.667869995816368 1.3467336683416846
-11.671208809498225 1.3487859969990588
-11.674051211958233 1.3505185803010242
-11.676112525205161 1.3517587939698252
-11.676850844057892 1.3521991127530093
-11.678391959799036 1.3531399075270905
-11.68250284295968 1.3556093815520676
-11.684473969752876 1.3567839195979658
-11.68811734352212 1.3590303641623684
-11.689751515572786 1.3600295069618937
-11.692733487533934 1.3618090452261065
-11.693760344970025 1.3624432036625365
-11.695979899497528 1.3638024021755077
-11.69939296614257 1.3658590089556633
-11.701024525633649 1.366834170854247
-11.704987571872234 1.3692856758038996
-11.70536026428695 1.369514275079796
-11.70923367584445 1.3718592964823877
-11.710631497619836 1.3726982512184405
-11.71356783919602 1.3745023328035062
-11.71624360979022 1.3761199162264708
-11.717518617137976 1.3768844221105283
-11.720888126489799 1.3789759327658935
-11.721832966116303 1.3795480829043028
-11.72576473599651 1.381909547738669
-11.727461960470494 1.3829649244312456
-11.731155778894513 1.3852423099187519
-11.733052365379528 1.3863927915139485
-11.733953034737262 1.3869346733668095
-11.736322815774718 1.3884109696182971
-11.738642633146403 1.3898206977801237
-11.739949748743758 1.3906338434085006
-11.742124795070291 1.3919597989949501
-11.744249247672652 1.393243933543622
-11.748743718593005 1.3960251443797294
-11.749816582826503 1.396678391984949
-11.750324193409726 1.3969849246230908
-11.751653424554922 1.3978162691836387
-11.755407221984687 1.4001061921393223
-11.758554112726241 1.4020100502512314
-11.760989646155924 1.403536339432824
-11.766331658291497 1.406855274104391
-11.766532236907064 1.4069778677034952
-11.766626785327734 1.407035175879372
-11.76687316890436 1.4071898931973328
-11.7721237466465 1.4104054191203685
-11.77484866709439 1.4120603015075126
-11.77768117066239 1.4138427093153982
-11.78200041553755 1.416537089292099
-11.782891067811269 1.4170854271356532
-11.783218936437851 1.4172856161505498
-11.78391959798999 1.4177236234533988
-11.788790478896406 1.4207188725048177
-11.791072745224435 1.4221105527637938
-11.794321444870844 1.4241637221402614
-11.797017686142116 1.4258528636644012
-11.799116959690338 1.4271356783919344
-11.799860064196356 1.42760638510397
-11.801507537688481 1.428640808326758
-11.80540429983983 1.4310474434054035
-11.807222342698042 1.432160804020075
-11.81090722278102 1.4345003053360612
-11.81191456435082 1.4351342402093152
-11.815218060752727 1.4371859296482157
-11.816446559757964 1.4379427632565038
-11.819095477386973 1.4396137085477267
-11.821961848267394 1.441392092167665
-11.823293129899577 1.4422110552763563
-11.826697895166603 1.4443831746419642
-11.827448075587855 1.4448497242756737
-11.831318276311816 1.447236180904497
-11.832974939795532 1.4482957458444785
-11.836683417085466 1.4506465498292407
-11.838459534725025 1.4517538443499065
-11.839280522737177 1.4522613065326375
-11.841367739651623 1.4535996844086831
-11.843946309912262 1.4552113199245502
-11.84547738693471 1.4561911925622475
-11.84722375084701 1.4572864321607781
-11.849441480016868 1.458666396951375
-11.854271356783958 1.4617439339834037
-11.854893519844202 1.4621337969145634
-11.855179661329956 1.4623115577889187
-11.85590259580369 1.4627776260802712
-11.860380646912098 1.4655911719518766
-11.86318301596863 1.4673366834170594
-11.865842191955073 1.4690558561391676
-11.87031244871946 1.4719198525414887
-11.871020083038976 1.4723618090452
-11.871276776560622 1.4725282433085791
-11.87185929648245 1.4729025169604846
-11.876746939589848 1.4759904652140836
-11.878976705849768 1.4773869346733406
-11.882172797024257 1.4794653458609641
-11.88459367813906 1.4810253294323719
-11.886774520655193 1.4824120603014812
-11.887607450790666 1.4829377132701316
-11.889447236180942 1.4841268218228603
-11.89304073359059 1.4864104723840077
-11.894670661808346 1.4874371859296218
-11.898428697464436 1.4898961797624786
-11.898724157430474 1.4900877348580588
-11.902482506687708 1.4924623115577624
-11.903863127678038 1.4933686110438753
-11.907035175879434 1.4954316922671183
-11.909257235962231 1.4968525628765326
-11.910258978149894 1.497487437185903
-11.912729010639316 1.4991142471172978
-11.914639568232351 1.5003398792846383
-11.91582914572868 1.50112147210141
-11.917989691327127 1.5025125628140437
-11.920038806025547 1.5038223655432947
-11.924623115577926 1.506823796120111
-11.925391280044936 1.5073182128801816
-11.925735354246262 1.5075376884421843
-11.92657722646038 1.5080960058371708
-11.93077292286395 1.5108057262743184
-11.933518276000052 1.512562814070325
-11.936129087220165 1.5143005192292547
-11.940277055974564 1.5170353684693643
-11.941137436256653 1.5175879396984655
-11.941459053794269 1.5178027972647943
-11.942211055276418 1.5183004246744813
-11.946817796681186 1.5212968534966729
-11.948859924270966 1.5226130653266061
-11.952128132519897 1.524804740313753
-11.953823639955294 1.5259309466634274
-11.956428657841311 1.5276381909547467
-11.957456785141439 1.52830739376431
-11.95979899497491 1.5298691897624108
-11.962768073752175 1.5318150083608124
-11.964074501168636 1.5326633165828873
-11.967204724540174 1.53477923931582
-11.968045370047276 1.535332335047495
-11.971659832851882 1.537688442211028
-11.973356383147129 1.5388400283613919
-11.977386934673403 1.541549417937385
-11.978617116530836 1.5423620873084731
-11.97915416957518 1.5427135678391686
-11.980429301639607 1.5435828155437985
-11.983892266343918 1.5458800272757331
-11.986180904522648 1.5474354645911577
-11.9866361963848 1.5477386934673092
-11.989150876987495 1.5494026927199949
-11.993477209507452 1.5523359148484666
-11.994116924496629 1.5527638190954498
-11.994374855238357 1.5529352531336036
-11.994974874371895 1.5533438848178465
-11.999630011751545 1.5564589054722617
-12.00163669849642 1.5577889447235904
-12.004832734100383 1.5599975390007348
-12.006358435818024 1.5610413908510559
-12.009020955163312 1.562814070351731
-12.010053469334956 1.5635310259904251
-12.012562814070387 1.565256048804712
-12.01525051675564 1.5670712809269425
-12.016398545993178 1.5678391959798716
-12.01905765996152 1.5696948662344816
-12.020419978621812 1.5706194174504624
-12.021356783919632 1.5712709325640244
-12.023694769869834 1.5728643216080123
-12.025609790080084 1.5741617398048104
-12.03015075376888 1.5773146611204645
-12.03074467504075 1.57771975544419
-12.030995915425887 1.5778894472361529
-12.031571602374822 1.5782954039807082
-12.035909320321187 1.5812692681350633
-12.038333003425032 1.5829145728642935
-12.041034561661943 1.5848300390944159
-12.043905201122092 1.5868444149652117
-12.04551024957492 1.587939698492434
-12.046147754565974 1.588394252464262
-12.047738693467371 1.589516837967464
-12.051261618081273 1.5919582742308886
-12.05272869956776 1.5929648241205747
-12.05603311128144 1.5953346577817369
-12.056323609822277 1.595537116504456
-12.056532663316617 1.5956864584871182
-12.059823147018882 1.5979899497487153
-12.061455808482735 1.59909589965818
-12.065326633165864 1.6015835727252306
-12.06683852891039 1.6025831051641344
-12.06754669116153 1.603015075376856
-12.069380992469366 1.6041734637492855
-12.072385816356325 1.6060232915220078
-12.075692232575186 1.6080402010049966
-12.077941929678946 1.6094609562008282
-12.082914572864356 1.612571546008839
-12.083462400441853 1.6129088044681374
-12.083718989436756 1.6130653266331372
-12.084383565882817 1.613485038924126
-12.089027283470218 1.616343963516746
-12.0917085427136 1.6180327187746535
-12.09180208263193 1.6180904522612778
-12.094572708099617 1.6197846821079152
-12.099388081681234 1.6227971690661
-12.099903936853744 1.6231155778894184
-12.100094542477327 1.6232321407709955
-12.100502512562848 1.623487385051095
-12.105664614420066 1.6266658172726398
-12.108082010880095 1.628140703517559
-12.111199070660863 1.6301096696891237
-12.114396900010219 1.6321105285025217
-12.116126424653862 1.6331658291456996
-12.116738064074635 1.6335522257704724
-12.11809045226134 1.6343984953363435
-12.122297066720998 1.6369890649282235
-12.124266649875619 1.6381909547738402
-12.12782024813883 1.6404361387226976
-12.129392537751622 1.6414201220567781
-12.132301086102284 1.6432160804019809
-12.133376226841648 1.6438738418643188
-12.135678391959832 1.6453148034672367
-12.138923837543194 1.6473139358634468
-12.140443013231998 1.6482412060301215
-12.144374430420813 1.6507257884475441
-12.14443648574428 1.6507640191484203
-12.14853546835784 1.653266331658262
-12.150008194575527 1.6541972279676322
-12.153266331658324 1.6562372020593976
-12.155544062687351 1.6576406769923953
-12.156609917764264 1.6582914572864027
-12.1593670302394 1.6600345140238533
-12.161073247453203 1.661086035544578
-12.16206030150757 1.6617083902345495
-12.164663076056371 1.6633165829145433
-12.166633069440069 1.6645226406050426
-12.170854271356816 1.6671666525467215
-12.17215681533862 1.6679695531193115
-12.172766097380904 1.668341708542684
-12.174341347967017 1.6693380161455984
-12.177702352302017 1.671410239615053
-12.180904902085674 1.6733668341708245
-12.183249890570092 1.6748503543094584
-12.188442211055309 1.6781041872762827
-12.188761104586359 1.6783008473615224
-12.188910201402225 1.6783919597989652
-12.189295442084509 1.6786357400930223
-12.194322805342367 1.681736915630803
-12.19707150751615 1.6834170854271058
-12.199857632434258 1.6851806620898326
-12.204246666899202 1.6879326442396465
-12.205070343180779 1.6884422110552464
-12.205375473477217 1.6886292617056995
-12.2060301507538 1.689039882700686
-12.210933546283147 1.6920663665321447
-12.213224132021702 1.693467336683387
-12.216455202941015 1.695513875972324
-12.219182840571253 1.6972252480598025
-12.22125404994525 1.6984924623115276
-12.221988754015499 1.6989579870077547
-12.223618090452293 1.6999806330949374
-12.227533447425817 1.7023989145186613
-12.229361236050414 1.7035175879396682
-12.23304144127051 1.7058503276197463
-12.234092518081999 1.706510281548156
-12.237373235922753 1.7085427135678088
-12.23859050905191 1.7092900053103444
-12.241206030150785 1.7109329190233797
-12.244121311315075 1.712734901720438
-12.245481753068985 1.7135678391959495
-12.248984349489167 1.715790216149773
-12.249626287945802 1.7161871768826567
-12.253554020940882 1.71859296482409
-12.255180449858784 1.7196253991070884
-12.258793969849277 1.7218965852199757
-12.260697819016645 1.7230741335472688
-12.261585283943978 1.7236180904522307
-12.263869752050928 1.7250683139384169
-12.266218718776189 1.7265218592441105
-12.267587939698522 1.7273887816418325
-12.269609646111933 1.7286432160803713
-12.271758071954707 1.7299643125355315
-12.27638190954777 1.7328735874234988
-12.277260223956686 1.733417394734536
-12.277669224632485 1.733668341708512
-12.278720651701592 1.7343365537524615
-12.28279571350274 1.7368609519209466
-12.285780833944354 1.7386934673366525
-12.288319581220366 1.7403078296297663
-12.293538529215608 1.743595358670321
-12.293739164029402 1.7437185929647931
-12.293810651334047 1.7437640780825685
-12.293969849246261 1.7438644198309579
-12.299355822443806 1.7472048691079207
-12.301859615467817 1.7487437185929338
-12.304863570449962 1.7506563524485887
-12.308341344934416 1.752849860218121
-12.309818088065574 1.7537688442210744
-12.310368848504107 1.7541085414898303
-12.311557788944754 1.7548589211591272
-12.31589759642099 1.7575540248560042
-12.317912461813199 1.758793969849215
-12.321388550435163 1.7610103064800962
-12.323101436877227 1.7620921549727786
-12.32590578452863 1.7638190954773556
-12.326907874838799 1.7644584822786262
-12.329145728643246 1.7658729057139357
-12.332419501440027 1.7679088574492727
-12.333937308050498 1.7688442211054962
-12.337817228017954 1.7713217923554128
-12.337894296239993 1.7713697559917092
-12.337939698492491 1.7713986702482787
-12.341898516481878 1.7738693467336368
-12.343426149949524 1.7748143519885549
-12.346733668341738 1.7769081238572992
-12.348919913153777 1.7782698309869094
-12.349931976307909 1.7788944723617774
-12.352514085719148 1.7805460201838947
-12.354408377484004 1.7817268239492705
-12.357958370020564 1.783919597989918
-12.359921999904103 1.7851766288859547
-12.36432160804023 1.7879664454741855
-12.365397110890443 1.7886374370894265
-12.365894169217155 1.7889447236180587
-12.367159693186393 1.7897556050883905
-12.370899076379683 1.7920905725777843
-12.373936338712127 1.7939698492461993
-12.376393650971206 1.7955458197512035
-12.381752502754736 1.798950104878915
-12.381824091931632 1.79899497487434
-12.381851009834932 1.7990116999897081
-12.381909547738722 1.7990489223905577
-12.38736456409361 1.8024615244010844
-12.389878878890887 1.8040201005024805
-12.392839222835121 1.8059224618173646
-12.396318144986221 1.8081368425731945
-12.397782150401989 1.8090452261306211
-12.398309705615993 1.809384592365256
-12.399497487437214 1.810141407641348
-12.403802901198262 1.81284023354132
-12.405783414068111 1.8140703517587617
-12.409256721214614 1.8163071248790734
-12.41082306239557 1.8173062303182919
-12.413666196563364 1.8190954773869024
-12.414740148381403 1.8197655570309887
-12.417085427135707 1.8212631685918845
-12.420212029896927 1.8232272879404086
-12.421647224215052 1.824120603015043
-12.425270175481872 1.8264591025425183
-12.425650800287974 1.8266984791711076
-12.429578150674537 1.8291457286431836
-12.431140214160614 1.8301552008356365
-12.434673366834199 1.8324166533714665
-12.436589765528574 1.8336233117872167
-12.437467436781969 1.8341708542713242
-12.439676712883863 1.8356003817140856
-12.442041094179148 1.837090914943765
-12.443467336683444 1.8380111310590381
-12.445341285384362 1.8391959798994648
-12.447507646974087 1.84055416834478
-12.45226130653269 1.8436044920393213
-12.452933787264687 1.844028968175607
-12.453241016956763 1.8442211055276054
-12.454012036907661 1.8447213142061685
-12.458397476766214 1.8474930396604536
-12.46119725168353 1.849246231155746
-12.4638400489901 1.850963144653198
-12.468288816331292 1.8538255196696314
-12.468999854540062 1.8542713567838867
-12.469259048628356 1.8544399846704085
-12.469849246231183 1.8548202590818725
-12.474717469699172 1.8579055614211732
-12.476932705609077 1.8592964824120273
-12.480134869706562 1.861382858475774
-12.482505552609863 1.8629125699487936
-12.484718940010179 1.8643216080401679
-12.485565822206338 1.8648562833896927
-12.487437185929675 1.8660656262283455
-12.490998435254728 1.868329233861151
-12.492613933974738 1.8693467336683085
-12.496389379994177 1.8718140895637347
-12.496639409037613 1.871975940270576
-12.500437694380325 1.8743718592964491
-12.501831592044702 1.8752842974631534
-12.505025125628167 1.8773548843197503
-12.507236518297177 1.87876515844773
-12.50823665974847 1.8793969849245897
-12.510715456607308 1.8810227937757729
-12.512633824533157 1.8822481965798756
-12.513819095477412 1.8830231903342556
-12.51600242054514 1.8844221105527303
-12.518052607884043 1.8857250983934781
-12.52261306532666 1.8886920309928659
-12.523429039028064 1.889214100837612
-12.52379688769661 1.889447236180871
-12.524705041618239 1.8900449436927502
-12.528837928929773 1.8926938293509794
-12.531639322778958 1.8944723618090116
-12.534227646403204 1.8961790357009969
-12.538617379080453 1.8990450228815243
-12.539328795574507 1.8994974874371522
-12.539592126506479 1.8996714527282013
-12.540201005025152 1.900069730345396
-12.544994412909348 1.9031530679555217
-12.547143909224275 1.9045226130652928
-12.550353477443776 1.9066470322881122
-12.552453550852377 1.9080233404445002
-12.55481138316051 1.9095477386934334
-12.555728954307435 1.9101363073837785
-12.557788944723644 1.9114890632223531
-12.561099706741324 1.9136269323165225
-12.562578682210596 1.914572864321574
-12.566190425136186 1.9169732872965861
-12.566430869927768 1.9171288684628225
-12.570283573412608 1.9195979899497146
-12.571812542951218 1.9206163732271202
-12.575376884422136 1.9229668119651713
-12.57715000765977 1.924116508938531
-12.57793886763033 1.9246231155778553
-12.579856018034167 1.9259028680384356
-12.582491549021235 1.9276154798919674
-12.584170854271381 1.9287326922792296
-12.585575198489051 1.9296482412059959
-12.587838953129188 1.9311127757749782
-12.592964824120628 1.9345080521968825
-12.593141258052588 1.9346229571392906
-12.593219412293653 1.9346733668341365
-12.593408377143337 1.9348000962691962
-12.59849278468254 1.9381190751588742
-12.60093587961094 1.939698492462277
-12.603803976292854 1.9416267174697817
-12.60688084902428 1.9436744995776065
-12.608499830099017 1.9447236180904177
-12.609110999221615 1.9451355508325623
-12.61055276381912 1.9460975072638362
-12.61443020788966 1.948640902555547
-12.616135668698647 1.9497487437185583
-12.61970310859229 1.9521594851257928
-12.620234521746546 1.9525149602692515
-12.623657863777943 1.954773869346699
-12.625019398405495 1.9556656708073037
-12.628140703517612 1.9577591540306134
-12.630299136968674 1.9591822997031079
-12.63124367619893 1.9597989949748396
-12.633495232500238 1.9613288603984467
-12.635570962463653 1.9627011894755402
-12.638813789888328 1.9648241206029802
-12.640856593303656 1.9662161348636795
-12.645728643216104 1.969502116750431
-12.646094546278874 1.9697447024989003
-12.64625379978418 1.9698492462311208
-12.646631054432264 1.9701070780071666
-12.65137482887283 1.9732611759573393
-12.653825261245023 1.9748743718592614
-12.656617347806323 1.9767884390330535
-12.659665025143761 1.9788561952671637
-12.661223965500064 1.979899497487402
-12.66185315598673 1.9803176194667929
-12.663316582914597 1.9813135997085887
-12.66709920537108 1.983843873842262
-12.668731097430602 1.9849246231155426
-12.672296022935646 1.9873841944519555
-12.67256294591605 1.9875664411159573
-12.676150442530554 1.9899497487436832
-12.677539353072644 1.9909112257552426
-12.680904522613089 1.9932164653818472
-12.682738202617342 1.9944509657991958
-12.683524281673579 1.9949748743718416
-12.685354621888948 1.9962463313078063
-12.687936976011848 1.9979907276003477
-12.689698492462334 1.9992094532663343
-12.690864501117886 2.