-11.762626852226802 2.
-11.75952034669853 1.998332640768277
-11.74218567580013 1.9872771505542604
-11.733156330890088 1.9821428571428577
-11.723214285714288 1.9763267820584796
-11.719545324470662 1.9739480779630112
-11.715663880062802 1.9717042045839897
-11.705074862340998 1.9642857142857153
-11.697797684908577 1.9604404630182861
-11.67857142857143 1.9494221578772928
-11.673922774321928 1.946428571428573
-11.65476218844849 1.9333332765960183
-11.645629054690353 1.9285714285714306
-11.627012269346864 1.918259596726517
-11.609195079590883 1.9067324126532554
-11.589285714285717 1.8965129212473775
-11.583487128942613 1.892857142857146
-11.579835088931617 1.890967017786326
-11.562497184187439 1.8803577060196597
-11.55454773208617 1.8750000000000036
-11.539284574974928 1.8671430850050186
-11.533258087608326 1.8637944746645259
-11.523316407069435 1.857142857142862
-11.517917739169324 1.8535593093089977
-11.500000000000004 1.8445248829147403
-11.491540218779193 1.8392857142857189
-11.472770618965287 1.8268744476355199
-11.461919631625747 1.8214285714285765
-11.439269161769658 1.8092824037825075
-11.429947231298094 1.8035714285714333
-11.425449172575185 1.800624451199254
-11.410714285714288 1.7933046709748641
-11.398274102114497 1.78571428571429
-11.390100239568532 1.781591476485139
-11.377995246876827 1.7744009506246394
-11.367941410267637 1.7678571428571477
-11.354701165511566 1.7612026240405498
-11.341345792991943 1.753983444312678
-11.3351964113854 1.7500000000000044
-11.331268054319176 1.7480321034218838
-11.321428571428575 1.742733262500292
-11.303856969325658 1.7321428571428612
-11.29212500022679 1.7262821429025044
-11.284332805395657 1.721704867492302
-11.272785637125395 1.7142857142857189
-11.242803944968765 1.698560788993757
-11.237555520022326 1.6953460388526835
-11.232142857142861 1.6927165166925864
-11.208437080533436 1.6785714285714333
-11.192833611948025 1.6685761347532573
-11.176604794157523 1.66071428571429
-11.142857142857146 1.643156079131896
-11.14247418746246 1.6429337339360846
-11.142353369152262 1.6428571428571477
-11.142010093209471 1.6426877329276124
-11.11952707674766 1.629666013221902
-11.112146048472983 1.6250000000000044
-11.09523050728116 1.6166681842580584
-11.091595169502332 1.6147476053290415
-11.079534530207143 1.6071428571428612
-11.05357142857143 1.5935495993488225
-11.048513807419264 1.5902972385161522
-11.0464338258647 1.5892857142857189
-11.042052498431618 1.5869819282577566
-11.021453056356467 1.5714285714285756
-11.0038409724356 1.5635175197985989
-10.964285714285717 1.5433337230779367
-10.954893096059184 1.5375928093595963
-10.951013625894802 1.53571428571429
-10.942704960135963 1.5313981348843386
-10.919848365990568 1.5178571428571468
-10.909117843827168 1.511033574091714
-10.886155621558157 1.5000000000000036
-10.875000000000004 1.4942432880280618
-10.860487968133825 1.4850452635160964
-10.854426539334561 1.4821428571428612
-10.841342601757159 1.475411377494292
-10.822365980758676 1.464285714285718
-10.81353647560551 1.4587212763074735
-10.78770625978219 1.4464285714285747
-10.785714285714288 1.4454091238169529
-10.763864643239856 1.4329413570663183
-10.756829872981726 1.4285714285714324
-10.738228970102773 1.4190743654491298
-10.717209547595347 1.4065580904809352
-10.696428571428575 1.3967431954064091
-10.689729676325303 1.3928571428571468
-10.669696861547125 1.3803463419762938
-10.658352783206151 1.3750000000000036
-10.633590708599838 1.362432427434257
-10.626206182780777 1.3571428571428612
-10.620229327738267 1.3545255630237802
-10.607142857142861 1.3480542389375127
-10.573471251961672 1.3281628924648121
-10.55910484238019 1.3214285714285747
-10.527627621238263 1.3055255242476553
-10.5226740922718 1.3026080386885015
-10.517857142857146 1.3003564561474006
-10.492353402588416 1.2857142857142891
-10.476779208263135 1.2760727297759482
-10.428571428571432 1.2523515835777275
-10.425585424957474 1.2505972007227948
-10.424304880495951 1.2500000000000036
-10.421489457956365 1.2485836058769904
-10.392759951427914 1.2321428571428603
-10.379676401544605 1.224064719691083
-10.358670101793699 1.214285714285717
-10.339285714285719 1.2045187505220047
-10.328648167259939 1.1985560808337308
-10.325172009372361 1.1964285714285747
-10.315270021291568 1.1916254328297446
-10.304519495991837 1.1855246722302084
-10.293254882778855 1.1785714285714315
-10.280608534335213 1.172449721704389
-10.262946672352097 1.1633036201847071
-10.25874035379231 1.1607142857142883
-10.256181499464532 1.1594779858213826
-10.250000000000004 1.1562837640161225
-10.232446058717358 1.1463679311136747
-10.22672854774775 1.142857142857146
-10.211514809946197 1.1351601048463849
-10.185784564612828 1.1199859442202955
-10.16071428571429 1.10825666083797
-10.158776020384083 1.1071428571428603
-10.137452670313085 1.093938037365958
-10.127491011699094 1.089285714285717
-10.105592280250862 1.0782613131930319
-10.093661155492564 1.0714285714285747
-10.088221852175904 1.0680699152791089
-10.071428571428577 1.060251548828937
-10.059746439756358 1.0535714285714315
-10.040742208683477 1.0418515582633079
-10.027541738502508 1.0357142857142883
-9.998431722137516 1.021114915856077
-9.990125409902465 1.016260632305225
-9.966987551906739 1.0000000000000027
-9.892857142857148 0.9650576823004995
-9.891871509026421 0.9644828410518622
-9.891445718546143 0.9642857142857171
-9.890504073494288 0.9638151004131448
-9.846054839530662 0.9379318892367277
-9.825807496322781 0.9285714285714306
-9.803571428571434 0.9174709074406238
-9.795262206062265 0.9123761302161215
-9.783701325695635 0.9067402651391285
-9.759226185931542 0.892857142857145
-9.748166237039356 0.8860810383064175
-9.72416320210238 0.8750000000000018
-9.714285714285719 0.8700742383302806
-9.697160763935555 0.8605678472128924
-9.691473118207181 0.8571428571428594
-9.674933864201188 0.8492724871259538
-9.672130703445374 0.8477167164537853
-9.658127057486961 0.8392857142857171
-9.648323321223009 0.8346210500411164
-9.625000000000004 0.8227707899701073
-9.622631384344825 0.8214285714285738
-9.620913610134664 0.8206112934555057
-9.599424059934227 0.8086866165845858
-9.59092669118493 0.8035714285714306
-9.568098977629186 0.7921912240972668
-9.558815353697726 0.7857142857142883
-9.551510049176137 0.7825551330219183
-9.53571428571429 0.7748615802986825
-9.503879138254213 0.7563670294920177
-9.490082360864974 0.7500000000000018
-9.459534632734304 0.7347640694040045
-9.45491125012198 0.7321428571428594
-9.45282387029281 0.730863797370013
-9.446428571428577 0.7279109213788981
-9.422403333285367 0.7142857142857162
-9.406348387610354 0.7044446081922171
-9.388993542428244 0.696428571428573
-9.357142857142861 0.680527491566413
-9.354737488465224 0.6790525023069582
-9.35369638650234 0.6785714285714306
-9.351394529245317 0.6774217629919219
-9.321969786695549 0.6607142857142874
-9.308669844236265 0.6525517454384637
-9.287708764067194 0.6428571428571441
-9.267857142857148 0.632933090056853
-9.257370916560284 0.6270972452593746
-9.253899365978453 0.6250000000000018
-9.243826505379811 0.6201938725045348
-9.232932394819967 0.6141278067502949
-9.221377572635458 0.6071428571428585
-9.208738466908278 0.6011094494754889
-9.190065538842621 0.5915845363399521
-9.186265232776456 0.5892857142857153
-9.178571428571434 0.5854333988639002
-9.16008187284954 0.5751264825729514
-9.15397279714125 0.571428571428573
-9.13762728166107 0.563239742046501
-9.112964134932879 0.5488357444419982
-9.089285714285719 0.5378464807153707
-9.085545226937553 0.5357142857142874
-9.08285730277396 0.5344286034119357
-9.06270336409938 0.5231736128944116
-9.053938824736669 0.5178571428571441
-9.038040863247613 0.5102489702076225
-9.029565281282343 0.5059130562564693
-9.01982405889511 0.5000000000000018
-9.014969579472254 0.4970060841055517
-9.000000000000005 0.48966059094856007
-8.967693724537202 0.4707469693782764
-8.953805450676963 0.4642857142857153
-8.92327887657264 0.4489414896002426
-8.918883589189473 0.44642857142857295
-8.916885392156848 0.4451943501400617
-8.89336195397036 0.4285714285714297
-8.8707233660327 0.4187124696506048
-8.821428571428577 0.3944798015996396
-8.819365724369623 0.3932697122689346
-8.81848057397077 0.3928571428571441
-8.81653732567488 0.39187889370640505
-8.787062834601299 0.3750000000000009
-8.773642054206752 0.3667001605872233
-8.753147875160488 0.35714285714285765
-8.732142857142863 0.34656562016583603
-8.723248617453727 0.34106456222354264
-8.719434577436399 0.3392857142857153
-8.7110615446772 0.33506945179258274
-8.687248709566374 0.32142857142857206
-8.676400271522962 0.3147199456954093
-8.652492442103581 0.3035714285714288
-8.64285714285715 0.29872169435420215
-8.625755295888379 0.2891346551080405
-8.620139274559403 0.2857142857142865
-8.605148741961044 0.2781726055350653
-8.578915238167566 0.2627883809379181
-8.553571428571434 0.25098823178514973
-8.55184337092988 0.2500000000000009
-8.530409222512684 0.2367752983546083
-8.520450617826056 0.23214285714285765
-8.498500763398209 0.22112872410821272
-8.48878596652737 0.2142857142857153
-8.48105905200438 0.21093104674198315
-8.46428571428572 0.20272946929051994
-8.433462977737335 0.18473597588110646
-8.420152014216635 0.17857142857142883
-8.390660998529835 0.16384648542025193
-8.38264413505867 0.15918545870255407
-8.375000000000007 0.1556616566925655
-8.352385215604867 0.14285714285714324
-8.335927255638166 0.13281454887236777
-8.285714285714292 0.1084996104945617
-8.283970708170997 0.10749157265151688
-8.283209454061007 0.10714285714285765
-8.281502369284212 0.10630047385684183
-8.25114306071385 0.08928571428571441
-8.237525715727879 0.08106628542585437
-8.21630958788849 0.07142857142857117
-8.196428571428577 0.061704225395592616
-8.186272347439816 0.055602673369180344
-8.181778045338637 0.053571428571428825
-8.171551862833871 0.04859608685248773
-8.148212311498325 0.03571428571428559
-8.137867348285951 0.029569387485667953
-8.11163302542028 0.01785714285714235
-8.107142857142863 0.015700275380738482
-8.087268968921714 0.003974777644229377
-8.078300357374212 0.