-8.724588252685805 0.
-8.732142857142863 0.00419681751857226
-8.751702227733734 0.013945268738968508
-8.760051226049278 0.01785714285714235
-8.774319105556662 0.026292392539902565
-8.775726998756692 0.026997457391519042
-8.794256435231805 0.03571428571428559
-8.801098588605033 0.03978028227899433
-8.821428571428577 0.050952233557793214
-8.82673340380611 0.053571428571428825
-8.85224567866341 0.06526514998160504
-8.862372505181387 0.07142857142857117
-8.874467850413081 0.07867785848881326
-8.883971045199333 0.08393706618272212
-8.895234200685891 0.08928571428571441
-8.899097222383888 0.0916091269517949
-8.910714285714292 0.09805676059597523
-8.928942054324077 0.10714285714285765
-8.93798152893806 0.11259630578761115
-8.947781870165953 0.11758648310966802
-8.963323326542845 0.125
-8.972436730146894 0.13051265397062206
-8.991540230856934 0.14116518902852881
-8.99508080190919 0.14285714285714324
-8.996301023535016 0.14359693815014118
-9.000000000000005 0.1456634241073278
-9.030003898453725 0.16071428571428648
-9.044687182863582 0.16963399199871354
-9.044736494045521 0.1696615845233893
-9.06332777964955 0.17857142857142883
-9.089285714285719 0.1934253422035832
-9.093795815189205 0.195526551247875
-9.098457553988139 0.19826293936905603
-9.130273700514575 0.2142857142857153
-9.14219840736067 0.2215603185278674
-9.151349759048532 0.22669852323827744
-9.162678044067434 0.23214285714285765
-9.178571428571434 0.24126439205962402
-9.191663058740488 0.24738167396619026
-9.195889095168159 0.2500000000000009
-9.205142753108394 0.2553142649073932
-9.241333111262573 0.2731619491760586
-9.261571372735792 0.2857142857142865
-9.267857142857148 0.28932735592380254
-9.28918114800701 0.29930662754145665
-9.296054890202656 0.3035714285714288
-9.311095099080946 0.3122190198161885
-9.32932156262037 0.32142857142857206
-9.337648613213712 0.32532742021440253
-9.357142857142861 0.3374281306154767
-9.360818543255782 0.3392857142857153
-9.386439943051252 0.35128343996117994
-9.39587846099898 0.35714285714285765
-9.416526514152379 0.36901958854476113
-9.428357772257797 0.3750000000000009
-9.433765516731734 0.37753261093936974
-9.446428571428577 0.3853947612587767
-9.461191137939938 0.3928571428571441
-9.483492264805307 0.4033015470389403
-9.52155015134944 0.425738601698459
-9.52715414900083 0.4285714285714297
-9.529261709164045 0.42986194388147947
-9.53571428571429 0.43349544567094167
-9.553793354350924 0.44281275770124573
-9.561299144822138 0.44642857142857295
-9.573709244104688 0.4540275631066528
-9.577426461180046 0.4559432791925637
-9.594743888076435 0.4642857142857153
-9.625000000000004 0.48169003137325994
-9.62563299484256 0.48201625817434746
-9.625895786983799 0.48214285714285854
-9.626330265822828 0.4824089103074236
-9.650548026986916 0.49489039460261885
-9.66115411514113 0.5000000000000018
-9.674234450277515 0.5080102528016424
-9.679291573703459 0.5108583147406929
-9.693818272226048 0.5178571428571441
-9.714285714285719 0.5296331482993892
-9.72338325546806 0.5338947774778191
-9.726313186357304 0.5357142857142874
-9.732720246462184 0.5394011921495805
-9.773554072322318 0.5595748998212535
-9.792635584084094 0.571428571428573
-9.803571428571434 0.5777245215530122
-9.820859627000305 0.5858280745999416
-9.838582598939633 0.5962879483593548
-9.8600325356298 0.6071428571428585
-9.869844324544436 0.6117454208054012
-9.892857142857148 0.6253388954712431
-9.918075557478968 0.6378134599327803
-9.929596763429506 0.6428571428571441
-9.943872869161812 0.6530602881180769
-9.958976541291733 0.6607142857142874
-9.965892699575235 0.6639643172278129
-9.982142857142861 0.6740853835737637
-9.990989509548763 0.6785714285714306
-10.014990665987577 0.6898590096596298
-10.048477636792938 0.7096955273585888
-10.057515497566971 0.7142857142857162
-10.060923910818218 0.7163866464077886
-10.071428571428577 0.722337908687229
-10.090715616145589 0.7321428571428594
-10.111556552219115 0.7419744038418941
-10.12439598551642 0.7500000000000018
-10.15226148954888 0.766166583624063
-10.155579469863516 0.767857142857145
-10.157105375974147 0.7685789248051735
-10.16071428571429 0.770840425268827
-10.18986755622889 0.7857142857142883
-10.207717065022754 0.7941708727097385
-10.222696281876937 0.8035714285714306
-10.250000000000004 0.8194875904694481
-10.252688941241399 0.8208907831802952
-10.253792641174869 0.8214285714285738
-10.25558726971577 0.8225460253717269
-10.277201471042547 0.8338454200772087
-10.288348557971133 0.8392857142857171
-10.300710235714947 0.8470008099998712
-10.307219641784236 0.8507296426425635
-10.320337069752687 0.8571428571428594
-10.339285714285719 0.8682584462010006
-10.349234785729502 0.8730101857112453
-10.352381703971963 0.8750000000000018
-10.359130389900216 0.8789689351229013
-10.38604723964734 0.892857142857145
-10.398552789997385 0.898860870571955
-10.428571428571432 0.9170354280319408
-10.444913047581803 0.9253031047693563
-10.450042731340757 0.9285714285714306
-10.459943707351409 0.9348458843274257
-10.467209262456509 0.9387010046515583
-10.482833620169746 0.9464285714285738
-10.491210810305185 0.9517578379389668
-10.510026535794104 0.9627195928731087
-10.51318391962035 0.9642857142857171
-10.517857142857146 0.9670785173844854
-10.53979878473913 0.9777545287664626
-10.56099703345255 0.99077083526194
-10.578552657597482 1.0000000000000027
-10.585320183180535 1.004364534792468
-10.607142857142861 1.0172318690099038
-10.608327283158644 1.017857142857146
-10.608855502409348 1.0181996719104438
-10.632030828223371 1.0307366914981868
-10.641922779950553 1.0357142857142883
-10.654715068958811 1.0440569862082407
-10.657678171504786 1.0458213485866734
-10.673014371723045 1.0535714285714315
-10.678483752636351 1.0571603923298767
-10.696428571428575 1.0679032450957875
-10.703010984673798 1.0714285714285747
-10.726596442629525 1.083252140045527
-10.73571545358914 1.089285714285717
-10.75442890672678 1.100885781345358
-10.765978953125328 1.1071428571428603
-10.771553902519559 1.109974933781806
-10.785714285714288 1.1194612489158056
-10.795869113820705 1.1250000000000036
-10.818096844518513 1.1363806310963014
-10.827692450238843 1.142857142857146
-10.838407229940994 1.1501756968689474
-10.846073268021136 1.1549289393185154
-10.857134139020054 1.1607142857142883
-10.861149580115507 1.1634843696911874
-10.875000000000004 1.172146829608912
-10.886507829057496 1.1785714285714315
-10.907934580091617 1.1898416554102518
-10.917447890361306 1.1964285714285747
-10.937525504175522 1.2089336722636785
-10.947362087710285 1.214285714285717
-10.952178287320992 1.2167071996786625
-10.964285714285717 1.2247406945406176
-10.977987882715757 1.2321428571428603
-10.983866060470923 1.2360589263799024
-10.997179230518954 1.2434212967533558
-11.010011315251123 1.2500000000000036
-11.020041134130759 1.2567060588881374
-11.030939403857044 1.2633307379142682
-11.039744594968884 1.267857142857146
-11.042918563985666 1.269987715774299
-11.05357142857143 1.2764855451193853
-11.070495269150122 1.2857142857142891
-11.090878276245382 1.296110059036642
-11.101974436772773 1.3035714285714324
-11.124525424647837 1.3177622277867131
-11.13119895981428 1.3214285714285747
-11.134462196643433 1.3231075606713176
-11.142857142857146 1.328558950263056
-11.181459859334057 1.3494223138474792
-11.192795079483515 1.3571428571428612
-11.201644212855442 1.3632425860003448
-11.214984562481641 1.3715683410677597
-11.221511127158731 1.3750000000000036
-11.223889984436735 1.3766505745412285
-11.232142857142861 1.3818304174070928
-11.251824982888822 1.3928571428571468
-11.270989890636148 1.4029448790156325
-11.304433354690842 1.4251723852238856
-11.310427018587653 1.4285714285714324
-11.3128446273427 1.4302882173886076
-11.321428571428575 1.43578337128762
-11.340078398571768 1.4464285714285747
-11.347305746121057 1.451604006367071
-11.356834710192944 1.4572044865328433
-11.369931890138488 1.464285714285718
-11.37876777511004 1.4706750164065676
-11.390053350135537 1.4780106700271114
-11.397641802608788 1.4821428571428612
-11.400450448673924 1.4841956245509342
-11.410714285714288 1.4909277421645228
-11.426248392833358 1.5000000000000036
-11.445845253370647 1.5108309493258751
-11.455569510847289 1.5178571428571468
-11.47407989746516 1.5305302652073216
-11.482783821552228 1.53571428571429
-11.48728071532904 1.5382581426484823
-11.500000000000004 1.5476397462661442
-11.509877558643199 1.5535714285714324
-11.530469390377608 1.565334693353055
-11.538669841279225 1.5714285714285756
-11.549025448254842 1.5794806246347513
-11.552602409610603 1.5819490533506961
-11.565390171009003 1.5892857142857189
-11.570211102728866 1.5931006365970886
-11.589285714285717 1.6057339125210044
-11.591646738866768 1.6071428571428612
-11.615475306492886 1.6197620815585703
-11.638017633346772 1.6347463838122156
-11.652316391826355 1.6428571428571477
-11.659494742331542 1.6466724801051251
-11.67857142857143 1.6599584612174985
-11.679904387070817 1.66071428571429
-11.680430698014098 1.6610861396028236
-11.702338994851726 1.6738179153153743
-11.711236442430502 1.6785714285714333
-11.723695444040809 1.6874037683347014
-11.724135276342022 1.6876841981255524
-11.740460220685604 1.6964285714285765
-11.746470250537287 1.7007059498925479
-11.767617985593601 1.71423788283301
-11.76770701376726 1.7142857142857189
-11.767857142857146 1.714384553224006
-11.79198478118227 1.7273173294778363
-11.798861160179865 1.7321428571428612
-11.812339593556644 1.7410393472827614
-11.82791311866925 1.7500000000000044
-11.83579727621459 1.7542691161856583
-11.85714285714286 1.7688290346648863
-11.879183044625169 1.7813062482178283
-11.88537145753537 1.78571428571429
-11.89732295580872 1.7937503054474622
-11.922698745338456 1.8083173937894568
-11.940809595659807 1.8214285714285765
-11.946428571428573 1.8252787877243462
-11.964910257036198 1.8355893771641938
-11.979497139612194 1.8458994279224434
-11.998188140017882 1.857142857142862
-12.007919468931545 1.8627018204994101
-12.02432382491847 1.8750000000000036
-12.035714285714288 1.8831355402972232
-12.048153754941998 1.890369249011604
-12.053015706462213 1.892857142857146
-12.057315001328396 1.8971772859799678
-12.078810057787193 1.9107142857142883
-12.087859430656204 1.918142399583048
-12.093531170272191 1.922277662625869
-12.104053270685096 1.9285714285714306
-12.108070698288037 1.9319572889138241
-12.125000000000002 1.9445978842305296
-12.12722461128241 1.9459836491720912
-12.128685718363135 1.9471657151011996
-12.153867651904234 1.9642857142857153
-12.167925421058024 1.9735577729312528
-12.193643866770467 1.99587163049695
-12.199345835582045 2.