-8.23016758400424 0.
-8.244557041373064 0.008231448868245117
-8.248751219126115 0.010464529539507161
-8.263698706767983 0.01785714285714235
-8.27020445447238 0.02095910910552501
-8.285714285714292 0.029277512461231225
-8.295690585442014 0.03371902576874142
-8.299058280397194 0.03571428571428559
-8.306672050550743 0.03990583868157582
-8.347170117830668 0.05913740500529663
-8.367673431774517 0.07142857142857117
-8.375000000000007 0.07550767695016702
-8.396090084197413 0.08506769744623277
-8.418727018894462 0.09803111806460585
-8.437225348929372 0.10714285714285765
-8.445459633969618 0.11090807320607787
-8.46428571428572 0.1217740783964123
-8.50945705087502 0.14285714285714324
-8.527689650829572 0.15553793016591388
-8.538095230382554 0.16071428571428648
-8.541955608129026 0.16303744980276758
-8.553571428571434 0.16948685849403322
-8.571789055512882 0.17857142857142883
-8.59324235705453 0.18849438573195254
-8.606169558140166 0.19642857142857206
-8.634664074320126 0.2126471005783106
-8.637937533430035 0.2142857142857153
-8.639158488917221 0.21502544507370125
-8.64285714285715 0.21709023764675983
-8.67288442903656 0.23214285714285765
-8.690713949307725 0.2404286387098855
-8.70624069726588 0.2500000000000009
-8.732142857142863 0.2647997571336589
-8.736739127858115 0.26693788871409385
-8.74150274396442 0.2697291202214549
-8.77330033280882 0.2857142857142865
-8.785205786436302 0.292958842712741
-8.79455673673814 0.29819706163334203
-8.805761764420295 0.3035714285714288
-8.821428571428577 0.3125383755344151
-8.833898806028015 0.3189345245086841
-8.839097123206935 0.32142857142857206
-8.847737322180015 0.3266903215788597
-8.858022580600593 0.33196691245131227
-8.873274873243497 0.3392857142857153
-8.882529957998724 0.3449225798288289
-8.900790464816428 0.3551580929632854
-8.904926574346062 0.35714285714285765
-8.910714285714292 0.36045625958495364
-8.932548287154185 0.3706331997120218
-8.939612683025715 0.3750000000000009
-8.955133034236809 0.3838837497045047
-8.97296600929676 0.3928571428571441
-8.981085553224345 0.39664003221227606
-9.000000000000005 0.4077309656526289
-9.030142707562343 0.42254288705896226
-9.03990246799444 0.4285714285714297
-9.05212175523955 0.43600422038066355
-9.060436077676963 0.4406586441068221
-9.072474154089944 0.44642857142857295
-9.076635634982951 0.44895858728912685
-9.089285714285719 0.45603685642069003
-9.10570208767665 0.4642857142857153
-9.127615449505376 0.474476910098927
-9.167412425510486 0.4977681993878127
-9.171858474515805 0.5000000000000018
-9.17352256046285 0.5010097736217185
-9.178571428571434 0.5038301730355483
-9.1982881935534 0.5139137898607506
-9.206530420346835 0.5178571428571441
-9.224995301051386 0.5264295112182964
-9.240071245676043 0.5357142857142874
-9.267857142857148 0.5515486334271822
-9.270903659567526 0.5529621252293548
-9.274078221952147 0.5548156443904304
-9.307247458093157 0.571428571428573
-9.31964194356564 0.5789287541440169
-9.3276374081995 0.5833846244970431
-9.339996164282663 0.5892857142857153
-9.357142857142861 0.599039492851146
-9.36936256644965 0.6046989152815003
-9.373339692899457 0.6071428571428585
-9.382129811576103 0.6121402480295073
-9.407847258761874 0.6250000000000018
-9.419492344090852 0.6303872454675465
-9.439806197950778 0.6428571428571441
-9.446428571428577 0.6466181052196047
-9.467709639557805 0.6564580720884416
-9.474646462358601 0.6607142857142874
-9.489997117656781 0.6694279949599284
-9.508308737454962 0.6785714285714306
-9.516588948307728 0.6823964960527427
-9.53571428571429 0.6935167013855548
-9.565924127390124 0.7082437459505497
-9.579887978289092 0.7142857142857162
-9.597621558755861 0.7266671688940303
-9.608599877480781 0.7321428571428594
-9.61355856875094 0.7344311433926718
-9.625000000000004 0.7414384259239348
-9.642170029411547 0.7500000000000018
-9.650711626271093 0.7551423252542193
-9.661405854997655 0.7605759718576142
-9.676709961424596 0.767857142857145
-9.686081631360922 0.7734979594421043
-9.704613721084087 0.7837798870739618
-9.708680131136358 0.7857142857142883
-9.710078359719615 0.786555756627509
-9.714285714285719 0.7888898270259403
-9.743743853647432 0.8035714285714306
-9.761840471191874 0.8119176200473426
-9.777378231517005 0.8214285714285738
-9.803571428571434 0.8362666182991543
-9.808137421970608 0.8383725156058821
-9.812934643426566 0.8411583572567434
-9.84500452355927 0.8571428571428594
-9.85693874333024 0.8643265370482407
-9.86677137020405 0.8697828454693823
-9.87773643854716 0.8750000000000018
-9.892857142857148 0.883570353787305
-9.905970696205326 0.8902344321875093
-9.911481630634107 0.892857142857145
-9.920739937155592 0.8984337017168347
-9.930204241984272 0.9032448658888637
-9.94589438897274 0.9107142857142883
-9.954926961848376 0.9161574647731854
-9.974534971388977 0.9270498514206533
-9.977729939439412 0.9285714285714306
-9.982142857142861 0.9310759834248925
-10.005331213801375 0.9417909000968709
-10.012894283714449 0.9464285714285738
-10.02961105412076 0.9559222108241539
-10.046353405148391 0.9642857142857171
-10.053920788280779 0.9677872709152764
-10.071428571428577 0.978536694859887
-10.078642586983559 0.9821428571428594
-10.103396236746606 0.993606466936396
-10.113801369296128 1.0000000000000027
-10.125455796552467 1.0070516978323676
-10.135954297998834 1.012905145314055
-10.14631933422592 1.017857142857146
-10.14989224750442 1.02002155049912
-10.16071428571429 1.0260617797678373
-10.179972520758193 1.0357142857142883
-10.201045985527017 1.045505088608886
-10.242901191330619 1.0700088096946976
-10.245727239228511 1.0714285714285747
-10.247010550809588 1.072026461266658
-10.250000000000004 1.0738735900086391
-10.280636735284284 1.089285714285717
-10.295126476137046 1.0981175619154513
-10.295662034015349 1.0984181210887858
-10.313821290710324 1.1071428571428603
-10.339285714285719 1.1217630899652056
-10.3438168995035 1.1240937629564476
-10.345700334553811 1.1250000000000036
-10.34881432498722 1.1269057221403038
-10.368450921006287 1.137024101513032
-10.380554360505574 1.142857142857146
-10.392361025784085 1.1500992234146148
-10.40161843664992 1.155323687329986
-10.412784415294748 1.1607142857142883
-10.428571428571432 1.1698343858439557
-10.441605142726367 1.1759646857404444
-10.445787073958032 1.1785714285714315
-10.454869947937272 1.1838311324445998
-10.491115992999278 1.2017768014001478
-10.511360217571495 1.214285714285717
-10.517857142857146 1.2179932395514896
-10.539147197087694 1.2278848462967504
-10.561255534771222 1.240822535525676
-10.579533737413293 1.2500000000000036
-10.587833441401058 1.2538618831483639
-10.607142857142861 1.2651801191589245
-10.650511285633227 1.2857142857142891
-10.66759576208732 1.2978048667031814
-10.679051417893875 1.3035714285714324
-10.683343242767526 1.3061884943036421
-10.696428571428575 1.313533701461063
-10.712095202901056 1.3214285714285747
-10.734157814717282 1.3317398656279762
-10.746334336137906 1.339285714285718
-10.772959519470085 1.3545919038940202
-10.778008857061382 1.3571428571428612
-10.779905093859133 1.3583046955138922
-10.785714285714288 1.3615795432061306
-10.812239064535378 1.3750000000000036
-10.830984810842208 1.3838030378315622
-10.84553029089533 1.3928571428571468
-10.875000000000004 1.409887925795135
-10.876232426774372 1.4104678003594167
-10.877486299795128 1.4112115456733152
-10.911614481574325 1.4285714285714324
-10.924489096842525 1.4365307520600705
-10.929753368849116 1.4395221023412548
-10.94397642615812 1.4464285714285747
-10.964285714285717 1.4582460808186166
-10.972663426266752 1.4626101718895113
-10.9761066159108 1.464285714285718
-10.98171148041117 1.4677708675108088
-10.996785567189406 1.4756428865621238
-11.010112905131018 1.4821428571428612
-11.020663594098803 1.488724424037387
-11.033255587137079 1.4959368317131334
-11.041566445426744 1.5000000000000036
-11.05357142857143 1.5070467217825456
-11.069518280856261 1.5146677724001805
-11.07455859663874 1.5178571428571468
-11.085347335112875 1.5242123241654353
-11.107607789227124 1.53571428571429
-11.11795650764683 1.5406944127563529
-11.142857142857146 1.555818421387679
-11.164927137184407 1.5670145725631235
-11.17183073704975 1.5714285714285756
-11.185094304818183 1.5798760038207833
-11.186407355485192 1.5805756717601103
-11.20394664295652 1.5892857142857189
-11.210659027862883 1.5935824801417144
-11.232142857142861 1.606025459199003
-11.234289305084976 1.6071428571428612
-11.259974626579792 1.6194336461126184
-11.287580779696842 1.6360875845108014
-11.30068084817858 1.6428571428571477
-11.305677905837717 1.646007275975319
-11.321428571428575 1.6551093091150886
-11.329124620055294 1.659175075988946
-11.332249088727913 1.66071428571429
-11.355258296609852 1.6718054835351772
-11.365865086699914 1.6785714285714333
-11.388430966488581 1.6919719075834347
-11.40099924899824 1.698371578771786
-11.410714285714288 1.7046021421438704
-11.429259777752636 1.7142857142857189
-11.449867603662097 1.7243121935533
-11.462037996851688 1.7321428571428612
-11.487711179677449 1.7475422359354935
-11.492388529526366 1.7500000000000044
-11.494594320641967 1.7510811358716118
-11.500000000000004 1.7545829327194369
-11.525168288431034 1.7678571428571477
-11.543693029286167 1.776975679857057
-11.557129091136275 1.78571428571429
-11.585177708200561 1.8027498273544023
-11.586723198376088 1.8035714285714333
-11.587458712564748 1.803936828915627
-11.589285714285717 1.8051351975683492
-11.611157525874392 1.8170542091108421
-11.619795925833321 1.8214285714285765
-11.636603424352211 1.8298221722724204
-11.67857142857143 1.8562874242648073
-11.679750606341708 1.8569070215888068
-11.680263869175619 1.857142857142862
-11.68083696737014 1.857595964902604
-11.712930114064008 1.8750000000000036
-11.728438014114204 1.8828838257485918
-11.743325312191875 1.892857142857146
-11.767857142857146 1.9082770791985393
-11.77106228209154 1.9100732578674098
-11.77229750058996 1.9107142857142883
-11.77414061628923 1.9119709804007048
-11.794215787529316 1.9232996996369964
-11.804312444716935 1.9285714285714306
-11.816211947591462 1.9367576104817097
-11.819719237403936 1.9389438474807879
-11.8339602683718 1.946428571428573
-11.85714285714286 1.9613422900096023
-11.861209668000521 1.9634723521141826
-11.86239160113101 1.9642857142857153
-11.864732017472557 1.9658035463516548
-11.90801204806219 1.9898261618161346
-11.922541819464303 2.