-8.03027901596879 0.
-8.036909865592797 0.0038105445471297017
-8.051761574004754 0.011076256627621461
-8.066461480333786 0.01785714285714235
-8.07689908141372 0.023905898002971604
-8.093928005546477 0.033071315395008405
-8.099624222433842 0.03571428571428559
-8.10154258220473 0.036834340701912716
-8.107142857142863 0.03986728994212552
-8.135289715919377 0.053571428571428825
-8.154035933524199 0.06204995615230402
-8.169636792527438 0.07142857142857117
-8.196428571428577 0.08638653605890845
-8.200857827497838 0.08839986307186187
-8.2023245943166 0.08928571428571441
-8.205593232386592 0.09111864647731771
-8.23804909059763 0.10714285714285765
-8.252530023677695 0.11377970955017691
-8.285714285714292 0.13297394482359337
-8.300153694610346 0.1399692610779324
-8.304884405927947 0.14285714285714324
-8.314439186096665 0.1486021229336183
-8.323435255405316 0.1531700917760821
-8.339287940268326 0.16071428571428648
-8.34818243937832 0.16607779783862409
-8.368201760131537 0.17721178059773468
-8.371053212714449 0.17857142857142883
-8.375000000000007 0.18081721314452714
-8.398536684839963 0.19172123446058098
-8.423056693174555 0.206039910063482
-8.439507116912308 0.2142857142857153
-8.4456496140173 0.2180129343393995
-8.46428571428572 0.22843005343595468
-8.469503476691383 0.23109930466172468
-8.471682933844672 0.23214285714285765
-8.49630033364787 0.2435970761275712
-8.506675470357631 0.2500000000000009
-8.52946512022521 0.263035881187899
-8.54341233845469 0.2698889608804933
-8.553571428571434 0.276167767265318
-8.572543191503277 0.2857142857142865
-8.593650473841922 0.2955556195173319
-8.606614247399667 0.3035714285714288
-8.6350671691924 0.3198705766956218
-8.638161133126506 0.32142857142857206
-8.639570374379623 0.3220859251240773
-8.64285714285715 0.3241190450732736
-8.672972130778362 0.3392857142857153
-8.690728847816358 0.347568516151016
-8.706206878915914 0.35714285714285765
-8.732142857142863 0.37200050172475496
-8.736643923364598 0.3740997867556537
-8.738099415855826 0.3750000000000009
-8.74129571028359 0.3768305706281465
-8.773128788766515 0.3928571428571441
-8.787630100722302 0.39961683699839945
-8.821428571428577 0.41944487458860547
-8.8346243109716 0.42593228066282496
-8.840684014538057 0.4285714285714297
-8.848284017122154 0.433942517710145
-8.873111143793627 0.44642857142857295
-8.884411587593643 0.45168911105270215
-8.90481370220188 0.4642857142857153
-8.910714285714292 0.4676576152024676
-8.931053426703876 0.47807502894494114
-8.939544563372849 0.48214285714285854
-8.953695198299075 0.49073903965981547
-8.95462900150137 0.49121705684258643
-8.972971361267696 0.5000000000000018
-8.979669386049196 0.5040661227901637
-9.000000000000005 0.5154274912694143
-9.004840983540229 0.5178571428571441
-9.030259408195436 0.5296624040752009
-9.040082287624001 0.5357142857142874
-9.06174292962903 0.5480628716400924
-9.0777185090503 0.5558848696185139
-9.089285714285719 0.5630032193841679
-9.10610244567007 0.571428571428573
-9.12794494096194 0.5815538689504711
-9.168282193135727 0.605085010055717
-9.172394190872406 0.6071428571428585
-9.174257564567426 0.6080056299436603
-9.178571428571434 0.6105193332244481
-9.225539428943161 0.633463542782799
-9.247216259731257 0.6428571428571441
-9.271642841568099 0.659957145972097
-9.272876526197608 0.6607142857142874
-9.275605912739163 0.6622640396906903
-9.308256274985274 0.6785714285714306
-9.323023661833684 0.6853952676332655
-9.341016525026937 0.696428571428573
-9.357142857142861 0.7055776201795831
-9.370298704396687 0.7116545448349507
-9.374591001740788 0.7142857142857162
-9.383257886077383 0.7195087200726205
-9.39371796657482 0.7248278352564679
-9.409082247249865 0.7321428571428594
-9.418390471209243 0.7377504771867258
-9.437087838242753 0.7481318533628372
-9.441012516286584 0.7500000000000018
-9.446428571428577 0.7530702042441284
-9.468781101572985 0.7633866368282636
-9.492247613022347 0.7770209511758992
-9.509682216109228 0.7857142857142883
-9.517553836225805 0.7893463756119852
-9.53571428571429 0.8004674990718561
-9.541939785113266 0.8035714285714306
-9.545036549059008 0.8054358812403741
-9.564987982315206 0.8155738321083899
-9.57729226135557 0.8214285714285738
-9.58918817723389 0.8285909359817971
-9.599138342600805 0.834113382805878
-9.610007855338365 0.8392857142857171
-9.613745801625011 0.8415365539607151
-9.625000000000004 0.8477835783452283
-9.643769077658112 0.8571428571428594
-9.665086583237654 0.8669826833524716
-9.678174179162303 0.8750000000000018
-9.707143558849893 0.8914287117699793
-9.710006798723148 0.892857142857145
-9.711299724221 0.8934543408700888
-9.714285714285719 0.8951913579888311
-9.762833812758837 0.918861808876807
-9.778667057846695 0.9285714285714306
-9.803571428571434 0.9427150587219648
-9.809177741516091 0.9453073088396424
-9.815041957841563 0.9487226772825998
-9.846176828928416 0.9642857142857171
-9.86025726565652 0.9708056897258421
-9.892857142857148 0.9898222719832761
-9.914445865756456 1.0000000000000027
-9.92303022673774 1.0060346167761214
-9.9466234470806 1.017857142857146
-9.955433132689556 1.0231990877478063
-9.97543529037947 1.0343727723616105
-9.978238582681643 1.0357142857142883
-9.982142857142861 1.0379443256556575
-10.005640929547674 1.048871814090469
-10.013259751812317 1.0535714285714315
-10.029990210256932 1.063140899194246
-10.04647165430283 1.0714285714285747
-10.052640174616199 1.0751862507910497
-10.071428571428577 1.0857250902797446
-10.078499372063403 1.089285714285717
-10.103145129030263 1.1007995456225226
-10.113384936730915 1.1071428571428603
-10.135769880697586 1.120011118996663
-10.145645097126879 1.1250000000000036
-10.15015045802084 1.1271127655386932
-10.16071428571429 1.133679830284545
-10.178846386134675 1.142857142857146
-10.20008726701359 1.152839689454428
-10.212728576037 1.1607142857142883
-10.24020525385122 1.1766124793416752
-10.244059677101777 1.1785714285714315
-10.24582699719253 1.1794060291329265
-10.250000000000004 1.1818675948633093
-10.296576729655387 1.2049703683546413
-10.317928621780567 1.214285714285717
-10.342323168185777 1.2315353663628485
-10.343306187537529 1.2321428571428603
-10.345462915946484 1.2333782974750136
-10.378473143195839 1.2500000000000036
-10.393499001326884 1.257014485448913
-10.428571428571432 1.277642916588456
-10.440225846590728 1.28338340211043
-10.443986826506675 1.2857142857142891
-10.451477738452757 1.2902955476905547
-10.46363920700383 1.2965578728849527
-10.478202990049189 1.3035714285714324
-10.487963781594315 1.3095501008239978
-10.504191625612437 1.3186954679796328
-10.509860273330194 1.3214285714285747
-10.517857142857146 1.3260387211249594
-10.537647499951932 1.335327642866761
-10.557864364001992 1.3472871585146873
-10.57729093213536 1.3571428571428612
-10.584607541615684 1.3616499202482961
-10.607142857142861 1.3744139023565456
-10.60795901352302 1.3748367687239718
-10.608296092707896 1.3750000000000036
-10.634526476967956 1.3873804188921275
-10.643283568622413 1.3928571428571468
-10.6622550758785 1.4038795866042753
-10.681815623066603 1.4136368753866844
-10.696428571428575 1.42281411785798
-10.707688345508398 1.4285714285714324
-10.730795087355558 1.4395552682431783
-10.741713520545 1.4464285714285747
-10.765210230315176 1.4601849032058958
-10.77319114995179 1.464285714285718
-10.776884874584582 1.4660515965116598
-10.785714285714288 1.4716391428796225
-10.806100581914846 1.4821428571428612
-10.82637723287953 1.4918674105669556
-10.83919099666731 1.5000000000000036
-10.866541714534277 1.5161654857640015
-10.869804967505116 1.5178571428571468
-10.871326166012949 1.5185919096545577
-10.875000000000004 1.5209389064810974
-10.89522681397994 1.5316689229183025
-10.903407362514555 1.53571428571429
-10.921185079278969 1.5443344127156395
-10.964285714285717 1.5707044981501408
-10.96530445616034 1.571224823053651
-10.965757897445842 1.5714285714285756
-10.966287924387625 1.5718290134489576
-10.999463880017803 1.5892857142857189
-11.015220211839408 1.5969559576321233
-11.031053871417797 1.6071428571428612
-11.05357142857143 1.620456734370693
-11.059804568322111 1.623753372049868
-11.062333228378675 1.6250000000000044
-11.066380218121719 1.6275617579100619
-11.083821615799652 1.6368071054115036
-11.09606888850196 1.6428571428571477
-11.107277746274267 1.6499730221737234
-11.11678602647832 1.6555000624385254
-11.127318214692542 1.66071428571429
-11.142857142857146 1.6699723883110593
-11.15540898386562 1.6760610603697383
-11.15932384048612 1.6785714285714333
-11.1676094163886 1.6835218832777246
-11.20384647917845 1.702087847021458
-11.222756458813507 1.7142857142857189
-11.232142857142861 1.7199329447557163
-11.249842588842682 1.7286029108028966
-11.266791928179353 1.7390726713501596
-11.287453960060265 1.7500000000000044
-11.297246998573277 1.7548363145710644
-11.321428571428575 1.7699006234284944
-11.343407095067606 1.7813185809864835
-11.35306519404407 1.78571428571429
-11.364064691775662 1.794241509783708
-11.381489652898564 1.8035714285714333
-11.389827123524178 1.8077488610094559
-11.410537944571978 1.8214285714285765
-11.410714285714288 1.8215376509215488
-11.43593819135564 1.8342409331574485
-11.459102965622717 1.848963450267405
-11.474144236733334 1.857142857142862
-11.48006353554762 1.861130150033338
-11.500000000000004 1.873330740640335
-11.503053233853775 1.8750000000000036
-11.527226369127815 1.8874118690315838
-11.535290550365243 1.892857142857146
-11.551522474499889 1.9031616377571225
-11.57183144439007 1.9142051396934177
-11.589285714285717 1.926170920521506
-11.593586518256314 1.9285714285714306
-11.616995499516388 1.940886614382439
-11.625024657468334 1.946428571428573
-11.640857695036082 1.9567429675786459
-11.654131297773414 1.9642857142857153
-11.660761469265037 1.9678477061469941
-11.67857142857143 1.9799418183957807
-11.704868323274974 1.9947406210592913
-11.715732926370322 2.