-11.191552908050504 2.
-11.18059675125071 1.9924520783212873
-11.16091828451278 1.9821428571428577
-11.142857142857146 1.972033908232028
-11.134126389304555 1.9660318649962338
-11.130785649722306 1.9642857142857153
-11.124055452856112 1.960525376285509
-11.102046664966547 1.946428571428573
-11.09109158295329 1.9389245405522013
-11.071208386609 1.9285714285714306
-11.05357142857143 1.918745890936215
-11.043821204918883 1.9126643304447972
-11.040995704148749 1.9107142857142883
-11.033252143994218 1.9066504287988462
-11.021431204752785 1.8992851876208743
-11.012106728764087 1.892857142857146
-10.998904606323626 1.8859333644495644
-10.988021162822834 1.8797470897074264
-10.98112958971727 1.8750000000000036
-10.976477926721023 1.8725615575129426
-10.964285714285717 1.8656343392829182
-10.95396084920102 1.8592078301598018
-10.950962414303328 1.857142857142862
-10.94347819224964 1.8529813527356467
-10.911341113596288 1.8320174915664618
-10.890935992566428 1.8214285714285765
-10.875000000000004 1.8125646287133925
-10.864817258442354 1.8056079768829632
-10.860894648090168 1.8035714285714333
-10.852983514520945 1.7991681314756214
-10.8318930068771 1.78571428571429
-10.821445217449064 1.7785680993673356
-10.800841057052834 1.7678571428571477
-10.785714285714288 1.7594243460980898
-10.77506194689449 1.7521304677639638
-10.770968163669824 1.7500000000000044
-10.762733609970956 1.7454038648513377
-10.742007980140938 1.7321428571428612
-10.731722618742788 1.7250840476800189
-10.711024199066681 1.7142857142857189
-10.696428571428575 1.706117705741196
-10.68550947050792 1.6986123916127074
-10.672955088719585 1.6917338748867783
-10.652478207942725 1.6785714285714333
-10.642285624940818 1.6715428750118413
-10.621633982879306 1.66071428571429
-10.617660274693364 1.6586108022041897
-10.607142857142861 1.652562885603392
-10.59544764988101 1.6451961843095182
-10.592101684691253 1.6428571428571477
-10.583829302569127 1.6381944319424004
-10.553225935089447 1.617926241553544
-10.532789060797056 1.6071428571428612
-10.517857142857146 1.5983380106621459
-10.507274918234948 1.5914021592101584
-10.504518851546539 1.5892857142857189
-10.497187574120028 1.5851518005382959
-10.486266170934176 1.5777467658131705
-10.477958120769332 1.5714285714285756
-10.467400144729424 1.5636628281969776
-10.428571428571432 1.540994963959772
-10.422731380933474 1.536882295241882
-10.420638587497933 1.53571428571429
-10.416589358276205 1.5333178716552442
-10.3938930031828 1.5178571428571468
-10.38206178397011 1.5093019289202685
-10.365198828836066 1.5000000000000036
-10.339285714285719 1.484812930639845
-10.336173198367096 1.482765360326586
-10.335325378030713 1.4821428571428612
-10.333046021503222 1.4808949185863618
-10.31508028604652 1.4691267999335578
-10.308454285948194 1.464285714285718
-10.292777058393764 1.4557303026069652
-10.29088645210613 1.4546058618498003
-10.27964542596759 1.4464285714285747
-10.271678045882735 1.4420929622520289
-10.250000000000004 1.4292410763924508
-10.249212523342157 1.4287289239030017
-10.248995187598156 1.4285714285714324
-10.248463763437723 1.4282641812589763
-10.208548931292224 1.4011473565987034
-10.193185770642078 1.3928571428571468
-10.162935620128934 1.3754442668829325
-10.161921773962106 1.3747585023504403
-10.16071428571429 1.3741094951754045
-10.13501353518118 1.3571428571428612
-10.12095929402441 1.347236712623694
-10.076899850615423 1.322522827265944
-10.0752379061206 1.3214285714285747
-10.074394664576964 1.3208353527988974
-10.071428571428577 1.3192468383994873
-10.047598398971596 1.3035714285714324
-10.033489163519526 1.295983546989623
-10.030303073481823 1.2939393853036405
-10.01877926708864 1.2857142857142891
-9.99048562966546 1.269525697361666
-9.986660606299893 1.2669535930257396
-9.982142857142861 1.264537046733321
-9.960016285327743 1.2500000000000036
-9.94513628674965 1.2395441712215032
-9.931299714411761 1.2321428571428603
-9.90397936340732 1.2165101583957512
-9.901387078223504 1.214285714285717
-9.898909594707696 1.2130752239156077
-9.892857142857148 1.2094267520483255
-9.858860315435127 1.185370794055836
-9.84748360730373 1.1785714285714315
-9.826132580498273 1.165226516099656
-9.816474459281281 1.1581336795723187
-9.803571428571434 1.1506608314507512
-9.79260177958797 1.142857142857146
-9.776071143668284 1.1305000569806332
-9.747961912531999 1.1138780967921162
-9.738248219168662 1.1071428571428603
-9.733102779172723 1.1033794441654594
-9.714285714285719 1.0928735360425996
-9.709054184039417 1.089285714285717
-9.706091877776515 1.0876469469838765
-9.689190853011185 1.0764475436834813
-9.682401910209808 1.0714285714285747
-9.667074318934494 1.0630137076416775
-9.664493095999491 1.061470047771329
-9.653697283670787 1.0535714285714315
-9.645995418011738 1.0493723449690844
-9.625000000000004 1.036914894427361
-9.623200768917066 1.0357142857142883
-9.603929296563017 1.022071283544543
-9.596113734877054 1.017857142857146
-9.580612125404159 1.0089795679379767
-9.57016213609752 1.0000000000000027
-9.560011780130623 0.9951405011167358
-9.53571428571429 0.9816561764230736
-9.51569684398474 0.9682892026316265
-9.508131249501119 0.9642857142857171
-9.492960411080695 0.9557349393589982
-9.478568599124994 0.9464285714285738
-9.471340451309892 0.9414461954523103
-9.446771179461416 0.9285714285714306
-9.446428571428577 0.9283799135104474
-9.426500359454572 0.9146999281090888
-9.403413738023756 0.9021113190333239
-9.38891754063439 0.892857142857145
-9.381711232345006 0.887943467816716
-9.357142857142861 0.8752174685120204
-9.35680088785908 0.8750000000000018
-9.356588817712021 0.8748891921138338
-9.335068323823135 0.8615577638068039
-9.32860974958472 0.8571428571428594
-9.312395838942752 0.8481934535028381
-9.29135754894982 0.8345856330671824
-9.267857142857148 0.8225168787619026
-9.266131837836571 0.8214285714285738
-9.24611940414951 0.8079189763129584
-9.2376363901859 0.8035714285714306
-9.220301917495735 0.7940603834991489
-9.209930953925502 0.7857142857142883
-9.200498676246923 0.7813288361791901
-9.178571428571434 0.769594907511582
-9.155301723698896 0.7546539409745092
-9.146176985117735 0.7500000000000018
-9.127481614602445 0.7397820372062043
-9.109301976876903 0.728139604624622
-9.089285714285719 0.7179548608722515
-9.083416717070403 0.7142857142857162
-9.064245895915963 0.7014365351025242
-9.034183553396867 0.6854081392508027
-9.023228253365186 0.6785714285714306
-9.017884050225385 0.6749946185263545
-9.000000000000005 0.6659153448359136
-8.991657895166872 0.6607142857142874
-8.986355406294255 0.6579853669731373
-8.971026210440291 0.648651900769087
-8.962388122178234 0.6428571428571441
-8.947922256679075 0.6354155486641879
-8.939563424201703 0.6307698276974838
-8.930957663898559 0.6250000000000018
-8.925289080463445 0.6220850410501715
-8.910714285714292 0.6139879424640808
-8.899718079528574 0.6071428571428585
-8.881677083382005 0.5950931547521723
-8.870213869376188 0.5892857142857153
-8.846639915894375 0.5764708403217327
-8.840286128911673 0.571428571428573
-8.834590114769256 0.5687962627604373
-8.821428571428577 0.5618054727122965
-8.790244874353096 0.541951025129384
-8.777921924285893 0.5357142857142874
-8.752559794688697 0.5219405303663107
-8.74598836620382 0.5178571428571441
-8.742793634452438 0.5157269873952286
-8.732142857142863 0.5103408198353216
-8.715493901663164 0.5000000000000018
-8.698727353683353 0.4888259578347611
-8.658254546838952 0.46736519508207586
-8.653291057893245 0.4642857142857153
-8.650880357151552 0.462681071426835
-8.64285714285715 0.4586312279484135
-8.62317337629861 0.44642857142857295
-8.610564166194475 0.4399699760960383
-8.604430412145089 0.4362567747138426
-8.59289282924529 0.4285714285714297
-8.563582770413694 0.41271655408273844
-8.558777777922376 0.4096730158440982
-8.553571428571434 0.40705346100749296
-8.53059769609208 0.3928571428571441
-8.515224137238198 0.38266945826664855
-8.499957555889951 0.3750000000000009
-8.468295606409855 0.3579448355676851
-8.467270869240599 0.35714285714285765
-8.466364124969841 0.356727175006033
-8.46428571428572 0.3556364442322719
-8.423030383004242 0.3296796376848681
-8.406507047210143 0.32142857142857206
-8.397595293280702 0.3169095127724333
-8.375000000000007 0.30456718656695436
-8.373752360923337 0.30382095638676265
-8.373372225439589 0.3035714285714288
-8.37230776383764 0.30303298133895495
-8.351235107120752 0.2904672642901378
-8.343967293965733 0.2857142857142865
-8.330313245747735 0.2767944937075981
-8.285714285714292 0.25366882960933346
-8.281248936717668 0.2508930697993259
-8.279436274632266 0.2500000000000009
-8.275603023178439 0.24797774749283086
-8.24931351510158 0.23214285714285765
-8.236793488274811 0.22406987377361087
-8.216735637577479 0.2142857142857153
-8.196428571428577 0.20368411893609828
-8.187160313941003 0.19828222292608633
-8.18424476363709 0.19642857142857206
-8.17594918661423 0.1923326944657031
-8.163542936092004 0.18514855563874288
-8.153116123028825 0.17857142857142883
-8.139805340412684 0.17203893191746467
-8.125064487329615 0.1642986117516374
-8.119331868377571 0.16071428571428648
-8.115785753103108 0.15898570652223754
-8.107142857142863 0.15448389844009824
-8.092046456744251 0.14587642293686542
-8.087168686445018 0.14285714285714324
-8.074142136895428 0.13625699880765563
-8.045613297996141 0.11944876897220169
-8.019127665699088 0.10714285714285765
-8.01785714285715 0.1065121514616818
-7.996582333018299 0.09354067625348428
-7.987317651821313 0.08928571428571441
-7.966294729468282 0.07897323160794034
-7.9527455115799475 0.07142857142857117
-7.946660537671941 0.06781074960847011
-7.928571428571434 0.059726229002272646
-7.917359166143642 0.053571428571428825
-7.897491233350416 0.041930324758489235
-7.883360416603343 0.03571428571428559
-7.849793299562405 0.01995865991247925
-7.84583453222669 0.01785714285714235
-7.844125185508375 0.01688924861261132
-7.83928571428572 0.01483796357939049
-7.81078337932525 0.