-8.261407599745798 0.
-8.26775920819936 0.003591015502986572
-8.285714285714292 0.013056402529305622
-8.295831724780625 0.01785714285714235
-8.320534967495778 0.028750149357988697
-8.33239361904605 0.03571428571428559
-8.359406796229111 0.0504527878172496
-8.368702368829407 0.054830954805549226
-8.375000000000007 0.05857699498661173
-8.401537370124707 0.07142857142857117
-8.415360321009233 0.0795006356304162
-8.417822644202808 0.08072118544515394
-8.436188495491786 0.08928571428571441
-8.46428571428572 0.10488494885396893
-8.467748720127737 0.10645025597445379
-8.468901485082597 0.10714285714285765
-8.471482473364622 0.10858220895863813
-8.519746358154695 0.1317650140833475
-8.538064566279743 0.14285714285714324
-8.553571428571434 0.15156898483005676
-8.56748254052298 0.1579320633239778
-8.57206266076699 0.16071428571428648
-8.58223708508237 0.1664474170164736
-8.606683638025961 0.17857142857142883
-8.617646121344999 0.18361363287385934
-8.638634323734601 0.19642857142857206
-8.64285714285715 0.19881938611058114
-8.666256862024797 0.20960577045218542
-8.673906037930289 0.2142857142857153
-8.690816340763218 0.2238775538669291
-8.707380791994247 0.23214285714285765
-8.714855891726033 0.23560025022622355
-8.732142857142863 0.24620992615782722
-8.739727657734052 0.2500000000000009
-8.76436947058364 0.26141182016898856
-8.797987180018135 0.28102600743219774
-8.80734987971005 0.2857142857142865
-8.810844685156464 0.2878310629687091
-8.821428571428577 0.293736711333084
-8.835265816460963 0.300803979564952
-8.841054829847232 0.3035714285714288
-8.85072000847444 0.30942971598060165
-8.859356145612237 0.3138430565918391
-8.875216693585696 0.32142857142857206
-8.884020355016458 0.3267673575681389
-8.904047164583611 0.3379522900595795
-8.90683438888479 0.3392857142857153
-8.907796401399487 0.33986929114867603
-8.910714285714292 0.3414992885972392
-8.941897387038408 0.35714285714285765
-8.956302167619262 0.3658824236190066
-8.957356080432906 0.3664712160865804
-8.975179467709557 0.3750000000000009
-9.000000000000005 0.38916193113934305
-9.00556052265218 0.39174503832670915
-9.007365225622541 0.3928571428571441
-9.0113409906702 0.395125340991183
-9.056525215539287 0.41726638546357275
-9.074876536086377 0.4285714285714297
-9.089285714285719 0.43678780735191225
-9.103799438802564 0.443525826525204
-9.118905336153416 0.45235249580211256
-9.14271213369281 0.4642857142857153
-9.15351481326702 0.4692970373465979
-9.178571428571434 0.48392604485554624
-9.201887413643089 0.49533680298567084
-9.212632620501694 0.5000000000000018
-9.226202789555478 0.5095262721968101
-9.250386669271567 0.5213512375742599
-9.267857142857148 0.5320886440527763
-9.275102774822647 0.5357142857142874
-9.299851560300615 0.5471725450827369
-9.33329515086362 0.5666590301727252
-9.342836056409231 0.571428571428573
-9.346396051551258 0.5735779325468933
-9.357142857142861 0.5795556473892081
-9.376615901516132 0.5892857142857153
-9.39769898660177 0.5990316312510773
-9.410921897787427 0.6071428571428585
-9.4401904795337 0.623752381621026
-9.442689736066132 0.6250000000000018
-9.443819624503439 0.6255217893850293
-9.446428571428577 0.6271207128475424
-9.477966081321243 0.6428571428571441
-9.495423287624382 0.650915342475126
-9.511418793548701 0.6607142857142874
-9.53571428571429 0.6744829011745619
-9.54148786128638 0.6774167134570126
-9.543914841851503 0.6785714285714306
-9.547996150477832 0.6810278015241389
-9.566280346341557 0.6903153593031197
-9.579133139553003 0.696428571428573
-9.59057676274491 0.7033132188795914
-9.602106256005097 0.7097069654867347
-9.611735590154865 0.7142857142857162
-9.625000000000004 0.7217950322960442
-9.640656716531035 0.7290115138366531
-9.645775189906237 0.7321428571428594
-9.657128365678187 0.7385685302784957
-9.68008454068826 0.7500000000000018
-9.690437375109427 0.7547696678352604
-9.714285714285719 0.7686016169380494
-9.739220197686945 0.7807273890340429
-9.747376252828438 0.7857142857142883
-9.761409270762082 0.794146717276158
-9.764212012247544 0.7956995453066531
-9.780779499321616 0.8035714285714306
-9.786471228003181 0.806991468685081
-9.803571428571434 0.8164655883721457
-9.813541940253769 0.8214285714285738
-9.837554078882027 0.8324891842235989
-9.873325420049708 0.8532365125813719
-9.881171819656485 0.8571428571428594
-9.88408912542857 0.8588964606285749
-9.892857142857148 0.8637561930790154
-9.915437587235234 0.8750000000000018
-9.926691763787293 0.8817669241860306
-9.932801555502042 0.8848682603281652
-9.94960484656916 0.892857142857145
-9.957723932309896 0.8977409278237385
-9.98053596212943 0.9103929067116026
-9.981211709803068 0.9107142857142883
-9.981443969292338 0.9108540632843933
-9.982142857142861 0.9112418566343798
-10.016909284477556 0.9285714285714306
-10.030502192204171 0.936756704416311
-10.034687733592223 0.9390804038613032
-10.05012490636605 0.9464285714285738
-10.071428571428577 0.9585132459650687
-10.080150393970959 0.9625413497772408
-10.082996456323299 0.9642857142857171
-10.089288827275288 0.9678577654550597
-10.130820690222702 0.988121576241177
-10.150172551719354 1.0000000000000027
-10.16071428571429 1.0059951929305235
-10.17860494461707 1.0142790110765896
-10.184429128644373 1.017857142857146
-10.197271538238232 1.0251685933619337
-10.218333880775761 1.0357142857142883
-10.227870754756877 1.0401401347629138
-10.250000000000004 1.0530809912021146
-10.276596741655615 1.0661092230974525
-10.288834782962738 1.0714285714285747
-10.304186545728387 1.0822658805742504
-10.318155494645278 1.089285714285717
-10.323380978482591 1.092466661446342
-10.339285714285719 1.1013826071254602
-10.350731332533618 1.1071428571428603
-10.356315784596449 1.1105488712050064
-10.371789372537547 1.1184992683496384
-10.385312650531857 1.1250000000000036
-10.395978167045532 1.131518652305183
-10.40927116691734 1.1389970905263276
-10.417288340153236 1.142857142857146
-10.420065437648734 1.1445583410416855
-10.428571428571432 1.1493533158483444
-10.451027518364329 1.1607142857142883
-10.470982900079727 1.1700891342697721
-10.48460529533094 1.1785714285714315
-10.514221270922064 1.1957013970415584
-10.51631629617564 1.1967367407648757
-10.517857142857146 1.1976856785666818
-10.550963906330287 1.214285714285717
-10.56494454600432 1.2227253765134254
-10.567688957416989 1.2242520771976855
-10.58423840292169 1.2321428571428603
-10.607142857142861 1.245158241592998
-10.61444953469434 1.2485386644897076
-10.616829980310063 1.2500000000000036
-10.622088195168718 1.2529890676051751
-10.665279301813264 1.2740869967802082
-10.684204836023003 1.2857142857142891
-10.696428571428575 1.2926701424658873
-10.712863536792726 1.300284435498602
-10.718210987906817 1.3035714285714324
-10.730003861888616 1.3102864866634407
-10.752253686456887 1.3214285714285747
-10.762332681379155 1.3261048922956018
-10.78374745618577 1.339285714285718
-10.785714285714288 1.34040751385914
-10.810904138468647 1.352104886591989
-10.819082816286908 1.3571428571428612
-10.837075475506603 1.3674150951013235
-10.852185028341623 1.3750000000000036
-10.85904303351863 1.3781913932962784
-10.875000000000004 1.3880398970210948
-10.884586602268824 1.3928571428571468
-10.90852328127643 1.4040096294590043
-10.943166582145759 1.424347602143441
-10.951551930420097 1.4285714285714324
-10.954694347283768 1.4304897019718217
-10.964285714285717 1.4358791256350143
-10.97905783797466 1.4434741466907859
-10.985200884151604 1.4464285714285747
-10.995365739340945 1.4526445764396207
-11.002953920552905 1.45655207303228
-11.019011857143905 1.464285714285718
-11.027516282852938 1.469496743429417
-11.047955317972544 1.4810196350230838
-11.050284004304997 1.4821428571428612
-11.051091645785338 1.4826388137000794
-11.05357142857143 1.484039529312665
-11.085059097005228 1.5000000000000036
-11.099234730455874 1.5087244824802575
-11.100350088448602 1.5093557319754378
-11.117916505051296 1.5178571428571468
-11.142857142857146 1.5323083755147096
-11.147927350684057 1.5347002441489082
-11.149549993266806 1.53571428571429
-11.153065596215242 1.5377559763859097
-11.198333148075077 1.5603333703849893
-11.216003659600654 1.5714285714285756
-11.232142857142861 1.5808532838712042
-11.244627113910736 1.5867888629321438
-11.25720895419 1.5942989336951463
-11.28234200409648 1.6071428571428612
-11.294003085960055 1.6126279542365651
-11.321428571428575 1.6288806755357568
-11.34150998096221 1.6388408609504204
-11.350662510126092 1.6428571428571477
-11.361925326888631 1.6509564939491588
-11.38109781401234 1.66071428571429
-11.389903227067926 1.6648764974435624
-11.410714285714288 1.6779056488455364
-11.412020439696033 1.6785714285714333
-11.43814423905938 1.6909425807595584
-11.465793639507961 1.7074444421873105
-11.479162275658117 1.7142857142857189
-11.484227069526927 1.7174403003803338
-11.500000000000004 1.726459604170068
-11.51108321317909 1.7321428571428612
-11.534188946741752 1.7431622106516542
-11.545021841734126 1.7500000000000044
-11.56827097197227 1.7636541943944577
-11.576425689309 1.7678571428571477
-11.580209425655243 1.769672400583242
-11.589285714285717 1.7754333060073408
-11.609180434277631 1.78571428571429
-11.629551815018136 1.7955182084249488
-11.642203258254431 1.8035714285714333
-11.669125289290637 1.8195393435724174
-11.672757465741903 1.8214285714285765
-11.67445521890088 1.8222518133626862
-11.67857142857143 1.824770205207984
-11.72411936873574 1.84803326911
-11.744392483756327 1.857142857142862
-11.767988355024542 1.874973757566524
-11.768028972755634 1.8750000000000036
-11.768114140150223 1.875051399458619
-11.801799880164 1.892857142857146
-11.817746855474027 1.9007363431909123
-11.85714285714286 1.925319699214226
-11.861658306612968 1.9276683386774085
-11.863035149449654 1.9285714285714306
-11.865604451015969 1.9302637473460527
-11.884947163333042 1.9408677101905365
-11.895867603723806 1.946428571428573
-11.907574753673345 1.9541993349796183
-11.913295813898207 1.9576591627796427
-11.926234470654405 1.9642857142857153
-11.946428571428573 1.976867035812254
-11.953888273637041 1.9806509167011646
-11.96064459164015 1.9849860611851735
-11.98801517404288 2.