-7.753450601632117 0.
-7.755305907844233 0.0010611815688452708
-7.778199128267495 0.012217317203644384
-7.7904661950341545 0.01785714285714235
-7.803032313590173 0.025107822996251805
-7.813011953069097 0.03045953347096031
-7.824371913692472 0.03571428571428559
-7.83928571428572 0.04392343850380165
-7.85417102664049 0.05059436610047463
-7.859165296863277 0.053571428571428825
-7.870404990248285 0.0597952837639415
-7.894243564432517 0.07142857142857117
-7.902943278493419 0.07655420144417402
-7.924949238280132 0.08856127622745369
-7.926492890051354 0.08928571428571441
-7.928571428571434 0.09044813548236608
-7.954046857697724 0.10204777131759979
-7.962469791467474 0.10714285714285765
-7.981222530835412 0.11767307759565249
-7.996044010075888 0.125
-8.002666127536257 0.1280382030641789
-8.01785714285715 0.13729207873956195
-8.029077803043144 0.14285714285714324
-8.052726590151615 0.15374039625539293
-8.064142420051137 0.16071428571428648
-8.089384490149024 0.1750197551726611
-8.096508070287337 0.17857142857142883
-8.099718842477001 0.18005623150460082
-8.107142857142863 0.1843842622766525
-8.150584385205095 0.2055974086732686
-8.170616006294388 0.2142857142857153
-8.195844655039565 0.2320260738650557
-8.196077662739814 0.23214285714285765
-8.19618325936543 0.23219191955548713
-8.196428571428577 0.23234311021963538
-8.23161652889219 0.2500000000000009
-8.247884347829554 0.2575659875769487
-8.285714285714292 0.27972764481186374
-8.294381079150991 0.28398092702694644
-8.297188903916453 0.2857142857142865
-8.302808756451789 0.28913317986178555
-8.318272230228887 0.2970598396685098
-8.331850984537736 0.3035714285714288
-8.342522843460284 0.310066859879373
-8.356030916605057 0.3176347547495819
-8.363940052193003 0.32142857142857206
-8.375000000000007 0.3277586434374804
-8.392308440536562 0.335824026178404
-8.41021470303396 0.3463286548925053
-8.431706526594704 0.35714285714285765
-8.439762071365703 0.36204758572686124
-8.462095283196144 0.3745619137820855
-8.463008492336332 0.3750000000000009
-8.46428571428572 0.3757308827954091
-8.490004588595683 0.38771336799515144
-8.49832924234945 0.3928571428571441
-8.516627614691112 0.4033255229382222
-8.53800499506493 0.4138275724155873
-8.553571428571434 0.4234405458223467
-8.563776352475456 0.4285714285714297
-8.587544921715418 0.43963387279977617
-8.598551936322318 0.44642857142857295
-8.622775098316215 0.46026930537752886
-8.630770043848033 0.4642857142857153
-8.634405485110248 0.4659760458350961
-8.64285714285715 0.4711884920066547
-8.664673158964826 0.48214285714285854
-8.684973976017156 0.49157663336800006
-8.698639097225705 0.5000000000000018
-8.72875639768062 0.5171798509646957
-8.730106676765926 0.5178571428571441
-8.730719846569954 0.518141744971726
-8.732142857142863 0.5190179460137303
-8.755625347176599 0.5310177877075395
-8.765448528260603 0.5357142857142874
-8.78231359474633 0.5435372810507371
-8.821428571428577 0.5663694411064046
-8.828767625026789 0.5699607607089305
-8.832150313147997 0.571428571428573
-8.836424807722995 0.5744278186874565
-8.866112865945086 0.5892857142857153
-8.879566741090857 0.5955152232104028
-8.898493202453814 0.6071428571428585
-8.910714285714292 0.6140891272325808
-8.926090869153963 0.6219246833120673
-8.932538914590824 0.6250000000000018
-8.943348707491442 0.6315268843554316
-8.950120591347462 0.6349758817305107
-8.966652708076046 0.6428571428571441
-8.974953899692728 0.6478663629185997
-8.996974349402524 0.6601091555947916
-8.998244235366425 0.6607142857142874
-9.000000000000005 0.6617107070800596
-9.025466998783962 0.6734780288146389
-9.03377352780933 0.6785714285714306
-9.052164776952049 0.6890043839618389
-9.073765594096352 0.6995325954664464
-9.089285714285719 0.7090418246751833
-9.099798129134623 0.7142857142857162
-9.123614671322741 0.7252770657354546
-9.159663419595626 0.7462183982048405
-9.167248915112122 0.7500000000000018
-9.170673473674757 0.751579590979337
-9.178571428571434 0.7561655949768058
-9.221593313468015 0.777109908734972
-9.241498058835354 0.7857142857142883
-9.266811592364784 0.8033623184729581
-9.267231257504015 0.8035714285714306
-9.267420606585288 0.8036587358258025
-9.267857142857148 0.8039258884208227
-9.302985088111381 0.8214285714285738
-9.316497560211035 0.8295576308149393
-9.321006598928173 0.83205846264278
-9.336203338344529 0.8392857142857171
-9.357142857142861 0.8511459322313231
-9.366213240219732 0.8553287805274854
-9.369177125035801 0.8571428571428594
-9.37516765193678 0.8607478161016431
-9.39020725591446 0.8683871202456821
-9.404108371535994 0.8750000000000018
-9.414662801643129 0.8813531539570914
-9.429174607335973 0.889406350038624
-9.436426906074336 0.892857142857145
-9.446428571428577 0.8985266961431302
-9.464852098963567 0.9070295802072899
-9.484182099167032 0.9182649912619789
-9.504840747532342 0.9285714285714306
-9.514168491020358 0.9328805875102173
-9.53571428571429 0.9460895533195863
-9.53639349129488 0.9464285714285738
-9.536730382696295 0.9466317908249744
-9.561343548789283 0.9591598616707184
-9.572097938003553 0.9642857142857171
-9.585262523336265 0.972233209618464
-9.590767594144333 0.9752963759717259
-9.605122949006793 0.9821428571428594
-9.610065898769824 0.9851296773888949
-9.625000000000004 0.9934463036197814
-9.638103239937545 1.0000000000000027
-9.6610693874099 1.0106432653751671
-9.672801968942446 1.017857142857146
-9.698653665970214 1.0325878760511875
-9.704892838574283 1.0357142857142883
-9.707719977808333 1.037027433009765
-9.714285714285719 1.040870244574302
-9.758557787379555 1.0625741568098075
-9.772910986398076 1.0714285714285747
-9.803571428571434 1.0889685901744057
-9.80404775897843 1.0891904482043175
-9.804540091899632 1.0894794469513567
-9.839609407084668 1.1071428571428603
-9.85556822527469 1.1146006406593525
-9.892857142857148 1.1365657747197604
-9.906087924649592 1.142857142857146
-9.911238196351697 1.1465333535560553
-9.939245735136574 1.1607142857142883
-9.94977652219849 1.1671875527031617
-9.963214446125125 1.174785746367884
-9.971043251362257 1.1785714285714315
-9.982142857142861 1.184997110291877
-9.999170856868698 1.1930229714834075
-10.004623577820345 1.1964285714285747
-10.01670630387487 1.2033412607749758
-10.038466374069008 1.214285714285717
-10.04664015794561 1.2192433969823098
-10.068783709062856 1.2316138846697164
-10.069889109296502 1.2321428571428603
-10.071428571428577 1.2330217580158136
-10.096966560211769 1.244892402243365
-10.105250330064441 1.2500000000000036
-10.123464473193277 1.260407180352943
-10.138294389149026 1.267857142857146
-10.145031003454761 1.2709937993090517
-10.16071428571429 1.2806790261451635
-10.170728852781712 1.2857142857142891
-10.19453037258836 1.296808211196618
-10.205471310227614 1.3035714285714324
-10.229459319197424 1.3173204352680585
-10.237613478412285 1.3214285714285747
-10.241326261556775 1.3231633191172207
-10.250000000000004 1.328270259552343
-10.291663573849153 1.348810142373031
-10.310738257143962 1.3571428571428612
-10.334428812875677 1.3740286197179952
-10.336349216283917 1.3750000000000036
-10.337226499529406 1.3754118429512658
-10.339285714285719 1.376693267149748
-10.371189142744486 1.3928571428571468
-10.388309061318154 1.4009096163078025
-10.428571428571432 1.424783177350185
-10.434012862930336 1.4274831416996516
-10.435755106961759 1.4285714285714324
-10.439192299217918 1.4306956027007294
-10.458106035484224 1.4405216500460165
-10.470273875728317 1.4464285714285747
-10.481884334967337 1.453623133006536
-10.491272243613738 1.4589687344370361
-10.50220255427286 1.464285714285718
-10.517857142857146 1.473415418186475
-10.530790078260605 1.4795562700621696
-10.543759401280846 1.4873233088276008
-10.568453411830477 1.5000000000000036
-10.577825410491394 1.505863489330297
-10.594204843096886 1.5152695400479521
-10.599485855339687 1.5178571428571468
-10.607142857142861 1.5223643503487088
-10.626796694537683 1.5317835182353257
-10.632992466551093 1.53571428571429
-10.646220463376778 1.5435298069610734
-10.674630396738932 1.5579310635093613
-10.695760293384499 1.5714285714285756
-10.696428571428575 1.5718265537463418
-10.721921337488906 1.5841871610736522
-10.7298705947787 1.5892857142857189
-10.746878921884242 1.5993757843768526
-10.761812664639113 1.6071428571428612
-10.768861365012084 1.6105134412833024
-10.785714285714288 1.6211826511948342
-10.793120371781274 1.6250000000000044
-10.817228475236044 1.6365543049527966
-10.827163261857027 1.6428571428571477
-10.848413278878926 1.6553969414900749
-10.858686802288375 1.66071428571429
-10.863473419512733 1.6630196018117438
-10.875000000000004 1.6703651759048022
-10.890816268560156 1.6785714285714333
-10.912330420429265 1.6889624873427236
-10.94883114924802 1.7111948012781797
-10.954756943961723 1.7142857142857189
-10.95703083634936 1.7157366898729904
-10.964285714285717 1.7199737767702175
-10.980871929619907 1.7288256140760234
-10.987545561017267 1.7321428571428612
-10.998103924750012 1.7389064992357204
-11.003991457741229 1.7420588513089017
-11.019921476299317 1.7500000000000044
-11.02790232200848 1.7551338213125947
-11.047455718671989 1.766634000877259
-11.049901720509581 1.7678571428571477
-11.050769089469648 1.7684176106775045
-11.05357142857143 1.7700722495245858
-11.08316312613802 1.78571428571429
-11.096338156811456 1.7942676313622945
-11.097350205589159 1.7948156731678875
-11.114740324489908 1.8035714285714333
-11.142857142857146 1.8206916618985893
-11.143916309216227 1.8212167381567603
-11.144240075129446 1.8214285714285765
-11.144911946164711 1.82183953209009
-11.19309523023958 1.8470952396663751
-11.208309645792529 1.857142857142862
-11.232142857142861 1.8718804121700536
-11.236577547372228 1.8741130619541302
-11.240652712286899 1.8767019710288109
-11.270374159574015 1.892857142857146
-11.284757963653709 1.9001912644121193
-11.321428571428575 1.9237897606337464
-11.327930897287152 1.9272709633997156
-11.330723167960056 1.9285714285714306
-11.333748193348445 1.931035352955404
-11.361550791255686 1.946428571428573
-11.375188040200948 1.9535338205312414
-11.390911561946586 1.9642857142857153
-11.410714285714288 1.9770417817543322
-11.417755572253096 1.9807345998350963
-11.423861466625546 1.9847722933251095
-11.450764972407889 2.