-6.560508375796594 0.
-6.58928571428572 0.01587893452323197
-6.592130982078572 0.01728808929857184
-6.593352674184469 0.01785714285714235
-6.59545957097182 0.019091914194362403
-6.61753497371387 0.03006443382865509
-6.629628046405376 0.03571428571428559
-6.642045318326142 0.0430195077633444
-6.651467335442621 0.04815060994566611
-6.66303966086577 0.053571428571428825
-6.678571428571434 0.06222683605423995
-6.692647506715918 0.0686133557996742
-6.697316750539474 0.07142857142857117
-6.706880801393594 0.07709044599300263
-6.716198563412434 0.08176028731751384
-6.732195205625785 0.08928571428571441
-6.741184010331253 0.0946203407908941
-6.76180830634972 0.10593308984137195
-6.764375525260523 0.10714285714285765
-6.767857142857149 0.10909556714704927
-6.790478061334029 0.12047581630462378
-6.800065059613163 0.125
-6.8144091243033875 0.13354674656789456
-6.816589274601949 0.1347464263489595
-6.833755582129406 0.14285714285714324
-6.839626345863525 0.14636044511301094
-6.857142857142863 0.15601104980974068
-6.866642847166747 0.16071428571428648
-6.890879547115602 0.17182409057688108
-6.901965051680771 0.17857142857142883
-6.926627660131207 0.1924683891690977
-6.938198488196638 0.19807458807496037
-6.946428571428577 0.20309081339619883
-6.968988598896877 0.2142857142857153
-6.9892304446793885 0.22358248249269597
-7.034474206940221 0.24975198424518652
-7.034973627031792 0.2500000000000009
-7.035198225623215 0.2501032120182165
-7.035714285714292 0.25040182172445213
-7.111153503741388 0.2857142857142865
-7.134224315927688 0.30172656538589226
-7.143969158914513 0.30736526035433
-7.172281017955361 0.32142857142857206
-7.185019473698834 0.3272818195459495
-7.204697274795945 0.3392857142857153
-7.214285714285721 0.34469604748930127
-7.233161560654486 0.35336768786910433
-7.239351246691164 0.35714285714285765
-7.253119029548783 0.3649095201954706
-7.2734441645236325 0.3750000000000009
-7.282585391155813 0.37919720748312535
-7.303571428571435 0.391990349118875
-7.305317889223141 0.3928571428571441
-7.331885212645134 0.40505152889954665
-7.361864400549261 0.42237288010985186
-7.374361293083221 0.4285714285714297
-7.378996236023947 0.43134360993807075
-7.3928571428571495 0.4389913922391484
-7.403401939267671 0.44431961214646876
-7.407856359562975 0.44642857142857295
-7.415396567721642 0.45093645640147084
-7.427935400762181 0.45727006270470927
-7.44275793543513 0.4642857142857153
-7.452633801236594 0.47018752546696874
-7.469862902245158 0.4796868661633171
-7.475053433830502 0.48214285714285854
-7.476831665913207 0.4832050953887901
-7.482142857142863 0.48613242677925506
-7.510139374664314 0.5000000000000018
-7.524239831062445 0.5084193947839175
-7.525685127370753 0.5091486888115666
-7.544100477553665 0.5178571428571441
-7.571428571428577 0.5332253581296102
-7.575211904851886 0.5349576190296252
-7.576456379293358 0.5357142857142874
-7.579232621253363 0.5372750956792443
-7.6269281212711375 0.5603286614600611
-7.645193633511486 0.571428571428573
-7.660714285714292 0.5801498338477353
-7.674609168373936 0.586506737753786
-7.6893921231937234 0.5950212817816016
-7.7139012605374635 0.6071428571428585
-7.724884661012289 0.6121659249404017
-7.750000000000005 0.626627259637087
-7.773762890164488 0.638104564824248
-7.784824492990737 0.6428571428571441
-7.799058252244499 0.6526687933060433
-7.822620121896818 0.6640474041920683
-7.83928571428572 0.6741680101530099
-7.848192133995889 0.6785714285714306
-7.872651021137456 0.6897555100582258
-7.908165577858779 0.7102045441431848
-7.916419168334338 0.7142857142857162
-7.919472107016794 0.7161055785966441
-7.928571428571434 0.7211125592984722
-7.950875659978294 0.7321428571428594
-7.971251010357389 0.7414640836428115
-7.98530096360129 0.7500000000000018
-8.016638283332423 0.7676133709521995
-8.017130974313263 0.767857142857145
-8.017351768441257 0.7679582177403237
-8.01785714285715 0.7682654411762222
-8.053111602414022 0.7857142857142883
-8.069535035156667 0.7932358501115271
-8.086530023813062 0.8035714285714306
-8.107142857142863 0.8151723408903822
-8.116019735585445 0.8196531957400577
-8.119771912498114 0.8214285714285738
-8.126123652461418 0.8252247304922848
-8.140682349440057 0.8325778158262782
-8.154851808364615 0.8392857142857171
-8.165270606634682 0.8455173072444957
-8.180595444209104 0.8539762316989652
-8.187280508296572 0.8571428571428594
-8.196428571428577 0.8623021676231657
-8.215691803931165 0.8711473534994845
-8.222011454688369 0.8750000000000018
-8.236049578690842 0.8829242014524548
-8.256045614457559 0.892857142857145
-8.26503571833493 0.8969928563330178
-8.285714285714292 0.9089790419242085
-8.314282021727422 0.9228578813688051
-8.323628565949056 0.9285714285714306
-8.336449418367348 0.9362815448979624
-8.343320350230059 0.9400926414745836
-8.356640114542856 0.9464285714285738
-8.361217244030762 0.9491851226224233
-8.375000000000007 0.9568398355967922
-8.389925889359533 0.9642857142857171
-8.412379296047277 0.9746669979334062
-8.451445944036037 0.9974320459500658
-8.456579477035016 1.0000000000000027
-8.458493180657403 1.001158506725666
-8.46428571428572 1.0043903639306428
-8.491164944111901 1.017857142857146
-8.504386446049015 1.025877289209805
-8.506940079358529 1.0271834126997268
-8.524756711405104 1.0357142857142883
-8.553571428571434 1.0521925525595002
-8.555643068603013 1.053157100565116
-8.556314026731007 1.0535714285714315
-8.557784286514043 1.0544140001599533
-8.591560292718384 1.0714285714285747
-8.604212195476482 1.079157560904708
-8.610831928838914 1.0828806714820702
-8.624137445277416 1.089285714285717
-8.64285714285715 1.1000642359972588
-8.653441432992702 1.1050259991157496
-8.656847827855604 1.1071428571428603
-8.664264069562304 1.1114242424838912
-8.703278703503727 1.1307728307278309
-8.722626763264785 1.142857142857146
-8.732142857142863 1.1483828759018895
-8.750472157886698 1.1570484255655211
-8.756325018314925 1.1607142857142883
-8.768967188894758 1.1680791520646672
-8.789481242028156 1.1785714285714315
-8.798933918031668 1.183070359250813
-8.821428571428577 1.1964597310758398
-8.846897874504217 1.209191853670589
-8.858493912258593 1.214285714285717
-8.872810564139103 1.2245621128278223
-8.887726209787186 1.2321428571428603
-8.893350169855397 1.2356156803146394
-8.910714285714292 1.2454716160498585
-8.919607035471294 1.2500000000000036
-8.923851308378568 1.2526274045328583
-8.941347976133011 1.2617304047734024
-8.953953259674003 1.267857142857146
-8.96517402083751 1.2748223386896447
-8.975780206621954 1.280870327038678
-8.985725720619365 1.2857142857142891
-8.989196340559257 1.2878750176024392
-9.000000000000005 1.2940516486282743
-9.018568189126835 1.3035714285714324
-9.039463136986706 1.3135359440312344
-9.051963969086518 1.3214285714285747
-9.07878247851708 1.3371850671319905
-9.084748206157844 1.3401932159112926
-9.089285714285719 1.3430750367372362
-9.116490241315935 1.3571428571428612
-9.129099097562227 1.3651055337981628
-9.131748587792647 1.366507425298618
-9.148960005957642 1.3750000000000036
-9.178571428571434 1.392585008194339
-9.17896956868909 1.3927775148336154
-9.179094078884193 1.3928571428571468
-9.179357825257615 1.3930144221943825
-9.229112000218183 1.418463314242083
-9.244792671402061 1.4285714285714324
-9.267857142857148 1.442452227791331
-9.273620020453285 1.4452759959093475
-9.275400076944933 1.4464285714285747
-9.279125661608012 1.4486822751787471
-9.308584288176391 1.464285714285718
-9.32255357057295 1.4712035715997
-9.33928247370361 1.4821428571428612
-9.357142857142861 1.4930711039534783
-9.367067456899074 1.498015080048761
-9.370086273957375 1.5000000000000036
-9.37631248349569 1.5038339252705697
-9.402353553750133 1.5178571428571468
-9.414860910888262 1.5241706749652097
-9.432202429221853 1.53571428571429
-9.446428571428577 1.5446001099644109
-9.459090441678702 1.5510390545214072
-9.470522083518786 1.5583901309894745
-9.494238136838824 1.5714285714285756
-9.503621147616592 1.577847199048116
-9.515552290410946 1.5852533152250503
-9.523252556319237 1.5892857142857189
-9.53571428571429 1.5970902027741785
-9.548900181025916 1.6045056780805362
-9.554090251560346 1.6071428571428612
-9.562224824417346 1.6124449648834727
-9.571985465649872 1.617745764012887
-9.586365304294064 1.6250000000000044
-9.595418816666124 1.6309162366667804
-9.610639881503724 1.6399851191578918
-9.616321960004697 1.6428571428571477
-9.625000000000004 1.6481583155896633
-9.643005326974409 1.6571132203194097
-9.648490408995498 1.66071428571429
-9.6598774655595 1.6676897788261895
-9.68018252349114 1.6785714285714333
-9.689922416460222 1.6834440881365325
-9.714285714285719 1.6988116268673856
-9.73560197872361 1.7100224613981405
-9.742039993515185 1.7142857142857189
-9.753979243096916 1.722224420047958
-9.756610856058742 1.723677828788257
-9.773140788079187 1.7321428571428612
-9.780152741671628 1.7368265945228227
-9.800991651867841 1.7494840446592859
-9.801995741215697 1.7500000000000044
-9.803571428571434 1.75098340508592
-9.827400051746318 1.7630914182221709
-9.849004517985003 1.7769437607398615
-9.86501607862492 1.78571428571429
-9.871350674095199 1.7900155794666794
-9.892857142857148 1.8032670510211641
-9.893256529988284 1.803491551145206
-9.893410085792027 1.8035714285714333
-9.918186570861723 1.8163626858276611
-9.925639014584194 1.8214285714285765
-9.940604282501692 1.8309779993574855
-9.962889255333575 1.843136434647576
-9.982142857142861 1.8563857058924098
-9.983494279195058 1.857142857142862
-10.007684754658557 1.8698916204968645
-10.015056473044135 1.8750000000000036
-10.02960025873418 1.8844914803182666
-10.044315654550694 1.892857142857146
-10.051682539616607 1.8968063492195393
-10.071428571428577 1.91070955629624
-10.071436821565099 1.9107142857142883
-10.095522897131636 1.9237525634308188
-10.102304802942264 1.9285714285714306
-10.115387902851824 1.9373632948560795
-10.13090324878605 1.946428571428573
-10.138815748987518 1.950808278773927
-10.157391611875312 1.9642857142857153
-10.16071428571429 1.966573794843078
-10.181182288467637 1.9780492565921888
-10.19720759424501 1.9894415188490013
-10.214637601843998 2.