-7.703285205555769 0.
-7.7067267397252825 0.001889743640108854
-7.714285714285717 0.005905014066231118
-7.738514638253729 0.01785714285714235
-7.75517193543278 0.025492730427519206
-7.772643884033962 0.03571428571428559
-7.785714285714288 0.04281796586518194
-7.800837231994446 0.0497906920013893
-7.8254487449542705 0.06350504338142393
-7.841252836158751 0.07142857142857117
-7.846804558117282 0.07401314618496624
-7.85714285714286 0.08014849213513386
-7.8752917841185175 0.08928571428571441
-7.893859021859768 0.0979638159636309
-7.909269607109044 0.10714285714285765
-7.928571428571432 0.11781362770989556
-7.938566423555821 0.12250125125390277
-7.954388306940036 0.1314542195921513
-7.9768215183747975 0.14285714285714324
-7.983881620510088 0.14688673772962257
-8.000000000000004 0.1557419227566097
-8.009759217453572 0.16071428571428648
-8.031094881425954 0.17079770821494122
-8.044012599414787 0.17857142857142883
-8.071428571428575 0.19387239658142885
-8.074961814617295 0.1955452606313921
-8.080472136707332 0.19868946274826182
-8.110928431067158 0.2142857142857153
-8.121942192322818 0.21951445191929686
-8.142839498042287 0.23214285714285765
-8.142857142857146 0.23215274087845827
-8.167467283358679 0.24384746487461761
-8.177639407711053 0.2500000000000009
-8.20563938182313 0.2656955597414976
-8.209849234986228 0.2678571428571441
-8.211377388761719 0.2685842242381433
-8.214285714285717 0.2703453302757497
-8.244203474149135 0.2857142857142865
-8.256755906246134 0.292953880581325
-8.267859260439158 0.2991076722526458
-8.27674659586206 0.3035714285714288
-8.285714285714288 0.3086035206783331
-8.303378803570908 0.31701244196441714
-8.310668229861365 0.32142857142857206
-8.330717854517095 0.33267946362927425
-8.348244723280114 0.34151024775140115
-8.35714285714286 0.3469006647477162
-8.37707249920871 0.35714285714285765
-8.39480855279387 0.3655835760872481
-8.410355507395352 0.3750000000000009
-8.42857142857143 0.38521583442466767
-8.439100035421367 0.39022499114466047
-8.443447032983324 0.3928571428571441
-8.455419984853405 0.3995692819276373
-8.485008069890682 0.4144622682416168
-8.500000000000002 0.42353319353406693
-8.509815535785044 0.4285714285714297
-8.517347037108859 0.4329081878486445
-8.529291634264696 0.43910566286240016
-8.54389553353531 0.44642857142857295
-8.571428571428573 0.4618411134471545
-8.57480094583448 0.4634426206842379
-8.576195693291142 0.4642857142857153
-8.580046776605538 0.46644026557995666
-8.621788315716207 0.4874100639280927
-8.642638574167496 0.5000000000000018
-8.642857142857144 0.5001221349369231
-8.667351336557735 0.5117335944319965
-8.705575052212504 0.5335366201959841
-8.710196539783496 0.5357142857142874
-8.711370382533108 0.5364431186524392
-8.714285714285715 0.5381040170469573
-8.75864522119695 0.5603386947007651
-8.782202915923843 0.571428571428573
-8.80373751671185 0.5847799065363253
-8.811220646339827 0.5892857142857153
-8.831983170669766 0.6008529355245855
-8.844303208977264 0.6071428571428585
-8.84874676769784 0.609241879504113
-8.85714285714286 0.6140145460314415
-8.895590363823636 0.6332452661869503
-8.91157737888511 0.6428571428571441
-8.92857142857143 0.6523105228499633
-8.940212366760969 0.6578040511669023
-8.958520061942998 0.6682014440571793
-8.978868257903214 0.6785714285714306
-8.986190087037436 0.6820239068120726
-9.000000000000004 0.689861138260305
-9.049953809900618 0.7142857142857162
-9.076730047179566 0.730817488205111
-9.085086283468197 0.7355572851527654
-9.113457522128998 0.7500000000000018
-9.123650495550148 0.7548016618267512
-9.142857142857146 0.7663253172290068
-9.145866694550163 0.767857142857145
-9.169589240613984 0.7790312612750787
-9.180728880209953 0.7857142857142883
-9.211747696662485 0.8029369241656221
-9.212994410756647 0.8035714285714306
-9.213442123520236 0.8037823262628008
-9.251059587658 0.8214285714285738
-9.261050032486184 0.8275946347356005
-9.285714285714288 0.8415853187470956
-9.306484221131745 0.8519503732884948
-9.317550209747234 0.8571428571428594
-9.339202515677071 0.8705149146335547
-9.348009205776355 0.8750000000000018
-9.351173778085219 0.8764922697644124
-9.35714285714286 0.8800769703928326
-9.382228149640847 0.892857142857145
-9.398279739448705 0.9004300651378268
-9.42857142857143 0.9176418681763066
-9.443149127725958 0.9249270037827992
-9.449211581160279 0.9285714285714306
-9.466028300745919 0.9379356466150526
-9.488665048452852 0.9492623093153609
-9.500000000000002 0.9560856807680418
-9.51605706440077 0.9642857142857171
-9.535198296184534 0.9733432830967264
-9.571428571428573 0.9939974662801827
-9.583659254219143 1.0000000000000027
-9.591876694489278 1.0051120307651793
-9.616762526855851 1.017857142857146
-9.625762739768778 1.022130743629237
-9.642857142857144 1.0324627846274028
-9.649198445455164 1.0357142857142883
-9.671626756725097 1.046379025104443
-9.683511071566498 1.0535714285714315
-9.714285714285715 1.0708475677584115
-9.7150857303059 1.0712285674235291
-9.715415731579359 1.0714285714285747
-9.716320242954119 1.0719372035956756
-9.750009231339325 1.089285714285717
-9.76227181194332 1.0951463327284587
-9.782001019873807 1.1071428571428603
-9.785714285714286 1.1092389867435992
-9.807337682218257 1.1195941508740104
-9.8403598838686 1.1386613995385817
-9.848462205046989 1.142857142857146
-9.851067232529601 1.14437604901046
-9.857142857142858 1.1477796015575805
-9.873837145636555 1.1565407135908643
-9.88206638365523 1.1607142857142883
-9.89599618897869 1.1688580956124728
-9.901033068895085 1.1716868386523451
-9.91457732053421 1.1785714285714315
-9.92857142857143 1.1865489758577557
-9.941279845647447 1.1932514671595706
-9.94751515918198 1.1964285714285747
-9.961772543591458 1.2047288501835816
-9.963397796905257 1.20557912220226
-9.980687407843032 1.214285714285717
-9.986511010274382 1.217657961717122
-10.000000000000002 1.2251638573508252
-10.013531569228467 1.2321428571428603
-10.033401310200029 1.2416496724499968
-10.047120032689017 1.2500000000000036
-10.071428571428573 1.2637292863486351
-10.077089856483877 1.26644182159332
-10.085734457768954 1.2714336144422411
-10.113313719343424 1.2857142857142891
-10.122183284699926 1.2908827502535942
-10.142857142857146 1.302455236350763
-10.145009325293751 1.3035714285714324
-10.146620837933137 1.3045123523404305
-10.167223292906844 1.3153370339161503
-10.179223267154846 1.3214285714285747
-10.189719205435608 1.3275701986411015
-10.207586819543378 1.3376109906001332
-10.210879922241581 1.339285714285718
-10.211897759849842 1.3398827028946867
-10.214285714285717 1.3412276034839028
-10.244797512657854 1.3571428571428612
-10.257003556003685 1.364320539570512
-10.268136520476457 1.3706055586905457
-10.276742281938805 1.3750000000000036
-10.285714285714288 1.380141505108849
-10.302987260679279 1.3885388991158987
-10.30997745489249 1.3928571428571468
-10.328658517076288 1.4035932006976468
-10.347261763502319 1.4131845591244252
-10.35714285714286 1.4193223712012628
-10.374694100390604 1.4285714285714324
-10.387395005654877 1.4361344656994364
-10.390875489542397 1.4379954133286912
-10.407216943812287 1.4464285714285747
-10.42857142857143 1.4588245805532774
-10.435515079381764 1.462549801583135
-10.438868223556838 1.464285714285718
-10.446218950853543 1.4686975948562466
-10.457676148770215 1.474866677093165
-10.471683250476925 1.4821428571428612
-10.479983906333612 1.4871468805594583
-10.500000000000002 1.4987130394294086
-10.502408525697794 1.5000000000000036
-10.525456732351456 1.5114929597692832
-10.535519036297403 1.5178571428571468
-10.561588078437714 1.5332541624665756
-10.566152577894202 1.53571428571429
-10.567902699963811 1.53659575358048
-10.571428571428573 1.5387417238252983
-10.61323705018454 1.5609764517395837
-10.629524171074939 1.5714285714285756
-10.642857142857144 1.5794370068716717
-10.655823443369043 1.5860441391577442
-10.673823146104521 1.5970272150975626
-10.694212311767828 1.6071428571428612
-10.699726332656649 1.6107827025501278
-10.714285714285715 1.6195282316923691
-10.744351357559596 1.635340732038677
-10.759658413512968 1.6428571428571477
-10.78629561407938 1.6605689536230166
-10.786524397658596 1.66071428571429
-10.787115762647826 1.6610646549476753
-10.819504063707035 1.6785714285714333
-10.831977102100591 1.6848628673319999
-10.850068470705736 1.6964285714285765
-10.857142857142858 1.7006513003557782
-10.87517056744853 1.7097787867093004
-10.88219605516522 1.7142857142857189
-10.90012513528523 1.7250312838213118
-10.918211985783252 1.734732717839905
-10.928571428571429 1.7414329990164878
-10.944186068120969 1.7500000000000044
-10.962466992834985 1.7593832517912587
-11. 1.7826575528218553
-11.0038633547325 1.7847484470311654
-11.005780658224213 1.78571428571429
-11.009034443062106 1.7879728964798165
-11.048173352562596 1.8093852332879274
-11.066410461582583 1.8214285714285765
-11.071428571428573 1.824539512658652
-11.089391307539524 1.8347950302579807
-11.097578981821577 1.8392857142857189
-11.110206718000939 1.8474483204997698
-11.114389407630064 1.8500259233360916
-11.127280247648514 1.857142857142862
-11.131597470955471 1.8599577751182794
-11.142857142857144 1.8669524891184297
-11.156921446979116 1.8750000000000036
-11.175097330638108 1.884797095911905
-11.1869492854861 1.892857142857146
-11.214285714285715 1.9103935155042597
-11.214689588126266 1.9106133172541506
-11.21518262368638 1.9109385130644538
-11.245177435346777 1.9285714285714306
-11.257746648636113 1.935563337840974
-11.285714285714288 1.954441284369162
-11.298834023820175 1.961005779759243
-11.312247109245188 1.9709189201684403
-11.361975114482348 2.