-12.115878480360958 2.
-12.098341927071132 1.987474471728631
-12.068822931400854 1.9709074434230285
-12.05877964855112 1.9642857142857153
-12.053648849525088 1.9606988015235558
-12.035714285714288 1.951224052723659
-12.028323855085326 1.946428571428573
-12.023822588543405 1.944050231994396
-12.008007254551117 1.9341128348040648
-12.000000505695581 1.9285714285714306
-11.979849079422788 1.9173983873131313
-11.964133141231752 1.907173371753652
-11.946428571428573 1.8980983616430658
-11.938103557043599 1.892857142857146
-11.93283962608366 1.8901393537881637
-11.917526878894932 1.8807803385067317
-11.908912023960854 1.8750000000000036
-11.894397757029061 1.8675490200227634
-11.886018840546486 1.862918053823587
-11.87734529060787 1.857142857142862
-11.872662744924295 1.8540388795865752
-11.85714285714286 1.8459002195624628
-11.827630898327644 1.8273309631916197
-11.815761574264206 1.8214285714285765
-11.790840873697716 1.8081681747395475
-11.783287154307105 1.8035714285714333
-11.77966312068769 1.8012102330053246
-11.767857142857146 1.7953982920960883
-11.751841280975892 1.78571428571429
-11.741180981918793 1.7803790535266195
-11.732071934505347 1.7750141845275076
-11.720953223862793 1.7678571428571477
-11.708822163284212 1.7618069959145917
-11.691655349379129 1.7526167841615443
-11.687571155674732 1.7500000000000044
-11.68498918350547 1.7487164490131963
-11.67857142857143 1.7452930677561165
-11.65652732339936 1.7321428571428612
-11.641596098085268 1.7247477910456288
-11.637672702886192 1.7224654594227662
-11.624787966307752 1.7142857142857189
-11.591105846468471 1.6967925978651275
-11.590203207699991 1.6962450727457217
-11.589285714285717 1.6958040711486326
-11.560096044216369 1.6785714285714333
-11.545693690990625 1.6694326903733092
-11.527496937052845 1.66071428571429
-11.500000000000004 1.6465485543779108
-11.495234063626086 1.643810330131931
-11.493711625183742 1.6428571428571477
-11.48970511886123 1.6407981666293932
-11.462731500234604 1.6250000000000044
-11.450200258068966 1.6171028055290693
-11.429263059948566 1.6071428571428612
-11.410714285714288 1.5975555492708908
-11.400044789663614 1.5914196134958534
-11.396677181740607 1.5892857142857189
-11.387859577033035 1.584714772549468
-11.369886225529205 1.5714285714285756
-11.321428571428575 1.5479062897853382
-11.306241885286218 1.5387516229427618
-11.2998847443522 1.53571428571429
-11.286140169884481 1.5286566054054713
-11.259109317914401 1.5124638507028383
-11.232865618022979 1.5000000000000036
-11.232142857142861 1.4996307803555924
-11.211008006853016 1.4863698272008303
-11.182665969690525 1.4722474796523937
-11.168946650178684 1.464285714285718
-11.162619473034793 1.4603332482501887
-11.142857142857146 1.4510179907455907
-11.134930019298752 1.4464285714285747
-11.129340983238507 1.443725339504847
-11.113078789862593 1.4345270991703423
-11.103394535634479 1.4285714285714324
-11.088802428628215 1.4215252285600757
-11.076905192586226 1.415381038517249
-11.069300470436865 1.41071428571429
-11.064688891257935 1.4084907931769894
-11.05357142857143 1.4027588729183975
-11.036367699253478 1.3928571428571468
-11.024143390833926 1.3869715353096455
-11.016163140735248 1.38248165756724
-11.003924555679525 1.3750000000000036
-10.971294952310007 1.358544704747719
-10.96931949927472 1.3571428571428612
-10.967736311794933 1.3564527376410176
-10.964285714285717 1.3547561535983759
-10.9219420346761 1.3298973073504987
-10.903766126220889 1.3214285714285747
-10.875000000000004 1.3069705513086864
-10.87052607633933 1.3044662133035674
-10.869054011461733 1.3035714285714324
-10.864791253037016 1.3015296791788353
-10.846649843559891 1.2913843170023114
-10.837311987534736 1.2857142857142891
-10.8246701876224 1.2779231053326665
-10.803003824808476 1.267857142857146
-10.785714285714288 1.2591877550660513
-10.774453014384274 1.252252254266006
-10.769601555664332 1.2500000000000036
-10.758899889796238 1.2446371208163933
-10.73697491340743 1.2321428571428603
-10.7270276176776 1.2260230478930554
-10.701716143846173 1.214285714285717
-10.696428571428575 1.2116294654376354
-10.676392403600687 1.200435804994152
-10.669824002934737 1.1964285714285747
-10.651507096762167 1.1875557235047145
-10.651156879628097 1.1873742330684793
-10.636869415533168 1.1785714285714315
-10.628170204242434 1.1743659591515172
-10.607142857142861 1.1634936469629178
-10.602328705811951 1.1607142857142883
-10.5989206982217 1.1590698539300561
-10.579852701723754 1.1483151739409676
-10.570948238265206 1.142857142857146
-10.54723059047198 1.1308746895229707
-10.53233670352573 1.122104087866287
-10.517857142857146 1.115339732043271
-10.503571772907025 1.1071428571428603
-10.493375916838563 1.102246611939143
-10.482776867746372 1.096301769307872
-10.471258426247944 1.089285714285717
-10.458695625206897 1.0832608749586239
-10.440109925239375 1.0737362707621632
-10.436314677282713 1.0714285714285747
-10.43441851746164 1.0702591536505333
-10.428571428571432 1.0673934570561876
-10.388221663954877 1.0437842386376
-10.37084244041402 1.0357142857142883
-10.339285714285719 1.0199055006917996
-10.33677334145981 1.0183596174223277
-10.335689949922758 1.017857142857146
-10.333296553061587 1.0166593106123196
-10.309554806296694 1.0000000000000027
-10.290750928441362 0.9918498143117311
-10.250000000000004 0.9719551474423138
-10.240200099161664 0.9662456944533853
-10.235962189191273 0.9642857142857171
-10.226582327757118 0.9596021798371392
-10.203374478700159 0.9464285714285738
-10.19287906836202 0.9399956148990283
-10.168144098078187 0.9285714285714306
-10.16071428571429 0.9248655391875555
-10.143300229346675 0.9141970969878113
-10.135755506411904 0.9107142857142883
-10.11903764089055 0.9023789567495397
-10.10223659057104 0.892857142857145
-10.09465021111911 0.8882128149190383
-10.071428571428577 0.8775015232431347
-10.067013182130054 0.8750000000000018
-10.063809284054567 0.8734761425251998
-10.04418591754668 0.8625913879192391
-10.035129878045568 0.8571428571428594
-10.010787139462474 0.8450145707496395
-9.996106695184727 0.8364929466773443
-9.982142857142861 0.8300553583685124
-9.966907800387679 0.8214285714285738
-9.948666051585041 0.8102667896829949
-9.934142763225427 0.8035714285714306
-9.90194912326616 0.7875326817960904
-9.899340263142216 0.7857142857142883
-9.897289367465548 0.7848278407926079
-9.892857142857148 0.7826704652477314
-9.851001224571839 0.7583711836570641
-9.832848958235374 0.7500000000000018
-9.824182974279312 0.7458776908584266
-9.803571428571434 0.7354069093091464
-9.799247091157563 0.7330077246256339
-9.797810238967935 0.7321428571428594
-9.79363242035528 0.7301550554996288
-9.775245424798568 0.7199509150402896
-9.765836767312656 0.7142857142857162
-9.753148346587524 0.7065131878253545
-9.714285714285719 0.687575762212111
-9.702759222376438 0.6808767269532865
-9.697766671100302 0.6785714285714306
-9.686721372667106 0.6730585602477079
-9.664965006326309 0.6607142857142874
-9.65513719819861 0.6546868460745658
-9.629540997161637 0.6428571428571441
-9.625000000000004 0.6405886115165451
-9.604383365411744 0.6291233269176537
-9.597552425324388 0.6250000000000018
-9.579279672619762 0.6162869226189072
-9.577886923173311 0.6155773846346637
-9.5639223625529 0.6071428571428585
-9.555589752498522 0.6031677637860113
-9.53571428571429 0.5930368120675498
-9.529116748599538 0.5892857142857153
-9.524357952866756 0.5870144477162089
-9.506769742270864 0.577217480117258
-9.497197730279495 0.571428571428573
-9.471571909635193 0.5586000962127535
-9.45873638791192 0.5511098652747615
-9.446428571428577 0.5454025558922391
-9.429418323359457 0.5357142857142874
-9.411693710774891 0.524804114987881
-9.396721353934733 0.5178571428571441
-9.363739265259232 0.5013192816232763
-9.361425616345835 0.5000000000000018
-9.360376155441669 0.4993533403402406
-9.357142857142861 0.49785143636643436
-9.3296098711757 0.48214285714285854
-9.314483417553214 0.4728176022036452
-9.296125814749898 0.4642857142857153
-9.267857142857148 0.4500904982325826
-9.263373711488253 0.4473252577023521
-9.261445308782305 0.44642857142857295
-9.257204110256648 0.44429796490847284
-9.234915123146305 0.4285714285714297
-9.178571428571434 0.40189772742979635
-9.167068051737811 0.3951578182238684
-9.162125770729942 0.3928571428571441
-9.151262548075081 0.38739536675787356
-9.119729313103699 0.3689112802364045
-9.094457013150928 0.35714285714285765
-9.089285714285719 0.35454256480989965
-9.070624972987082 0.34301786254544275
-9.04498843787168 0.33042625900290723
-9.029254450783805 0.32142857142857206
-9.022096074217382 0.3170093565850962
-9.000000000000005 0.3067245535754548
-8.994484701001817 0.3035714285714288
-8.990533405470233 0.3016781096654739
-8.972007947276083 0.2913126962590713
-8.962794950222701 0.2857142857142865
-8.94745288513896 0.27836656582935326
-8.937312686693147 0.273176823052915
-8.928551415673702 0.2678571428571441
-8.923294419653452 0.26534111606931177
-8.910714285714292 0.2589080318261541
-8.895102098215967 0.2500000000000009
-8.883878047912441 0.2446327524396299
-8.874483024539765 0.23938910937776292
-8.862520596385917 0.23214285714285765
-8.830451662761083 0.21609033255221632
-8.827880538029703 0.2142857142857153
-8.825842833607375 0.21340286184995527
-8.821428571428577 0.21125048726096463
-8.779644909728157 0.18692816091151254
-8.761545013163024 0.17857142857142883
-8.732142857142863 0.16393582739746648
-8.727871217673362 0.16156861360818642
-8.726448378141386 0.16071428571428648
-8.722297009808253 0.15874511624736432
-8.703804991949049 0.1485247158959062
-8.694335085443301 0.14285714285714324
-8.68159295603145 0.13510998022228282
-8.659511281249879 0.125
-8.64285714285715 0.11678428093463555
-8.63089371490911 0.10953554273246535
-8.625648282645786 0.10714285714285765
-8.613836169567714 0.10133866248497103
-8.592231313458058 0.08928571428571441
-8.582576390398533 0.08348472192029455
-8.555904334577544 0.07142857142857117
-8.553571428571434 0.07029314409888254
-8.53101555678098 0.05808260292951939
-8.52328602423877 0.053571428571428825
-8.505512008732298 0.045326169682113004
-8.50084053683849 0.04302525022484005
-8.488223055908824 0.03571428571428559
-8.480983398380175 0.03237474889539449
-8.46428571428572 0.024205295601954724
-8.452635317729312 0.01785714285714235
-8.432887377641755 0.006279667328793259
-8.418620381473952 0.