-8.649599850120321 0.
-8.67234848307021 0.010484307803876547
-8.684888150839768 0.01785714285714235
-8.714285714285715 0.033911108424294234
-8.716813726934996 0.035082282551964994
-8.7178834513061 0.03571428571428559
-8.720895286467112 0.03736667875963473
-8.753089841014729 0.053571428571428825
-8.76446013006478 0.058884967483805895
-8.78552172628143 0.07142857142857117
-8.785714285714288 0.07153502690607816
-8.810402372291767 0.08311369264134427
-8.820731308370643 0.08928571428571441
-8.849472967311044 0.10522538468490339
-8.853244639099481 0.10714285714285765
-8.854594889539774 0.10777984904362903
-8.85714285714286 0.10922947550201467
-8.901983117640125 0.13164707773282647
-8.920601279439637 0.14285714285714324
-8.92857142857143 0.14730886669711118
-8.947091454888104 0.15608427913511758
-8.975924751009606 0.1725526163238298
-8.988679006389164 0.17857142857142883
-8.991917561442918 0.18059203821070025
-9.000000000000004 0.18522160039869195
-9.03857967585505 0.20464079532195356
-9.058974127115071 0.2142857142857153
-9.082923008266224 0.22926924793344483
-9.087662329985262 0.23214285714285765
-9.100664787393608 0.23945191113411646
-9.121154780054855 0.2500000000000009
-9.128615557916048 0.25356039623527504
-9.142857142857146 0.26220814716995644
-9.153823388016129 0.2678571428571441
-9.174601315564392 0.2777782425374751
-9.187664092179446 0.2857142857142865
-9.214285714285717 0.3007046854805049
-9.218225227585773 0.30258655024641445
-9.21984570158632 0.3035714285714288
-9.22428268826225 0.3060706720655615
-9.254059538304274 0.32142857142857206
-9.264930337313483 0.32662455852877326
-9.285714285714288 0.33858480625224363
-9.310269344513582 0.3510040924430342
-9.323204926129023 0.35714285714285765
-9.347983474797717 0.37271015441371524
-9.354041994026291 0.37577521577914297
-9.35714285714286 0.37766160105980706
-9.38658626870457 0.3928571428571441
-9.401000143479067 0.3997499641302351
-9.42857142857143 0.4156220185784125
-9.445700635269288 0.42428912689696485
-9.452739072021592 0.4285714285714297
-9.471996573929406 0.4394277149109236
-9.490516904045089 0.44879934541730115
-9.523139546568675 0.4642857142857153
-9.536881148027819 0.47292257013590433
-9.571428571428573 0.49281455165561106
-9.580932287909523 0.49762407087976435
-9.585936797202375 0.5000000000000018
-9.595515437432566 0.5060217165009995
-9.618439401359575 0.5178571428571441
-9.626819501173534 0.5218665532780467
-9.642857142857144 0.5316281731280377
-9.650770430789853 0.5357142857142874
-9.656763055502028 0.5391907638755082
-9.670881868494602 0.5465652471620661
-9.684766019815873 0.5535714285714306
-9.714285714285715 0.5702272318649166
-9.715934393069933 0.5710164017325186
-9.716611253140371 0.571428571428573
-9.718460299783228 0.5724722178029511
-9.762903569048031 0.5949883934522795
-9.782850582299426 0.6071428571428585
-9.785714285714286 0.608760568072718
-9.807983950949767 0.6194325836911316
-9.842024016884242 0.6390774327924902
-9.849329280632608 0.6428571428571441
-9.852005951373492 0.6441413692994855
-9.857142857142858 0.6472761986333415
-9.883101230795466 0.6607142857142874
-9.898670707584955 0.6681894659609062
-9.915672582694652 0.6785714285714306
-9.92857142857143 0.6858776204860781
-9.942197633023905 0.6930220203154542
-9.948923502582698 0.696428571428573
-9.964195114915569 0.7053344930146075
-9.964253582640247 0.7053651757685113
-9.981851207522782 0.7142857142857162
-9.987292633433963 0.7174625559272263
-10.000000000000002 0.7245861766706447
-10.014549902935903 0.7321428571428594
-10.033974735441667 0.7415063161395858
-10.047833408154492 0.7500000000000018
-10.071428571428573 0.7634246841334376
-10.077477920604164 0.7663448055632474
-10.086596532310956 0.7716491330777409
-10.113574845150575 0.7857142857142883
-10.122318015247155 0.7908490676167856
-10.142857142857146 0.802428525076019
-10.145045896447305 0.8035714285714306
-10.168592483247085 0.814994736331089
-10.179027637740829 0.8214285714285738
-10.207023319210172 0.8374701155168305
-10.211776017949894 0.8399131383696732
-10.214285714285717 0.8414664867796606
-10.244141116663522 0.8571428571428594
-10.256476553976631 0.8644522900772733
-10.26664503900152 0.8702326883218099
-10.27592415349195 0.8750000000000018
-10.285714285714288 0.8806498426874967
-10.302219858088481 0.8887307497635968
-10.308856066952636 0.892857142857145
-10.32645573410078 0.9030425049537678
-10.346410236676858 0.9133974408307886
-10.35714285714286 0.9201071886832946
-10.373101731568928 0.9285714285714306
-10.39173863983581 0.9377796257553364
-10.40553045866641 0.9464285714285738
-10.42857142857143 0.9598957162573045
-10.434457345399728 0.9628142350786426
-10.437470535694892 0.9642857142857171
-10.442901993825586 0.967868355599256
-10.479702214978785 0.9872173033981637
-10.49986805831646 1.0000000000000027
-10.500000000000002 1.0000780868788661
-10.523638738584301 1.011947458211071
-10.532922053536385 1.017857142857146
-10.556795241786425 1.0320559533037512
-10.563539115011649 1.0357142857142883
-10.566143973353537 1.0370354352330473
-10.571428571428573 1.040274429435856
-10.611103184726087 1.0615099181041963
-10.626460480763289 1.0714285714285747
-10.642857142857144 1.081345738411276
-10.653262492026963 1.0866843769932624
-10.667309473939177 1.0953987970562258
-10.688494417657118 1.1071428571428603
-10.696866922444466 1.1114975551031732
-10.714285714285715 1.1224600007190286
-10.752363694183877 1.142857142857146
-10.773067768795867 1.1575526564846834
-10.778650034958963 1.1607142857142883
-10.780904878746144 1.161916637456324
-10.785714285714286 1.1651545685250984
-10.809204874417846 1.1785714285714315
-10.824404475384524 1.1867560240110153
-10.838640671821587 1.1964285714285747
-10.857142857142858 1.2077293467959214
-10.86567781762622 1.2121519741648763
-10.868932925464048 1.214285714285717
-10.877219282291346 1.2193048205728392
-10.900486647964794 1.2321428571428603
-10.909659723735412 1.2368707833518648
-10.928571428571429 1.2492058703848326
-10.930006585592523 1.2500000000000036
-10.952815982463493 1.2617960043841299
-10.985229578154437 1.2820216802528988
-10.991859280865583 1.2857142857142891
-10.99415776597373 1.287174844220857
-11. 1.2907154348686563
-11.015751564531973 1.2996335374384396
-11.022993506656814 1.3035714285714324
-11.036621427052424 1.3122732146654688
-11.03788583450876 1.3130428871986224
-11.05324715547991 1.3214285714285747
-11.071428571428573 1.3327030740632955
-11.079445302810532 1.3372815314402278
-11.083101096305585 1.339285714285718
-11.090481442019193 1.344048931933374
-11.100591738909188 1.3498520652727075
-11.113828509174141 1.3571428571428612
-11.121897476543069 1.3623827737213796
-11.141923957193775 1.3747667035841618
-11.14234535132734 1.3750000000000036
-11.142857142857144 1.375322936476974
-11.165185752087915 1.3872749905494537
-11.173447621948407 1.3928571428571468
-11.193293129870368 1.4054661396104535
-11.206139674028252 1.4127507957786563
-11.214285714285715 1.418329891617641
-11.23191328403718 1.4285714285714324
-11.248776483144738 1.43780587921382
-11.261270005022237 1.4464285714285747
-11.285714285714288 1.4623509033398623
-11.288124949119444 1.4636830484344294
-11.289259495798149 1.464285714285718
-11.290998963278197 1.4656068836766956
-11.330532557117799 1.488795432149126
-11.346318491146377 1.5000000000000036
-11.35714285714286 1.5072858795527644
-11.37001798806915 1.5146383601255735
-11.38454617534048 1.524707972406552
-11.40454439351179 1.53571428571429
-11.42857142857143 1.5534056321869834
-11.449376051213585 1.5662274157680365
-11.458607328794061 1.5714285714285756
-11.471226505236231 1.5820923405947758
-11.487640433270466 1.592375605968103
-11.514181183296161 1.6071428571428612
-11.52861738360356 1.6178456540991144
-11.563597690665398 1.6408994226663536
-11.566938706123432 1.6428571428571477
-11.568343802977186 1.6436283349699945
-11.571428571428573 1.6457619944222364
-11.596910853103303 1.66071428571429
-11.611272367043652 1.668610479667663
-11.630099416468918 1.6785714285714333
-11.65119980077105 1.6943429069500997
-11.661278944935885 1.7010340219482618
-11.683732533540828 1.7142857142857189
-11.693235326831736 1.7195483111492136
-11.714285714285715 1.733602161545238
-11.73401925060061 1.7450666159212807
-11.743269584595069 1.7500000000000044
-11.757513625816758 1.7608069778827655
-11.774403621648206 1.7706848088736677
-11.785714285714286 1.7786546482392733
-11.797524902581765 1.78571428571429
-11.81587120772402 1.7960321980689997
-11.851030071270952 1.8199003749606
-11.85356348137613 1.8214285714285765
-11.854656656056 1.8220501217002907
-11.857142857142858 1.8237578385878432
-11.914680329385467 1.857142857142862
-11.935173559812458 1.8733494671897457
-11.9425596955839 1.8784970667531216
-11.965763340076291 1.892857142857146
-11.975999727773535 1.8988572109137616
-11.992117717837857 1.9107142857142883
-12. 1.916214725013547
-12.014675743119065 1.9249024927916647
-12.019616675377108 1.9285714285714306
-12.03038095945476 1.9361666684351206
-12.046503992058772 1.946428571428573
-12.053783928094116 1.9508397322621862
-12.071428571428571 1.9642325910274057
-12.071511074356891 1.9642857142857153
-12.092147868559833 1.9769630328600423
-12.113030319640908 1.9925432941959418
-12.124300139568396 2.