-8.972339054280605 0.
-8.982043346929707 0.004489163267574092
-9.000000000000004 0.01508329813874365
-9.005542137251561 0.01785714285714235
-9.028588696629205 0.02856711155698477
-9.040651928176137 0.03571428571428559
-9.071428571428575 0.052641378159131946
-9.0727264393312 0.05324696159577247
-9.07327203361678 0.053571428571428825
-9.074798279042836 0.05441385547499422
-9.108413175675075 0.07142857142857117
-9.118937262133723 0.07740854160942678
-9.138775428009152 0.0882652855737156
-9.14082934292279 0.08928571428571441
-9.142857142857146 0.0904114551281312
-9.166064069804202 0.10134112540609319
-9.175735997065836 0.10714285714285765
-9.202558683002305 0.12206824217914747
-9.210374707502478 0.12597775169580938
-9.214285714285717 0.1283331287192544
-9.24271307182145 0.14285714285714324
-9.255763774811221 0.15034477058291085
-9.265310725273466 0.15561339560408083
-9.275503471018604 0.16071428571428648
-9.285714285714288 0.166425131145008
-9.30152856049441 0.1746178598763981
-9.309419810685254 0.17857142857142883
-9.323873763059904 0.18688870209216724
-9.327905794090714 0.18911930566553536
-9.342480791692244 0.19642857142857206
-9.346918141726269 0.19898475028271978
-9.35714285714286 0.20464648743244052
-9.375918489308507 0.2142857142857153
-9.39029274846643 0.22257318711660812
-9.391958996115074 0.22343882239980406
-9.409290714019356 0.23214285714285765
-9.42857142857143 0.24296419696879124
-9.438260889611657 0.24757763473994476
-9.44225860744689 0.2500000000000009
-9.453243328221962 0.25616797491263377
-9.484241128201447 0.27179686080678245
-9.500000000000002 0.28135280205505886
-9.508478456776652 0.2857142857142865
-9.514948131930506 0.2894513186969121
-9.528426851476198 0.2964647157023803
-9.542559600699834 0.3035714285714288
-9.571428571428573 0.31979267613322726
-9.573551998757756 0.3208977145962759
-9.574607581949271 0.32142857142857206
-9.57703233767751 0.32282951299080676
-9.596573604995177 0.33299945589406477
-9.609073133041505 0.3392857142857153
-9.619276457459932 0.3451808856350178
-9.639163731359018 0.35621950426832605
-9.640999754464273 0.35714285714285765
-9.642857142857144 0.3581864953918581
-9.665994822003551 0.36921558021339873
-9.675531029164205 0.3750000000000009
-9.701726468676473 0.38971733145483345
-9.707828661046173 0.3928571428571441
-9.710050435099284 0.39391596265375206
-9.714285714285715 0.39648443988487525
-9.741944946302322 0.4107142857142865
-9.75700687307666 0.417891138873693
-9.774620827654713 0.4285714285714297
-9.785714285714286 0.4348013020659627
-9.80172052135131 0.4424270125193166
-9.80832075487689 0.44642857142857295
-9.826463771777776 0.4566159429444454
-9.841377837630017 0.4642857142857153
-9.846804408271726 0.46687032650349813
-9.857142857142858 0.47279736612677414
-9.893216559837821 0.4909815743262609
-9.912276971238182 0.5000000000000018
-9.937334530202193 0.5156663674494535
-9.940949427808494 0.5178571428571441
-9.950889304811628 0.5234366119171936
-9.974770875386454 0.5357142857142874
-9.983456314616443 0.5398502070601774
-10.000000000000002 0.549334036761727
-10.02930239497003 0.564102972686066
-10.041389466370845 0.571428571428573
-10.071428571428573 0.5882934906739825
-10.072794766283808 0.588944165571907
-10.074906964511568 0.5901553125564636
-10.110805456135871 0.6071428571428585
-10.119956012383865 0.6128681397611784
-10.142857142857146 0.6260065042468232
-10.165196818412635 0.6372722239682718
-10.176994267080307 0.6428571428571441
-10.199682306756756 0.6570634338320476
-10.20677542210914 0.6607142857142874
-10.209357986841024 0.6619462175754611
-10.214285714285717 0.6649372898113937
-10.2407639021812 0.6785714285714306
-10.254328535867899 0.686417866033028
-10.261407060931823 0.6903517652329567
-10.273476389032574 0.696428571428573
-10.285714285714288 0.7033182659631674
-10.30078766099179 0.7105173704663406
-10.306988930174063 0.7142857142857162
-10.323958562672797 0.7238467835253433
-10.34590972469903 0.7349511402538162
-10.35714285714286 0.7417878178921358
-10.373047796802688 0.7500000000000018
-10.392091434054809 0.7591199986291572
-10.42857142857143 0.7801681474925672
-10.435899710656997 0.7838822151928966
-10.439751483743768 0.7857142857142883
-10.447081108025875 0.7903417055778998
-10.481988616797219 0.8080742743721263
-10.500000000000002 0.8190860656825123
-10.504516375626293 0.8214285714285738
-10.507899075961395 0.8234033404189223
-10.525837302245284 0.8328263887243974
-10.538565612667076 0.8392857142857171
-10.548406702365108 0.8450411815515828
-10.568772742867017 0.85647890000247
-10.5700791000327 0.8571428571428594
-10.570482649619107 0.8573793375952263
-10.571428571428573 0.8579115663622883
-10.604218407387382 0.8750000000000018
-10.61737459146229 0.8813706378487147
-10.63603689744604 0.892857142857145
-10.642857142857144 0.8967588800758763
-10.661835988554087 0.9059695742900526
-10.690142514933482 0.9225356287333728
-10.701652113269386 0.9285714285714306
-10.70593300523793 0.9306596058333776
-10.714285714285715 0.9358356622844566
-10.734435644033749 0.9464285714285738
-10.751778447821598 0.9549125309017459
-10.766863873601896 0.9642857142857171
-10.785714285714286 0.9751895718796924
-10.79510158412001 0.9797960325414286
-10.808820967254565 0.9879195275279296
-10.831602396490837 1.0000000000000027
-10.83911459850976 1.0045070646582772
-10.857142857142858 1.0148770852217934
-10.86274384704029 1.017857142857146
-10.884801654280139 1.028799586429968
-10.895786881243344 1.0357142857142883
-10.924434830481118 1.0525372790488534
-10.927099304972565 1.053939459471147
-10.928571428571429 1.0548736640307563
-10.959322572303646 1.0714285714285747
-10.972829627281197 1.0782211646082756
-10.99018634269555 1.089285714285717
-11. 1.095133889333698
-11.015894763121349 1.1031691663625232
-11.023910655106718 1.1071428571428603
-11.037914946556437 1.1166215937819697
-11.059218533033578 1.128052509598752
-11.071428571428573 1.1359602458124796
-11.083980783993278 1.142857142857146
-11.103223100726755 1.1527656533897428
-11.142857142857144 1.1774522831930687
-11.144268095994757 1.1782186902870277
-11.144965629722535 1.1785714285714315
-11.146136561346143 1.1793912831936808
-11.18897768332596 1.202755579168513
-11.206885400377375 1.214285714285717
-11.214285714285715 1.2186953413276456
-11.232084709763656 1.2276931082733755
-11.256822744151561 1.2427771146093223
-11.270076457837543 1.2500000000000036
-11.275229042628725 1.252621310771394
-11.285714285714288 1.2590579305255138
-11.336566191580356 1.2857142857142891
-11.36119881169831 1.3025574399325697
-11.36669759145333 1.3059601121490498
-11.394683241891773 1.3214285714285747
-11.405725486174534 1.3271400570277994
-11.4242855076048 1.339285714285718
-11.42857142857143 1.3419122802146175
-11.448354425197412 1.352197107986366
-11.455876404378735 1.3571428571428612
-11.474515136591446 1.368628784147865
-11.485878114320517 1.3750000000000036
-11.49042788418923 1.3773930289526959
-11.520678385330411 1.3928571428571468
-11.53387465375173 1.4022456222763582
-11.571428571428573 1.4262907959617648
-11.574252873750362 1.4278653529909846
-11.57561939210036 1.4285714285714324
-11.577826525429328 1.4301709170716208
-11.606084202213262 1.4464285714285747
-11.61769145985122 1.4527199921800555
-11.634610347354611 1.464285714285718
-11.642857142857144 1.4696038823875046
-11.657737993773173 1.478422644413854
-11.664290983298878 1.4821428571428612
-11.676863165834504 1.4906443628872008
-11.677869980485816 1.491246790592836
-11.693150914440446 1.5000000000000036
-11.6988062271584 1.5038698717818324
-11.714285714285715 1.513922715500284
-11.72087848465911 1.5178571428571468
-11.740749668709572 1.5290982971083258
-11.750047456998965 1.53571428571429
-11.771042603011868 1.5499035078958272
-11.779649523877323 1.5550876190306733
-11.785714285714286 1.5595182413755442
-11.804931982346249 1.5714285714285756
-11.820446273362592 1.580602717373642
-11.832151515757323 1.5892857142857189
-11.857142857142858 1.606197378580112
-11.858290213416447 1.6068560180744633
-11.858814632874042 1.6071428571428612
-11.859687475179719 1.6077790116520765
-11.901845749901309 1.6316814196675349
-11.918225875932867 1.6428571428571477
-11.928571428571429 1.6494674921407846
-11.942771384449538 1.6571642967447628
-11.947964286503906 1.66071428571429
-11.960379317181564 1.6686662578668239
-11.977419391615374 1.6785714285714333
-11.984521071659712 1.6824411606565057
-12. 1.6930753420760967
-12.00575328009794 1.6964285714285765
-12.026362807290957 1.7076950124629802
-12.035927337040862 1.7142857142857189
-12.058568550892023 1.7289278520087246
-12.06635326479885 1.7334116838002913
-12.071428571428571 1.7369339733489868
-12.09362299903975 1.7500000000000044
-12.108945691489106 1.758477862842014
-12.142857142857142 1.781127404120456
-12.148378599918598 1.7843339214489262
-12.150965121041724 1.78571428571429
-12.154928326204223 1.7887320815510606
-12.190394714600282 1.809544178492792
-12.212460258967585 1.8214285714285765
-12.23034268098759 1.8352714726102501
-12.248794132293856 1.847912818787754
-12.263953222882023 1.857142857142862
-12.270540728713122 1.8609362463931527
-12.285714285714286 1.8715133011624134
-12.310709441235073 1.8866083539769498
-12.322022401345158 1.892857142857146
-12.338227732651562 1.9059855045914649
-12.349151040301619 1.9127122399245984
-12.357142857142858 1.9186683588981843
-12.372806156525295 1.9285714285714306
-12.389168686840403 1.9384221140041875
-12.422470493357938 1.9627604804823422
-12.42482205946393 1.9642857142857153
-12.425898861816663 1.9649538559744073
-12.42857142857143 1.9669710355432475
-12.480870630588509 2.