-8.916826654239639 0.
-8.92857142857143 0.006401973163236541
-8.94465055377551 0.013837361556122474
-8.970697320687105 0.028388615886060897
-8.986484133532409 0.03571428571428559
-8.990413676113862 0.03811086668582142
-9.000000000000004 0.04350887592059216
-9.037479868700844 0.062058604253361516
-9.057551170543505 0.07142857142857117
-9.082209260065408 0.08659054212650563
-9.086714126333312 0.08928571428571441
-9.099239221637879 0.09623837683804037
-9.120669799011557 0.10714285714285765
-9.128352138489978 0.11076910823464914
-9.142857142857146 0.11948806510415988
-9.153666393680501 0.125
-9.17462831668344 0.13491434940056912
-9.18781776387312 0.14285714285714324
-9.214285714285717 0.1576389256703914
-9.218534825401674 0.1596520079352972
-9.220296075763255 0.16071428571428648
-9.225154692141263 0.16343153017817258
-9.254703751275578 0.17857142857142883
-9.265396617412192 0.18365084564695344
-9.285714285714288 0.19527786512586331
-9.310957543765994 0.20797489977278882
-9.324311168925849 0.2142857142857153
-9.35006284000573 0.23037285285857578
-9.35475914915811 0.23273878413904558
-9.35714285714286 0.23418334794766604
-9.387906625387894 0.2500000000000009
-9.401900904554912 0.2566676310041309
-9.42857142857143 0.2719687681576346
-9.446794048476155 0.28115863073810576
-9.45430494366843 0.2857142857142865
-9.474925380153588 0.29730277360982527
-9.491540454741951 0.3056863148859419
-9.524778960038162 0.32142857142857206
-9.538088048116974 0.32976370225647234
-9.571428571428573 0.3489038612546542
-9.582345925013358 0.3544135187466617
-9.588108528483085 0.35714285714285765
-9.599190758511122 0.3640834039134955
-9.620396951771808 0.3750000000000009
-9.628122291857522 0.37868371274990587
-9.642857142857144 0.387624372551973
-9.653022912579706 0.3928571428571441
-9.660773761039524 0.397336297402739
-9.672322833815931 0.4033478629745906
-9.686968495824337 0.4107142857142865
-9.714285714285715 0.4260653035990263
-9.717734230801343 0.42770929944252245
-9.71915537916341 0.4285714285714297
-9.72305880775685 0.43076470193921335
-9.764582819051123 0.45171143809436387
-9.78531491247215 0.4642857142857153
-9.785714285714286 0.46451006746403856
-9.809982888410026 0.47607570646892405
-9.847473961599405 0.4975827761141387
-9.852172663361063 0.5000000000000018
-9.853882969955542 0.5008149717968307
-9.857142857142858 0.50279172068264
-9.886428878909232 0.5178571428571441
-9.900930740949315 0.5247673147626735
-9.918983698210026 0.5357142857142874
-9.92857142857143 0.5410997658597623
-9.944763333420802 0.5495234523590877
-9.952814951957269 0.5535714285714306
-9.967069157899374 0.5618041390965871
-9.971633558114068 0.5643369609570899
-9.985737942599322 0.571428571428573
-9.990045986156288 0.5739170748895015
-10.000000000000002 0.5794414343045053
-10.0191317849643 0.5892857142857153
-10.037122157772151 0.5978623176998212
-10.052420024015518 0.6071428571428585
-10.071428571428573 0.6178278765525516
-10.081295982663985 0.6225331471911488
-10.096515054320742 0.6312716207230435
-10.119014184207906 0.6428571428571441
-10.1272107295614 0.6467687461810812
-10.142857142857146 0.6562697342897668
-10.151485142979622 0.6607142857142874
-10.173067026344249 0.6710189576996548
-10.185498778967789 0.6785714285714306
-10.214285714285717 0.694783473139581
-10.216546234125312 0.6958634414686742
-10.220019495380674 0.6978620167023122
-10.251847643095767 0.7142857142857162
-10.262048502034755 0.7202021602055995
-10.28166153304755 0.731129668976175
-10.283669314836263 0.7321428571428594
-10.285714285714288 0.7332973889631589
-10.308627271227794 0.744271753621625
-10.318029102165434 0.7500000000000018
-10.343660764059353 0.7644866195862683
-10.352561283738883 0.7690025362081387
-10.35714285714286 0.7717998420196661
-10.384005941852234 0.7857142857142883
-10.399253361764861 0.7930438024159301
-10.416474176309729 0.8035714285714306
-10.42857142857143 0.810436386081145
-10.443599868891978 0.8176714613484366
-10.449737119020945 0.8214285714285738
-10.466354973225826 0.8308744575921727
-10.48252649629661 0.8392857142857171
-10.48848542597465 0.842164357792055
-10.500000000000002 0.8492358263602542
-10.515176742685544 0.8571428571428594
-10.52643542267898 0.8637517128126033
-10.532399570999086 0.8669001072502311
-10.548286850501091 0.8750000000000018
-10.571428571428573 0.8882321720851225
-10.577720414198586 0.8912841821646413
-10.580271926878764 0.892857142857145
-10.587113916134998 0.8967784790337507
-10.62358626600636 0.9155320049269839
-10.642857142857144 0.9274660267205643
-10.64496122926511 0.9285714285714306
-10.668419999228455 0.9400378573357457
-10.706051739649157 0.962227220626577
-10.709949182654364 0.9642857142857171
-10.711410600781072 0.9650044926618779
-10.714285714285715 0.9667109269781502
-10.779745710817979 1.0000000000000027
-10.80110552279469 1.0140093335870448
-10.823215631853506 1.0272324793919507
-10.839059496861546 1.0357142857142883
-10.845090463334781 1.0387273841663074
-10.857142857142858 1.0463638319727409
-10.870552113345907 1.0535714285714315
-10.889841546517069 1.063253899085022
-10.902687147157026 1.0714285714285747
-10.928571428571429 1.086822028960766
-10.931836697605489 1.0884693970272021
-10.93637660277732 1.09123700783719
-10.968377531061488 1.1071428571428603
-10.976878636094126 1.1129231981193293
-11. 1.1271880136283503
-11.019873481534194 1.1378887724735973
-11.029773717832715 1.142857142857146
-11.046653639628081 1.1545205527641658
-11.057814044265518 1.1607142857142883
-11.062229099188288 1.16301415377436
-11.071428571428573 1.1690739131073666
-11.08842271489848 1.1785714285714315
-11.105978777301134 1.187791019960434
-11.142857142857144 1.2105994830273685
-11.147478816941518 1.213130295764624
-11.149267860534819 1.214285714285717
-11.153879048620778 1.2170411907266256
-11.192371011402729 1.2376215328636073
-11.21158974988001 1.2500000000000036
-11.214285714285715 1.2516213228979893
-11.235642118579255 1.2625180417837614
-11.264842118796443 1.2804962439848273
-11.274329146501488 1.2857142857142891
-11.277578165102094 1.2877483158673373
-11.285714285714288 1.2926145232878792
-11.305562455936515 1.3035714285714324
-11.318650745250972 1.3118055434556029
-11.320362985175723 1.312766396563216
-11.336421668052703 1.3214285714285747
-11.35714285714286 1.3341010387324292
-11.363887170585954 1.3375996359249438
-11.366456702140477 1.339285714285718
-11.372842064536115 1.3432105161340324
-11.397750088633932 1.3571428571428612
-11.406413046047529 1.3626824527738366
-11.425251809683536 1.3741700952780302
-11.426769497751255 1.3750000000000036
-11.42857142857143 1.3761206739667484
-11.450095334444242 1.3874761663889439
-11.458167781256394 1.3928571428571468
-11.477842893947404 1.4051750092011401
-11.49153374823182 1.412830848656335
-11.500000000000002 1.4185483930083675
-11.517496153263716 1.4285714285714324
-11.534580244826403 1.4377835102219745
-11.547287427122706 1.4464285714285747
-11.571428571428573 1.4619070469694
-11.574424516365257 1.4635367280515466
-11.575851833595433 1.464285714285718
-11.578088734571146 1.4659507550713613
-11.617221960699535 1.488551652682263
-11.63360649197912 1.5000000000000036
-11.642857142857144 1.5061190059808656
-11.657327991415762 1.5142394307174927
-11.66245097917367 1.5178571428571468
-11.674121717948427 1.525673286629968
-11.69068923878142 1.53571428571429
-11.697831647835255 1.5398278023269052
-11.714285714285715 1.5513430342198102
-11.737778251369694 1.565555437157581
-11.745782008673686 1.5714285714285756
-11.763257468924563 1.5836715100882879
-11.77624417901389 1.5916532409608175
-11.80447273894133 1.6071428571428612
-11.817894477548474 1.616954952041457
-11.857142857142858 1.6425411175574904
-11.857529065416527 1.64276059078873
-11.857713540142688 1.6428571428571477
-11.858008012868059 1.643073431788448
-11.888360970688218 1.66071428571429
-11.90101277912481 1.6676039480759446
-11.916986472987483 1.6785714285714333
-11.928571428571429 1.686027950530245
-11.941636945024415 1.69316219231533
-11.957637017303448 1.7036949686115808
-11.975721480863179 1.7142857142857189
-11.982294625492285 1.718712057912648
-12. 1.7300150090035045
-12.003621761188853 1.7321428571428612
-12.024765069385703 1.7438087326535783
-12.033672140305152 1.7500000000000044
-12.054547192531858 1.7636367981329695
-12.064696939483422 1.7695400508434354
-12.071428571428571 1.7742600598774612
-12.09068438851051 1.78571428571429
-12.106787515325472 1.7947316925972077
-12.119330024515467 1.8035714285714333
-12.142857142857142 1.8191960637461184
-12.145601822111649 1.8207424016149503
-12.146874477761834 1.8214285714285765
-12.148787268374402 1.8229111028078915
-12.187545374332778 1.8459707992739531
-12.203098595970477 1.857142857142862
-12.214285714285715 1.8647415840364454
-12.226701550403089 1.8718960409706602
-12.230989375796733 1.8750000000000036
-12.240578384366392 1.8815731675201723
-12.258794120441262 1.892857142857146
-12.2668298147927 1.897578260587542
-12.285714285714286 1.9110222615050105
-12.305984304854412 1.9235039237863996
-12.312786245907219 1.9285714285714306
-12.327525781213394 1.9390243024462075
-12.34434638215748 1.9496276901749177
-12.357142857142858 1.9594016293014045
-12.364680048435108 1.9642857142857153
-12.383047141493918 1.9756667860550925
-12.408769280164165 1.9950494628981836
-12.41617590267363 2.