-9.128056402081983 0.
-9.132715432390421 0.0025354276166806855
-9.142857142857146 0.007883477992490562
-9.163220927729014 0.01785714285714235
-9.181304522211018 0.02610244087581748
-9.19781544420322 0.03571428571428559
-9.214285714285717 0.04463825224928453
-9.226873949630804 0.05042436973515674
-9.247417323190216 0.0618543307975532
-9.266531736166945 0.07142857142857117
-9.27322971739906 0.07454971350737871
-9.285714285714288 0.0819651017228491
-9.30024219112489 0.08928571428571441
-9.32003555047251 0.09856254095330197
-9.33440415164084 0.10714285714285765
-9.35714285714286 0.11976993886099674
-9.36398490654703 0.12328948764895742
-9.367417320272564 0.125
-9.375378597680177 0.12955893513432937
-9.386777834012527 0.1354483986397259
-9.40158773245679 0.14285714285714324
-9.409762573083604 0.1475593567290998
-9.42857142857143 0.1579719128501038
-9.43391593559502 0.16071428571428648
-9.456643902772909 0.17155331002105978
-9.468208579541892 0.17857142857142883
-9.499773662131828 0.19637198696152858
-9.499923250546173 0.19644775879202925
-9.500000000000002 0.19649459001058744
-9.534367547659413 0.2142857142857153
-9.545491034760454 0.22077009845274542
-9.56125985097361 0.2296006770291168
-9.56627418856904 0.23214285714285765
-9.571428571428573 0.23507094906982395
-9.59182668355478 0.24490047196844866
-9.600149397466392 0.2500000000000009
-9.62265300915997 0.26280610943285065
-9.635933563139378 0.26958803778658513
-9.642857142857144 0.2738436991844404
-9.665622798345114 0.2857142857142865
-9.680152167362243 0.29424767244515415
-9.682671922037994 0.2956679805094984
-9.69817279890902 0.3035714285714288
-9.714285714285715 0.31277844789658715
-9.726058746684846 0.3184853133287895
-9.73083599754617 0.32142857142857206
-9.74368602769126 0.3287786497799585
-9.771227358693961 0.3429074460407966
-9.785714285714286 0.35184865804665044
-9.795825714091507 0.35714285714285765
-9.816652395761249 0.3672654724882598
-9.829175228810334 0.3750000000000009
-9.857142857142858 0.39103442755277573
-9.859618138192866 0.39223832259464153
-9.860904708664686 0.3928571428571441
-9.86330484654892 0.3943976402086591
-9.905999274581463 0.41635732421177796
-9.9257423507107 0.4285714285714297
-9.92857142857143 0.4301959795651813
-9.95059241772026 0.44092332414136504
-9.959487277843118 0.44642857142857295
-9.983306139374495 0.4601122491293381
-9.991251413538976 0.4642857142857153
-9.99421674189332 0.4657315288123858
-10.000000000000002 0.46912678015603415
-10.040345396856587 0.489913650785855
-10.056622627887117 0.5000000000000018
-10.071428571428573 0.5085167685586978
-10.084084810556826 0.5146930830750813
-10.102828439281684 0.5257071098204218
-10.12184801210351 0.5357142857142874
-10.128960227741132 0.5391885144932909
-10.142857142857146 0.5473631197670414
-10.190530048675019 0.571428571428573
-10.217097545236449 0.5885827565480328
-10.221244428454732 0.5910253928279694
-10.25180711631659 0.6071428571428585
-10.263264929437515 0.6127551962120519
-10.282948154146299 0.6250000000000018
-10.285714285714288 0.6265985712133348
-10.307677964975259 0.6373662230419015
-10.31649750274833 0.6428571428571441
-10.339927087225387 0.6564103432349189
-10.348068475591612 0.6607142857142874
-10.351128853390296 0.6622177866524277
-10.38486614990509 0.6785714285714306
-10.397003238646139 0.6864634760527535
-10.42857142857143 0.7051716841222895
-10.440414450474226 0.7113249588100174
-10.446510816776415 0.7142857142857162
-10.457653648689336 0.7215562693151929
-10.477583374212966 0.7321428571428594
-10.485114585188505 0.7358642108457332
-10.500000000000002 0.7451994574262422
-10.509024014039822 0.7500000000000018
-10.529965233053755 0.7603658345937063
-10.571428571428573 0.7851059280880328
-10.572215754270653 0.7855174900037678
-10.572528397978704 0.7857142857142883
-10.57334647438421 0.7861937614531973
-10.618191144645543 0.8097379281243313
-10.63668143100896 0.8214285714285738
-10.642857142857144 0.8250671692827893
-10.66181858339571 0.8345453541510759
-10.688680299499902 0.8507415034464065
-10.700550516296213 0.8571428571428594
-10.704535844551767 0.8595803245763465
-10.714285714285715 0.8652867989591178
-10.732240951216463 0.8750000000000018
-10.744576181853551 0.8825726168919603
-10.747969238911207 0.8844362617007713
-10.763887352792946 0.892857142857145
-10.785714285714286 0.9058966161078938
-10.792080283159684 0.9091227863529383
-10.794558924545935 0.9107142857142883
-10.800878297214059 0.9145052885892317
-10.826601262822237 0.9285714285714306
-10.835354434170899 0.9340185343144203
-10.855551654348075 0.9460307707298776
-10.856295447678113 0.9464285714285738
-10.857142857142858 0.9469417921928329
-10.879852042336848 0.958608417987219
-10.888582602481927 0.9642857142857171
-10.910485835091837 0.9776214587729619
-10.921867100731037 0.9838189391029575
-10.928571428571429 0.9882243733180509
-10.94969649880717 1.0000000000000027
-10.963335296061665 1.008690966872562
-10.963916451795656 1.009020887051089
-10.980114710706998 1.017857142857146
-11. 1.0301963605968742
-11.00671820415474 1.0340347346756031
-11.009778509622583 1.0357142857142883
-11.01593744317555 1.0396986465081755
-11.02791787238053 1.0465919604762988
-11.040551760113038 1.0535714285714315
-11.049104535117857 1.0591524376491108
-11.06711866244232 1.0703510941820111
-11.069055168394337 1.0714285714285747
-11.071428571428573 1.072937570439925
-11.092138082337664 1.0841083365584447
-11.099745988519684 1.089285714285717
-11.117807092297209 1.100880344502876
-11.12855779920504 1.1071428571428603
-11.133024472028564 1.1096010248500052
-11.142857142857144 1.1161631925570354
-11.175059887012354 1.1348064568183434
-11.186546229459832 1.142857142857146
-11.21289982092204 1.1603678123733694
-11.213722251505857 1.1608551514092529
-11.246222526892367 1.1785714285714315
-11.255649212232822 1.1860876969417982
-11.285714285714288 1.2060714561119479
-11.29544650584643 1.2118526592526813
-11.300094507953755 1.214285714285717
-11.307774526255907 1.2198007744211221
-11.329375989583804 1.2321428571428603
-11.33822192388437 1.2368730904574825
-11.35714285714286 1.2496452379449208
-11.357762386192462 1.2500000000000036
-11.380279028510808 1.2620731000151588
-11.409453465143454 1.280934794857295
-11.417754696671793 1.2857142857142891
-11.420725724688927 1.2876757116849156
-11.42857142857143 1.2925957540022068
-11.447573348482821 1.3035714285714324
-11.464126743191136 1.312539742773649
-11.477134913776974 1.3214285714285747
-11.500000000000002 1.3360938823768151
-11.504019510128973 1.3382808367534746
-11.508960479666747 1.341525834202404
-11.535674441468563 1.3571428571428612
-11.546853321987054 1.3632866695032408
-11.563767278483535 1.3750000000000036
-11.571428571428573 1.37999242556711
-11.587452449600656 1.3888511733141264
-11.594991623088152 1.3928571428571468
-11.606617195853294 1.4016542989633276
-11.628337517982045 1.4143441919330648
-11.642857142857144 1.424585113673662
-11.64951916190054 1.4285714285714324
-11.669388697740413 1.439795682707758
-11.678723206435501 1.4464285714285747
-11.699984901344527 1.4607105110504204
-11.705867453561666 1.464285714285718
-11.708417305320742 1.4657528165269618
-11.714285714285715 1.4698434544441605
-11.749611413276241 1.491168575252372
-11.761705384072709 1.5000000000000036
-11.785714285714286 1.5166538995080545
-11.787149397977812 1.5174983647912654
-11.788696146984659 1.5186026081747404
-11.815683337489132 1.53571428571429
-11.827808432730505 1.5430478918173778
-11.857142857142858 1.5646120719843974
-11.86819945392953 1.5714285714285756
-11.872600285144296 1.5752929284289356
-11.903917667558309 1.5954491545389988
-11.92451951405234 1.6071428571428612
-11.943205619287161 1.6213414523210714
-11.96057313228508 1.6330004259284179
-11.977111578252547 1.6428571428571477
-11.983229233075972 1.647049834588155
-12. 1.6579119434797214
-12.004702733743807 1.66071428571429
-12.025347810364133 1.6722344759803995
-12.034368620932362 1.6785714285714333
-12.055429266319779 1.6924287451513784
-12.065011812233504 1.698032761227343
-12.071428571428571 1.7025439008811754
-12.091116283101298 1.7142857142857189
-12.107106724751146 1.7232233188122175
-12.11978452059941 1.7321428571428612
-12.142857142857142 1.74736116891654
-12.146116781054225 1.7491850904507338
-12.147636238804015 1.7500000000000044
-12.149963664541831 1.751776630421177
-12.188380366315021 1.7743334798498207
-12.204492135571842 1.78571428571429
-12.214285714285715 1.7922082938982244
-12.228270548417346 1.8000752200385257
-12.233210185439598 1.8035714285714333
-12.244616440134967 1.8111541100337467
-12.261687103280696 1.8214285714285765
-12.269051541147768 1.8255942575702067
-12.285714285714286 1.836957361203793
-12.309667746499462 1.8511544919465681
-12.318057681996258 1.857142857142862
-12.337230545792686 1.8700219221624605
-12.34898419217121 1.877039666242915
-12.377965137085658 1.892857142857146
-12.390138928189248 1.9024652679526914
-12.427234366276757 1.9282371629977622
-12.427776412139133 1.9285714285714306
-12.427981913022817 1.9287188074585844
-12.42857142857143 1.9291173726794701
-12.456471600687614 1.946428571428573
-12.469475047959634 1.9540598094386645
-12.483360495693795 1.9642857142857153
-12.500000000000002 1.9758915464942417
-12.507427373300416 1.9802860138177545
-12.515399457378061 1.9859927214873725
-12.537456944164173 2.