-10.829355108029587 2.
-10.818989115230982 1.9933450340966612
-10.79591991677892 1.9821428571428577
-10.785714285714288 1.9768122522830112
-10.77082901393149 1.967262768642275
-10.764693360029845 1.9642857142857153
-10.751638282371792 1.9574705136172161
-10.73309621598182 1.946428571428573
-10.724374651127683 1.9408393554887517
-10.699061541336073 1.9285714285714306
-10.696428571428575 1.9271979263446584
-10.67535225970502 1.914929548058999
-10.668729167340523 1.9107142857142883
-10.651016831102265 1.901939490922408
-10.650091073298142 1.9014467860882016
-10.636593627387475 1.892857142857146
-10.628123544433818 1.888661005398955
-10.607142857142861 1.8774940826012392
-10.60295171913511 1.8750000000000036
-10.600115109346063 1.8735944504406445
-10.580879083915985 1.8623956117882363
-10.572628887178501 1.857142857142862
-10.551189046179344 1.8459520949501584
-10.534731186721634 1.8359109055128213
-10.517857142857146 1.8277260716769907
-10.507286808603746 1.8214285714285765
-10.500147457754082 1.817886634407964
-10.486389777076434 1.8098649017275763
-10.476524375299878 1.8035714285714333
-10.462753320633826 1.7967350501589534
-10.450211626691592 1.7900423253383222
-10.443433686066575 1.78571428571429
-10.439907022435543 1.7834471669414675
-10.428571428571432 1.7776450200518417
-10.39452844547235 1.7568085966198215
-10.380541943686028 1.7500000000000044
-10.350943933699641 1.7344745010256455
-10.347048826483677 1.7321428571428612
-10.345211502578268 1.7309576994843514
-10.339285714285719 1.72806572221908
-10.31629723061714 1.7142857142857189
-10.300913604839966 1.7066112923965688
-10.29772635871975 1.7047404425417705
-10.284802252529717 1.6964285714285765
-10.274851665929456 1.691458238242686
-10.251400067065731 1.6788514419845786
-10.250965466407308 1.6785714285714333
-10.25068968981941 1.678433490607552
-10.250000000000004 1.6780621430041336
-10.221195675302337 1.66071428571429
-10.206947694499819 1.651467603957184
-10.189419170644255 1.6428571428571477
-10.16071428571429 1.627663307346813
-10.15758147963668 1.625626561215527
-10.156308394533616 1.6250000000000044
-10.153640544283169 1.6235852517137808
-10.126493559731099 1.6071428571428612
-10.113806640951113 1.5986672432383537
-10.095293749277774 1.5892857142857189
-10.071428571428577 1.5761252228784999
-10.065681371070122 1.5725780115002665
-10.063993400806737 1.5714285714285756
-10.05974263921751 1.569091384986363
-10.02297154784904 1.5454056904301972
-10.004014145502099 1.53571428571429
-9.982142857142861 1.5237479891444154
-9.975387375357673 1.5192082392141844
-9.972737964694318 1.5178571428571468
-9.967302126311836 1.5148889966909413
-9.948665999768814 1.5000000000000036
-9.931836277842933 1.4922041730028468
-9.892857142857148 1.4714516024772104
-9.884311260261601 1.4659948908048275
-9.880941022465324 1.464285714285718
-9.874006063816354 1.4605154984775597
-9.840338734939984 1.4390751101548647
-9.81957904192518 1.4285714285714324
-9.803571428571434 1.419883553094512
-9.792990869960056 1.412830397436566
-9.780181412322966 1.406036282464596
-9.758945858262322 1.3928571428571468
-9.748632391015732 1.3859878075111443
-9.726879137120305 1.3750000000000036
-9.714285714285719 1.3681717359811065
-9.700605366089764 1.3598789267820521
-9.696506335715634 1.3571428571428612
-9.68513523479925 1.351312761245567
-9.677448685484965 1.3466531200458691
-9.666412551687612 1.339285714285718
-9.654792764780376 1.3333271613296436
-9.638007695006037 1.3240301104297814
-9.634111943315697 1.3214285714285747
-9.625000000000004 1.3164847500118242
-9.61009556515871 1.3065523155396912
-9.60419749055853 1.3035714285714324
-9.592062660421208 1.2969839606556732
-9.57783184758389 1.2857142857142891
-9.565107572420631 1.2798356283730206
-9.53571428571429 1.2642175390409998
-9.518721289648893 1.2533985992130825
-9.512011301620433 1.2500000000000036
-9.498237302047015 1.242504603266548
-9.481597983450309 1.2321428571428603
-9.473504431443878 1.2267276851397995
-9.448991606124338 1.214285714285717
-9.446428571428577 1.2128667523821361
-9.42774890311855 1.20016450509058
-9.407100446868776 1.1885629465166145
-9.392287617774498 1.1785714285714315
-9.384594270018018 1.1730811459963997
-9.36185502356531 1.1607142857142883
-9.357142857142861 1.1579990213636675
-9.339255694745109 1.1464345753366967
-9.334273957075318 1.142857142857146
-9.321975502764264 1.1358236719814263
-9.297109509767845 1.1191495266178642
-9.27448981121815 1.1071428571428603
-9.267857142857148 1.1033992365518683
-9.252056639259392 1.0924458150052683
-9.246062951264788 1.089285714285717
-9.23399490834228 1.082513267382744
-9.220685442052728 1.0714285714285747
-9.20814658208406 1.065513540726049
-9.178571428571434 1.0494176773003003
-9.162527462008649 1.038923079026845
-9.15633816828141 1.0357142857142883
-9.143749484462214 1.0287498968924442
-9.118061443080974 1.0121019970980951
-9.094512698935388 1.0000000000000027
-9.089285714285719 0.9971296471822431
-9.07214587395334 0.9855708252093356
-9.05172487179296 0.9746306886443081
-9.035215388104458 0.9642857142857171
-9.027123004370923 0.9588611134115332
-9.002679641498352 0.9464285714285738
-9.000000000000005 0.9449697873167437
-8.979728868811518 0.9326256548091276
-8.973682134229593 0.9285714285714306
-8.956907075834843 0.9199528437383977
-8.956139292859373 0.9194864271424148
-8.943020177647876 0.9107142857142883
-8.933956061884903 0.9060659304801666
-8.910714285714292 0.8932001429889755
-8.910161339002652 0.892857142857145
-8.88964000683086 0.8792148557766879
-8.881278229414514 0.8750000000000018
-8.863982816728084 0.8656537062027612
-8.853163820662031 0.8571428571428594
-8.843541403643533 0.8527202906998683
-8.821428571428577 0.8410636654697541
-8.797827454784164 0.8261487947574562
-8.788423400456567 0.8214285714285738
-8.768927379429917 0.8109283330288415
-8.756982302542822 0.8035714285714306
-8.751212532303404 0.7997574935393228
-8.732142857142863 0.7902042525824013
-8.724844662825136 0.7857142857142883
-8.705787363361432 0.7731282416134313
-8.673391391365923 0.7561068497017569
-8.663452324858637 0.7500000000000018
-8.658661730264452 0.7468390825185418
-8.64285714285715 0.7389364484484826
-8.631793775973746 0.7321428571428594
-8.624619273344338 0.7284952832402976
-8.6114179764099 0.7205735475751665
-8.601881820281921 0.7142857142857162
-8.577554565211365 0.7012251987565588
-8.565976335540936 0.6939475900346723
-8.553571428571434 0.6877494887395574
-8.538613788608446 0.6785714285714306
-8.521312518275662 0.6671660677734419
-8.50839842677299 0.6607142857142874
-8.481570913678148 0.6463141827356296
-8.477129667550825 0.6428571428571441
-8.473225138289767 0.6410692580563353
-8.46428571428572 0.6363781122952226
-8.42900267001707 0.614199465996589
-8.414882423999952 0.6071428571428585
-8.385560983016227 0.5913979108889595
-8.38046362997666 0.5881929882903849
-8.375000000000007 0.58546184241143
-8.352143923058637 0.571428571428573
-8.336689740375709 0.5612334804962895
-8.289545640649438 0.5364805567013171
-8.288297830032837 0.5357142857142874
-8.287696832107748 0.5353177764355959
-8.285714285714292 0.5343265335946885
-8.258896140730076 0.5178571428571441
-8.241507970162324 0.5090158797467508
-8.241289762152652 0.5088849047123292
-8.227822827478093 0.5000000000000018
-8.196428571428577 0.4831397087956333
-8.195182741486812 0.48239202313121154
-8.194805026652062 0.48214285714285854
-8.193751820334436 0.4816075069240302
-8.172768784557487 0.469017671659933
-8.165593046434632 0.4642857142857153
-8.149085220638174 0.4558972415866531
-8.145980918292919 0.45419618365858394
-8.13419573778673 0.44642857142857295
-8.126552941573886 0.4425465545423686
-8.107142857142863 0.4319163903023293
-8.102958887748432 0.4294082224503155
-8.101688502178712 0.4285714285714297
-8.098442600051248 0.42683137715310693
-8.0594857377258 0.4023885667405569
-8.040362324702205 0.3928571428571441
-8.01785714285715 0.3808174346405808
-8.01106956104834 0.37635751636176273
-8.00834246982617 0.3750000000000009
-8.002648621009785 0.3719582956305274
-7.978380782353832 0.35714285714285765
-7.966730016736705 0.3495111395098043
-7.946119948397416 0.3392857142857153
-7.928571428571434 0.3299458325450697
-7.91859436680334 0.32342398378219084
-7.914563629629655 0.32142857142857206
-7.90609850904893 0.3169339875240711
-7.884065855932909 0.3035714285714288
-7.873533473272008 0.2967218767741713
-7.851174862978656 0.2857142857142865
-7.83928571428572 0.2794393290377428
-7.825631140904017 0.2705880575334847
-7.808267374705259 0.26165347494105173
-7.788851469520511 0.2500000000000009
-7.779635423902331 0.24407291521953578
-7.755111604647506 0.23214285714285765
-7.753641796152743 0.2314144979123105
-7.750000000000005 0.22947909176413184
-7.730565030240041 0.2181727082377085
-7.724440774152594 0.2142857142857153
-7.708381487390637 0.20596201176384188
-7.6846753177418705 0.19163636502305614
-7.660714285714292 0.18018372829695029
-7.657968017120216 0.17857142857142883
-7.656058933263238 0.17764035808121825
-7.635304830448316 0.16579617676748182
-7.627108734712797 0.16071428571428648
-7.610838447817941 0.15283231043641354
-7.6042400733648865 0.1494194432444056
-7.593552305367429 0.14285714285714324
-7.588144023812812 0.13951405238029668
-7.571428571428577 0.13134993054963218
-7.54059089869481 0.11331039168961077
-7.527219378547373 0.10714285714285765
-7.497049852865535 0.09226711343024885
-7.4917257276935505 0.08928571428571441
-7.489325280651311 0.08784922958402497
-7.482142857142863 0.08461696334398106
-7.458282820042011 0.07142857142857117
-7.441729587829689 0.06165408243406301
-7.423508144657962 0.053571428571428825
-7.3928571428571495 0.03905174292313163
-7.388264339265115 0.03663284643269282
-7.386632708329237 0.03571428571428559
-7.381644068297905 0.03347167080243629
-7.363013655912758 0.023825840246020746
-7.3521934305419885 0.01785714285714235
-7.33705653787499 0.011160120996430933
-7.320188141724783 0.003323342630669579
-7.31402630124611 0.