-7.663422251312887 0.
-7.679326172970509 0.008739885328801655
-7.6806664051576234 0.009452315575119385
-7.6980174429260995 0.01785714285714235
-7.714285714285717 0.026653265187750463
-7.72707112013801 0.032517934251211855
-7.732531194908643 0.03571428571428559
-7.748055216213067 0.044156661196123714
-7.773498635409046 0.05662534114773887
-7.785714285714288 0.06384829631304889
-7.800826250966677 0.07142857142857117
-7.81289894163324 0.07822473540830899
-7.818518550106608 0.08108464818763395
-7.8351422049123185 0.08928571428571441
-7.85714285714286 0.10141180585562992
-7.865129629662971 0.1051461640128295
-7.868480633648873 0.10714285714285765
-7.877834545319802 0.11231577918709323
-7.911774240302037 0.12919929706734923
-7.928571428571432 0.1392663703838366
-7.935633897550445 0.14285714285714324
-7.941135957480446 0.14599827508439667
-7.956263826660332 0.15379118619206178
-7.970149506484488 0.16071428571428648
-8.000000000000004 0.17734679128480657
-8.001694564944957 0.17814778733519088
-8.002398429118472 0.17857142857142883
-8.00434409840834 0.17965745317351356
-8.048973942288141 0.2020422287136805
-8.069255226321772 0.2142857142857153
-8.071428571428575 0.21550203055542028
-8.09438848730923 0.2264028781726939
-8.130047517440344 0.2467975936458
-8.136827388775357 0.2500000000000009
-8.138551777906645 0.251076341237626
-8.142857142857146 0.25354195010815683
-8.185558256001341 0.27503900742823806
-8.208137954331871 0.2857142857142865
-8.230307646028463 0.29956594563574246
-8.23692051726439 0.3035714285714288
-8.255109368810249 0.31377734220256226
-8.26999713151925 0.32142857142857206
-8.275409205011524 0.3240048416042631
-8.285714285714288 0.3299095444939253
-8.321841580315908 0.34811103349245265
-8.336751645810358 0.35714285714285765
-8.35714285714286 0.36858118913549465
-8.365985681998604 0.37278929378606485
-8.379685563752698 0.380635676652461
-8.403478991268692 0.3928571428571441
-8.412124943325633 0.3969687641685935
-8.42857142857143 0.40638084071871994
-8.473616326194126 0.4285714285714297
-8.501611124012971 0.4460257904253311
-8.504115024787998 0.447457327625572
-8.536933174392912 0.4642857142857153
-8.54883484618901 0.4699341455956061
-8.569043617765345 0.48214285714285854
-8.571428571428573 0.4834762968975772
-8.594241726344901 0.4942967112709198
-8.603687536239455 0.5000000000000018
-8.629807360808462 0.5145946973449735
-8.63618015288298 0.5178571428571441
-8.638486605013064 0.5189497773181646
-8.674066564150797 0.5357142857142874
-8.685612408732906 0.5428826121024901
-8.714285714285715 0.5592172208681969
-8.730541391671588 0.5673646520821052
-8.739174567268346 0.571428571428573
-8.755993687249903 0.5818555646696195
-8.7705402027681 0.5892857142857153
-8.775789976361091 0.591766791624015
-8.785714285714288 0.5977390758937098
-8.804134187135512 0.6071428571428585
-8.82247991735939 0.615808592088726
-8.85714285714286 0.635511831369354
-8.866934369453626 0.6404092647794526
-8.87100586465756 0.6428571428571441
-8.882321716520735 0.6491518577016135
-8.91316570003105 0.6645657178493831
-8.92857142857143 0.6738204617969386
-8.937893781033779 0.6785714285714306
-8.959412354441232 0.688718339961123
-9.000000000000004 0.7117528609486605
-9.005180101295586 0.7142857142857162
-9.008704315529787 0.716461793168162
-9.039500040773731 0.7321428571428594
-9.050568122732134 0.7373579693169692
-9.071428571428575 0.7498766408965141
-9.07167088647355 0.7500000000000018
-9.096350445488143 0.7616266743422528
-9.106734249368506 0.767857142857145
-9.135646249708318 0.7839115624270816
-9.139188039579427 0.7857142857142883
-9.140306059348356 0.7863520565914852
-9.142857142857146 0.7877516868836842
-9.173938474892712 0.8035714285714306
-9.187926551893387 0.8101612191695136
-9.206705142388115 0.8214285714285738
-9.214285714285717 0.82563885713554
-9.233209100514726 0.8345548677284649
-9.263027994493415 0.8514712843376406
-9.274166412037482 0.8571428571428594
-9.277683365732459 0.8591505871383163
-9.285714285714288 0.8635600813658746
-9.308174221225661 0.8750000000000018
-9.323083875463755 0.8835147454197774
-9.325849055850421 0.8850336925340354
-9.341548332591405 0.892857142857145
-9.35714285714286 0.9015312453552218
-9.369140180577617 0.9077149548555994
-9.375156066763514 0.9107142857142883
-9.389151752449392 0.9187165095409204
-9.391571312848914 0.9199643146449175
-9.408825479819868 0.9285714285714306
-9.41482958441744 0.9320068896099283
-9.42857142857143 0.9395694169021347
-9.442009603579832 0.9464285714285738
-9.462064489041657 0.9559124491681601
-9.475970613050782 0.9642857142857171
-9.500000000000002 0.977693037242914
-9.50615171368564 0.9806049287214504
-9.515755605980019 0.9860817586378641
-9.542952560160233 1.0000000000000027
-9.551585957608866 1.0049606534549298
-9.571428571428573 1.015923948835975
-9.575202123167493 1.017857142857146
-9.578101729997638 1.019525432499412
-9.596993807395092 1.029322976722658
-9.609738030787232 1.0357142857142883
-9.619759366610934 1.0414887297758408
-9.640510249212557 1.0529847051602843
-9.64167868472312 1.0535714285714315
-9.642034857611135 1.0537769998829338
-9.642857142857144 1.0542332558458911
-9.676288802823468 1.0714285714285747
-9.68775850586241 1.0780603735344005
-9.702779664090889 1.0864092017370108
-9.708491457203673 1.089285714285717
-9.714285714285715 1.0925514844646802
-9.734324996972532 1.1021330364711561
-9.742560718352877 1.1071428571428603
-9.765018052463997 1.1198259416874317
-9.778685066909139 1.1267573047012904
-9.785714285714286 1.1310500854150778
-9.808503770879954 1.142857142857146
-9.82309434715297 1.1513692703546177
-9.825776692022105 1.1528727444340996
-9.84123047813559 1.1607142857142883
-9.857142857142858 1.1697659235399183
-9.868485005365232 1.1757358915158376
-9.874060380345993 1.1785714285714315
-9.886620519408314 1.1859408441377957
-9.890630016914422 1.1880567814856846
-9.907050630826244 1.1964285714285747
-9.913512410896715 1.2001933258472537
-9.92857142857143 1.2085824735666018
-9.939602396066414 1.214285714285717
-9.947970465266959 1.2191354734595992
-9.958538201760424 1.2246511638456115
-9.973389464322944 1.2321428571428603
-10.000000000000002 1.2471638053810263
-10.003891204368578 1.2490271989078598
-10.005488131075554 1.2500000000000036
-10.009839457727587 1.2524598644318994
-10.050490135708637 1.2730917517871303
-10.071151496541798 1.2857142857142891
-10.071428571428573 1.2858714550442958
-10.095634873268544 1.2975198531114396
-10.132299887264507 1.3187892575304145
-10.137824673243024 1.3214285714285747
-10.139244190606371 1.322331809491268
-10.142857142857146 1.324436780990026
-10.18582526195481 1.346400827368445
-10.208233632363953 1.3571428571428612
-10.229997464190953 1.3710720625236945
-10.236363742667459 1.3750000000000036
-10.253406672819656 1.3847802396334883
-10.26879872614682 1.3928571428571468
-10.274526865449449 1.3956539979233566
-10.285714285714288 1.4025928794233842
-10.301148809606326 1.41071428571429
-10.320070211141154 1.419982447214716
-10.333877046630821 1.4285714285714324
-10.35714285714286 1.4420510022833986
-10.363046364617123 1.4449526945600084
-10.365411208271334 1.4464285714285747
-10.371645966827078 1.4500543488496298
-10.39843400627351 1.464285714285718
-10.40854301972013 1.4692928164985437
-10.42857142857143 1.4812709177144754
-10.452787797747526 1.4939459077059798
-10.465154072163838 1.5000000000000036
-10.4873058614982 1.514683608231696
-10.495465355863246 1.5189908038913362
-10.500000000000002 1.5218782343045492
-10.525612125575467 1.53571428571429
-10.54078334347367 1.5433755927030157
-10.571428571428573 1.5620804832616768
-10.583365433122989 1.5684443560049717
-10.58800369586634 1.5714285714285756
-10.599761626842199 1.578511835281982
-10.627134445179635 1.5932163887050956
-10.65515217590746 1.6071428571428612
-10.67136859178089 1.6178721377690675
-10.71190161043453 1.6422611168943515
-10.713009016580488 1.6428571428571477
-10.713380088513796 1.643083549300127
-10.714285714285715 1.6436123495024777
-10.745974343609348 1.66071428571429
-10.759160533858276 1.6673527236782926
-10.77674173722288 1.6785714285714333
-10.785714285714286 1.6839151477755738
-10.802282771113113 1.6922864500788695
-10.825307182649052 1.7063267956622674
-10.839906741335009 1.7142857142857189
-10.844860610494933 1.7173562759477
-10.857142857142858 1.7246352458584315
-10.870859272296912 1.7321428571428612
-10.889798774454603 1.7418360206720678
-10.902397985144228 1.7500000000000044
-10.928571428571429 1.7658696256570448
-10.93117155055026 1.7672071123624393
-10.934671285735247 1.7693821071481022
-10.964092112086256 1.78571428571429
-10.975746278898495 1.7917777159896664
-10.9936702801166 1.8035714285714333
-11. 1.8074784216571445
-11.018030779806045 1.8169208764770648
-11.026879150534954 1.8214285714285765
-11.041549544283033 1.8318159574993338
-11.06009591231691 1.8421188790636345
-11.071428571428573 1.8497238196826942
-11.084461856542053 1.857142857142862
-11.103042138199028 1.8670966083073903
-11.114730369937513 1.8750000000000036
-11.142690635168195 1.8928155159349087
-11.14276259770601 1.892857142857146
-11.142792297639465 1.8928733541615657
-11.142857142857144 1.8929162565251474
-11.186112136953222 1.9177576800474112
-11.201672214436464 1.9285714285714306
-11.214285714285715 1.9368695620189103
-11.226115127861554 1.9434712180346132
-11.23995717438795 1.9528464364541316
-11.258923522395348 1.9642857142857153
-11.267060066368554 1.9689492691221488
-11.285714285714288 1.9819458025569876
-11.31647567420096 2.