-8.736364316214038 0.
-8.756493016145045 0.010551825464832021
-8.77162957875807 0.01785714285714235
-8.776657815378014 0.02012126044121043
-8.785714285714288 0.025333076663017096
-8.806978504977716 0.03571428571428559
-8.824758368590247 0.043810407852438615
-8.841545689270689 0.053571428571428825
-8.85714285714286 0.06202796749377981
-8.8703840799465 0.06811826572766133
-8.876024792986144 0.07142857142857117
-8.891245151282666 0.07995414496352193
-8.89230990851314 0.08049395144314353
-8.910168592415324 0.08928571428571441
-8.916577248053866 0.09228425941510565
-8.92857142857143 0.09943542125121407
-8.943809720482259 0.10714285714285765
-8.963285528990689 0.11632147489518552
-9.000000000000004 0.13725200904724488
-9.011434989477657 0.14285714285714324
-9.019027642102337 0.1476140533827266
-9.044466630223411 0.16071428571428648
-9.053706324194716 0.16514484752275127
-9.071428571428575 0.17595382927241499
-9.076487119030125 0.17857142857142883
-9.099162485436233 0.18949509292665745
-9.110481496164121 0.19642857142857206
-9.140976207329524 0.21381548040381038
-9.141877716991159 0.2142857142857153
-9.142169702929648 0.21445757426758938
-9.142857142857146 0.21484614357649257
-9.175906472637918 0.23214285714285765
-9.18892566008677 0.23848287069259477
-9.207539885877463 0.2500000000000009
-9.214285714285717 0.25388304380139903
-9.233211504531491 0.2631256952957006
-9.261134185113011 0.27956926056396725
-9.272784361726758 0.2857142857142865
-9.276607612275042 0.2879909540740977
-9.285714285714288 0.2931914821890702
-9.30535551088224 0.3035714285714288
-9.319513667136558 0.3120212739269963
-9.320732427478458 0.31267403598752885
-9.337680982215494 0.32142857142857206
-9.35714285714286 0.3327213330504941
-9.365490593190057 0.3371987802739165
-9.369525643897253 0.3392857142857153
-9.37840277656344 0.34460069414086014
-9.38758501722588 0.34953231712210275
-9.402282819396477 0.35714285714285765
-9.410019025766355 0.3617809578441262
-9.42857142857143 0.3724350355224546
-9.433398416002113 0.3750000000000009
-9.455778460622048 0.3860553848444894
-9.466626849399367 0.3928571428571441
-9.495211936510403 0.40951726984188674
-9.498312858138622 0.4111360711796319
-9.500000000000002 0.41219557675454865
-9.530739950451554 0.4285714285714297
-9.54268251234755 0.43575794334168627
-9.55336406322884 0.44191244437863997
-9.56205161996029 0.44642857142857295
-9.571428571428573 0.45190537955156085
-9.587103332087215 0.4603670241210551
-9.594637166004818 0.4642857142857153
-9.608775461736464 0.47280613456588494
-9.611272456840531 0.47424668563870487
-9.626445398707418 0.48214285714285854
-9.631255258968302 0.48504332811506856
-9.642857142857144 0.4917403478471982
-9.658323665699148 0.5000000000000018
-9.66926447128303 0.5066018321064734
-9.67514947699059 0.509784059323783
-9.690647127465322 0.5178571428571441
-9.714285714285715 0.5316966404139327
-9.719666431870012 0.5343691063182128
-9.72180113435293 0.5357142857142874
-9.727396354141138 0.5389919456781431
-9.765045440237529 0.5587386399406196
-9.785161246801852 0.571428571428573
-9.785714285714286 0.571752952057393
-9.809166472493159 0.5834226675909973
-9.818454693507281 0.5892857142857153
-9.842744946774117 0.6035433795506737
-9.849462026815488 0.6071428571428585
-9.852027922438342 0.6084215908189874
-9.857142857142858 0.6114915859790848
-9.897566823809175 0.6327511511905648
-9.918167491068447 0.6428571428571441
-9.940596168678391 0.6577081006875467
-9.9453432741237 0.6607142857142874
-9.957703236336725 0.6679972376556105
-9.97736553045027 0.6785714285714306
-9.98490526715699 0.6823451117821833
-10.000000000000002 0.6914473479077872
-10.029351233677323 0.7069479058663859
-10.040897577104534 0.7142857142857162
-10.070815802933701 0.7319896650191415
-10.071208794064283 0.7321978014839319
-10.10726960185109 0.7500000000000018
-10.116945380837732 0.7564779405048547
-10.142857142857146 0.7722153995906194
-10.160130242750812 0.7813960107408713
-10.168849776535707 0.7857142857142883
-10.184204197324727 0.796051049331183
-10.198027146444067 0.8035714285714306
-10.203393276949813 0.8062945379054067
-10.214285714285717 0.8132970462098923
-10.229195659892618 0.8214285714285738
-10.23928347410942 0.8276780113845001
-10.245951721012824 0.8313692126039411
-10.260816889590165 0.8392857142857171
-10.285714285714288 0.8542693274867652
-10.289492536319997 0.8561982944914321
-10.290953541499608 0.8571428571428594
-10.294654498454381 0.8593779103278827
-10.334199509853962 0.8807358368222262
-10.352821740062339 0.892857142857145
-10.35714285714286 0.8954875437166265
-10.377010482856477 0.9057473792858834
-10.403608648457821 0.9223307335430277
-10.414819411579776 0.9285714285714306
-10.419276678319134 0.9308951161345043
-10.42857142857143 0.9370223890389324
-10.44539110907181 0.9464285714285738
-10.463026451203204 0.9556719586277733
-10.479920975589996 0.9642857142857171
-10.503806808769367 0.9811911549505181
-10.508721109763588 0.9843231345837564
-10.536294889796245 1.0000000000000027
-10.547493308720544 1.00598381567701
-10.571428571428573 1.0214555193929415
-10.588979604119201 1.0313265275416317
-10.597408684935303 1.0357142857142883
-10.610831685463046 1.0455650642229068
-10.630332261382696 1.0567026489400435
-10.642857142857144 1.0653505874790943
-10.653233770474998 1.0714285714285747
-10.672234653871293 1.0819413365321804
-10.707155000422997 1.1053601786771807
-10.710139957879896 1.1071428571428603
-10.711410123385363 1.1078617548679484
-10.714285714285715 1.1098371487702154
-10.771256627394944 1.142857142857146
-10.79170494349666 1.159216621268695
-10.798256777535537 1.1638499086696008
-10.821666079946825 1.1785714285714315
-10.832083478429382 1.1848362732498003
-10.847466299618445 1.1964285714285747
-10.857142857142858 1.2027489828659608
-10.871489633519513 1.2106990201915533
-10.87662893703766 1.214285714285717
-10.889126750469767 1.2222816876174445
-10.906109043162695 1.2321428571428603
-10.91318426735774 1.2359896474462824
-10.928571428571429 1.2465389604200343
-10.934522049074292 1.2500000000000036
-10.955117553492233 1.2612206116269453
-10.987770478521472 1.2826569053446573
-10.993005748974916 1.2857142857142891
-10.994904739278148 1.2869881008947521
-11. 1.290228592838722
-11.015817684735659 1.2996170073875177
-11.022788667671167 1.3035714285714324
-11.035961952329034 1.3124380833463167
-11.036281156215608 1.3126417176253335
-11.051729007108312 1.3214285714285747
-11.071428571428573 1.3342273299117462
-11.077399782754775 1.3377929114541676
-11.080016325379209 1.339285714285718
-11.085029729732751 1.342686003861763
-11.098047798274123 1.3504880504314736
-11.1096719691902 1.3571428571428612
-11.118579354982565 1.3632123041115056
-11.133043477187885 1.3725465835826887
-11.137312376137348 1.3750000000000036
-11.142857142857144 1.3786497258371782
-11.160432492450356 1.3884633054588438
-11.166683697341723 1.3928571428571468
-11.181148872737142 1.4024300753271461
-11.200896845863682 1.4140615028197985
-11.214285714285715 1.423574573680404
-11.222576032774057 1.4285714285714324
-11.24185707162238 1.4395357320944093
-11.27336795696752 1.4611991320990265
-11.279019425787537 1.464285714285718
-11.280623616661584 1.4655583815488944
-11.285714285714288 1.4691179225592839
-11.321802436335442 1.490977962344715
-11.338097733442117 1.5000000000000036
-11.359375102290675 1.5172990815701928
-11.361780583609702 1.5190165744738575
-11.391441936304105 1.53571428571429
-11.42857142857143 1.563815336159137
-11.437200348794685 1.5692713413727617
-11.440954606612287 1.5714285714285756
-11.445939789714659 1.5757706617143832
-11.476301658280358 1.5952102997156299
-11.497390080979269 1.6071428571428612
-11.515704692625512 1.6210738268436264
-11.534333240439604 1.6335833101099055
-11.549892040084995 1.6428571428571477
-11.556558773121367 1.6465745924339492
-11.571428571428573 1.6570130148804498
-11.577643557216433 1.66071428571429
-11.597841120984581 1.6719682911824307
-11.610193339968164 1.6785714285714333
-11.629290512627502 1.6930369138711656
-11.637430086729085 1.6977853354605914
-11.642857142857144 1.7015890548171697
-11.664210781101769 1.7142857142857189
-11.679731300847365 1.7229243176453064
-11.714285714285715 1.74605922422671
-11.719015471026951 1.748817560814695
-11.721229164978961 1.7500000000000044
-11.72464989674086 1.7525910456137908
-11.761279788063383 1.773965767269873
-11.778027028875263 1.78571428571429
-11.785714285714286 1.7907682851884275
-11.801565001173538 1.7996087497066204
-11.820370587033125 1.8122355039011433
-11.83578585575133 1.8214285714285765
-11.842382695341325 1.8251186118789597
-11.857142857142858 1.8350630289553322
-11.895839526776998 1.857142857142862
-11.9145899993854 1.8715046427034965
-11.920417867158744 1.8750000000000036
-11.922923642310005 1.8764119465653595
-11.928571428571429 1.8804156698580163
-11.949259214716257 1.892857142857146
-11.964816611341881 1.9016529900216756
-11.977558175219297 1.9107142857142883
-12. 1.9257294017144657
-12.003475844210069 1.9277024675189134
-12.004693042076308 1.9285714285714306
-12.007471960347376 1.930439418658274
-12.033764010725246 1.946428571428573
-12.045203616365356 1.9529848101943763
-12.060891254430853 1.9642857142857153
-12.071428571428571 1.9714465168539101
-12.08437207272324 1.9789069818191907
-12.098873484492653 1.9890040854088777
-12.116664433062143 2.