-7.473942730826808 0.
-7.5000000000000036 0.014043916868097917
-7.5050844145130595 0.016586039228878136
-7.507701308367297 0.01785714285714235
-7.51400894283359 0.021359378565539267
-7.528423805137793 0.02860833442983779
-7.542979087672829 0.03571428571428559
-7.551775897221004 0.0406274542661782
-7.571428571428575 0.05122289361511445
-7.576122147645265 0.053571428571428825
-7.599467860969435 0.0644187490433561
-7.611300934120239 0.07142857142857117
-7.642857142857146 0.08878331246038318
-7.643558272460188 0.08911043188495338
-7.643853032158358 0.08928571428571441
-7.644677583111852 0.08974082434939046
-7.679058389376787 0.10714285714285765
-7.69129518913459 0.1128904884306392
-7.714285714285717 0.1259165609647459
-7.736934396311645 0.13719497235066136
-7.746373566799654 0.14285714285714324
-7.772552147638076 0.15742375119523366
-7.781324917361151 0.16181162780257097
-7.816940449095738 0.17857142857142883
-7.828475871796975 0.18573817490790034
-7.85714285714286 0.2021017999035113
-7.873350890913343 0.21023370584309475
-7.881942254669725 0.2142857142857153
-7.898562548385556 0.22464063709638893
-7.913194459055823 0.23214285714285765
-7.918495411233422 0.23466186147736057
-7.928571428571432 0.2407562610268581
-7.946586614657945 0.2500000000000009
-7.96039780770599 0.2579565947836411
-7.962925239659264 0.2592686900851868
-7.980038922154951 0.2678571428571441
-8.000000000000004 0.27904941982802
-8.009184463770193 0.28341816977173906
-8.012977245415065 0.2857142857142865
-8.023414668807437 0.2915679529161448
-8.05527088061894 0.3076108512738376
-8.071428571428575 0.31739559124442174
-8.079278821834915 0.32142857142857206
-8.10117796005761 0.33184836712845645
-8.142857142857146 0.3557186745222598
-8.144746983413189 0.35667039700384695
-8.145746372354365 0.35714285714285765
-8.147676132320363 0.358347604508662
-8.191882496710214 0.3806008043938771
-8.21213556392509 0.3928571428571441
-8.214285714285717 0.3940617563310962
-8.235940753606434 0.40530052588410737
-8.2467342675001 0.4107142857142865
-8.258536220820904 0.4175088019376325
-8.272614346674844 0.4252964438115683
-8.279146370527762 0.4285714285714297
-8.281135659548365 0.4297160851129105
-8.285714285714288 0.43224761330102357
-8.31337105185344 0.44642857142857295
-8.328473509431102 0.45359590835651176
-8.346168502512107 0.4642857142857153
-8.35714285714286 0.47042158701939396
-8.373325393731488 0.478097222995701
-8.39855194357072 0.49249512874982404
-8.413211093275732 0.5000000000000018
-8.418516778827588 0.5025136624359625
-8.42857142857143 0.50857818163019
-8.446705658200733 0.5178571428571441
-8.465121326814252 0.526576811153582
-8.480278957730771 0.5357142857142874
-8.500000000000002 0.5467150110127434
-8.509480432948001 0.5512013203344308
-8.524319919458149 0.5596514084359674
-8.5473732027508 0.571428571428573
-8.554683650210665 0.5756148017330496
-8.571428571428573 0.5848322517577094
-8.58015036365817 0.5892857142857153
-8.601849549196546 0.5995376127008649
-8.614491084800923 0.6071428571428585
-8.642857142857144 0.6229327182587259
-8.64571951353424 0.6242844073307277
-8.65021598834815 0.6268397113727531
-8.681627027698795 0.6428571428571441
-8.692938181464239 0.6481940260625132
-8.71377530071454 0.6607142857142874
-8.714285714285715 0.6609980614673532
-8.738637215023857 0.6724835533868951
-8.748772501500513 0.6785714285714306
-8.776966500901626 0.6942416252254073
-8.781259487100563 0.696428571428573
-8.782803310710575 0.6971563151795008
-8.785714285714288 0.6989039199699718
-8.815915892537936 0.7142857142857162
-8.828473423858425 0.7214530726068249
-8.840258471470499 0.7279217607247697
-8.848735322441831 0.7321428571428594
-8.85714285714286 0.7368130757644833
-8.87542655663153 0.7454290751278343
-8.883042569036704 0.7500000000000018
-8.904240738734924 0.7617744703980183
-8.920480589059396 0.769879852735154
-8.92857142857143 0.774735530173766
-8.950135169269288 0.7857142857142883
-8.967419175581703 0.7938594918188633
-8.983600501567393 0.8035714285714306
-9.000000000000004 0.8126828906198114
-9.012124355222202 0.8183974826230243
-9.017173808003172 0.8214285714285738
-9.03121722596245 0.8292328779191855
-9.058046983518858 0.8426311112631462
-9.071428571428575 0.8506681513437346
-9.084135902430383 0.8571428571428594
-9.094022418124752 0.8627913188169032
-9.102593851955072 0.8672086798683782
-9.118223528861417 0.8750000000000018
-9.142857142857146 0.8887072918501024
-9.148604378569443 0.8914203339290703
-9.150994505775415 0.892857142857145
-9.15762543951104 0.8965492170206186
-9.195382898148036 0.915439989748708
-9.214285714285717 0.9268174154676654
-9.217720828146826 0.9285714285714306
-9.2412287535345 0.9396928116163785
-9.252411081643162 0.9464285714285738
-9.283337847564363 0.9636916047482353
-9.284499462575868 0.9642857142857171
-9.284918922912464 0.9644845549861731
-9.285714285714288 0.9649388342704235
-9.332336124505307 0.988344540302247
-9.357037532367158 1.0000000000000027
-9.377506985852941 1.0127661106796255
-9.385923807458662 1.017857142857146
-9.409060904679803 1.030836654741381
-9.41855378678907 1.0357142857142883
-9.422000245519005 1.0373570814773947
-9.42857142857143 1.0411325301241918
-9.468715391536787 1.0613925806872357
-9.485234350078331 1.0714285714285747
-9.500000000000002 1.0797551863020027
-9.513084071048786 1.0860146965235211
-9.533103142266713 1.0975614998523948
-9.55162458603337 1.1071428571428603
-9.558402443872724 1.110399389031823
-9.571428571428573 1.1179469629134466
-9.62147154560411 1.142857142857146
-9.647666137730324 1.1595120369959933
-9.654898844969878 1.1637247112424722
-9.683333558894711 1.1785714285714315
-9.693851651093155 1.1836799443695716
-9.714285714285715 1.1962918486333916
-9.714546849364892 1.1964285714285747
-9.738889644757826 1.2081347316676894
-9.748947998479688 1.214285714285717
-9.776377088039288 1.2298085577241107
-9.780883290357552 1.2321428571428603
-9.782535762292559 1.2329374879982922
-9.818325435008106 1.2500000000000036
-9.829304085139674 1.2569596930007991
-9.857142857142858 1.273125334057858
-9.873713556566354 1.281571610858415
-9.88237757004434 1.2857142857142891
-9.898675995798744 1.2960975703782607
-9.913004803823528 1.3035714285714324
-9.918301123239297 1.3061390049044652
-9.92857142857143 1.3124669269986846
-9.945715827645172 1.3214285714285747
-9.964154736317091 1.3303898873493027
-10.000000000000002 1.3514011524591973
-10.007515062894097 1.355264091419337
-10.010549476797015 1.3571428571428612
-10.018636480179795 1.3618019771878096
-10.053061721075798 1.3795917125881978
-10.071428571428573 1.391027405279619
-10.074892838300174 1.3928571428571468
-10.09779432190091 1.4041228480962058
-10.136150317462397 1.4268947222227455
-10.139304189534041 1.4285714285714324
-10.140346839951237 1.4291990042979092
-10.142857142857146 1.430647337910906
-10.172433889836913 1.4464285714285747
-10.184677104288694 1.4538307239278305
-10.19394593162586 1.4592007686207538
-10.203676243939269 1.464285714285718
-10.214285714285717 1.4705392641015802
-10.229756598977367 1.478275135969949
-10.2358559966348 1.4821428571428612
-10.25160861245436 1.491473581685022
-10.267386305483472 1.5000000000000036
-10.272688686761882 1.5032563997381052
-10.285714285714288 1.5109138721917308
-10.298499215175925 1.5178571428571468
-10.31783930290193 1.5276830314173795
-10.330318278410514 1.53571428571429
-10.35714285714286 1.551878339781509
-10.359367101206685 1.553015367555476
-10.362387822163365 1.5548826698265588
-10.392334463145588 1.5714285714285756
-10.402616197999812 1.577917379071481
-10.416440567817803 1.5862529990973115
-10.422040763967965 1.5892857142857189
-10.42857142857143 1.593239521639843
-10.445697727088978 1.6028612825134738
-10.45378068464658 1.6071428571428612
-10.467186220981198 1.6153463018975618
-10.471510056134047 1.6178775140335153
-10.485017525650289 1.6250000000000044
-10.489353741611477 1.627661564597135
-10.500000000000002 1.6339116709460901
-10.516490117597955 1.6428571428571477
-10.527762148159157 1.6497976798969365
-10.532728256254558 1.6525322216506515
-10.54816317589039 1.66071428571429
-10.571428571428573 1.6746425429882503
-10.576612322717823 1.6772754907491203
-10.578626475389873 1.6785714285714333
-10.583753659649249 1.6816527006266018
-10.62127140806729 1.7018250051260395
-10.640497471753301 1.7142857142857189
-10.642857142857144 1.7157159357866885
-10.664352444525882 1.7267690317256772
-10.6933237908334 1.7447595191369256
-10.703717039600432 1.7500000000000044
-10.706513410671711 1.7519430759035055
-10.714285714285715 1.7568212354702828
-10.7505178426479 1.7766562536237442
-10.76833034950379 1.78571428571429
-10.791572722246718 1.8021068194383254
-10.79916928880847 1.806935179344979
-10.827384711955926 1.8214285714285765
-10.857142857142858 1.8411839160639971
-10.87681446381667 1.8522249554744095
-10.886275934806745 1.857142857142862
-10.901369480260264 1.8681995129222129
-10.917947549578706 1.8776559697481847
-10.946782261634779 1.892857142857146
-10.960074961309632 1.9028384025297376
-10.997529625400828 1.927953834921638
-10.998563739081163 1.9285714285714306
-10.999003608910176 1.9288205263438867
-11. 1.9295302325380375
-11.027963314146906 1.946428571428573
-11.041147964872081 1.9539987230676958
-11.05995297647676 1.9642857142857153
-11.07964547104053 1.9800886322398688
-11.088595274110773 1.9864345328134076
-11.110108275629242 2.