-11.824070479839621 2.
-11.807999985583173 1.9901714256880627
-11.796542684438162 1.9821428571428577
-11.79045991706786 1.9776223023007153
-11.767857142857146 1.9646537427440185
-11.76733490771529 1.9642857142857153
-11.767051599657906 1.9641246056458677
-11.747218643208406 1.9505562713583204
-11.741874781958291 1.946428571428573
-11.729157254821667 1.9386885938214773
-11.718408402285501 1.9285714285714306
-11.707045575771266 1.922876599131464
-11.67857142857143 1.9060000631969896
-11.664202917436226 1.895730845084187
-11.659146550696512 1.892857142857146
-11.649512539112377 1.8870453649653358
-11.632186335401325 1.8750000000000036
-11.623049621374994 1.868247218582149
-11.603366457301156 1.857142857142862
-11.589285714285717 1.8486975028358463
-11.579237653907198 1.841295326361423
-11.568805511252844 1.8351896736791442
-11.548830387460734 1.8214285714285765
-11.538367218004241 1.8137551278277284
-11.520133310330158 1.8035714285714333
-11.500000000000004 1.7915989938740795
-11.49321668203605 1.7870709493070809
-11.491400212049866 1.78571428571429
-11.487015513680511 1.7831173884503917
-11.464666448132524 1.7678571428571477
-11.453035973000787 1.7593928053998482
-11.436068810917108 1.7500000000000044
-11.410714285714288 1.735036499555207
-11.407358160310615 1.7328140822235962
-11.406450847399642 1.7321428571428612
-11.404253384566962 1.7308506769133958
-11.385789395876968 1.7142857142857189
-11.321428571428575 1.6788862070095902
-11.321075138594962 1.6786421151381559
-11.320946140843722 1.6785714285714333
-11.320695470319865 1.6784248083496918
-11.280864799309134 1.6509698972810352
-11.26603241907394 1.6428571428571477
-11.237191720105873 1.6260097725926066
-11.234918696558056 1.624444832116965
-11.215357625962161 1.6071428571428612
-11.19511249859983 1.5966917859943246
-11.16059740700574 1.5749766242582943
-11.155906969941729 1.5714285714285756
-11.153263937737536 1.5693472124524979
-11.142857142857146 1.5629066302622459
-11.114245862996754 1.5414365416863687
-11.104534771873023 1.53571428571429
-11.086171669529978 1.5243771910488562
-11.077035870756484 1.5178571428571468
-11.072092453228832 1.5141529379256662
-11.05357142857143 1.503567087391649
-11.048490210456402 1.5000000000000036
-11.045687814451044 1.4984232771759265
-11.028906416514339 1.4870758595542792
-11.02238042149547 1.4821428571428612
-11.007033533957763 1.4735932932084514
-11.00517339200672 1.4724632498299197
-10.994207546282983 1.464285714285718
-10.98625056595154 1.4598927439525529
-10.964285714285717 1.4466841073013654
-10.963908088169193 1.4464285714285747
-10.963690587117142 1.4463095459948594
-10.943066480515311 1.4328152753255141
-10.937235986607915 1.4285714285714324
-10.922915974495332 1.420297480613355
-10.901085592930997 1.4054971671280914
-10.877514627364524 1.3928571428571468
-10.875000000000004 1.3914248092842474
-10.856742330520518 1.3786515338959004
-10.849881559761274 1.3750000000000036
-10.836154246813042 1.3672308493626115
-10.820624426698721 1.3571428571428612
-10.812791588426318 1.351727396600455
-10.789121093697574 1.339285714285718
-10.785714285714288 1.3373780397629957
-10.767748536021866 1.325021721367059
-10.76087477622642 1.3214285714285747
-10.746972956482026 1.313680305582122
-10.73115167593191 1.3035714285714324
-10.723275621375945 1.298202018581958
-10.699162256500248 1.2857142857142891
-10.696428571428575 1.284202676999879
-10.677836575828962 1.271575541977069
-10.655930429344542 1.2597575144403397
-10.640472229446079 1.2500000000000036
-10.63285215653707 1.2448581401211616
-10.608030250806385 1.2321428571428603
-10.607782977354907 1.2320148331004512
-10.607142857142861 1.2316566490208745
-10.585776988146709 1.2185588880849476
-10.579452803300969 1.214285714285717
-10.563796931474503 1.2056165291520458
-10.542414637160228 1.191517072567958
-10.518552802111364 1.1785714285714315
-10.517857142857146 1.178172567551071
-10.49715530451017 1.1648546533836832
-10.49134974116981 1.1607142857142883
-10.47552449904659 1.1522477569521774
-10.474419888601458 1.1515445937082829
-10.462088909577254 1.142857142857146
-10.454563855053749 1.1376586575606824
-10.428571428571432 1.1234388580023484
-10.409592123507904 1.110938718155566
-10.402302013699666 1.1071428571428603
-10.387439329926966 1.0989164374139673
-10.372252245638855 1.089285714285717
-10.364716091317042 1.0841996388794524
-10.339790552931818 1.0714285714285747
-10.339285714285719 1.0711529908344772
-10.317603219316505 1.0579079275652745
-10.31114828905348 1.0535714285714315
-10.294011879167135 1.0447690527380047
-10.293298560328925 1.0443739977800721
-10.280312106619304 1.0357142857142883
-10.271785988150873 1.031357088084115
-10.250000000000004 1.019360989851024
-10.24756266071495 1.017857142857146
-10.245983299524115 1.0170538027619678
-10.22566985249292 1.0048660295014198
-10.218275781849684 1.0000000000000027
-10.199284518851512 0.9898569037703044
-10.180565714362606 0.9781725714131966
-10.16071428571429 0.9683553322384713
-10.154014429170065 0.9642857142857171
-10.134590525862052 0.9516533233990216
-10.123978554076597 0.9464285714285738
-10.101542880198782 0.9345942903254718
-10.091541677374826 0.9285714285714306
-10.08678434618065 0.9255002736210161
-10.071428571428577 0.9179998596588046
-10.059284631204306 0.9107142857142883
-10.040993065631154 0.8989442440166293
-10.028487008137088 0.892857142857145
-10.001841259079729 0.8789396803873757
-9.995229706891367 0.8750000000000018
-9.992112829545212 0.8730060055195317
-9.982142857142861 0.8681835670489564
-9.963559093587447 0.8571428571428594
-9.946687453168957 0.8463767950804977
-9.90047339870571 0.8229518225982861
-9.897895840334318 0.8214285714285738
-9.896689318452651 0.8206621363094735
-9.892857142857148 0.8188225767788673
-9.866990276310133 0.8035714285714306
-9.849212901548032 0.7948425803096075
-9.848697988781266 0.7945461165294647
-9.83463198210087 0.7857142857142883
-9.803571428571434 0.7697102819681421
-9.801346404588696 0.7683021476536931
-9.798408146613763 0.7668244864656106
-9.769706015047122 0.7500000000000018
-9.756365989049014 0.7415839450473429
-9.73655172126543 0.7321428571428594
-9.714285714285719 0.720721359895852
-9.705948737311205 0.7159531096806191
-9.703273149396248 0.7142857142857162
-9.69561679787954 0.7105519310044803
-9.682144919383116 0.7028567304090929
-9.671815049339093 0.696428571428573
-9.658189923095575 0.6897905868094591
-9.643957323285616 0.6823628932285528
-9.637856659784118 0.6785714285714306
-9.625000000000004 0.6719979804153713
-9.610345058194666 0.6636452740753551
-9.605623480658359 0.6607142857142874
-9.593156598213934 0.6543456053570731
-9.577271562022972 0.6428571428571441
-9.56429361206227 0.6371412775875482
-9.53571428571429 0.6228942445146188
-9.515916191504843 0.6111024759847483
-9.507544079427188 0.6071428571428585
-9.489359485750636 0.5978718971501271
-9.474569555787081 0.5892857142857153
-9.467754755893468 0.585020477392737
-9.446428571428577 0.5749459305060896
-9.440366492788323 0.571428571428573
-9.420205786351882 0.5588159855867696
-9.384949374140104 0.5412755891137362
-9.375356327561487 0.5357142857142874
-9.37094186705777 0.5329544837313058
-9.357142857142861 0.5264436773894596
-9.342326217915058 0.5178571428571441
-9.331914789744417 0.5128115293774558
-9.32179060877232 0.5070704496741101
-9.310336150061191 0.5000000000000018
-9.280014965978955 0.48457442176722054
-9.275816855502809 0.48214285714285854
-9.273886577599265 0.4809369701944348
-9.267857142857148 0.478094281573509
-9.244011329324124 0.4642857142857153
-9.227238671147548 0.4561620199437959
-9.22513904426481 0.454972191147041
-9.211287602377281 0.44642857142857295
-9.178571428571434 0.4297942496839102
-9.176976249805394 0.4288904643246374
-9.17645888115062 0.4285714285714297
-9.175088616236149 0.4278748661043723
-9.131811138581083 0.4022092008552143
-9.111958389680058 0.3928571428571441
-9.089285714285719 0.3813367273892343
-9.081015232499789 0.3766540963571874
-9.078330524826887 0.3750000000000009
-9.07061231039767 0.3712653192223909
-9.05705168906253 0.3635896621874952
-9.04658438716016 0.35714285714285765
-9.035273317471177 0.35008819364862376
-9.000000000000005 0.3325936452222109
-8.985908788282101 0.32424681377215325
-8.97991810263451 0.32142857142857206
-8.96685086682347 0.314798744793265
-8.947410169327563 0.3035714285714288
-8.938490495672086 0.2980161865798703
-8.912311022761953 0.2857142857142865
-8.910714285714292 0.28490518219163885
-8.888417286370437 0.2723165427259149
-8.881154470594478 0.2678571428571441
-8.863652836761545 0.25941228979055087
-8.860592931253825 0.2578328719650509
-8.847822447672893 0.2500000000000009
-8.840083606850376 0.24626899291564097
-8.821428571428577 0.23664969224076504
-8.813598986093627 0.23214285714285765
-8.793744906906454 0.21982244719013977
-8.781915949825823 0.2142857142857153
-8.75596761287581 0.20119352257516177
-8.743874869406108 0.1940821689759229
-8.732142857142863 0.18860816757649168
-8.714629512181723 0.17857142857142883
-8.702105273947751 0.17256391193240628
-8.694419245429625 0.16825900805693372
-8.682010682667606 0.16071428571428648
-8.670474533293847 0.15519080762694681
-8.648603064363348 0.14400632715838313
-8.646707962789803 0.14285714285714324
-8.645762753103725 0.1422760208078282
-8.64285714285715 0.14092958496573083
-8.61487028065751 0.125
-8.59675203904722 0.1163638779048437
-8.594856920044029 0.11539995543737636
-8.581150975689068 0.10714285714285765
-8.553571428571434 0.09341921173813983
-8.548475889583374 0.09030482208332646
-8.546262532869658 0.08928571428571441
-8.54132101785543 0.08683563214251411
-8.519061926230492 0.07142857142857117
-8.501650769990599 0.06395556028759586
-8.46428571428572 0.04599046721831446
-8.451011158632259 0.03836919684497797
-8.445167839852799 0.03571428571428559
-8.431936661874085 0.029244475231958056
-8.402279866707909 0.012401169515562138
-8.375000000000007 0.0001529885271720488
-8.374722575320485 0.