-12.0168904531936 2.
-12.006287467582812 1.9941146363737055
-11.978014702865757 1.9758256308554207
-11.955604494873246 1.9642857142857153
-11.946428571428573 1.959259248693387
-11.930658552398949 1.9495825752344977
-11.926000344631994 1.946428571428573
-11.913082952482135 1.939759447639286
-11.907502569476367 1.936356628961871
-11.895918081825757 1.9285714285714306
-11.886955812236815 1.92260883755264
-11.85714285714286 1.9068272919959846
-11.840427973024081 1.896200119680901
-11.833803319761902 1.892857142857146
-11.82001858311196 1.885432288050966
-11.803060346947085 1.8750000000000036
-11.794848358456212 1.8696017568801908
-11.769886074045495 1.857142857142862
-11.767857142857146 1.856060167962296
-11.74679742136677 1.8434976585837939
-11.740359579461115 1.8392857142857189
-11.722815015574476 1.8304369968851102
-11.722349114527303 1.8301841086197506
-11.708896822675703 1.8214285714285765
-11.700263980601322 1.817090061022598
-11.67857142857143 1.8053637404683869
-11.675609689864762 1.8035714285714333
-11.655256180953051 1.7903773352379657
-11.645757800920064 1.78571428571429
-11.625635807068338 1.775127161413672
-11.60778330737116 1.7641576242400596
-11.589285714285717 1.7551439680855827
-11.580691089991086 1.7500000000000044
-11.574899134829604 1.7471226841087812
-11.559454882215038 1.738109023556997
-11.550098747026967 1.7321428571428612
-11.535692001979067 1.7250044567470484
-11.524901761124669 1.7192660665106514
-11.517064449414942 1.7142857142857189
-11.512995102550915 1.7116866937755368
-11.500000000000004 1.7054125873759114
-11.484849993893718 1.6964285714285765
-11.467137257113126 1.6851439771488081
-11.453486460734704 1.6785714285714333
-11.424182585522047 1.663407945675842
-11.419616788448945 1.66071428571429
-11.4174827176469 1.6593605993277674
-11.39502088485281 1.6428571428571477
-11.372155026820417 1.6327118517787786
-11.321428571428575 1.6072047112743348
-11.321351381660133 1.60715829509655
-11.32131901985669 1.6071428571428612
-11.321250292930587 1.607107201443264
-11.27708184292267 1.5802979171297569
-11.258737880371365 1.5714285714285756
-11.232142857142861 1.5576297859467196
-11.227295746192482 1.5545408507615077
-11.220953797268912 1.5513336165966427
-11.194454714264186 1.53571428571429
-11.182068817673727 1.5278719507509742
-11.161124771936345 1.5178571428571468
-11.142857142857146 1.5084695517587674
-11.131901733940323 1.5021910817833684
-11.128391351277502 1.5000000000000036
-11.11834322924462 1.4950972172774986
-11.107906577893955 1.4891329701354987
-11.096671482478891 1.4821428571428612
-11.084121130564908 1.476032916744166
-11.06656764046335 1.466884956664102
-11.062377465684214 1.464285714285718
-11.05357142857143 1.4597947365147208
-11.037397291826776 1.4496633987775054
-11.03055431971489 1.4464285714285747
-11.015648779373533 1.4388440415889958
-11.001363721502159 1.4285714285714324
-10.989753857801954 1.4234777998681851
-10.964285714285717 1.4108569149767751
-10.941562283603645 1.3974018289935612
-10.931886708570538 1.3928571428571468
-10.910715406755106 1.3821430813510238
-10.898313458779933 1.3750000000000036
-10.892632194330782 1.3714735611338478
-10.875000000000004 1.3632194238818869
-10.864431637157507 1.3571428571428612
-10.84522777860996 1.345240158563727
-10.832488433883434 1.339285714285718
-10.804517422960286 1.3251891988777746
-10.797958712666679 1.3214285714285747
-10.794966304382525 1.3195781676949272
-10.785714285714288 1.3152645533593503
-10.765294999446954 1.3035714285714324
-10.750689976745585 1.2965665667776918
-10.745628420646582 1.293731458727831
-10.732448553928327 1.2857142857142891
-10.697225602122774 1.2680165489959858
-10.69681979984493 1.2677788971738755
-10.696428571428575 1.267597019408253
-10.665610554219988 1.2500000000000036
-10.651284631659735 1.2411716450966281
-10.631848410253404 1.2321428571428603
-10.624564144898603 1.2286585995917116
-10.607142857142861 1.2197548789541086
-10.5999309467834 1.2157280963576094
-10.59755143739323 1.214285714285717
-10.59121590869587 1.2111003245963188
-10.553991863956949 1.1892016272086137
-10.53143985924549 1.1785714285714315
-10.517857142857146 1.1716794562786799
-10.503532366037232 1.1635792410782706
-10.498871932279604 1.1607142857142883
-10.485439508553453 1.1542307588535499
-10.479040845503041 1.1506204023279665
-10.466381092912227 1.142857142857146
-10.457167770477659 1.1371378744759006
-10.428571428571432 1.1230356641575314
-10.40843051541128 1.1111710397748906
-10.399810883922017 1.1071428571428603
-10.380870023308455 1.0976025760902646
-10.366355708993183 1.089285714285717
-10.359735159449025 1.0851958252530558
-10.339285714285719 1.0756708937946717
-10.331870257236696 1.0714285714285747
-10.326556839481816 1.0688827964677943
-10.309746685893211 1.0594792342499328
-10.300018716652218 1.0535714285714315
-10.285276727249883 1.046516083121455
-10.273241830306398 1.0403626517755669
-10.265576571289808 1.0357142857142883
-10.26098243225828 1.0335177992626328
-10.250000000000004 1.0279087449494195
-10.232360415455155 1.017857142857146
-10.219654921174067 1.0117881270919584
-10.21210422276749 1.0075791554465061
-10.199574813519126 1.0000000000000027
-10.16597711010348 0.9831954220206978
-10.163287779525206 0.9816281583806763
-10.16071428571429 0.9804376201193223
-10.132288154636479 0.9642857142857171
-10.11732468782345 0.9551064910067426
-10.098552502999455 0.9464285714285738
-10.071428571428577 0.9328895955777128
-10.065714368896467 0.9297142690778522
-10.06381855918704 0.9285714285714306
-10.058726648650872 0.9260310440158896
-10.031719239111986 0.9107142857142883
-10.019516341834944 0.9032395887758717
-9.99702100902141 0.892857142857145
-9.982142857142861 0.885439716988099
-9.968314733147006 0.8777656247991725
-9.963720481884998 0.8750000000000018
-9.951374045068793 0.8688462375851884
-9.9345944596489 0.8571428571428594
-9.892857142857148 0.8375460607854253
-9.87220998719659 0.8255580025606859
-9.863254958667452 0.8214285714285738
-9.843406733786798 0.8115384896145033
-9.822993282498595 0.7996870577859987
-9.803571428571434 0.7907308481797983
-9.794714440655419 0.7857142857142883
-9.774907120770527 0.7735900044173265
-9.734937269230894 0.7541303109890363
-9.72764715273903 0.7500000000000018
-9.724357570950811 0.7479856286669833
-9.714285714285719 0.7433385970397834
-9.694529667828329 0.7321428571428594
-9.680208383527479 0.7253273909912119
-9.674611507295504 0.7222205556837595
-9.661437267606436 0.7142857142857162
-9.650657492883715 0.7091542157089732
-9.626036421402066 0.6966358557089851
-9.625692407567037 0.696428571428573
-9.62548760847116 0.6963310497343418
-9.625000000000004 0.696083035334059
-9.59413113869761 0.6785714285714306
-9.57685705080865 0.6703428755525591
-9.572323967207636 0.6680362220129572
-9.560184132814468 0.6607142857142874
-9.53571428571429 0.6484925440021971
-9.528786609093205 0.644242678181361
-9.525789521920117 0.6428571428571441
-9.519166354817873 0.6395475566778606
-9.481980062417582 0.6178897018022003
-9.458757872194052 0.6071428571428585
-9.446428571428577 0.6009755836268136
-9.430983608028477 0.5923747069657352
-9.425874338592887 0.5892857142857153
-9.411055229428944 0.5822110458857894
-9.40615843288872 0.5794825991365435
-9.392845762115675 0.571428571428573
-9.384084910071891 0.5660401608427676
-9.357188973988167 0.5535714285714306
-9.357142857142861 0.5535483223053337
-9.335271104212364 0.5400886363003865
-9.325840897230629 0.5357142857142874
-9.305063678313807 0.5252984499484761
-9.292010667287126 0.5178571428571441
-9.286091187766065 0.5142103338753605
-9.267857142857148 0.5057421157813913
-9.257790680310404 0.5000000000000018
-9.250563370457455 0.4965412455200635
-9.236146265100531 0.4884850326941823
-9.225698212189513 0.48214285714285854
-9.21181260792329 0.4754946212724871
-9.197187749785616 0.4680089785285517
-9.191057806861998 0.4642857142857153
-9.187379888158574 0.46252402236828694
-9.178571428571434 0.45801331057379535
-9.15829546076733 0.44642857142857295
-9.143770310740681 0.43946834786242306
-9.138587952048939 0.43656812387592936
-9.125436503813367 0.4285714285714297
-9.090334509869242 0.410924044830991
-9.089800890975328 0.41061125037636437
-9.089285714285719 0.4103713151283772
-9.058669107992376 0.3928571428571441
-9.044321771062446 0.38399278864465547
-9.025018084585419 0.3750000000000009
-9.000000000000005 0.3624135368123289
-8.99306742984012 0.35852937117483474
-8.990789869800018 0.35714285714285765
-8.984204142191697 0.35398368558119575
-8.969027568432406 0.34548020059923523
-8.958852229899849 0.3392857142857153
-8.94468724756726 0.33249112191512253
-8.931043415750054 0.32549439743572517
-8.924363715136465 0.32142857142857206
-8.910714285714292 0.31456362976994257
-8.897272159177414 0.30625985387880394
-8.891500280327742 0.3035714285714288
-8.878807439684717 0.2971900593655139
-8.86256175970142 0.2857142857142865
-8.849607921563448 0.2800784156873126
-8.821428571428577 0.2662534920758661
-8.800740177474756 0.254137678790765
-8.791840458032784 0.2500000000000009
-8.772219585183405 0.24015820275096633
-8.758168353353511 0.23214285714285765
-8.751784345012338 0.22821455956896308
-8.732142857142863 0.2191044576073713
-8.7236842120635 0.2142857142857153
-8.703835049714673 0.2020901329142104
-8.691608902150328 0.19642857142857206
-8.66452654378318 0.18290530875663524
-8.656891918720788 0.17857142857142883
-8.653435101116322 0.17645583691959477
-8.64285714285715 0.1715782337582139
-8.62367470066383 0.16071428571428648
-8.609713646223554 0.15408558638756809
-8.603607695800736 0.15070703226842586
-8.590508895136118 0.14285714285714324
-8.555089144947594 0.12530354327523163
-8.554307410520268 0.12485280361023321
-8.553571428571434 0.1245166322496365
-8.522602959135778 0.10714285714285765
-8.508102271846044 0.09837954563079254
-8.488110242327979 0.08928571428571441
-8.480986518333497 0.08594555347615884
-8.46428571428572 0.07761435640325054
-8.455983265593147 0.07308906116708602
-8.453161426847297 0.07142857142857117
-8.445421825927278 0.06765579375688269
-8.408651803460025 0.046841067879425324
-8.383791061486502 0.03571428571428559
-8.375000000000007 0.03147991460915911
-8.356478525114165 0.021561437834310304
-8.350047837027065 0.01785714285714235
-8.330791180356979 0.00901537892853721
-8.330553852549672 0.008889229490066874
-8.31498334810976 0.