-2.9999999999999996 -10.487298927997328
-2.8999999999999995 -10.190168960791974
-2.8 -9.89462618975492
-2.6999999999999997 -9.601505272193647
-2.5999999999999996 -9.312018236782905
-2.5 -9.027826706956214
-2.4 -8.75105370931117
-2.2999999999999994 -8.48405592532849
-2.1999999999999997 -8.229008526171038
-2.1 -7.9871839142514185
-1.9999999999999996 -7.758416058073957
-1.8999999999999997 -7.541097636519522
-1.7999999999999996 -7.332746059365891
-1.6999999999999997 -7.130775366949526
-1.5999999999999999 -6.933054143921511
-1.4999999999999998 -6.73811927621657
-1.4 -6.545043046926953
-1.2999999999999996 -6.353382149395038
-1.2 -6.16294587132617
-1.0999999999999999 -5.9737773544955965
-0.9999999999999998 -5.786071626147261
-0.8999999999999998 -5.600102716791581
-0.7999999999999997 -5.416425320514638
-0.6999999999999996 -5.235746816517689
-0.5999999999999995 -5.059163466179458
-0.4999999999999999 -4.8879833687110485
-0.3999999999999999 -4.724027524666034
-0.2999999999999998 -4.569493584320983
-0.19999999999999976 -4.427391247497757
-0.09999999999999963 -4.301286210340614
0. -4.195904106927621
0.10000000000000009 -4.117007535679576
0.20000000000000015 -4.072013015214776
0.3000000000000002 -4.069798428260687
0.40000000000000036 -4.121532166713908
0.5 -4.240367583348887
0.6000000000000001 -4.442463742936494
0.7000000000000001 -4.7473238721387885
0.8000000000000002 -5.179487233080572
0.9000000000000002 -5.769832356619839
1. -6.557154489407792