-2.9999999999999996 -9.951737349649465
-2.8999999999999995 -9.653240284446998
-2.8 -9.355570329790599
-2.6999999999999997 -9.05918546706006
-2.5999999999999996 -8.764776226831975
-2.5 -8.473312076424248
-2.4 -8.186225174132845
-2.2999999999999994 -7.90535720175789
-2.1999999999999997 -7.632866338896153
-2.1 -7.370920500547698
-1.9999999999999996 -7.12106354487615
-1.8999999999999997 -6.883584112724205
-1.7999999999999996 -6.657355594292912
-1.6999999999999997 -6.440132483129206
-1.5999999999999999 -6.229384893945427
-1.4999999999999998 -6.02288251876194
-1.4 -5.819023598341744
-1.2999999999999996 -5.616817750572854
-1.2 -5.415745432632823
-1.0999999999999999 -5.2156836307938805
-0.9999999999999998 -5.01669934191129
-0.8999999999999998 -4.818994852568572
-0.7999999999999997 -4.623071012029741
-0.6999999999999996 -4.429651159775796
-0.5999999999999995 -4.239483450459385
-0.4999999999999999 -4.053958146550662
-0.3999999999999999 -3.874827658726031
-0.2999999999999998 -3.7042678379743474
-0.19999999999999976 -3.5452297454643626
-0.09999999999999963 -3.401787802546872
0. -3.2788628538059776
0.10000000000000009 -3.1828817945696932
0.20000000000000015 -3.121775377308829
0.3000000000000002 -3.1049672957740215
0.40000000000000036 -3.14386999032768
0.5 -3.2516243871607986
0.6000000000000001 -3.4441119730492287
0.7000000000000001 -3.740526518995328
0.8000000000000002 -4.165356909868064
0.9000000000000002 -4.749292537732128
1. -5.531209531693596