-2.9999999999999996 -10.098793378289864
-2.8999999999999995 -9.800040847536023
-2.8 -9.50197789276777
-2.6999999999999997 -9.204978644210287
-2.5999999999999996 -8.909619219856141
-2.5 -8.616746040614727
-2.4 -8.327589971927729
-2.2999999999999994 -8.043805791304111
-2.1999999999999997 -7.767464320684155
-2.1 -7.500829404235143
-1.9999999999999996 -7.245831160826224
-1.8999999999999997 -7.003429888371831
-1.7999999999999996 -6.773155508134374
-1.6999999999999997 -6.553206201224466
-1.5999999999999999 -6.341078029074842
-1.4999999999999998 -6.1343364423033755
-1.4 -5.931053533367951
-1.2999999999999996 -5.730015276728464
-1.2 -5.530463727592495
-1.0999999999999999 -5.332157196894581
-0.9999999999999998 -5.1350927288496235
-0.8999999999999998 -4.939488624640542
-0.7999999999999997 -4.745839449943627
-0.6999999999999996 -4.554673531419766
-0.5999999999999995 -4.3669404513696115
-0.4999999999999999 -4.184006541561959
-0.3999999999999999 -4.007491443104992
-0.2999999999999998 -3.839684167033588
-0.19999999999999976 -3.6836602636458036
-0.09999999999999963 -3.5434786465045045
0. -3.42397529543756
0.10000000000000009 -3.331483600926615
0.20000000000000015 -3.2738398786475953
0.3000000000000002 -3.260378846778352
0.40000000000000036 -3.302176130429452
0.5 -3.4123324287162777
0.6000000000000001 -3.6068094426639608
0.7000000000000001 -3.9049402838623535
0.8000000000000002 -4.331247697157007
0.9000000000000002 -4.916892750587772
1. -5.700817225290383