-2.9999999999999996 -8.887330100696483
-2.8999999999999995 -8.674642618138147
-2.8 -8.464300128639374
-2.6999999999999997 -8.254950409849414
-2.5999999999999996 -8.04585628895649
-2.5 -7.836552193986434
-2.4 -7.626783948478018
-2.2999999999999994 -7.416397459308608
-2.1999999999999997 -7.205283651347404
-2.1 -6.993401827266018
-1.9999999999999996 -6.780718482635978
-1.8999999999999997 -6.567328797219104
-1.7999999999999996 -6.353224047814734
-1.6999999999999997 -6.138724771887744
-1.5999999999999999 -5.923955555492878
-1.4999999999999998 -5.709171998412695
-1.4 -5.494695990091345
-1.2999999999999996 -5.281031887838174
-1.2 -5.068896259356207
-1.0999999999999999 -4.858899915049054
-0.9999999999999998 -4.651884095579288
-0.8999999999999998 -4.448443288865609
-0.7999999999999997 -4.249140945226986
-0.6999999999999996 -4.0543488482148
-0.5999999999999995 -3.864516547865874
-0.4999999999999999 -3.6800699911979717
-0.3999999999999999 -3.5018413762557237
-0.2999999999999998 -3.3312016798409756
-0.19999999999999976 -3.170279545440545
-0.09999999999999963 -3.022217178860342
0. -2.891542406237253
0.10000000000000009 -2.7843526796909104
0.20000000000000015 -2.708534444321577
0.3000000000000002 -2.673855833889341
0.40000000000000036 -2.69178419949575
0.5 -2.775368545273336
0.6000000000000001 -2.939440668822463
0.7000000000000001 -3.2015821873615646
0.8000000000000002 -3.583811981079825
0.9000000000000002 -4.114495750123158
1. -4.830218363281644