-2.9999999999999996 -8.708670163385436
-2.8999999999999995 -8.497478096058307
-2.8 -8.287765353092386
-2.6999999999999997 -8.078569638544776
-2.5999999999999996 -7.8693248622423795
-2.5 -7.659682837956999
-2.4 -7.449508733982037
-2.2999999999999994 -7.238630215670692
-2.1999999999999997 -7.026977648971006
-2.1 -6.814478284310458
-1.9999999999999996 -6.601252067346088
-1.8999999999999997 -6.38731572008211
-1.7999999999999996 -6.172742186658736
-1.6999999999999997 -5.957837570814935
-1.5999999999999999 -5.742725054348617
-1.4999999999999998 -5.527729750360688
-1.4 -5.313317234153151
-1.2999999999999996 -5.099950821111627
-1.2 -4.888357189769375
-1.0999999999999999 -4.679330546204036
-0.9999999999999998 -4.473350335220177
-0.8999999999999998 -4.271259494715001
-0.7999999999999997 -4.073019095994888
-0.6999999999999996 -3.8792379509817674
-0.5999999999999995 -3.6900454517566943
-0.4999999999999999 -3.5060310193557633
-0.3999999999999999 -3.327981963325411
-0.2999999999999998 -3.1571916519109138
-0.19999999999999976 -2.9959426533189304
-0.09999999999999963 -2.847457964444414
0. -2.7162635924662912
0.10000000000000009 -2.6084582637979823
0.20000000000000015 -2.531924587264311
0.3000000000000002 -2.4963942540770465
0.40000000000000036 -2.5133062480117045
0.5 -2.595703078518955
0.6000000000000001 -2.758393527522829
0.7000000000000001 -3.0189476870705154
0.8000000000000002 -3.3993721222946407
0.9000000000000002 -3.9280298607729502
1. -4.641529578344006