-2.9999999999999996 -8.957911505792428
-2.8999999999999995 -8.662324806473682
-2.8 -8.369137282421246
-2.6999999999999997 -8.07951805706959
-2.5999999999999996 -7.795089420860121
-2.5 -7.517829940508128
-2.4 -7.249922594839564
-2.2999999999999994 -6.993168243895154
-2.1999999999999997 -6.7484660074175125
-2.1 -6.515236232417155
-1.9999999999999996 -6.291649693448835
-1.8999999999999997 -6.075189648781556
-1.7999999999999996 -5.863428669215888
-1.6999999999999997 -5.654482074314654
-1.5999999999999999 -5.447051292098579
-1.4999999999999998 -5.2404076150202
-1.4 -5.034152094559883
-1.2999999999999996 -4.828166917058337
-1.2 -4.622424690290053
-1.0999999999999999 -4.417030994697554
-0.9999999999999998 -4.212336183392566
-0.8999999999999998 -4.008639209570174
-0.7999999999999997 -3.8063481169516624
-0.6999999999999996 -3.6062990810423887
-0.5999999999999995 -3.409402102938439
-0.4999999999999999 -3.216831937010677
-0.3999999999999999 -3.030439301100015
-0.2999999999999998 -2.8523679670059217
-0.19999999999999976 -2.685628227373283
-0.09999999999999963 -2.5343547069448595
0. -2.403617201293767
0.10000000000000009 -2.2999882660199913
0.20000000000000015 -2.2316223415581984
0.3000000000000002 -2.2082799719404558
0.40000000000000036 -2.2413316606690357
0.5 -2.344066882742805
0.6000000000000001 -2.5320366540057466
0.7000000000000001 -2.823798027029986
0.8000000000000002 -3.2429287819421564
0.9000000000000002 -3.819428418486094
1. -4.591036369861368