-2.9999999999999996 -10.48661710388347
-2.8999999999999995 -10.189951674738795
-2.8 -9.895123343579524
-2.6999999999999997 -9.603087145764322
-2.5999999999999996 -9.31519990590521
-2.5 -9.03329421711092
-2.4 -8.75959445264079
-2.2999999999999994 -8.496478073784386
-2.1999999999999997 -8.245874124338963
-2.1 -8.008587734833917
-1.9999999999999996 -7.7839381097931035
-1.8999999999999997 -7.569912898945197
-1.7999999999999996 -7.3639068613896175
-1.6999999999999997 -7.16344122718932
-1.5999999999999999 -6.966608416294
-1.4999999999999998 -6.77210875675397
-1.4 -6.579255480619388
-1.2999999999999996 -6.387633129272894
-1.2 -6.197121797757483
-1.0999999999999999 -6.007822771657158
-0.9999999999999998 -5.819893590463219
-0.8999999999999998 -5.6336732955912225
-0.7999999999999997 -5.449743419896315
-0.6999999999999996 -5.2688377995416
-0.5999999999999995 -5.091948213523146
-0.4999999999999999 -4.9204753951632245
-0.3999999999999999 -4.756139399326319
-0.2999999999999998 -4.601237292071113
-0.19999999999999976 -4.458505308759032
-0.09999999999999963 -4.33173708532651
0. -4.2253577740902495
0.10000000000000009 -4.145287115273069
0.20000000000000015 -4.098928611004078
0.3000000000000002 -4.095362364940802
0.40000000000000036 -4.145772947230915
0.5 -4.263474971375025
0.6000000000000001 -4.464617177563871
0.7000000000000001 -4.768585307865324
0.8000000000000002 -5.1998130046155095
0.9000000000000002 -5.789066183676264
1. -6.574907320561618