-2.9999999999999996 -10.410779117074773
-2.8999999999999995 -10.111911694822322
-2.8 -9.813657456404178
-2.6999999999999997 -9.516365910710732
-2.5999999999999996 -9.220553192420349
-2.5 -8.927003100565154
-2.4 -8.636851221783497
-2.2999999999999994 -8.351667908930608
-2.1999999999999997 -8.073494467439886
-2.1 -7.8046517313703205
-1.9999999999999996 -7.547350861529375
-1.8999999999999997 -7.3030378004356145
-1.7999999999999996 -7.071794080865278
-1.6999999999999997 -6.852221975217288
-1.5999999999999999 -6.64194824325905
-1.4999999999999998 -6.438418997429007
-1.4 -6.239450227922513
-1.2999999999999996 -6.043566729792196
-1.2 -5.849902003842719
-1.0999999999999999 -5.657989868608641
-0.9999999999999998 -5.4678295831062975
-0.8999999999999998 -5.2795580000751485
-0.7999999999999997 -5.093676830810389
-0.6999999999999996 -4.910721006652953
-0.5999999999999995 -4.7316647839207615
-0.4999999999999999 -4.557851738262331
-0.3999999999999999 -4.391077348721756
-0.2999999999999998 -4.233672966089824
-0.19999999999999976 -4.088703440454442
-0.09999999999999963 -3.9604129822714293
0. -3.853545295666457
0.10000000000000009 -3.774350306973508
0.20000000000000015 -3.730103750288919
0.3000000000000002 -3.729547715643146
0.40000000000000036 -3.783130681624742
0.5 -3.903711823551324
0.6000000000000001 -4.106874521936413
0.7000000000000001 -4.412320961747708
0.8000000000000002 -4.845131409134276
0.9000000000000002 -5.436719053963712
1. -6.22684117375818