-2.9999999999999996 -10.256273125855008
-2.8999999999999995 -9.958084610609538
-2.8 -9.660894442615243
-2.6999999999999997 -9.36525483494766
-2.5999999999999996 -9.071967625005424
-2.5 -8.782212618547254
-2.4 -8.497599433841454
-2.2999999999999994 -8.220179522716961
-2.1999999999999997 -7.952223784128907
-2.1 -7.695811519042422
-1.9999999999999996 -7.4521257248315145
-1.8999999999999997 -7.220932219547356
-1.7999999999999996 -7.000615822158326
-1.6999999999999997 -6.788706166017383
-1.5999999999999999 -6.582661219959901
-1.4999999999999998 -6.380427096834161
-1.4 -6.180610744982992
-1.2999999999999996 -5.982336974209796
-1.2 -5.785222713876621
-1.0999999999999999 -5.58914233809859
-0.9999999999999998 -5.394260022729908
-0.8999999999999998 -5.200759177216176
-0.7999999999999997 -5.009120910549377
-0.6999999999999996 -4.820059208286906
-0.5999999999999995 -4.634456704852653
-0.4999999999999999 -4.453579089459435
-0.3999999999999999 -4.2791849921143585
-0.2999999999999998 -4.113552983477428
-0.19999999999999976 -3.9596256690608866
-0.09999999999999963 -3.8212821516762836
0. -3.7034965213143116
0.10000000000000009 -3.6124677381103054
0.20000000000000015 -3.5558769118458886
0.3000000000000002 -3.5432497330456427
0.40000000000000036 -3.585739360036463
0.5 -3.69645340220766
0.6000000000000001 -3.8914487904188455
0.7000000000000001 -4.190059828217841
0.8000000000000002 -4.616599383726434
0.9000000000000002 -5.201989414256368
1. -5.985000579258874