-2.9999999999999996 -10.48592644697502
-2.8999999999999995 -10.188211847488988
-2.8 -9.891758909213214
-2.6999999999999997 -9.59725377559471
-2.5999999999999996 -9.305693304682954
-2.5 -9.018493194611786
-2.4 -8.737552422549825
-2.2999999999999994 -8.465137899345358
-2.1999999999999997 -8.20360269352515
-2.1 -7.95477685140069
-1.9999999999999996 -7.7193188651830145
-1.8999999999999997 -7.496328981186168
-1.7999999999999996 -7.283719439820461
-1.6999999999999997 -7.078855818079242
-1.5999999999999999 -6.8793349121520935
-1.4999999999999998 -6.683344402354225
-1.4 -6.4897237057151616
-1.2999999999999996 -6.29780101867945
-1.2 -6.107306567675247
-1.0999999999999999 -5.918182787045557
-0.9999999999999998 -5.73060405267529
-0.8999999999999998 -5.544846292069935
-0.7999999999999997 -5.361387946084944
-0.6999999999999996 -5.180998822476349
-0.5999999999999995 -5.0046903684330415
-0.4999999999999999 -4.833807984438587
-0.3999999999999999 -4.67015501270627
-0.2999999999999998 -4.516058562430803
-0.19999999999999976 -4.374493519909555
-0.09999999999999963 -4.249244432604253
0. -4.145086905292705
0.10000000000000009 -4.067741849603641
0.20000000000000015 -4.024565001759287
0.3000000000000002 -4.024250473645423
0.40000000000000036 -4.077848979744532
0.5 -4.198293210094524
0.6000000000000001 -4.401849811487078
0.7000000000000001 -4.70790989572994
0.8000000000000002 -5.141269001744309
0.9000000000000002 -5.733028171192898
1. -6.52223791319802