-2.9999999999999996 -10.470847657029978
-2.8999999999999995 -10.17153015760245
-2.8 -9.872568189573318
-2.6999999999999997 -9.574172121041043
-2.5999999999999996 -9.276643290287973
-2.5 -8.9804528527013
-2.4 -8.686311133893254
-2.2999999999999994 -8.395257672571645
-2.1999999999999997 -8.108761169533722
-2.1 -7.828757701469736
-1.9999999999999996 -7.557563271620444
-1.8999999999999997 -7.297521323578326
-1.7999999999999996 -7.0504027672403495
-1.6999999999999997 -6.816751059810199
-1.5999999999999999 -6.59560096694612
-1.4999999999999998 -6.384798987088841
-1.4 -6.181796781736429
-1.2999999999999996 -5.9843277441875475
-1.2 -5.790743999980065
-1.0999999999999999 -5.600079170294065
-0.9999999999999998 -5.411951343693767
-0.8999999999999998 -5.226268035777817
-0.7999999999999997 -5.043413399191824
-0.6999999999999996 -4.863979643586441
-0.5999999999999995 -4.688921584253089
-0.4999999999999999 -4.519526365589183
-0.3999999999999999 -4.35763499140312
-0.2999999999999998 -4.2057466753677115
-0.19999999999999976 -4.067226176019212
-0.09999999999999963 -3.9462228612981467
0. -3.848078935840109
0.10000000000000009 -3.779083034344229
0.20000000000000015 -3.746521032974826
0.3000000000000002 -3.758617478722999
0.40000000000000036 -3.8250663558672424
0.5 -3.9575999991395507
0.6000000000000001 -4.171257283413738
0.7000000000000001 -4.485461133224499
0.8000000000000002 -4.92542889299765
0.9000000000000002 -5.523608178516638
1. -6.320372148340238