-2.9999999999999996 -10.213709582005974
-2.8999999999999995 -9.947523019342627
-2.8 -9.693000347570031
-2.6999999999999997 -9.450975469396294
-2.5999999999999996 -9.2208165660614
-2.5 -9.000574604414382
-2.4 -8.787672303088609
-2.2999999999999994 -8.579579475671405
-2.1999999999999997 -8.374348904041819
-2.1 -8.170595885756752
-1.9999999999999996 -7.967461346901182
-1.8999999999999997 -7.764500508185241
-1.7999999999999996 -7.5613851249424755
-1.6999999999999997 -7.358047715698959
-1.5999999999999999 -7.154317141100131
-1.4999999999999998 -6.950233372504143
-1.4 -6.745883971215769
-1.2999999999999996 -6.541412339514308
-1.2 -6.33700490055858
-1.0999999999999999 -6.13295682820164
-0.9999999999999998 -5.929673524004503
-0.8999999999999998 -5.72764851511589
-0.7999999999999997 -5.527553484147433
-0.6999999999999996 -5.330168000830301
-0.5999999999999995 -5.136762820363921
-0.4999999999999999 -4.948446204559835
-0.3999999999999999 -4.767188497948863
-0.2999999999999998 -4.595041987286383
-0.19999999999999976 -4.43466708486169
-0.09999999999999963 -4.289455044642105
0. -4.1637022198816425
0.10000000000000009 -4.063603501641106
0.20000000000000015 -3.996692123796728
0.3000000000000002 -3.9727145666735804
0.40000000000000036 -4.0031399921709445
0.5 -4.101282273568499
0.6000000000000001 -4.282335014258668
0.7000000000000001 -4.564400809240447
0.8000000000000002 -4.970124378670672
0.9000000000000002 -5.5283791544199135
1. -6.275949879754043