-2.9999999999999996 -7.198047212700494
-2.9499999999999997 -7.099356680256744
-2.8999999999999995 -7.000264182265178
-2.8499999999999996 -6.901008685757144
-2.8 -6.801753660990315
-2.75 -6.702120781441155
-2.6999999999999997 -6.602180120050915
-2.6499999999999995 -6.5023740108810575
-2.5999999999999996 -6.402708464743531
-2.5499999999999994 -6.303017229171015
-2.5 -6.203257562932998
-2.45 -6.1034765198414735
-2.4 -6.00366185319432
-2.3499999999999996 -5.903803805453316
-2.2999999999999994 -5.803941596646786
-2.2499999999999996 -5.7040422586669095
-2.1999999999999997 -5.60412194178006
-2.15 -5.504177999807663
-2.1 -5.404040061850882
-2.05 -5.303558215422912
-1.9999999999999996 -5.202482953721621
-1.9499999999999997 -5.101589985174467
-1.8999999999999997 -4.999361939133849
-1.8499999999999999 -4.89616562642916
-1.7999999999999996 -4.791936847616443
-1.75 -4.687149242859319
-1.6999999999999997 -4.582279165725957
-1.6499999999999997 -4.478320359120529
-1.5999999999999999 -4.375703709166406
-1.5499999999999996 -4.274818894223525
-1.4999999999999998 -4.175823355291229
-1.4499999999999997 -4.078241174365183
-1.4 -3.9818991352984994
-1.3499999999999996 -3.886045172809532
-1.2999999999999996 -3.7904320422811795
-1.25 -3.6943243978668088
-1.2 -3.5972093743690747
-1.1499999999999997 -3.498996454056632
-1.0999999999999999 -3.3988378335166387
-1.0499999999999998 -3.296459756654851
-0.9999999999999998 -3.1912826245882115
-0.9499999999999996 -3.081815638704166
-0.8999999999999998 -2.9588501884225598
-0.8500000000000001 -2.854844791327995
-0.7999999999999997 -2.8020147962457025
-0.7499999999999999 -2.828221450039036
-0.6999999999999996 -2.9410236540639407
-0.6499999999999998 -3.116117481645469
-0.5999999999999995 -3.4054840378643254
-0.5499999999999998 -3.804062657455802
-0.4999999999999999 -4.256859286910315
-0.4499999999999996 -4.746345008408575
-0.3999999999999999 -5.251120308682247
-0.34999999999999964 -5.762457982248223
-0.2999999999999998 -6.280706973895975
-0.25 -6.796603189697991
-0.19999999999999976 -7.3115847487912795
-0.1499999999999999 -7.823757006604657
-0.09999999999999963 -8.337117580618786
-0.049999999999999815 -8.850029514215528
0. -9.362579636961183