-2.9999999999999996 -7.816461840016693
-2.9499999999999997 -7.71665682874914
-2.8999999999999995 -7.616319411387085
-2.8499999999999996 -7.515955787643534
-2.8 -7.416295012662387
-2.75 -7.3158351472439485
-2.6999999999999997 -7.214348764840876
-2.6499999999999995 -7.113777996017625
-2.5999999999999996 -7.014229427404266
-2.5499999999999994 -6.914652968806197
-2.5 -6.815012063292662
-2.45 -6.715344415565725
-2.4 -6.615650320184229
-2.3499999999999996 -6.515904262513765
-2.2999999999999994 -6.416164312145532
-2.2499999999999996 -6.316375685999301
-2.1999999999999997 -6.216576352700069
-2.15 -6.116744810005005
-2.1 -6.016463040176036
-2.05 -5.9149796991740065
-1.9999999999999996 -5.8129001971610235
-1.9499999999999997 -5.711085288937142
-1.8999999999999997 -5.607170184636291
-1.8499999999999999 -5.501407839269296
-1.7999999999999996 -5.393601621146413
-1.75 -5.284402587330306
-1.6999999999999997 -5.174241059476993
-1.6499999999999997 -5.0643225508734036
-1.5999999999999999 -4.955261977906356
-1.5499999999999996 -4.847349009712321
-1.4999999999999998 -4.740428340806096
-1.4499999999999997 -4.6342898478458165
-1.4 -4.529039759473363
-1.3499999999999996 -4.423896438544719
-1.2999999999999996 -4.3193253479896665
-1.25 -4.214315516395467
-1.2 -4.1089329708128
-1.1499999999999997 -4.00280703272472
-1.0999999999999999 -3.895090045862835
-1.0499999999999998 -3.784799331555486
-0.9999999999999998 -3.6707276810727634
-0.9499999999999996 -3.548970022668144
-0.8999999999999998 -3.408738148182119
-0.8500000000000001 -3.27297289357965
-0.7999999999999997 -3.1610327139445893
-0.7499999999999999 -3.0802633708158913
-0.6999999999999996 -3.0314442245821076
-0.6499999999999998 -2.9977088307882904
-0.5999999999999995 -3.02407019522553
-0.5499999999999998 -3.1460615173922912
-0.4999999999999999 -3.365273683686359
-0.4499999999999996 -3.6863257489961914
-0.3999999999999999 -4.085094087427356
-0.34999999999999964 -4.53411465684582
-0.2999999999999998 -5.015750547332052
-0.25 -5.50982482383564
-0.19999999999999976 -6.011496588608688
-0.1499999999999999 -6.513885688860608
-0.09999999999999963 -7.020044401225987
-0.049999999999999815 -7.5275820143076535
0. -8.035877026779369