-2.9999999999999996 -7.826441979681151
-2.9499999999999997 -7.726602890668997
-2.8999999999999995 -7.626227513450716
-2.8499999999999996 -7.52583019508568
-2.8 -7.4261571046721455
-2.75 -7.32567217504564
-2.6999999999999997 -7.224139076720097
-2.6499999999999995 -7.123545261037802
-2.5999999999999996 -7.024000215422488
-2.5499999999999994 -6.924427214499491
-2.5 -6.824789887664133
-2.45 -6.725125657881179
-2.4 -6.625435197750658
-2.3499999999999996 -6.525692517545863
-2.2999999999999994 -6.425956255361502
-2.2499999999999996 -6.326170970027883
-2.1999999999999997 -6.226375288557843
-2.15 -6.12654713964854
-2.1 -6.026261027918995
-2.05 -5.924747493083991
-1.9999999999999996 -5.822637787360008
-1.9499999999999997 -5.72079521608027
-1.8999999999999997 -5.6168296481496744
-1.8499999999999999 -5.5109909369075405
-1.7999999999999996 -5.403079035255228
-1.75 -5.293750933122421
-1.6999999999999997 -5.183436411505153
-1.6499999999999997 -5.073347985455804
-1.5999999999999999 -4.964106618399684
-1.5499999999999996 -4.856000092245442
-1.4999999999999998 -4.748865992012188
-1.4499999999999997 -4.64250367253193
-1.4 -4.537029887266575
-1.3499999999999996 -4.431667547904403
-1.2999999999999996 -4.326910066919307
-1.25 -4.22175899255685
-1.2 -4.116334196907718
-1.1499999999999997 -4.010339419678236
-1.0999999999999999 -3.9030939840357886
-1.0499999999999998 -3.7939439670074004
-0.9999999999999998 -3.6823889139628756
-0.9499999999999996 -3.5660026086229717
-0.8999999999999998 -3.4375893722903115
-0.8500000000000001 -3.327689665717287
-0.7999999999999997 -3.271925845365161
-0.7499999999999999 -3.3038433985793954
-0.6999999999999996 -3.443872637296304
-0.6499999999999998 -3.67866169198585
-0.5999999999999995 -4.0274111176151814
-0.5499999999999998 -4.466344761564799
-0.4999999999999999 -4.941378141256894
-0.4499999999999996 -5.437642767241572
-0.3999999999999999 -5.9414804022407175
-0.34999999999999964 -6.4480817843248905
-0.2999999999999998 -6.959573736769205
-0.25 -7.468660333185842
-0.19999999999999976 -7.977769551867823
-0.1499999999999999 -8.483789095382045
-0.09999999999999963 -8.991698011533924
-0.049999999999999815 -9.500063467239503
0. -10.008735088427931