-8.059219138478557 0.
-8.074094807023542 0.00660961002386351
-8.093114412887378 0.01785714285714235
-8.107142857142863 0.025575417898150654
-8.122790363391626 0.03258478446453328
-8.128042574763825 0.03571428571428559
-8.139842702349968 0.04225425475570699
-8.163014495312034 0.053571428571428825
-8.173229869379862 0.05821116898117129
-8.195130901144074 0.07142857142857117
-8.196428571428577 0.07215671324414608
-8.22250582976918 0.08407026261759398
-8.231100943637497 0.08928571428571441
-8.250148728320848 0.10002974566416878
-8.264478129317745 0.10714285714285765
-8.27090017902218 0.11010567848127994
-8.285714285714292 0.1187350696387579
-8.32079753671416 0.13584049265716924
-8.332213711755703 0.14285714285714324
-8.34282146610762 0.1492928496356205
-8.356699040006566 0.15705409371559842
-8.364338168676536 0.16071428571428648
-8.366974116827553 0.16231946234877714
-8.375000000000007 0.166821800799676
-8.398334327732929 0.17857142857142883
-8.418090053773826 0.18781056067380852
-8.462316861322467 0.2138919436930644
-8.46309510102847 0.2142857142857153
-8.46338756870792 0.2144653434012751
-8.46428571428572 0.2149727450454595
-8.48823924571176 0.2273521508576497
-8.498154416196504 0.23214285714285765
-8.51468041685417 0.23992105948631082
-8.53083932497036 0.2500000000000009
-8.553571428571434 0.2631622801349556
-8.560563815709434 0.26645866542954444
-8.567663226431963 0.27067550242925
-8.597194836570925 0.2857142857142865
-8.608352034184392 0.29261530744883757
-8.619364470233156 0.29887289404663075
-8.629041877808733 0.3035714285714288
-8.64285714285715 0.311599659706256
-8.65745890465115 0.31850821906977167
-8.66211823656102 0.32142857142857206
-8.672212229462637 0.32729958874966947
-8.695681585415667 0.3392857142857153
-8.706502499481731 0.3444137858179417
-8.726780645794404 0.35714285714285765
-8.732142857142863 0.3602660851584787
-8.753996162357591 0.3706293389570554
-8.760954555117547 0.3750000000000009
-8.77600803165608 0.38377303490264403
-8.79376241929959 0.3928571428571441
-8.801963170255453 0.396750223091769
-8.821428571428577 0.40838462662391617
-8.850258335473406 0.4228054757624635
-8.863317749359942 0.4285714285714297
-8.87923758581487 0.440133231448689
-8.89152617740011 0.44642857142857295
-8.89720894356682 0.4491296398580671
-8.910714285714292 0.45763053407160026
-8.92370074990038 0.4642857142857153
-8.929842294309132 0.46811131600468325
-8.943961947012845 0.4754933248831472
-8.957592241900985 0.48214285714285854
-8.967895688160231 0.4885637195108137
-8.981387504589623 0.4962775009179259
-8.989015486771898 0.5000000000000018
-8.991683385977415 0.5016633228045198
-9.000000000000005 0.5064201265004513
-9.022293718012783 0.5178571428571441
-9.042112182933067 0.5272918491276748
-9.055473597667277 0.5357142857142874
-9.084292123299813 0.5525727103742497
-9.087138450806588 0.5540008812672568
-9.089285714285719 0.5553556774985893
-9.120573674024115 0.571428571428573
-9.134636311513425 0.5802155948401744
-9.13539504971026 0.580650438513481
-9.153053396744205 0.5892857142857153
-9.178571428571434 0.6042405375627133
-9.182577160557628 0.6063417107456202
-9.184214474613805 0.6071428571428585
-9.186864762377827 0.6088015239041376
-9.206922079038074 0.6193298699066743
-9.218502766582835 0.6250000000000018
-9.230446752003129 0.6324820781708054
-9.238173483727664 0.6369204110312472
-9.250289921044473 0.6428571428571441
-9.267857142857148 0.6531789624103173
-9.278965036503097 0.658492706985097
-9.282473423777235 0.6607142857142874
-9.290003771799075 0.665143611502673
-9.31602390477149 0.6785714285714306
-9.328127327766737 0.684374534446655
-9.347123473124624 0.696428571428573
-9.357142857142861 0.7023368530341703
-9.374712328792524 0.7107718199557835
-9.380243214809745 0.7142857142857162
-9.390971416806305 0.7210514262184056
-9.396910700985453 0.7241892883743413
-9.413060996511689 0.7321428571428594
-9.421084008908622 0.7372117696468496
-9.441464557594237 0.7490071972331336
-9.443477724461887 0.7500000000000018
-9.446428571428577 0.7517486163699925
-9.470032391987578 0.7631363787453447
-9.493175524578795 0.7772065334871892
-9.509518357992953 0.7857142857142883
-9.517172712954691 0.7894226002662075
-9.53571428571429 0.8013021044568518
-9.540064725661571 0.8035714285714306
-9.542052623052001 0.8048390960389726
-9.562946408539114 0.8159821468636084
-9.573912766807963 0.8214285714285738
-9.58608277712707 0.8292120160031615
-9.59203089936848 0.8326918941594128
-9.605278263181756 0.8392857142857171
-9.609964960079497 0.8422927222698187
-9.625000000000004 0.851113542038413
-9.636474560881497 0.8571428571428594
-9.659034826085747 0.8681930347828537
-9.66955165378269 0.8750000000000018
-9.691626732854143 0.8883253465708298
-9.700199413781448 0.892857142857145
-9.704263089150608 0.8948616678841672
-9.714285714285719 0.901098688130185
-9.752489853475973 0.9209306007333797
-9.764174313961343 0.9285714285714306
-9.773389530621204 0.9346078081614762
-9.78794310963215 0.9433029076407164
-9.794110862083503 0.9464285714285738
-9.796314799120456 0.9478798973187699
-9.803571428571434 0.9522354859267468
-9.826015176602615 0.9642857142857171
-9.845050487915653 0.9738470452740158
-9.883263382667046 0.9980812479619825
-9.88680195394847 1.0000000000000027
-9.888192443235614 1.0009329399243097
-9.892857142857148 1.0037788756067059
-9.918675919404457 1.017857142857146
-9.929526878232577 1.0251910899322318
-9.933722822231458 1.0275411498394265
-9.94947844857403 1.0357142857142883
-9.956891462913077 1.040764564560245
-9.975435848684306 1.0522300268797204
-9.978006506552102 1.0535714285714315
-9.978938981524992 1.0542122036950055
-9.982142857142861 1.0562079830323858
-10.009511350145756 1.0714285714285747
-10.026632533592549 1.0803877789957799
-10.039558457987866 1.089285714285717
-10.065159744391014 1.1058890917353477
-10.067378093076318 1.1071428571428603
-10.06848296283463 1.1077319788616498
-10.071428571428577 1.1097955867129876
-10.098084590467275 1.1250000000000036
-10.115035785813193 1.1341356999802228
-10.12736061938055 1.142857142857146
-10.13455733219882 1.14808853356024
-10.150844621844879 1.1587403529404057
-10.154450848619588 1.1607142857142883
-10.155786957041704 1.1616997514488059
-10.16071428571429 1.1649628545694437
-10.183801297288701 1.1785714285714315
-10.201221257383382 1.1883271770947559
-10.21226503025027 1.1964285714285747
-10.235350839661299 1.2113558822179762
-10.240549346347875 1.214285714285717
-10.243179696193296 1.2156497750470585
-10.250000000000004 1.2203055797834779
-10.271297956734706 1.2321428571428603
-10.27999582935838 1.238142023014536
-10.287612979824438 1.2424774040351174
-10.30193054538346 1.2500000000000036
-10.310306901589572 1.2557957625392326
-10.325030270655656 1.265006054131133
-10.330443749612687 1.267857142857146
-10.332420969182735 1.269230091877743
-10.339285714285719 1.2735377795929947
-10.361019279877185 1.2857142857142891
-10.379656173584445 1.295497336711687
-10.391349790874434 1.3035714285714324
-10.414627313461684 1.3186397484066257
-10.419570525351233 1.3214285714285747
-10.422038929001483 1.3227350713425645
-10.428571428571432 1.32709609899217
-10.46836966704633 1.3491832094478813
-10.479755765947312 1.3571428571428612
-10.488111145198234 1.3630920566746436
-10.501610958308545 1.371750763090283
-10.50765024290274 1.3750000000000036
-10.509876891553263 1.3765960502607797
-10.517857142857146 1.3817443275787333
-10.53717804220557 1.3928571428571468
-10.55604960001698 1.4030757942823229
-10.587620975492348 1.4246670522413298
-10.594322990995451 1.4285714285714324
-10.597065988012417 1.4305868023975208
-10.607142857142861 1.4372283249233462
-10.622816401559348 1.4464285714285747
-10.628597385479537 1.4507194770959098
-10.6401173034769 1.4576908250189096
-10.652005757069478 1.464285714285718
-10.661353712955586 1.4713006859803164
-10.669475694637445 1.476752281784635
-10.679115554421854 1.4821428571428612
-10.682724034798257 1.4848837644689246
-10.696428571428575 1.4941787538268638
-10.706078833956338 1.5000000000000036
-10.72669235601311 1.5118043859402395
-10.734770512390755 1.5178571428571468
-10.749727660299532 1.5285169606313387
-10.761387083336745 1.53571428571429
-10.76755818721894 1.5393455054133591
-10.785714285714288 1.5533014079945664
-10.786145748558395 1.5535714285714324
-10.808415024182993 1.5668884237348344
-10.81423198022752 1.5714285714285756
-10.824643183931565 1.5792143510720313
-10.84907891471827 1.594469931342065
-10.865620885783557 1.6071428571428612
-10.875000000000004 1.6134111832544642
-10.890573528683872 1.6218852942632305
-10.90344855460596 1.630689710921196
-10.924384577739978 1.6428571428571477
-10.935112125486626 1.6486918606169656
-10.951953583127887 1.66071428571429
-10.964285714285717 1.6689543929975308
-10.97639049822766 1.6761504717830444
-10.980832301558092 1.6785714285714333
-10.987102973423392 1.6831348803989687
-10.99808990982027 1.6896677323216656
-11.010491696749197 1.6964285714285765
-11.019775491463886 1.7031877588500857
-11.029366479819886 1.7094447245354099
-11.03824307463749 1.7142857142857189
-11.05357142857143 1.7245423118542602
-11.063776472605552 1.7301018483360373
-11.066632008790275 1.7321428571428612
-11.072193657981854 1.7358673030249463
-11.096458626058395 1.7500000000000044
-11.108898796838401 1.7567916692037535
-11.142857142857146 1.7801050801843976
-11.150135891818694 1.78425853592198
-11.15216724402186 1.78571428571429
-11.156110802966388 1.7883650177361385
-11.195482880236181 1.8109034239527695
-11.210122423354937 1.8214285714285765
-11.232142857142861 1.8362934003809706
-11.236134724074407 1.8384873408994098
-11.239387420865413 1.840734627030229
-11.267289913367076 1.857142857142862
-11.281672113753496 1.8650941486778772
-11.295368717123813 1.8750000000000036
-11.321428571428575 1.8927275549661156
-11.321600473155135 1.892822762511834
-11.321670446505388 1.892857142857146
-11.321739181502062 1.8929192648718436
-11.351761336987993 1.9107142857142883
-11.36283662774019 1.9189958969766119
-11.364435872043465 1.9199699684484521
-11.379898340461791 1.9285714285714306
-11.386373592976813 1.933439567118925
-11.403663273959559 1.9450183690776273
-11.406188354063353 1.946428571428573
-11.40737251015334 1.9470969265407625
-11.410714285714288 1.9495537222553248
-11.435326811582827 1.9642857142857153
-11.452224681298846 1.973840778025946
-11.484864936029334 1.996972987205866
-11.489865574837141 2.