-8.606879971855392 0.
-8.61603015866739 0.005365396837951231
-8.636775221737567 0.016640758633226227
-8.639375449040536 0.01785714285714235
-8.64285714285715 0.01979781054100016
-8.667201322667509 0.030845449752213483
-8.675275109766467 0.03571428571428559
-8.693283119011236 0.045799480945103
-8.709043494474347 0.053571428571428825
-8.716065869444058 0.0567868261111899
-8.732142857142863 0.06656226743988913
-8.741973008199476 0.07142857142857117
-8.76606634745337 0.08250101622361328
-8.77718700629861 0.08928571428571441
-8.801782421341953 0.10321362712553306
-8.80966899584175 0.10714285714285765
-8.813219818606894 0.10878460770719389
-8.821428571428577 0.11357110532710912
-8.863975414553536 0.13434777423215127
-8.883588293167447 0.14285714285714324
-8.908249148793523 0.16022125833013323
-8.909231946086699 0.16071428571428648
-8.909677533333188 0.16092163619050748
-8.910714285714292 0.1615615244132993
-8.944563793127895 0.17857142857142883
-8.96120938414289 0.18632955174285204
-9.000000000000005 0.2091105832664999
-9.00748027240637 0.2127896598044421
-9.009897557093115 0.2142857142857153
-9.01471888762477 0.2172294918106683
-9.031478651948365 0.22584712675318563
-9.044570908868394 0.23214285714285765
-9.05559469332027 0.2388810613359471
-9.067684107448251 0.2456796786325075
-9.076661866521297 0.2500000000000009
-9.089285714285719 0.25725677990239504
-9.105154745771546 0.2646833365599788
-9.121456775078517 0.2742913550157038
-9.144056505924878 0.2857142857142865
-9.1525521467311 0.29091814208235256
-9.17305495732774 0.30246813432269004
-9.17534432901508 0.3035714285714288
-9.178571428571434 0.30542916979637
-9.200925834426195 0.31695769025761944
-9.21020058369836 0.32142857142857206
-9.224383760188582 0.33012324796228576
-9.225669992146772 0.33084828414363976
-9.243169114877778 0.3392857142857153
-9.249240969441258 0.343008948968893
-9.267857142857148 0.3535050131839901
-9.275045229170242 0.35714285714285765
-9.299588361647874 0.3686537562418559
-9.309796036665546 0.3750000000000009
-9.332095888644908 0.3878477491575536
-9.34199128059233 0.3928571428571441
-9.346520139336455 0.3949816864184248
-9.357142857142861 0.4015873683459068
-9.375169771083906 0.4107142857142865
-9.396467707356003 0.4207064585288016
-9.409114485857195 0.4285714285714297
-9.4182871850358 0.43419970584998513
-9.436414582960085 0.44442577373487424
-9.44056568521774 0.44642857142857295
-9.442006840950912 0.44731291752410574
-9.446428571428577 0.449807473872208
-9.475019761385955 0.4642857142857153
-9.493157594910585 0.47279705244645687
-9.53571428571429 0.49793686960584793
-9.538683828833426 0.49940609137617464
-9.540040543250365 0.5000000000000018
-9.54172326736559 0.5012017963302622
-9.574604754321298 0.5178571428571441
-9.5869878814718 0.5254595665627848
-9.59426610213609 0.5295675061415039
-9.607000369778625 0.5357142857142874
-9.625000000000004 0.5460948144089164
-9.63543325600576 0.5514847773702796
-9.639755341946938 0.5535714285714306
-9.646879208315827 0.5579472702345951
-9.659583109750594 0.5645119494784554
-9.673906094339998 0.571428571428573
-9.683821600524947 0.5775213941807271
-9.699365010431563 0.5863015735148842
-9.705542769848323 0.5892857142857153
-9.714285714285719 0.5943329761978928
-9.733404295977286 0.6033191408045449
-9.73954238760591 0.6071428571428585
-9.752920443094085 0.6148698029045319
-9.782037706388913 0.6293067444365059
-9.803571428571434 0.642734416770411
-9.803813159526298 0.6428571428571441
-9.830359896534468 0.6553565921216808
-9.857625541089801 0.6715251082179607
-9.87148594204474 0.6785714285714306
-9.877849946664258 0.6815728678100088
-9.892857142857148 0.6904881144980832
-9.942513636589103 0.7142857142857162
-9.961574390719877 0.7280291638582623
-9.96964348014929 0.7321428571428594
-9.972694428532925 0.7340325428648464
-9.982142857142861 0.7394081775741732
-10.00289408631366 0.7500000000000018
-10.023233392095289 0.7596390358666598
-10.036324907236343 0.767857142857145
-10.064619145436827 0.7843524005159379
-10.067280044869573 0.7857142857142883
-10.068288677068418 0.7863422645863194
-10.071428571428577 0.7881369588680531
-10.101536293307358 0.8035714285714306
-10.119035192304244 0.8119072472534397
-10.134130278696688 0.8214285714285738
-10.16071428571429 0.8370148132597066
-10.164066875113745 0.8386151964058266
-10.16740500599698 0.840623858342255
-10.199443666129953 0.8571428571428594
-10.211645737042288 0.8648137097344026
-10.218327263369096 0.8686654526738202
-10.231213790821517 0.8750000000000018
-10.250000000000004 0.8860956907269442
-10.259283246784848 0.8910004935001758
-10.263051759574982 0.892857142857145
-10.269086370699506 0.8966744169970458
-10.2830940778676 0.9040954701407689
-10.29649612473005 0.9107142857142883
-10.306747988136076 0.9172218309442162
-10.319443417152266 0.9246029691447406
-10.327457911557964 0.9285714285714306
-10.339285714285719 0.9356230203761147
-10.355050960466798 0.9432755221923577
-10.359963449120897 0.9464285714285738
-10.370344902322369 0.9526404090359044
-10.392554558233936 0.9642857142857171
-10.403008045709692 0.969398390858065
-10.428571428571432 0.9851751159288797
-10.449305790187319 0.995853127676825
-10.45569670534055 1.0000000000000027
-10.467780655151769 1.0078418453160705
-10.47071244749631 1.009428939072171
-10.487454382548146 1.017857142857146
-10.494586616235923 1.0225112481813907
-10.516196392877186 1.0353821357182964
-10.516853463513668 1.0357142857142883
-10.517857142857146 1.0363287349066344
-10.542544810519342 1.048633895038992
-10.565544096144565 1.0631088192289155
-10.580995912882612 1.0714285714285747
-10.58704000382552 1.075449142092043
-10.607142857142861 1.087624158800165
-10.609350478617669 1.0888441899907555
-10.610211677686852 1.089285714285717
-10.634578504145558 1.1016557277423207
-10.642781167563328 1.1071428571428603
-10.659441660314144 1.1176026177771172
-10.679500406925833 1.1283856329005522
-10.696428571428575 1.1398669103150896
-10.701843733101855 1.142857142857146
-10.725159950477616 1.1549680099044801
-10.733571153430013 1.1607142857142883
-10.750324959753554 1.1714935633792845
-10.762936804529382 1.1785714285714315
-10.769183133789166 1.1818776589564557
-10.785714285714288 1.193369715139939
-10.791118748860814 1.1964285714285747
-10.814795975666348 1.2084693762953052
-10.823479503637635 1.214285714285717
-10.841507790956175 1.2254444153340946
-10.853883681012798 1.2321428571428603
-10.859868463749525 1.235169164392956
-10.875000000000004 1.245252066215996
-10.883751657407561 1.2500000000000036
-10.90652986359389 1.2615511701383681
-10.935258581282602 1.2799088591136663
-10.945890359997781 1.2857142857142891
-10.950092401527067 1.2885529482660196
-10.964285714285717 1.297253820209578
-10.97260476328606 1.3019076187713639
-10.975818701684533 1.3035714285714324
-10.980640019878862 1.3068422896900618
-10.9954943496248 1.315186844360758
-11.00750658809922 1.3214285714285747
-11.017950513619601 1.32855275441894
-11.02657945152869 1.3338873188771698
-11.036926377541262 1.339285714285718
-11.040682680585046 1.3418634638829952
-11.05357142857143 1.3498733946997286
-11.066671715448315 1.3571428571428612
-11.087807656170227 1.3681527544802448
-11.09780773171609 1.3750000000000036
-11.117761903688892 1.387838095023496
-11.12670402223651 1.3928571428571468
-11.131142104764699 1.3952001504756364
-11.142857142857146 1.4030083745489375
-11.176780448470625 1.4217867674487366
-11.186505139479054 1.4285714285714324
-11.196503442562475 1.4356993114875092
-11.204645283088851 1.4409290566177733
-11.214846410602894 1.4464285714285747
-11.218604689107138 1.4491362050357193
-11.232142857142861 1.4579118093852
-11.243179701773466 1.464285714285718
-11.264156644613399 1.4757400996487533
-11.290265901258344 1.4937674659659574
-11.300844499033103 1.5000000000000036
-11.305188344545659 1.5032480453765862
-11.321428571428575 1.514118289397791
-11.326050950103262 1.5169326671222096
-11.327708238141609 1.5178571428571468
-11.349379309931122 1.5301241380137807
-11.356935357492448 1.53571428571429
-11.370997370663554 1.545628045561286
-11.390802199420657 1.5575538458301592
-11.409003846106266 1.5714285714285756
-11.410714285714288 1.5726776436280367
-11.431616603123656 1.5851052508038448
-11.437011375093444 1.5892857142857189
-11.447445105318796 1.5966318782066198
-11.464651109681592 1.6071428571428612
-11.474284128989957 1.6122860313448708
-11.49244605441264 1.6250000000000044
-11.500000000000004 1.6299518598769485
-11.517589000922566 1.6393393426726348
-11.522618058611105 1.6428571428571477
-11.532554342998846 1.6493680114569162
-11.552413172294335 1.66071428571429
-11.562440961560153 1.6660832362594027
-11.580240205063971 1.6785714285714333
-11.589285714285717 1.6845213441185232
-11.605474143863843 1.6931908855129514
-11.619175898113003 1.7024066081940337
-11.639883762668063 1.7142857142857189
-11.64832068236098 1.7203358635278088
-11.661291189783556 1.7286868093852865
-11.667691615780884 1.7321428571428612
-11.67857142857143 1.739345019462827
-11.692079614711364 1.7472983627720176
-11.697079000149467 1.7500000000000044
-11.704186347350147 1.755122983755748
-11.713810215024397 1.7608093855665548
-11.726810665720276 1.7678571428571477
-11.735692553232152 1.7742900607821461
-11.746798131349024 1.781502483412666
-11.754539407002301 1.78571428571429
-11.767857142857146 1.7946219148683076
-11.779877015306838 1.8011674540814946
-11.783253923694042 1.8035714285714333
-11.789796913958215 1.8079593827916467
-11.812851285152092 1.8214285714285765
-11.82464893839543 1.827927355178062
-11.85714285714286 1.8504550212130484
-11.865773335851927 1.8554167614010488
-11.868163171764511 1.857142857142862
-11.872729038943554 1.8602600935030011
-11.910364392614412 1.8822128357628358
-11.93180959384358 1.892857142857146
-11.950167476309819 1.9099665047380388
-11.953077064394039 1.912043984307381
-11.98021057101217 1.9285714285714306
-11.994454128793702 1.9368234599555478
-12.030559920248145 1.9632548411924864
-12.032211974508776 1.9642857142857153
-12.033091923783603 1.9648101866718521
-12.035714285714288 1.9667902282376746
-12.091530323242655 2.